1.000000000000000020e+30 1.000000000000000020e+30 1.000000000000000020e+30 1.000000000000000020e+30 1.000000000000000020e+30 1.000000000000000020e+30 1.000000000000000020e+30 1.000000000000000020e+30 1.000000000000000020e+30 1.000000000000000020e+30 1.000000000000000020e+30 1.000000000000000020e+30 1.000000000000000020e+30 1.000000000000000020e+30 1.000000000000000020e+30 1.000000000000000020e+30 1.000000000000000020e+30 1.000000000000000020e+30 1.000000000000000020e+30 1.000000000000000020e+30 1.000000000000000020e+30 1.000000000000000020e+30 1.000000000000000020e+30 1.000000000000000020e+30 1.000000000000000020e+30 1.000000000000000020e+30 1.000000000000000020e+30 1.000000000000000020e+30 1.000000000000000020e+30 1.000000000000000020e+30 1.000000000000000020e+30 1.000000000000000020e+30 1.000000000000000020e+30 1.000000000000000020e+30 1.000000000000000020e+30 1.000000000000000020e+30 1.000000000000000020e+30 1.000000000000000020e+30 1.000000000000000020e+30 1.000000000000000020e+30 1.000000000000000020e+30 1.000000000000000020e+30 1.000000000000000020e+30 1.000000000000000020e+30 1.000000000000000020e+30 1.000000000000000020e+30 1.000000000000000020e+30 1.000000000000000020e+30 1.000000000000000020e+30 1.000000000000000020e+30 1.000000000000000020e+30 1.000000000000000020e+30 1.000000000000000020e+30 1.000000000000000020e+30 1.000000000000000020e+30 1.000000000000000020e+30 1.000000000000000020e+30
1.000000000000000020e+30 1.000000000000000020e+30 1.000000000000000020e+30 1.000000000000000020e+30 1.000000000000000020e+30 1.000000000000000020e+30 1.000000000000000020e+30 1.000000000000000020e+30 1.000000000000000020e+30 1.000000000000000020e+30 1.000000000000000020e+30 1.000000000000000020e+30 1.000000000000000020e+30 1.000000000000000020e+30 1.000000000000000020e+30 1.000000000000000020e+30 1.000000000000000020e+30 1.000000000000000020e+30 1.000000000000000020e+30 1.000000000000000020e+30 1.000000000000000020e+30 1.000000000000000020e+30 1.000000000000000020e+30 1.000000000000000020e+30 1.000000000000000020e+30 1.000000000000000020e+30 1.000000000000000020e+30 8.408278990416915732e+00 8.396383422290600862e+00 8.378378209050589831e+00 8.356307066059951438e+00 8.331050442547091706e+00 8.303082321862683912e+00 8.272719161414363143e+00 8.240216466788957916e+00 8.205815025746746372e+00 8.169771795421024052e+00 8.132391885313026592e+00 8.094078342436695550e+00 8.055434776526640306e+00 8.017520053704156879e+00 7.982574944310397491e+00 7.956350936119675588e+00 1.000000000000000020e+30 1.000000000000000020e+30 1.000000000000000020e+30 1.000000000000000020e+30 1.000000000000000020e+30 1.000000000000000020e+30 1.000000000000000020e+30 1.000000000000000020e+30 1.000000000000000020e+30 1.000000000000000020e+30 1.000000000000000020e+30 1.000000000000000020e+30 1.000000000000000020e+30 1.000000000000000020e+30
1.000000000000000020e+30 1.000000000000000020e+30 1.000000000000000020e+30 1.000000000000000020e+30 1.000000000000000020e+30 1.000000000000000020e+30 1.000000000000000020e+30 1.000000000000000020e+30 1.000000000000000020e+30 1.000000000000000020e+30 1.000000000000000020e+30 1.000000000000000020e+30 1.000000000000000020e+30 1.000000000000000020e+30 1.000000000000000020e+30 1.000000000000000020e+30 1.000000000000000020e+30 1.000000000000000020e+30 1.000000000000000020e+30 1.000000000000000020e+30 1.000000000000000020e+30 1.000000000000000020e+30 1.000000000000000020e+30 1.000000000000000020e+30 8.458582411166375437e+00 8.449142539330928514e+00 8.434303134963228032e+00 8.415075783574970103e+00 8.397389397756800378e+00 8.377334229006917710e+00 8.354375566080593174e+00 8.328639217962459540e+00 8.300349467755630428e+00 8.269726504779946197e+00 8.236979716584484024e+00 8.202319130145584225e+00 8.165969806606772963e+00 8.128187102756342597e+00 8.089271426713143143e+00 8.049571639712754134e+00 8.009419843086016400e+00 7.968727670555136200e+00 7.925005053741629446e+00 7.864079329518435912e+00 7.808970324598045742e+00 7.756762026898551987e+00 7.705834304200745777e+00 7.705600386306773686e+00 1.000000000000000020e+30 1.000000000000000020e+30 1.000000000000000020e+30 1.000000000000000020e+30 1.000000000000000020e+30 1.000000000000000020e+30 1.000000000000000020e+30 1.000000000000000020e+30 1.000000000000000020e+30
1.000000000000000020e+30 1.000000000000000020e+30 1.000000000000000020e+30 1.000000000000000020e+30 1.000000000000000020e+30 1.000000000000000020e+30 1.000000000000000020e+30 1.000000000000000020e+30 1.000000000000000020e+30 1.000000000000000020e+30 1.000000000000000020e+30 1.000000000000000020e+30 1.000000000000000020e+30 1.000000000000000020e+30 1.000000000000000020e+30 1.000000000000000020e+30 1.000000000000000020e+30 1.000000000000000020e+30 1.000000000000000020e+30 1.000000000000000020e+30 1.000000000000000020e+30 8.493633409479491192e+00 8.487255059373952193e+00 8.476831742596436570e+00 8.462959518957880789e+00 8.449472178573802950e+00 8.433611176025465284e+00 8.415237814976737951e+00 8.395662430010425226e+00 8.374084545927415135e+00 8.350105825209759303e+00 8.323659540717581962e+00 8.294822815906718105e+00 8.263726353309206019e+00 8.230522125097806452e+00 8.195375170556351563e+00 8.158463549340780219e+00 8.119978150518756266e+00 8.080113237684264149e+00 8.039028120582651482e+00 7.996731836151563577e+00 7.952788304172771383e+00 7.905747426984003567e+00 7.853161001357944926e+00 7.800981167192282406e+00 7.750407175745976929e+00 7.701454737273625284e+00 7.700301994875760059e+00 7.695790141640069137e+00 1.000000000000000020e+30 1.000000000000000020e+30 1.000000000000000020e+30 1.000000000000000020e+30 1.000000000000000020e+30 1.000000000000000020e+30 1.000000000000000020e+30 1.000000000000000020e+30
1.000000000000000020e+30 1.000000000000000020e+30 1.000000000000000020e+30 1.000000000000000020e+30 1.000000000000000020e+30 1.000000000000000020e+30 1.000000000000000020e+30 1.000000000000000020e+30 1.000000000000000020e+30 1.000000000000000020e+30 1.000000000000000020e+30 1.000000000000000020e+30 1.000000000000000020e+30 1.000000000000000020e+30 1.000000000000000020e+30 1.000000000000000020e+30 1.000000000000000020e+30 1.000000000000000020e+30 8.511536331569017122e+00 8.508447877721103225e+00 8.502849698748692120e+00 8.494993566740317803e+00 8.486273460668764201e+00 8.475241891837741903e+00 8.461895801305058029e+00 8.447108832118418675e+00 8.430354014006566032e+00 8.411513661107496986e+00 8.390840703254822230e+00 8.368130506383776535e+00 8.343191406497739493e+00 8.315951855455487873e+00 8.286432159407899789e+00 8.254705867919476248e+00 8.220875848288347498e+00 8.185062365978412302e+00 8.147396826215739907e+00 8.108015153226059368e+00 8.067043742692870723e+00 8.024567571663800081e+00 7.980567465612399047e+00 7.934828783452116951e+00 7.886925948933018127e+00 7.836737623948256903e+00 7.786299959397316783e+00 7.737357765115920216e+00 7.695560144843128114e+00 7.693295888417649664e+00 7.686205554338202184e+00 7.675921395008683312e+00 1.000000000000000020e+30 1.000000000000000020e+30 1.000000000000000020e+30 1.000000000000000020e+30 1.000000000000000020e+30 1.000000000000000020e+30 1.000000000000000020e+30
1.000000000000000020e+30 1.000000000000000020e+30 1.000000000000000020e+30 1.000000000000000020e+30 1.000000000000000020e+30 1.000000000000000020e+30 1.000000000000000020e+30 1.000000000000000020e+30 1.000000000000000020e+30 1.000000000000000020e+30 1.000000000000000020e+30 1.000000000000000020e+30 1.000000000000000020e+30 1.000000000000000020e+30 1.000000000000000020e+30 1.000000000000000020e+30 8.511853698444026506e+00 8.511201195899365857e+00 8.509654147281775494e+00 8.505978541439379370e+00 8.500115786564292009e+00 8.492207303897989945e+00 8.482580505757775668e+00 8.470930685538370142e+00 8.457224014732926065e+00 8.441652582876272959e+00 8.424110526988481951e+00 8.404539798359989433e+00 8.382964491529401485e+00 8.359305288971524917e+00 8.333470016994002805e+00 8.305410545408259182e+00 8.275128963596630527e+00 8.242665611883859711e+00 8.208086257242849015e+00 8.171472814335187351e+00 8.132916832078729286e+00 8.092513399337873281e+00 8.050352814550739922e+00 8.006508388189647718e+00 7.961024077859476300e+00 7.913922350157933217e+00 7.865287210805099072e+00 7.815471014604737476e+00 7.765042124546509328e+00 7.712094688952928045e+00 7.696376563953894134e+00 7.686047297141507251e+00 7.674740462074995939e+00 7.660559080258700249e+00 7.640915733844425795e+00 7.628896582414990135e+00 1.000000000000000020e+30 1.000000000000000020e+30 1.000000000000000020e+30 1.000000000000000020e+30 1.000000000000000020e+30
1.000000000000000020e+30 1.000000000000000020e+30 1.000000000000000020e+30 1.000000000000000020e+30 1.000000000000000020e+30 1.000000000000000020e+30 1.000000000000000020e+30 1.000000000000000020e+30 1.000000000000000020e+30 1.000000000000000020e+30 1.000000000000000020e+30 1.000000000000000020e+30 1.000000000000000020e+30 1.000000000000000020e+30 1.000000000000000020e+30 8.505753214815433338e+00 8.507568460928014886e+00 8.507149255675802380e+00 8.504938221626552775e+00 8.500721226174775325e+00 8.494439249774194067e+00 8.486136661366344924e+00 8.475894489008455324e+00 8.463647187839971053e+00 8.449375096264667206e+00 8.433113020565361495e+00 8.414830466010402077e+00 8.394494741286603556e+00 8.372086817189593688e+00 8.347562215587384316e+00 8.320871385583847868e+00 8.291983447754930125e+00 8.260894239599210209e+00 8.227623731165129684e+00 8.192209946223277583e+00 8.154703116661844220e+00 8.115161197198816012e+00 8.073646850422855792e+00 8.030226429755307649e+00 7.984973835546568033e+00 7.937988123095462534e+00 7.889446252559563000e+00 7.839734962141055696e+00 7.789732534011479359e+00 7.741229626503599803e+00 7.695956799331488796e+00 7.686740172918187675e+00 7.674706147297106540e+00 7.661075253072119118e+00 7.645581324110433563e+00 7.628212910823445547e+00 7.611798426450924637e+00 7.593995661005245701e+00 1.000000000000000020e+30 1.000000000000000020e+30 1.000000000000000020e+30 1.000000000000000020e+30
1.000000000000000020e+30 1.000000000000000020e+30 1.000000000000000020e+30 1.000000000000000020e+30 1.000000000000000020e+30 1.000000000000000020e+30 1.000000000000000020e+30 1.000000000000000020e+30 1.000000000000000020e+30 1.000000000000000020e+30 1.000000000000000020e+30 1.000000000000000020e+30 1.000000000000000020e+30 1.000000000000000020e+30 8.495092386647890237e+00 8.499021217013419616e+00 8.500589144597475055e+00 8.499948722149241576e+00 8.497273776632233933e+00 8.492561549493952811e+00 8.485802569676934581e+00 8.477010999027850602e+00 8.466205413422569492e+00 8.453367073980947666e+00 8.438481987287786978e+00 8.421547628163379429e+00 8.402545859866084044e+00 8.381453570231293781e+00 8.358247824872911735e+00 8.332898699747328664e+00 8.305375585292058105e+00 8.275656840309514095e+00 8.243734647206572674e+00 8.209614708830851981e+00 8.173313228061058311e+00 8.134853377680503428e+00 8.094262685114657074e+00 8.051572490145106897e+00 8.006821313459129286e+00 7.960065970967559856e+00 7.911407823702029773e+00 7.861046457305146618e+00 7.809389546411794392e+00 7.757420133589141287e+00 7.709122812450003970e+00 7.690014317434512137e+00 7.674858069741024025e+00 7.659892856618509605e+00 7.644200009509656724e+00 7.627402695893009010e+00 7.609480605522027652e+00 7.591014128058427346e+00 7.571120755900683896e+00 7.549537127973587225e+00 1.000000000000000020e+30 1.000000000000000020e+30 1.000000000000000020e+30
1.000000000000000020e+30 1.000000000000000020e+30 1.000000000000000020e+30 1.000000000000000020e+30 1.000000000000000020e+30 1.000000000000000020e+30 1.000000000000000020e+30 1.000000000000000020e+30 1.000000000000000020e+30 1.000000000000000020e+30 1.000000000000000020e+30 1.000000000000000020e+30 1.000000000000000020e+30 8.480393733621067298e+00 8.486271857055053047e+00 8.489745065642471999e+00 8.490900094826601574e+00 8.489851083329275738e+00 8.486701909225077500e+00 8.481490476937134204e+00 8.474226574607518714e+00 8.464913597471177553e+00 8.453549667340210405e+00 8.440120968377215149e+00 8.424612591446781096e+00 8.407011891466787290e+00 8.387302553507307579e+00 8.365465983214431134e+00 8.341482608242026586e+00 8.315330849401558311e+00 8.286989460803212637e+00 8.256441233837216842e+00 8.223675028793300257e+00 8.188685338558340021e+00 8.151470151422747890e+00 8.112028319202414295e+00 8.070357618732142413e+00 8.026454788289264286e+00 7.980319413492340530e+00 7.931964939422016414e+00 7.881441323147209133e+00 7.828860933262839161e+00 7.774285023232151204e+00 7.716374784489889116e+00 7.694170272593269466e+00 7.675064078893311326e+00 7.657723869231375602e+00 7.640741471188474243e+00 7.623360244191250246e+00 7.605278309227535338e+00 7.586222225179006351e+00 7.566588387278101457e+00 7.544871544527053331e+00 7.522893907556083448e+00 7.490512093162969620e+00 1.000000000000000020e+30 1.000000000000000020e+30
1.000000000000000020e+30 1.000000000000000020e+30 1.000000000000000020e+30 1.000000000000000020e+30 1.000000000000000020e+30 1.000000000000000020e+30 1.000000000000000020e+30 1.000000000000000020e+30 1.000000000000000020e+30 1.000000000000000020e+30 1.000000000000000020e+30 1.000000000000000020e+30 8.461856934672971065e+00 8.469651621359608029e+00 8.474977810534957356e+00 8.477894601564514687e+00 8.478508276911989938e+00 8.476933406272314286e+00 8.473258384231106888e+00 8.467523997833232841e+00 8.459737738806307306e+00 8.449891235073611284e+00 8.437968994861726912e+00 8.423951444503188668e+00 8.407819537086272277e+00 8.389556559088875431e+00 8.369146729508171845e+00 8.346574768469130490e+00 8.321825594642024981e+00 8.294883730143508771e+00 8.265733671356098711e+00 8.234360671983859348e+00 8.200750751640464742e+00 8.164889379368124978e+00 8.126759037009485098e+00 8.086336303652974067e+00 8.043589289576059898e+00 7.998476338717071421e+00 7.950947132662444794e+00 7.900949112893388637e+00 7.848454964235898501e+00 7.793603413311620542e+00 7.737458315539781140e+00 7.686023356586869859e+00 7.671072628161784479e+00 7.653296324256277927e+00 7.635175665305522053e+00 7.616928891615986075e+00 7.598158682513719064e+00 7.579064636845996183e+00 7.558479022337050601e+00 7.539185372560996967e+00 7.513827757361516646e+00 7.501605436431342255e+00 7.503029839887905617e+00 1.000000000000000020e+30 1.000000000000000020e+30
1.000000000000000020e+30 1.000000000000000020e+30 1.000000000000000020e+30 1.000000000000000020e+30 1.000000000000000020e+30 1.000000000000000020e+30 1.000000000000000020e+30 1.000000000000000020e+30 1.000000000000000020e+30 1.000000000000000020e+30 1.000000000000000020e+30 8.439279213141375635e+00 8.449228005817019493e+00 8.456528426477357030e+00 8.461228634570545637e+00 8.463467633480066254e+00 8.463411350178759562e+00 8.461208074180987637e+00 8.456952088763712183e+00 8.450672881927864921e+00 8.442358295684703862e+00 8.431979557722183216e+00 8.419504663614233664e+00 8.404903807354660472e+00 8.388152120114423127e+00 8.369230334047172093e+00 8.348123739135010268e+00 8.324820774579640315e+00 8.299311545958197200e+00 8.271586402357449685e+00 8.241634884768656022e+00 8.209444770128920155e+00 8.175000611349574342e+00 8.138281349773077267e+00 8.099256954012803433e+00 8.057884396701350482e+00 8.014103527394071946e+00 7.967833286307426377e+00 7.918967102839429728e+00 7.867359006725492598e+00 7.812763703776849589e+00 7.754587232810579600e+00 7.690880910258349523e+00 7.665397457036033479e+00 7.645762308297915588e+00 7.626829138150529097e+00 7.607705300720819963e+00 7.588588031648783705e+00 7.568227365348509039e+00 7.549288536908697722e+00 7.524391518835168213e+00 7.512796197017558519e+00 7.514697245192014208e+00 7.511638694367282376e+00 7.511925100609010642e+00 7.515220396249016055e+00 1.000000000000000020e+30
1.000000000000000020e+30 1.000000000000000020e+30 1.000000000000000020e+30 1.000000000000000020e+30 1.000000000000000020e+30 1.000000000000000020e+30 1.000000000000000020e+30 1.000000000000000020e+30 1.000000000000000020e+30 1.000000000000000020e+30 8.411398409907000939e+00 8.424527693961225694e+00 8.434428520961670728e+00 8.441170762097895519e+00 8.445090148746555059e+00 8.446470786714639800e+00 8.445581612815809436e+00 8.442640889353519640e+00 8.437759661736677685e+00 8.430933028444647093e+00 8.422104242107488759e+00 8.411210857522796402e+00 8.398199040188650599e+00 8.383026127074861833e+00 8.365660878155413371e+00 8.346082626922409986e+00 8.324279250998040780e+00 8.300244495114453613e+00 8.273975174474045957e+00 8.245468611325705410e+00 8.214720432927423488e+00 8.181722473904216031e+00 8.146460274520805456e+00 8.108909677627504919e+00 8.069032241631758140e+00 8.026769553646147415e+00 7.982037088249430923e+00 7.934719079171753009e+00 7.884666690162263514e+00 7.831700593409574473e+00 7.775607075335213558e+00 7.716065979246953255e+00 7.652333630264153363e+00 7.633900278854740762e+00 7.614721496974997450e+00 7.595519069608753782e+00 7.575190714235261247e+00 7.556449762902384570e+00 7.531832131456511092e+00 7.520427988887825599e+00 7.522126293135592334e+00 7.517955641361453445e+00 7.515478162988260102e+00 7.513275042214558219e+00 7.512754997920099598e+00 7.513453223950746107e+00 1.000000000000000020e+30
1.000000000000000020e+30 1.000000000000000020e+30 1.000000000000000020e+30 1.000000000000000020e+30 1.000000000000000020e+30 1.000000000000000020e+30 1.000000000000000020e+30 1.000000000000000020e+30 1.000000000000000020e+30 8.370472862450652585e+00 8.393499946632109854e+00 8.408218090678859724e+00 8.417984397152929787e+00 8.423816047192802969e+00 8.426655288747376460e+00 8.426893578355805658e+00 8.424938145626276409e+00 8.421133775819608758e+00 8.415617022294236804e+00 8.408284588478615262e+00 8.398989109534236164e+00 8.387620266596496066e+00 8.374099936251429455e+00 8.358372453534455460e+00 8.340401169155608585e+00 8.320166160468406957e+00 8.297660678616166408e+00 8.272886673272985547e+00 8.245850329579139881e+00 8.216558235848898661e+00 8.185014286971419750e+00 8.151216953262437670e+00 8.115156237182722165e+00 8.076809543704154493e+00 8.036135789105456340e+00 7.993067405677487969e+00 7.947500714330549165e+00 7.899287165930971355e+00 7.848233186248107174e+00 7.794130125454412195e+00 7.736868112355152149e+00 7.676718179565547473e+00 7.614500309378780862e+00 7.598138685631273148e+00 7.578688618396271615e+00 7.560314246571588015e+00 7.536064493043806323e+00 7.525160445340423720e+00 7.527408623976764801e+00 7.523569422619503122e+00 7.520688344288846139e+00 7.516374618296485011e+00 7.510931977267082615e+00 7.508170981134842492e+00 7.507305847606684956e+00 7.507320462173528774e+00 1.000000000000000020e+30
1.000000000000000020e+30 1.000000000000000020e+30 1.000000000000000020e+30 1.000000000000000020e+30 1.000000000000000020e+30 1.000000000000000020e+30 1.000000000000000020e+30 1.000000000000000020e+30 8.422787777760742500e+00 8.398518466159583085e+00 8.379158648282505339e+00 8.392090116727750626e+00 8.400686871435249614e+00 8.404649809439167285e+00 8.406002005888717932e+00 8.404675417471647592e+00 8.401293642150021057e+00 8.396473641855894954e+00 8.390409132847024054e+00 8.382702805069062180e+00 8.373035718271326644e+00 8.361254647393312922e+00 8.347267020555950268e+00 8.331007721748548533e+00 8.312437095659495512e+00 8.291539630208374589e+00 8.268318533049523467e+00 8.242788521381529065e+00 8.214969074446671016e+00 8.184879228555082875e+00 8.152533956890836819e+00 8.117941483591550877e+00 8.081100475917084580e+00 8.041995867316177993e+00 8.000592007424829788e+00 7.956821885782606074e+00 7.910571515429399625e+00 7.861659812310154649e+00 7.809818626360307547e+00 7.754696273852675681e+00 7.696004745078757203e+00 7.634438227675917510e+00 7.576588199809612512e+00 7.560471153345153184e+00 7.536579823291519986e+00 7.525979140367049958e+00 7.528825790370962778e+00 7.525871660093397253e+00 7.524043870486069707e+00 7.520715189352315200e+00 7.515637919143673962e+00 7.510871924848556702e+00 7.498649820875666450e+00 7.496112603239901695e+00 7.495915467934129772e+00 7.496138617797889481e+00 1.000000000000000020e+30
1.000000000000000020e+30 1.000000000000000020e+30 1.000000000000000020e+30 1.000000000000000020e+30 1.000000000000000020e+30 1.000000000000000020e+30 1.000000000000000020e+30 8.463926410351049867e+00 8.442323383453011587e+00 8.416920968732181763e+00 8.383650609932205455e+00 8.375541559842021755e+00 8.383251014014714286e+00 8.383306444639046617e+00 8.383224178304319096e+00 8.379693921217420183e+00 8.374253563927824828e+00 8.368208628113823266e+00 8.361977818667654105e+00 8.354200716663779502e+00 8.344299688976649421e+00 8.332183797544420401e+00 8.317779328405400463e+00 8.301013823753065068e+00 8.281846057533890360e+00 8.260270465396153838e+00 8.236307525964173593e+00 8.209991565219944221e+00 8.181360646282961113e+00 8.150449951707503971e+00 8.117288292140836248e+00 8.081896523775643715e+00 8.044286225605210561e+00 8.004456781473903604e+00 7.962388825152224570e+00 7.918031595732289318e+00 7.871280997271468571e+00 7.821943471177481122e+00 7.769672889190419873e+00 7.713827522462439745e+00 7.653022921796607037e+00 7.583461129469224460e+00 7.542484784937360409e+00 7.525600157140126534e+00 7.526442830560255537e+00 7.523378876494619227e+00 7.522380981187773763e+00 7.520437545903821075e+00 7.517149352317007427e+00 7.514569529115633806e+00 7.505229674450240474e+00 7.507773614121675543e+00 7.521622051906784456e+00 7.526632432319554589e+00 7.529018526492450292e+00 7.530092957109603802e+00 1.000000000000000020e+30
1.000000000000000020e+30 1.000000000000000020e+30 1.000000000000000020e+30 1.000000000000000020e+30 1.000000000000000020e+30 1.000000000000000020e+30 8.498167199305695974e+00 8.480796183650223696e+00 8.460924754443015061e+00 8.438458188086245926e+00 8.414141480789906424e+00 8.394271628137831343e+00 8.368712239742967185e+00 8.357329238711663777e+00 8.359107467411215353e+00 8.351820884178779991e+00 8.343001491529159708e+00 8.335297314968704185e+00 8.330244311906707111e+00 8.322957777838228210e+00 8.312897817691030866e+00 8.300505355506947680e+00 8.285741609228081117e+00 8.268496926879112863e+00 8.248724204515427871e+00 8.226437555960826487e+00 8.201687024142922056e+00 8.174536739109587558e+00 8.145050041119995754e+00 8.113281819533966654e+00 8.079276370394616436e+00 8.043068568275380414e+00 8.004685885222224684e+00 7.964148773931069236e+00 7.921466858940181766e+00 7.876627627659676278e+00 7.829573061219739394e+00 7.780160311738121059e+00 7.728108450738760737e+00 7.672933146054450759e+00 7.613825066789659424e+00 7.549498516407204818e+00 7.529619216409630944e+00 7.518210190631910095e+00 7.515233335164751338e+00 7.513719703039878794e+00 7.511874881208149723e+00 7.511328588850157750e+00 7.504515814448539324e+00 7.510143293093494599e+00 7.527927381733425349e+00 7.538368543421959167e+00 7.548364423570545156e+00 7.554700573933222252e+00 7.558352735698036007e+00 7.560038632872504216e+00 1.000000000000000020e+30
1.000000000000000020e+30 1.000000000000000020e+30 1.000000000000000020e+30 1.000000000000000020e+30 1.000000000000000020e+30 8.523215476253367839e+00 8.510806695785261056e+00 8.495433545182370594e+00 8.477387243055947152e+00 8.457110353828888094e+00 8.435449223998606527e+00 8.413950494300165062e+00 8.391044802132929803e+00 8.369152658257323907e+00 8.339285245351319986e+00 8.320696709358161414e+00 8.305836297157537018e+00 8.294921553660577374e+00 8.295913723006227869e+00 8.289640661444943603e+00 8.278964524750026754e+00 8.266318492776987270e+00 8.251289980070392716e+00 8.233598871246519124e+00 8.213193645949324662e+00 8.190133491211801342e+00 8.164519942506920813e+00 8.136461883267314121e+00 8.106055655945750615e+00 8.073378058404729885e+00 8.038487757133715661e+00 8.001431681859424216e+00 7.962252868925332017e+00 7.920996699370409289e+00 7.877713139209394200e+00 7.832451321141436829e+00 7.785238643296220395e+00 7.736036248354256628e+00 7.684693815416832940e+00 7.631006215233420598e+00 7.574891052035950700e+00 7.516477891750669826e+00 7.503334253142862842e+00 7.497427129139293100e+00 7.497584618562703085e+00 7.499400963038612922e+00 7.495065788124623651e+00 7.503468001818768052e+00 7.524444634112614771e+00 7.538586063784021185e+00 7.552906905326494780e+00 7.564334400836914440e+00 7.573680439173996248e+00 7.580357895174269167e+00 7.584553255045978659e+00 7.586567364920913548e+00 1.000000000000000020e+30
1.000000000000000020e+30 1.000000000000000020e+30 1.000000000000000020e+30 1.000000000000000020e+30 1.000000000000000020e+30 8.530895688780672614e+00 8.521680154920614925e+00 8.508011827231648283e+00 8.491346141063873532e+00 8.472410827389687427e+00 8.451855962482422768e+00 8.430293512804054146e+00 8.407616494889028402e+00 8.384198295299437831e+00 8.359023242063202019e+00 8.336550477484612642e+00 8.315320678834641654e+00 8.293146967348024035e+00 8.264036439282209656e+00 8.255896784630170515e+00 8.242154801729055791e+00 8.229651686728329807e+00 8.214623099045555321e+00 8.196522572285877217e+00 8.175412197336934028e+00 8.151464683804565681e+00 8.124868126067898544e+00 8.095796103930394949e+00 8.064385015536393198e+00 8.030732203275139369e+00 7.994904359015576389e+00 7.956952673342380322e+00 7.916929554540764080e+00 7.874903107500844435e+00 7.830969072983179124e+00 7.785259113380612384e+00 7.737930516058243668e+00 7.689093566137188418e+00 7.638671874227162206e+00 7.586561999939944734e+00 7.533319299150949888e+00 7.483372522228409984e+00 7.464875578961867042e+00 7.465627286324577838e+00 7.473307860416532833e+00 7.486247775715036745e+00 7.510487817060967686e+00 7.528038927923089041e+00 7.546167117665064872e+00 7.561788636270068586e+00 7.575701580875585428e+00 7.587289682170347938e+00 7.596561633414666836e+00 7.603385041408652789e+00 7.607817372271630241e+00 7.609989499012381309e+00 1.000000000000000020e+30
1.000000000000000020e+30 1.000000000000000020e+30 1.000000000000000020e+30 1.000000000000000020e+30 8.553109768930152512e+00 8.543064581480702913e+00 8.532277966315197304e+00 8.518856741247134323e+00 8.502841649850656935e+00 8.484595163141172236e+00 8.464530896139613958e+00 8.443007180736978867e+00 8.420180495328994041e+00 8.396246435184544055e+00 8.371298895884823565e+00 8.346393276804887407e+00 8.320971517957381991e+00 8.293521906845635172e+00 8.261487184113843085e+00 8.222943040262293835e+00 8.199278480792481005e+00 8.190666031119656409e+00 8.176168014951279872e+00 8.157581300917749800e+00 8.135579625068134035e+00 8.110544497783136464e+00 8.082780502283673840e+00 8.052548609722443018e+00 8.020027182188803394e+00 7.985325742537056293e+00 7.948503905029415506e+00 7.909600449304429404e+00 7.868662717967066733e+00 7.825769623946936981e+00 7.781054383384277351e+00 7.734741411745301498e+00 7.687190370779443782e+00 7.638800186544910886e+00 7.589408664397478965e+00 7.538328119843273889e+00 7.483536728574678776e+00 7.463797663051249920e+00 7.452015630961216885e+00 7.471732177461020363e+00 7.488635259811891487e+00 7.506721260493372405e+00 7.527589233353301879e+00 7.546999488699151826e+00 7.565339866328822716e+00 7.581623118705060449e+00 7.595727101297929273e+00 7.607453124270468159e+00 7.616772062523783582e+00 7.623675064278234714e+00 7.628208040390318523e+00 7.630446957102414274e+00 1.000000000000000020e+30
1.000000000000000020e+30 1.000000000000000020e+30 1.000000000000000020e+30 1.000000000000000020e+30 8.558434425499180875e+00 8.551251309575219395e+00 8.540784356503264618e+00 8.527566858208272649e+00 8.511837279899067354e+00 8.493862616737079207e+00 8.473926283153067729e+00 8.452279964648081290e+00 8.429102812189343652e+00 8.404553296205493851e+00 8.378771545164608980e+00 8.351983730426701058e+00 8.323873632012368518e+00 8.293697425140868162e+00 8.260656276582999169e+00 8.225134112650540175e+00 8.191205257321925615e+00 8.152740493552233403e+00 8.136959724948903627e+00 8.117198283563190842e+00 8.093910467114721285e+00 8.067471242152810973e+00 8.038268348735890356e+00 8.006689139176698333e+00 7.972940189021316293e+00 7.937124309724572946e+00 7.899265015585680949e+00 7.859359332651788321e+00 7.817426576867477550e+00 7.773533756952669016e+00 7.727814634021312301e+00 7.680542196342388550e+00 7.632374186625769497e+00 7.584598184481274430e+00 7.536930412798495738e+00 7.488907705523277336e+00 7.443703047134591522e+00 7.431366908971214436e+00 7.452424737674027355e+00 7.475708890539826790e+00 7.497811469012229502e+00 7.519418355384670072e+00 7.541127264068133051e+00 7.561983683823705782e+00 7.581499907511423331e+00 7.598546196002544661e+00 7.613022341823438843e+00 7.624901301168607759e+00 7.634264765300821765e+00 7.641192597026376099e+00 7.645744821076234210e+00 7.647992184173932451e+00 1.000000000000000020e+30
1.000000000000000020e+30 1.000000000000000020e+30 1.000000000000000020e+30 8.573214021923730499e+00 8.566224479121215651e+00 8.558002026602750334e+00 8.547318581107276714e+00 8.534063548838147995e+00 8.518349317921298791e+00 8.500358999710535102e+00 8.480294176799636929e+00 8.458340980100874873e+00 8.434649480025230517e+00 8.409338490923984111e+00 8.382489888538119160e+00 8.354129025220032645e+00 8.324067030987219340e+00 8.291955849664448763e+00 8.257517778063203195e+00 8.220937260956784343e+00 8.182866117302376452e+00 8.141675242526618561e+00 8.096908524119747597e+00 8.075503444996414260e+00 8.050541489069919621e+00 8.022298938135890012e+00 7.991259801122780893e+00 7.958118141610095897e+00 7.923031748928411666e+00 7.886072303417855700e+00 7.847174483163039227e+00 7.806244861440312377e+00 7.763249390975349051e+00 7.718224151779352837e+00 7.671230946319153254e+00 7.622345643744436572e+00 7.572278530750552683e+00 7.525406155606024328e+00 7.479931006903458801e+00 7.431798727942283911e+00 7.415758432378567910e+00 7.410203225464918830e+00 7.445694756278029125e+00 7.475922746905203198e+00 7.502509030641377308e+00 7.527010563483172767e+00 7.550487258174663374e+00 7.573251096406607985e+00 7.595048184540922342e+00 7.612936246368530391e+00 7.627793758575251992e+00 7.639729768341947391e+00 7.649046629519997254e+00 7.655930525284545318e+00 7.660425934144776683e+00 7.662621058299893484e+00 1.000000000000000020e+30
1.000000000000000020e+30 1.000000000000000020e+30 1.000000000000000020e+30 8.575494489216584526e+00 8.570534664575525596e+00 8.562498089172215998e+00 8.551705540470806000e+00 8.538297612660436187e+00 8.522412007532151890e+00 8.504199967578704999e+00 8.483815526390046102e+00 8.461400085065990950e+00 8.437069842936599784e+00 8.410909472741165516e+00 8.382962162401435435e+00 8.353210257977979225e+00 8.321537442877440682e+00 8.287762177053568990e+00 8.251736321291375020e+00 8.213439627009474719e+00 8.172849518578175321e+00 8.129383959527981318e+00 8.082669957031470176e+00 8.032546156763809009e+00 8.005621220271462946e+00 7.975080443383540718e+00 7.941501690480508024e+00 7.906631869661766565e+00 7.870129864662536612e+00 7.832087187109831206e+00 7.792240902239731426e+00 7.750319775077279871e+00 7.706225750124596985e+00 7.660008450597070251e+00 7.611669400591225987e+00 7.560466939680396514e+00 7.504131558282097103e+00 7.459966617351131646e+00 7.420744148342226509e+00 7.387305051169978043e+00 7.372479317814585542e+00 7.392525356956523019e+00 7.439319504360804025e+00 7.474833445879512261e+00 7.504313664602754841e+00 7.530619328322129213e+00 7.555522620723275296e+00 7.580419555038203860e+00 7.607412928402003338e+00 7.625242277063023266e+00 7.640354121750323024e+00 7.652030684692997298e+00 7.661103651030851225e+00 7.667890627819765825e+00 7.672235931070169102e+00 7.674270615918397986e+00 1.000000000000000020e+30
1.000000000000000020e+30 1.000000000000000020e+30 1.000000000000000020e+30 8.578029218776039855e+00 8.573213867514212438e+00 8.565039389283962024e+00 8.553993838425951068e+00 8.540291941685666188e+00 8.524079683104245575e+00 8.505487113846896818e+00 8.484636515218612729e+00 8.461637251993829878e+00 8.436577869688726139e+00 8.409518779641878439e+00 8.380483898041335422e+00 8.349450549237953823e+00 8.316341730316096914e+00 8.281043989764095059e+00 8.243444427573653144e+00 8.203448432695919834e+00 8.160916300769514464e+00 8.115544964220834601e+00 8.067042277063297462e+00 8.015140209629079138e+00 7.959504726938082975e+00 7.926077788791960899e+00 7.888204214028824879e+00 7.851940138187227802e+00 7.813925182178987683e+00 7.775057831404687647e+00 7.734531615268418925e+00 7.691716233567749583e+00 7.646475271624394665e+00 7.599067759042135606e+00 7.550130112382312575e+00 7.498888179663024012e+00 7.469020494821815070e+00 7.434502929923959336e+00 7.400435016494320450e+00 7.368637174521889932e+00 7.338658101284355695e+00 1.000000000000000020e+30 1.000000000000000020e+30 1.000000000000000020e+30 1.000000000000000020e+30 1.000000000000000020e+30 1.000000000000000020e+30 1.000000000000000020e+30 7.623837677358364928e+00 7.635140604645443752e+00 7.651206926949008391e+00 7.661778393718358338e+00 7.670279154532406274e+00 7.677116596605138454e+00 7.681175984366674037e+00 7.682771656452199061e+00 1.000000000000000020e+30
1.000000000000000020e+30 1.000000000000000020e+30 8.584897749397786271e+00 8.580679656820874968e+00 8.574550346742928042e+00 8.565746767004334572e+00 8.554230053831270553e+00 8.540084442664634068e+00 8.523410991160696781e+00 8.504310660872794969e+00 8.482879349356378995e+00 8.459202283571816139e+00 8.433347513133481854e+00 8.405359544042804387e+00 8.375253248718774302e+00 8.343008844986925965e+00 8.308570936816817465e+00 8.271857314826045027e+00 8.232772726539902663e+00 8.191211733311940080e+00 8.147035967801045331e+00 8.100047335513547608e+00 8.050021638079538633e+00 7.996674583292585403e+00 7.939451131876856138e+00 7.876720857059488878e+00 7.828489856941383884e+00 7.794185235985188420e+00 7.753753722689048722e+00 7.714864285740838490e+00 7.674286287515053040e+00 7.630713053592294237e+00 7.584068434908593836e+00 7.534838937453599783e+00 7.486083633982185681e+00 7.461125630051395952e+00 7.433757072641273389e+00 7.403790618502376297e+00 7.373060591089166671e+00 7.343358980844763906e+00 7.318995841805176816e+00 1.000000000000000020e+30 1.000000000000000020e+30 1.000000000000000020e+30 1.000000000000000020e+30 1.000000000000000020e+30 1.000000000000000020e+30 1.000000000000000020e+30 1.000000000000000020e+30 1.000000000000000020e+30 7.662401503355530608e+00 7.668431357207331267e+00 7.675942589480684752e+00 7.683937172777853597e+00 7.687392000679002635e+00 7.687678620663892737e+00 1.000000000000000020e+30
1.000000000000000020e+30 1.000000000000000020e+30 8.584429532281243169e+00 8.580549836051297063e+00 8.573866049428753300e+00 8.564468641485886380e+00 8.552392986649046236e+00 8.537698441598106314e+00 8.520458038508575527e+00 8.500749032808506911e+00 8.478646624811917221e+00 8.454218227561090870e+00 8.427517644748471426e+00 8.398579622495764951e+00 8.367415187638622243e+00 8.334008596625201548e+00 8.298317412841008434e+00 8.260277029893531520e+00 8.219807121819966866e+00 8.176814327103944180e+00 8.131188617485266334e+00 8.082803498825009925e+00 8.031536983703279731e+00 7.977299478883727701e+00 7.920120024614190513e+00 7.860596333197892527e+00 7.802257490904695558e+00 7.737767915498152682e+00 7.687246883487263815e+00 7.651562209111652635e+00 7.612237197580559389e+00 7.567982984365999144e+00 7.519451729561563269e+00 7.465347440478321772e+00 7.443366250102553039e+00 7.420990213357689491e+00 7.396308230467851352e+00 7.369061195904541783e+00 7.339881562560132799e+00 7.307971490512620072e+00 1.000000000000000020e+30 1.000000000000000020e+30 1.000000000000000020e+30 1.000000000000000020e+30 1.000000000000000020e+30 1.000000000000000020e+30 1.000000000000000020e+30 1.000000000000000020e+30 1.000000000000000020e+30 1.000000000000000020e+30 1.000000000000000020e+30 1.000000000000000020e+30 1.000000000000000020e+30 7.690513079017962106e+00 7.691583513751845125e+00 1.000000000000000020e+30 1.000000000000000020e+30
1.000000000000000020e+30 8.585141712431230587e+00 8.583159843997153260e+00 8.578539815274087488e+00 8.571207465434486750e+00 8.561177483590853399e+00 8.548479617432622746e+00 8.533158457906084848e+00 8.515268903471556072e+00 8.494871021299891467e+00 8.472024996951780906e+00 8.446785976557650955e+00 8.419198875349234612e+00 8.389293451516779854e+00 8.357080137566370581e+00 8.322547340506456948e+00 8.285661201958662403e+00 8.246368386260220618e+00 8.204600937946349148e+00 8.160281363961926715e+00 8.113327971333195165e+00 8.063665118945852583e+00 8.011245376651118022e+00 7.956087835090956517e+00 7.898355751175460071e+00 7.838512191619922298e+00 7.777403807583805673e+00 7.714201633588924523e+00 7.652387261492923365e+00 7.587130444921472261e+00 7.550344960229993241e+00 7.504759008859789304e+00 7.455642080002894190e+00 7.408745253597412983e+00 7.396282412583211396e+00 7.378396794947627235e+00 7.356660743180241546e+00 7.331503928594150565e+00 7.304678845619619665e+00 7.284649772467777673e+00 1.000000000000000020e+30 1.000000000000000020e+30 1.000000000000000020e+30 1.000000000000000020e+30 1.000000000000000020e+30 1.000000000000000020e+30 1.000000000000000020e+30 1.000000000000000020e+30 1.000000000000000020e+30 1.000000000000000020e+30 1.000000000000000020e+30 1.000000000000000020e+30 1.000000000000000020e+30 1.000000000000000020e+30 1.000000000000000020e+30 1.000000000000000020e+30 1.000000000000000020e+30
1.000000000000000020e+30 8.582455991121660688e+00 8.579855342097246762e+00 8.574565232487337596e+00 8.566566451669473281e+00 8.555870636969796550e+00 8.542501811355647234e+00 8.526494226216113859e+00 8.507890471256576603e+00 8.486738630844000042e+00 8.463088797594309654e+00 8.436988783109189427e+00 8.408479455756124210e+00 8.377589894376795243e+00 8.344332852335339723e+00 8.308701319789182804e+00 8.270667365031657781e+00 8.230184175441511485e+00 8.187191205216789669e+00 8.141621647015654162e+00 8.093412080003810516e+00 8.042515765013950713e+00 7.988921725678662433e+00 7.932680272916865505e+00 7.873933359945046284e+00 7.812925629346482381e+00 7.749880328467227741e+00 7.684489564448662158e+00 7.616218178737764077e+00 7.540065370564140501e+00 7.492506889100107870e+00 7.440322040077556487e+00 7.384874071149855723e+00 7.362368979691061632e+00 7.349881128311299250e+00 7.334909977801807202e+00 7.315690515429994711e+00 7.290875404750051914e+00 7.257947691626251085e+00 1.000000000000000020e+30 1.000000000000000020e+30 1.000000000000000020e+30 1.000000000000000020e+30 1.000000000000000020e+30 1.000000000000000020e+30 1.000000000000000020e+30 1.000000000000000020e+30 1.000000000000000020e+30 1.000000000000000020e+30 1.000000000000000020e+30 1.000000000000000020e+30 1.000000000000000020e+30 1.000000000000000020e+30 1.000000000000000020e+30 1.000000000000000020e+30 1.000000000000000020e+30 1.000000000000000020e+30
8.577685272193741994e+00 8.577708486674859856e+00 8.574574808507836821e+00 8.568630178870103364e+00 8.559950844409392801e+00 8.548561568966103863e+00 8.534483032892246968e+00 8.517741496206497231e+00 8.498370500389960114e+00 8.476409823952277378e+00 8.451903429451794736e+00 8.424896185120365644e+00 8.395429671415149286e+00 8.363536976308017401e+00 8.329236837452302922e+00 8.292528183475383230e+00 8.253387103122411972e+00 8.211768264456967614e+00 8.167611176511920590e+00 8.120850220189492319e+00 8.071427134622345179e+00 8.019305201124716120e+00 7.964484569435486883e+00 7.907016593410548744e+00 7.847011023012307795e+00 7.784618280352737507e+00 7.719948104989842186e+00 7.652910214640001207e+00 7.583191581411832694e+00 7.509948379322332279e+00 7.434572318913249767e+00 7.374431070657085030e+00 7.325687797699296233e+00 7.301262656873024781e+00 7.301242817908064175e+00 7.290947329444889213e+00 7.275592574061287010e+00 7.253156668693093501e+00 7.215355509285249269e+00 1.000000000000000020e+30 1.000000000000000020e+30 1.000000000000000020e+30 1.000000000000000020e+30 1.000000000000000020e+30 1.000000000000000020e+30 1.000000000000000020e+30 1.000000000000000020e+30 1.000000000000000020e+30 1.000000000000000020e+30 1.000000000000000020e+30 1.000000000000000020e+30 1.000000000000000020e+30 1.000000000000000020e+30 1.000000000000000020e+30 1.000000000000000020e+30 1.000000000000000020e+30 1.000000000000000020e+30
8.573012709464910230e+00 8.571463347083817297e+00 8.567447200066910185e+00 8.560769400135402662e+00 8.551381952458370961e+00 8.539275191036812984e+00 8.524456206400575553e+00 8.506942304324903503e+00 8.486759423421379012e+00 8.463941300145377156e+00 8.438528687361268155e+00 8.410567409857419463e+00 8.380104866654820128e+00 8.347184165311682946e+00 8.311835715909120736e+00 8.274067615597424208e+00 8.233858689350805449e+00 8.191158928408817985e+00 8.145897980852140563e+00 8.097999078352129843e+00 8.047395117478643556e+00 7.994044272793580319e+00 7.937943684242787512e+00 7.879138746851850783e+00 7.817724912145893157e+00 7.753839922317916411e+00 7.687639576230792748e+00 7.619274253321094648e+00 7.548961514664261685e+00 7.477248781843013781e+00 7.406266615436730483e+00 7.341614579940811680e+00 7.286337122910120812e+00 7.259738575868285970e+00 7.258179798004745997e+00 7.247338737348645310e+00 7.229780995796481591e+00 7.194585089377405929e+00 6.989107538884113069e+00 1.000000000000000020e+30 1.000000000000000020e+30 1.000000000000000020e+30 1.000000000000000020e+30 1.000000000000000020e+30 1.000000000000000020e+30 1.000000000000000020e+30 1.000000000000000020e+30 1.000000000000000020e+30 1.000000000000000020e+30 1.000000000000000020e+30 1.000000000000000020e+30 1.000000000000000020e+30 1.000000000000000020e+30 1.000000000000000020e+30 1.000000000000000020e+30 1.000000000000000020e+30 1.000000000000000020e+30
8.565244733004712785e+00 8.563037941888547167e+00 8.558331204949512383e+00 8.550966502639079536e+00 8.540878051396703086e+00 8.528043643380064154e+00 8.512462613555662472e+00 8.494145688692777085e+00 8.473112479677313402e+00 8.449391691750642863e+00 8.423022448077251312e+00 8.394054716189716103e+00 8.362547465945548097e+00 8.328562373812635755e+00 8.292151362883245724e+00 8.253338855966015686e+00 8.212106111358465910e+00 8.168390058528427033e+00 8.122096674666273941e+00 8.073122111612045515e+00 8.021374994369923073e+00 7.966794907675096127e+00 7.909366902561830948e+00 7.849128823596928761e+00 7.786169800154366882e+00 7.720639344734091303e+00 7.652763016055358136e+00 7.582859472130396128e+00 7.511414326736256086e+00 7.439112901775232878e+00 7.366937900421405061e+00 7.294742430166798464e+00 7.262211679462594383e+00 7.236899692074456603e+00 7.219714452682238992e+00 7.199979241747778147e+00 7.167639722646474532e+00 7.084634590305008750e+00 1.000000000000000020e+30 1.000000000000000020e+30 1.000000000000000020e+30 1.000000000000000020e+30 1.000000000000000020e+30 1.000000000000000020e+30 1.000000000000000020e+30 1.000000000000000020e+30 1.000000000000000020e+30 1.000000000000000020e+30 1.000000000000000020e+30 1.000000000000000020e+30 1.000000000000000020e+30 1.000000000000000020e+30 1.000000000000000020e+30 1.000000000000000020e+30 1.000000000000000020e+30 1.000000000000000020e+30 1.000000000000000020e+30
8.555045715491843339e+00 8.552473316452317675e+00 8.547231651632944960e+00 8.539244625274303502e+00 8.528475213328670534e+00 8.514911093084640115e+00 8.498553281671206605e+00 8.479409244626925357e+00 8.457492527173005925e+00 8.432825728987532798e+00 8.405445557005148061e+00 8.375407641347601739e+00 8.342788688229310523e+00 8.307681529046924140e+00 8.270177558218014369e+00 8.230333378806538036e+00 8.188133981763048297e+00 8.143489968035602544e+00 8.096262639689424390e+00 8.046298927225288722e+00 7.993464888814016511e+00 7.937667227554896066e+00 7.878871805586784127e+00 7.817110660520786070e+00 7.752457742866579515e+00 7.685058909090879631e+00 7.615192628800316221e+00 7.543272112857446920e+00 7.470018275124600038e+00 7.396156545087966272e+00 7.322948546668034631e+00 7.252171359590306565e+00 7.226199913085868509e+00 7.201264176932317795e+00 7.177606008106486080e+00 7.149447150493284830e+00 7.107576008973789605e+00 7.040352772938470949e+00 1.000000000000000020e+30 1.000000000000000020e+30 1.000000000000000020e+30 1.000000000000000020e+30 1.000000000000000020e+30 1.000000000000000020e+30 1.000000000000000020e+30 1.000000000000000020e+30 1.000000000000000020e+30 1.000000000000000020e+30 1.000000000000000020e+30 1.000000000000000020e+30 1.000000000000000020e+30 1.000000000000000020e+30 1.000000000000000020e+30 1.000000000000000020e+30 1.000000000000000020e+30 1.000000000000000020e+30 1.000000000000000020e+30
8.542789593592996056e+00 8.539947514219180746e+00 8.534245101004533041e+00 8.525672023187615522e+00 8.514232215064696518e+00 8.499935016906832175e+00 8.482789294693812820e+00 8.462800436103638191e+00 8.439973436472532953e+00 8.414320005544480452e+00 8.385869268413287614e+00 8.354680038692514188e+00 8.320851561593268997e+00 8.284525485226106767e+00 8.245866214705603880e+00 8.204999527014507521e+00 8.161917056003717974e+00 8.116478100770155635e+00 8.068464495553453020e+00 8.017640620221824221e+00 7.963808653124351267e+00 7.906824132065080057e+00 7.846626962658122650e+00 7.783267902343880884e+00 7.716776011914476818e+00 7.647233049223745027e+00 7.574968451544861203e+00 7.500317091135190850e+00 7.424538244663612119e+00 7.347865682323598158e+00 7.271860464566608506e+00 7.208488599187290902e+00 7.184493413377720294e+00 7.159209208400213242e+00 7.133434523282168982e+00 7.101689173204874805e+00 7.062322800457518035e+00 7.023475985283794465e+00 1.000000000000000020e+30 1.000000000000000020e+30 1.000000000000000020e+30 1.000000000000000020e+30 1.000000000000000020e+30 1.000000000000000020e+30 1.000000000000000020e+30 1.000000000000000020e+30 1.000000000000000020e+30 1.000000000000000020e+30 1.000000000000000020e+30 1.000000000000000020e+30 1.000000000000000020e+30 1.000000000000000020e+30 1.000000000000000020e+30 1.000000000000000020e+30 1.000000000000000020e+30 1.000000000000000020e+30 1.000000000000000020e+30
8.528755325561306222e+00 8.525661110041250268e+00 8.519506701684608885e+00 8.510343298023652636e+00 8.498222403152187354e+00 8.483181327541730710e+00 8.465239041462782055e+00 8.444396579161544736e+00 8.420643776719348494e+00 8.393971041688823576e+00 8.364387312716916156e+00 8.331943521619377790e+00 8.296759313094341337e+00 8.259044858207081674e+00 8.219099096549445704e+00 8.177212630726399922e+00 8.133382055954593071e+00 8.087360632776555036e+00 8.038790873498976808e+00 7.987299549164008639e+00 7.932609622980073105e+00 7.874494711442786787e+00 7.812842552992918854e+00 7.747855461575761993e+00 7.679443556243151114e+00 7.607429831381002927e+00 7.532437095884731093e+00 7.453803009675753266e+00 7.375274756767871587e+00 7.294241888264122231e+00 7.202804085332981998e+00 7.167827711080648534e+00 7.137023720094041401e+00 7.109624100167871497e+00 7.085694063685038735e+00 7.054463101552703286e+00 7.015952598888032909e+00 1.000000000000000020e+30 1.000000000000000020e+30 1.000000000000000020e+30 1.000000000000000020e+30 1.000000000000000020e+30 1.000000000000000020e+30 1.000000000000000020e+30 1.000000000000000020e+30 1.000000000000000020e+30 1.000000000000000020e+30 1.000000000000000020e+30 1.000000000000000020e+30 1.000000000000000020e+30 1.000000000000000020e+30 1.000000000000000020e+30 1.000000000000000020e+30 1.000000000000000020e+30 1.000000000000000020e+30 1.000000000000000020e+30 1.000000000000000020e+30
8.513205035132523690e+00 8.509824133848303163e+00 8.503165264966582981e+00 8.493360097036926959e+00 8.480519880993785620e+00 8.464714479221751020e+00 8.445971781430525738e+00 8.424282526545274763e+00 8.399610117241088858e+00 8.371906014742416247e+00 8.341135212428756773e+00 8.307313736108755009e+00 8.270559627745956988e+00 8.231153343196819350e+00 8.189625521213816484e+00 8.146717317464485575e+00 8.102379736065643101e+00 8.056127578510821508e+00 8.007369221303964224e+00 7.955482137137498633e+00 7.900155871967965204e+00 7.841018935295840819e+00 7.777706747491609285e+00 7.711180209513059047e+00 7.641025871722108675e+00 7.565921477016969376e+00 7.488868181791091594e+00 7.402351060241241676e+00 7.323138994993801276e+00 7.244242957297732488e+00 7.167086841159012067e+00 7.114775667599200659e+00 7.077325017932058593e+00 7.047424796342424358e+00 7.037972582574916203e+00 7.013292866269488002e+00 6.977435627677597729e+00 1.000000000000000020e+30 1.000000000000000020e+30 1.000000000000000020e+30 1.000000000000000020e+30 1.000000000000000020e+30 1.000000000000000020e+30 1.000000000000000020e+30 1.000000000000000020e+30 1.000000000000000020e+30 1.000000000000000020e+30 1.000000000000000020e+30 1.000000000000000020e+30 1.000000000000000020e+30 1.000000000000000020e+30 1.000000000000000020e+30 1.000000000000000020e+30 1.000000000000000020e+30 1.000000000000000020e+30 1.000000000000000020e+30 1.000000000000000020e+30
8.496435920357141569e+00 8.492665065535963009e+00 8.485369136402134416e+00 8.474811450850550543e+00 8.461181597865774506e+00 8.444583014018835598e+00 8.425046869150325080e+00 8.402544554930971188e+00 8.376998130659154995e+00 8.348294994709551275e+00 8.316318465496220114e+00 8.280998417369207942e+00 8.242390689011470428e+00 8.200758186085431944e+00 8.156902842864793612e+00 8.113016889609509619e+00 8.068651923221064948e+00 8.022754753340059608e+00 7.974424339191779509e+00 7.922446233682288508e+00 7.866849975912119319e+00 7.806704738799079557e+00 7.740135426079542746e+00 7.672275005609161980e+00 7.601506387977694956e+00 7.519879094569927425e+00 7.448063551746166411e+00 7.386218021128732936e+00 7.313044070981568723e+00 7.235032159516301853e+00 7.150443227889869746e+00 7.092107651051079209e+00 7.056753523672900208e+00 7.013996146929460274e+00 7.004139127439866996e+00 6.981054017517133836e+00 6.944491439805590360e+00 6.891498458535878058e+00 1.000000000000000020e+30 1.000000000000000020e+30 1.000000000000000020e+30 1.000000000000000020e+30 1.000000000000000020e+30 1.000000000000000020e+30 1.000000000000000020e+30 1.000000000000000020e+30 1.000000000000000020e+30 1.000000000000000020e+30 1.000000000000000020e+30 1.000000000000000020e+30 1.000000000000000020e+30 1.000000000000000020e+30 1.000000000000000020e+30 1.000000000000000020e+30 1.000000000000000020e+30 1.000000000000000020e+30 1.000000000000000020e+30
8.478848780117084871e+00 8.474442108126533313e+00 8.466245293053995979e+00 8.454746482927555817e+00 8.440223645359770543e+00 8.422800334322273486e+00 8.402497657225945105e+00 8.379257904086305331e+00 8.352947580388104143e+00 8.323359863550633619e+00 8.290245656462223778e+00 8.253369094417667640e+00 8.212642517090001704e+00 8.167979204621182987e+00 8.119600896176649485e+00 8.075181045039155237e+00 8.031836287586978429e+00 7.987188964500623989e+00 7.938884563370338654e+00 7.886067399243838594e+00 7.829761265050716901e+00 7.768009331982901777e+00 7.691675559275831020e+00 7.625219882524966408e+00 7.562590727445415162e+00 7.509915813416808028e+00 7.444066174010171011e+00 7.375431329813395998e+00 7.302372274552960008e+00 7.227412164217954960e+00 7.154135947595970713e+00 7.092254091562492313e+00 7.040161882764556012e+00 6.992482955997982863e+00 6.980673807751077042e+00 6.957192721937039970e+00 6.922888806542332851e+00 6.879377809574847014e+00 1.000000000000000020e+30 1.000000000000000020e+30 1.000000000000000020e+30 1.000000000000000020e+30 1.000000000000000020e+30 1.000000000000000020e+30 1.000000000000000020e+30 1.000000000000000020e+30 1.000000000000000020e+30 1.000000000000000020e+30 1.000000000000000020e+30 1.000000000000000020e+30 1.000000000000000020e+30 1.000000000000000020e+30 1.000000000000000020e+30 1.000000000000000020e+30 1.000000000000000020e+30 1.000000000000000020e+30 1.000000000000000020e+30
8.461090362634827500e+00 8.455431651851174735e+00 8.445845890219295882e+00 8.433129532180569043e+00 8.417590883520661649e+00 8.399322054085720524e+00 8.378309578306003758e+00 8.354464160393920480e+00 8.327594712576869895e+00 8.297369655794879506e+00 8.263352081377576042e+00 8.225005365583376360e+00 8.182245472094479055e+00 8.134328511379123938e+00 8.073752746447373951e+00 8.031678148739787915e+00 7.990445273041542507e+00 7.944802121390135419e+00 7.893257848336382665e+00 7.838528655134299861e+00 7.782183145677861624e+00 7.727675782047601416e+00 7.687108968769519990e+00 7.630239475027453366e+00 7.569541415719709399e+00 7.507585742898085002e+00 7.438520061522786442e+00 7.365273620717133873e+00 7.290151872906757369e+00 7.215085047050027178e+00 7.144100764806608161e+00 7.079468172337430865e+00 7.014623290648884790e+00 6.976782080115564888e+00 6.963775157798299809e+00 6.939050484110160788e+00 6.905400586177248279e+00 6.864534529361852044e+00 1.000000000000000020e+30 1.000000000000000020e+30 1.000000000000000020e+30 1.000000000000000020e+30 1.000000000000000020e+30 1.000000000000000020e+30 1.000000000000000020e+30 1.000000000000000020e+30 1.000000000000000020e+30 1.000000000000000020e+30 1.000000000000000020e+30 1.000000000000000020e+30 1.000000000000000020e+30 1.000000000000000020e+30 1.000000000000000020e+30 1.000000000000000020e+30 1.000000000000000020e+30 1.000000000000000020e+30 1.000000000000000020e+30
8.444423340320888371e+00 8.435781961580833155e+00 8.424011787529591899e+00 8.409771788134463577e+00 8.393126689256266815e+00 8.374026929381455986e+00 8.352393845290285057e+00 8.328132781953680563e+00 8.301034124759253174e+00 8.270607002111640682e+00 8.236221523696164226e+00 8.196488145308922668e+00 8.152438782565592845e+00 8.108759929171386105e+00 8.057890448950566054e+00 8.035439054228334044e+00 8.001394624013546064e+00 7.959085471604832485e+00 7.910104686331706603e+00 7.856532651631709996e+00 7.799669160480672048e+00 7.745187170192338044e+00 7.695216785403830251e+00 7.639093708975118524e+00 7.578054626295116947e+00 7.510009421953274256e+00 7.433122436055092486e+00 7.352779953043479644e+00 7.273967217989858014e+00 7.195360390296215769e+00 7.125341655231639315e+00 7.063502981022300453e+00 7.003736091882524661e+00 6.977653356812093755e+00 6.953481501151413724e+00 6.924723266599878357e+00 6.890029908037930362e+00 6.849508987918990321e+00 1.000000000000000020e+30 1.000000000000000020e+30 1.000000000000000020e+30 1.000000000000000020e+30 1.000000000000000020e+30 1.000000000000000020e+30 1.000000000000000020e+30 1.000000000000000020e+30 1.000000000000000020e+30 1.000000000000000020e+30 1.000000000000000020e+30 1.000000000000000020e+30 1.000000000000000020e+30 1.000000000000000020e+30 1.000000000000000020e+30 1.000000000000000020e+30 1.000000000000000020e+30 1.000000000000000020e+30 1.000000000000000020e+30
8.431840005761761958e+00 8.414706023993144157e+00 8.400094843178601778e+00 8.384269489074830162e+00 8.366569781380668758e+00 8.346719776875177743e+00 8.324561749341357952e+00 8.300094244386146514e+00 8.273255903434659331e+00 8.243255016456133788e+00 8.208574700774933675e+00 8.164880654579745212e+00 8.112184641376877892e+00 8.076816533721595803e+00 8.064402290079799585e+00 8.044317665852522836e+00 8.014753012045648717e+00 7.974144600689339946e+00 7.930459028452695236e+00 7.885549437071666112e+00 7.823369850349647159e+00 7.760686575141764187e+00 7.712543576965790848e+00 7.662169247968398267e+00 7.605197797337782895e+00 7.522389212487152754e+00 7.440190021271784637e+00 7.349901272185015877e+00 7.240693376358398048e+00 7.159457468525944002e+00 7.097649402445539657e+00 7.044617149777375964e+00 7.001798963571335577e+00 6.971489192611199037e+00 6.942649610086076173e+00 6.911212033866698690e+00 6.875380307104890676e+00 6.834538565259556719e+00 1.000000000000000020e+30 1.000000000000000020e+30 1.000000000000000020e+30 1.000000000000000020e+30 1.000000000000000020e+30 1.000000000000000020e+30 1.000000000000000020e+30 1.000000000000000020e+30 1.000000000000000020e+30 1.000000000000000020e+30 1.000000000000000020e+30 1.000000000000000020e+30 1.000000000000000020e+30 1.000000000000000020e+30 1.000000000000000020e+30 1.000000000000000020e+30 1.000000000000000020e+30 1.000000000000000020e+30 1.000000000000000020e+30
1.000000000000000020e+30 8.386563690498853418e+00 8.372852768799754486e+00 8.356105621090954116e+00 8.337630902266214505e+00 8.317191356422419801e+00 8.294511917299308479e+00 8.269899396775906908e+00 8.243147508523392730e+00 8.209168183826362153e+00 8.170302640425687102e+00 8.117192782004869045e+00 8.110007260356246306e+00 8.090650289815348728e+00 8.075075315072917093e+00 8.060262069732607060e+00 8.044713637313279264e+00 8.014396111817191581e+00 7.938169848826166053e+00 7.916312365459297062e+00 1.000000000000000020e+30 7.752163486266197445e+00 7.723916456792938590e+00 7.687314121379932530e+00 7.656123834999485567e+00 1.000000000000000020e+30 1.000000000000000020e+30 1.000000000000000020e+30 7.189179453891247462e+00 7.134920998914127566e+00 7.068045013613244443e+00 7.020060640959271403e+00 6.986750180560062695e+00 6.958714895809407608e+00 6.929279488173896162e+00 6.896966289608915446e+00 6.860625408220551336e+00 6.819193494894123297e+00 6.770573561669491980e+00 1.000000000000000020e+30 1.000000000000000020e+30 1.000000000000000020e+30 1.000000000000000020e+30 1.000000000000000020e+30 1.000000000000000020e+30 1.000000000000000020e+30 1.000000000000000020e+30 1.000000000000000020e+30 1.000000000000000020e+30 1.000000000000000020e+30 1.000000000000000020e+30 1.000000000000000020e+30 1.000000000000000020e+30 1.000000000000000020e+30 1.000000000000000020e+30 1.000000000000000020e+30 1.000000000000000020e+30
1.000000000000000020e+30 8.367602805174872316e+00 8.344122033239147029e+00 8.325148642550177058e+00 8.306140638033427948e+00 8.285390492153073438e+00 8.261885883261554042e+00 8.234544718742117908e+00 8.201658645215587740e+00 8.139132124573993821e+00 8.072727283176826418e+00 8.107166993483216899e+00 8.112894217749193615e+00 8.108173155321102499e+00 8.114008638662532746e+00 8.073482357775294105e+00 8.066431100641159091e+00 1.000000000000000020e+30 1.000000000000000020e+30 1.000000000000000020e+30 1.000000000000000020e+30 1.000000000000000020e+30 1.000000000000000020e+30 1.000000000000000020e+30 1.000000000000000020e+30 1.000000000000000020e+30 1.000000000000000020e+30 1.000000000000000020e+30 7.169436711773531812e+00 7.129945732310331685e+00 7.050273936652375006e+00 6.993495693999393303e+00 6.967760888840679456e+00 6.942189671637844839e+00 6.913641444085989463e+00 6.881611176254592621e+00 6.845837638848100148e+00 6.805929203604997646e+00 6.762001269082168697e+00 1.000000000000000020e+30 1.000000000000000020e+30 1.000000000000000020e+30 1.000000000000000020e+30 1.000000000000000020e+30 1.000000000000000020e+30 1.000000000000000020e+30 1.000000000000000020e+30 1.000000000000000020e+30 1.000000000000000020e+30 1.000000000000000020e+30 1.000000000000000020e+30 1.000000000000000020e+30 1.000000000000000020e+30 1.000000000000000020e+30 1.000000000000000020e+30 1.000000000000000020e+30 1.000000000000000020e+30
1.000000000000000020e+30 1.000000000000000020e+30 8.306373650110510098e+00 8.289722068825792434e+00 8.271893121414064964e+00 8.251485511301439146e+00 8.224607648905932322e+00 8.180990388499475685e+00 8.138583843265680073e+00 8.141542258014741407e+00 8.113006833805544105e+00 8.118006421900931358e+00 1.000000000000000020e+30 1.000000000000000020e+30 1.000000000000000020e+30 1.000000000000000020e+30 1.000000000000000020e+30 1.000000000000000020e+30 1.000000000000000020e+30 1.000000000000000020e+30 1.000000000000000020e+30 1.000000000000000020e+30 1.000000000000000020e+30 1.000000000000000020e+30 1.000000000000000020e+30 1.000000000000000020e+30 1.000000000000000020e+30 1.000000000000000020e+30 1.000000000000000020e+30 1.000000000000000020e+30 7.009040125500088259e+00 6.975518624300075743e+00 6.949122403036126272e+00 6.924206287475004551e+00 6.896332897144167973e+00 6.864856078199551348e+00 6.830054410183381108e+00 6.791571550829025306e+00 6.749489022030782159e+00 1.000000000000000020e+30 1.000000000000000020e+30 1.000000000000000020e+30 1.000000000000000020e+30 1.000000000000000020e+30 1.000000000000000020e+30 1.000000000000000020e+30 1.000000000000000020e+30 1.000000000000000020e+30 1.000000000000000020e+30 1.000000000000000020e+30 1.000000000000000020e+30 1.000000000000000020e+30 1.000000000000000020e+30 1.000000000000000020e+30 1.000000000000000020e+30 1.000000000000000020e+30 1.000000000000000020e+30
1.000000000000000020e+30 1.000000000000000020e+30 8.280784727604586948e+00 8.249777700204184328e+00 8.231315696538015203e+00 8.209411029640131474e+00 8.175920910369709915e+00 8.180070823579669081e+00 8.168704462446898518e+00 8.162663999501415191e+00 1.000000000000000020e+30 1.000000000000000020e+30 1.000000000000000020e+30 1.000000000000000020e+30 1.000000000000000020e+30 1.000000000000000020e+30 1.000000000000000020e+30 1.000000000000000020e+30 1.000000000000000020e+30 1.000000000000000020e+30 1.000000000000000020e+30 1.000000000000000020e+30 1.000000000000000020e+30 1.000000000000000020e+30 1.000000000000000020e+30 1.000000000000000020e+30 1.000000000000000020e+30 1.000000000000000020e+30 1.000000000000000020e+30 1.000000000000000020e+30 1.000000000000000020e+30 6.958795910289752307e+00 6.931079884960621662e+00 6.905278397697750314e+00 6.877471494511992134e+00 6.846278998655527026e+00 6.812818704685467353e+00 6.775697780366776612e+00 6.734796870917019618e+00 1.000000000000000020e+30 1.000000000000000020e+30 1.000000000000000020e+30 1.000000000000000020e+30 1.000000000000000020e+30 1.000000000000000020e+30 1.000000000000000020e+30 1.000000000000000020e+30 1.000000000000000020e+30 1.000000000000000020e+30 1.000000000000000020e+30 1.000000000000000020e+30 1.000000000000000020e+30 1.000000000000000020e+30 1.000000000000000020e+30 1.000000000000000020e+30 1.000000000000000020e+30 1.000000000000000020e+30
1.000000000000000020e+30 1.000000000000000020e+30 1.000000000000000020e+30 8.179794032029793271e+00 8.170115917423482088e+00 8.141417406524258382e+00 8.165614848006399029e+00 8.181239468583829222e+00 8.185251321131909563e+00 1.000000000000000020e+30 1.000000000000000020e+30 1.000000000000000020e+30 1.000000000000000020e+30 1.000000000000000020e+30 1.000000000000000020e+30 1.000000000000000020e+30 1.000000000000000020e+30 1.000000000000000020e+30 1.000000000000000020e+30 1.000000000000000020e+30 1.000000000000000020e+30 1.000000000000000020e+30 1.000000000000000020e+30 1.000000000000000020e+30 1.000000000000000020e+30 1.000000000000000020e+30 1.000000000000000020e+30 1.000000000000000020e+30 1.000000000000000020e+30 1.000000000000000020e+30 1.000000000000000020e+30 1.000000000000000020e+30 6.914511146067164660e+00 6.885533121237243037e+00 6.856765796370076771e+00 6.824822028267957030e+00 6.794109076125358193e+00 6.758487544111423162e+00 6.719008149338470126e+00 1.000000000000000020e+30 1.000000000000000020e+30 1.000000000000000020e+30 1.000000000000000020e+30 1.000000000000000020e+30 1.000000000000000020e+30 1.000000000000000020e+30 1.000000000000000020e+30 1.000000000000000020e+30 1.000000000000000020e+30 1.000000000000000020e+30 1.000000000000000020e+30 1.000000000000000020e+30 1.000000000000000020e+30 1.000000000000000020e+30 1.000000000000000020e+30 1.000000000000000020e+30 1.000000000000000020e+30
1.000000000000000020e+30 1.000000000000000020e+30 1.000000000000000020e+30 8.088317017214277982e+00 8.076775364632739596e+00 8.130569752319328103e+00 8.165828052864270603e+00 8.183313547891486905e+00 1.000000000000000020e+30 1.000000000000000020e+30 1.000000000000000020e+30 1.000000000000000020e+30 1.000000000000000020e+30 1.000000000000000020e+30 1.000000000000000020e+30 1.000000000000000020e+30 1.000000000000000020e+30 1.000000000000000020e+30 1.000000000000000020e+30 1.000000000000000020e+30 1.000000000000000020e+30 1.000000000000000020e+30 1.000000000000000020e+30 1.000000000000000020e+30 1.000000000000000020e+30 1.000000000000000020e+30 1.000000000000000020e+30 1.000000000000000020e+30 1.000000000000000020e+30 1.000000000000000020e+30 1.000000000000000020e+30 1.000000000000000020e+30 1.000000000000000020e+30 6.867353867663750222e+00 6.833595406643735437e+00 6.801326761764060258e+00 6.775174940448766669e+00 6.740020393514899233e+00 6.703440712083760467e+00 1.000000000000000020e+30 1.000000000000000020e+30 1.000000000000000020e+30 1.000000000000000020e+30 1.000000000000000020e+30 1.000000000000000020e+30 1.000000000000000020e+30 1.000000000000000020e+30 1.000000000000000020e+30 1.000000000000000020e+30 1.000000000000000020e+30 1.000000000000000020e+30 1.000000000000000020e+30 1.000000000000000020e+30 1.000000000000000020e+30 1.000000000000000020e+30 1.000000000000000020e+30 1.000000000000000020e+30
1.000000000000000020e+30 1.000000000000000020e+30 1.000000000000000020e+30 1.000000000000000020e+30 8.140506927051719188e+00 8.154355843429069495e+00 8.169863474716985152e+00 1.000000000000000020e+30 1.000000000000000020e+30 1.000000000000000020e+30 1.000000000000000020e+30 1.000000000000000020e+30 1.000000000000000020e+30 1.000000000000000020e+30 1.000000000000000020e+30 1.000000000000000020e+30 1.000000000000000020e+30 1.000000000000000020e+30 1.000000000000000020e+30 1.000000000000000020e+30 1.000000000000000020e+30 1.000000000000000020e+30 1.000000000000000020e+30 1.000000000000000020e+30 1.000000000000000020e+30 1.000000000000000020e+30 1.000000000000000020e+30 1.000000000000000020e+30 1.000000000000000020e+30 1.000000000000000020e+30 1.000000000000000020e+30 1.000000000000000020e+30 1.000000000000000020e+30 1.000000000000000020e+30 6.812581444680636977e+00 6.784501588861409083e+00 6.762375351693989067e+00 6.717868196302221762e+00 6.690893947757045268e+00 1.000000000000000020e+30 1.000000000000000020e+30 1.000000000000000020e+30 1.000000000000000020e+30 1.000000000000000020e+30 1.000000000000000020e+30 1.000000000000000020e+30 1.000000000000000020e+30 1.000000000000000020e+30 1.000000000000000020e+30 1.000000000000000020e+30 1.000000000000000020e+30 1.000000000000000020e+30 1.000000000000000020e+30 1.000000000000000020e+30 1.000000000000000020e+30 1.000000000000000020e+30 1.000000000000000020e+30
1.000000000000000020e+30 1.000000000000000020e+30 1.000000000000000020e+30 1.000000000000000020e+30 8.176299850351680831e+00 1.000000000000000020e+30 1.000000000000000020e+30 1.000000000000000020e+30 1.000000000000000020e+30 1.000000000000000020e+30 1.000000000000000020e+30 1.000000000000000020e+30 1.000000000000000020e+30 1.000000000000000020e+30 1.000000000000000020e+30 1.000000000000000020e+30 1.000000000000000020e+30 1.000000000000000020e+30 1.000000000000000020e+30 1.000000000000000020e+30 1.000000000000000020e+30 1.000000000000000020e+30 1.000000000000000020e+30 1.000000000000000020e+30 1.000000000000000020e+30 1.000000000000000020e+30 1.000000000000000020e+30 1.000000000000000020e+30 1.000000000000000020e+30 1.000000000000000020e+30 1.000000000000000020e+30 1.000000000000000020e+30 1.000000000000000020e+30 1.000000000000000020e+30 1.000000000000000020e+30 6.780441874606322195e+00 6.772426165559720879e+00 1.000000000000000020e+30 1.000000000000000020e+30 1.000000000000000020e+30 1.000000000000000020e+30 1.000000000000000020e+30 1.000000000000000020e+30 1.000000000000000020e+30 1.000000000000000020e+30 1.000000000000000020e+30 1.000000000000000020e+30 1.000000000000000020e+30 1.000000000000000020e+30 1.000000000000000020e+30 1.000000000000000020e+30 1.000000000000000020e+30 1.000000000000000020e+30 1.000000000000000020e+30 1.000000000000000020e+30 1.000000000000000020e+30 1.000000000000000020e+30
