1 23 41 s_1_23_41 100
1 24 41 s_1_24_41 100
1 25 40 s_1_25_40 100
1 26 40 s_1_26_40 100
1 27 39 s_1_27_39 100
1 28 39 s_1_28_39 100
1 29 39 s_1_29_39 100
1 30 38 s_1_30_38 100
1 31 38 s_1_31_38 100
1 32 38 s_1_32_38 100
1 33 37 s_1_33_37 100
1 34 37 s_1_34_37 100
1 35 38 s_1_35_38 100
1 36 38 s_1_36_38 100
1 37 38 s_1_37_38 100
1 38 38 s_1_38_38 100
1 39 38 s_1_39_38 100
1 40 39 s_1_40_39 100
1 41 39 s_1_41_39 100
1 42 39 s_1_42_39 100
1 43 39 s_1_43_39 100
1 44 39 s_1_44_39 100
1 45 39 s_1_45_39 100
1 46 38 s_1_46_38 100
1 46 39 s_1_46_39 100
