1.000000000000000020e+30 1.000000000000000020e+30 1.000000000000000020e+30 1.000000000000000020e+30 1.000000000000000020e+30 1.000000000000000020e+30 1.000000000000000020e+30 1.000000000000000020e+30 1.000000000000000020e+30 1.000000000000000020e+30 1.000000000000000020e+30 1.000000000000000020e+30 1.000000000000000020e+30 1.000000000000000020e+30 1.000000000000000020e+30 1.000000000000000020e+30 1.000000000000000020e+30 1.000000000000000020e+30 1.000000000000000020e+30 1.000000000000000020e+30 1.000000000000000020e+30 1.000000000000000020e+30 1.000000000000000020e+30 1.000000000000000020e+30 1.000000000000000020e+30 1.000000000000000020e+30 1.000000000000000020e+30 1.000000000000000020e+30 1.000000000000000020e+30 1.000000000000000020e+30 1.000000000000000020e+30 1.000000000000000020e+30 1.000000000000000020e+30 1.000000000000000020e+30 1.000000000000000020e+30 1.000000000000000020e+30 1.000000000000000020e+30 1.000000000000000020e+30 1.000000000000000020e+30 1.000000000000000020e+30 1.000000000000000020e+30 1.000000000000000020e+30 1.000000000000000020e+30 1.000000000000000020e+30 1.000000000000000020e+30 1.000000000000000020e+30 1.000000000000000020e+30 1.000000000000000020e+30 1.000000000000000020e+30 1.000000000000000020e+30 1.000000000000000020e+30 1.000000000000000020e+30 1.000000000000000020e+30 1.000000000000000020e+30 1.000000000000000020e+30 1.000000000000000020e+30 1.000000000000000020e+30
1.000000000000000020e+30 1.000000000000000020e+30 1.000000000000000020e+30 1.000000000000000020e+30 1.000000000000000020e+30 1.000000000000000020e+30 1.000000000000000020e+30 1.000000000000000020e+30 1.000000000000000020e+30 1.000000000000000020e+30 1.000000000000000020e+30 1.000000000000000020e+30 1.000000000000000020e+30 1.000000000000000020e+30 1.000000000000000020e+30 1.000000000000000020e+30 1.000000000000000020e+30 1.000000000000000020e+30 1.000000000000000020e+30 1.000000000000000020e+30 1.000000000000000020e+30 1.000000000000000020e+30 1.000000000000000020e+30 1.000000000000000020e+30 1.000000000000000020e+30 1.000000000000000020e+30 1.000000000000000020e+30 9.044584123459337377e+00 9.047849627925765859e+00 9.051691519235665950e+00 9.055310882775277292e+00 9.058463352474831254e+00 9.061087172352442209e+00 9.063188898445918795e+00 9.064805523488969285e+00 9.065991277913989066e+00 9.066813248029152561e+00 9.067351033892817824e+00 9.067697831008088016e+00 9.067960098865912144e+00 9.068249450369961551e+00 9.068650339147300343e+00 9.069112367801164254e+00 1.000000000000000020e+30 1.000000000000000020e+30 1.000000000000000020e+30 1.000000000000000020e+30 1.000000000000000020e+30 1.000000000000000020e+30 1.000000000000000020e+30 1.000000000000000020e+30 1.000000000000000020e+30 1.000000000000000020e+30 1.000000000000000020e+30 1.000000000000000020e+30 1.000000000000000020e+30 1.000000000000000020e+30
1.000000000000000020e+30 1.000000000000000020e+30 1.000000000000000020e+30 1.000000000000000020e+30 1.000000000000000020e+30 1.000000000000000020e+30 1.000000000000000020e+30 1.000000000000000020e+30 1.000000000000000020e+30 1.000000000000000020e+30 1.000000000000000020e+30 1.000000000000000020e+30 1.000000000000000020e+30 1.000000000000000020e+30 1.000000000000000020e+30 1.000000000000000020e+30 1.000000000000000020e+30 1.000000000000000020e+30 1.000000000000000020e+30 1.000000000000000020e+30 1.000000000000000020e+30 1.000000000000000020e+30 1.000000000000000020e+30 1.000000000000000020e+30 9.013591279891485897e+00 9.019294535199897211e+00 9.027198333344221837e+00 9.036960614208632947e+00 9.042908665529852286e+00 9.047537483994368301e+00 9.051384193660844346e+00 9.054576928067406882e+00 9.057168260453421382e+00 9.059203275131038069e+00 9.060732936678213889e+00 9.061816246045445666e+00 9.062521304289539614e+00 9.062927510130894149e+00 9.063129481675469279e+00 9.063243146851844401e+00 9.063414193491455606e+00 9.063837293427285502e+00 9.064804967590809781e+00 9.066899905236221358e+00 9.073989857600349040e+00 9.087057499627510637e+00 9.107553460038111837e+00 9.087311261286885156e+00 1.000000000000000020e+30 1.000000000000000020e+30 1.000000000000000020e+30 1.000000000000000020e+30 1.000000000000000020e+30 1.000000000000000020e+30 1.000000000000000020e+30 1.000000000000000020e+30 1.000000000000000020e+30
1.000000000000000020e+30 1.000000000000000020e+30 1.000000000000000020e+30 1.000000000000000020e+30 1.000000000000000020e+30 1.000000000000000020e+30 1.000000000000000020e+30 1.000000000000000020e+30 1.000000000000000020e+30 1.000000000000000020e+30 1.000000000000000020e+30 1.000000000000000020e+30 1.000000000000000020e+30 1.000000000000000020e+30 1.000000000000000020e+30 1.000000000000000020e+30 1.000000000000000020e+30 1.000000000000000020e+30 1.000000000000000020e+30 1.000000000000000020e+30 1.000000000000000020e+30 8.971765634123695321e+00 8.979207419625197417e+00 8.989896499193530843e+00 9.003530290327413255e+00 9.012737035092099447e+00 9.020981839725289220e+00 9.028789060283916257e+00 9.034916645359119869e+00 9.039783255551633090e+00 9.043710845938939258e+00 9.046869421701982716e+00 9.049357067696163881e+00 9.051244775502093276e+00 9.052595705508240442e+00 9.053473145639081565e+00 9.053944853477455368e+00 9.054087243773469851e+00 9.053991554208870696e+00 9.053774370108881087e+00 9.053598348323903977e+00 9.053717601969960782e+00 9.054582227131856342e+00 9.057092480941660639e+00 9.063193816996029994e+00 9.074827749028404611e+00 9.095176507936990618e+00 9.062246983888387675e+00 9.032636735129679906e+00 1.000000000000000020e+30 1.000000000000000020e+30 1.000000000000000020e+30 1.000000000000000020e+30 1.000000000000000020e+30 1.000000000000000020e+30 1.000000000000000020e+30 1.000000000000000020e+30
1.000000000000000020e+30 1.000000000000000020e+30 1.000000000000000020e+30 1.000000000000000020e+30 1.000000000000000020e+30 1.000000000000000020e+30 1.000000000000000020e+30 1.000000000000000020e+30 1.000000000000000020e+30 1.000000000000000020e+30 1.000000000000000020e+30 1.000000000000000020e+30 1.000000000000000020e+30 1.000000000000000020e+30 1.000000000000000020e+30 1.000000000000000020e+30 1.000000000000000020e+30 1.000000000000000020e+30 8.922526237841791996e+00 8.930955216863416979e+00 8.943501893605457553e+00 8.959929814928807801e+00 8.971573294688592881e+00 8.982573944994367565e+00 8.993527752369477213e+00 9.002775865699669922e+00 9.010836058563501894e+00 9.017925197568551710e+00 9.023804981838075889e+00 9.028574253691303397e+00 9.032395058883494698e+00 9.035399519247167888e+00 9.037686392730650553e+00 9.039333856041929849e+00 9.040409784945122595e+00 9.040978032017227051e+00 9.041102607665184365e+00 9.040851692330635458e+00 9.040303287727439852e+00 9.039555023087872954e+00 9.038742478821120585e+00 9.038076219718707449e+00 9.037911692054814594e+00 9.038874270679482237e+00 9.042041342997437781e+00 9.049073888448404546e+00 9.064181762145528509e+00 9.028993800353793731e+00 8.998086792767743702e+00 8.965725727905025977e+00 1.000000000000000020e+30 1.000000000000000020e+30 1.000000000000000020e+30 1.000000000000000020e+30 1.000000000000000020e+30 1.000000000000000020e+30 1.000000000000000020e+30
1.000000000000000020e+30 1.000000000000000020e+30 1.000000000000000020e+30 1.000000000000000020e+30 1.000000000000000020e+30 1.000000000000000020e+30 1.000000000000000020e+30 1.000000000000000020e+30 1.000000000000000020e+30 1.000000000000000020e+30 1.000000000000000020e+30 1.000000000000000020e+30 1.000000000000000020e+30 1.000000000000000020e+30 1.000000000000000020e+30 1.000000000000000020e+30 8.883063568715638070e+00 8.893028542699461525e+00 8.909640072702121216e+00 8.922391555014412390e+00 8.935190790152105933e+00 8.948469912000632576e+00 8.960184182697105371e+00 8.970909538686107965e+00 8.980848769485426430e+00 8.989623503759561984e+00 8.997281048159427641e+00 9.003885147664428601e+00 9.009408864938631467e+00 9.013904981135496541e+00 9.017468744425730875e+00 9.020197959377862063e+00 9.022179498934509212e+00 9.023488788260690896e+00 9.024192610744563581e+00 9.024351810414035668e+00 9.024023400500063019e+00 9.023262544154954767e+00 9.022125146914081739e+00 9.020672163327697390e+00 9.018977108193579895e+00 9.017138453577725699e+00 9.015293945245041130e+00 9.013614438276189134e+00 9.012182024547021442e+00 9.010413536011258273e+00 9.007082172017652155e+00 8.986540473744787150e+00 8.959998841250715884e+00 8.928312987949215795e+00 8.887815772322360530e+00 8.865543365055767566e+00 1.000000000000000020e+30 1.000000000000000020e+30 1.000000000000000020e+30 1.000000000000000020e+30 1.000000000000000020e+30
1.000000000000000020e+30 1.000000000000000020e+30 1.000000000000000020e+30 1.000000000000000020e+30 1.000000000000000020e+30 1.000000000000000020e+30 1.000000000000000020e+30 1.000000000000000020e+30 1.000000000000000020e+30 1.000000000000000020e+30 1.000000000000000020e+30 1.000000000000000020e+30 1.000000000000000020e+30 1.000000000000000020e+30 1.000000000000000020e+30 8.854082342159761865e+00 8.868585895183576540e+00 8.881883299141936305e+00 8.896138011829533454e+00 8.909325179060370914e+00 8.921959337735003714e+00 8.934148333670494324e+00 8.945369537066735433e+00 8.955625978098517237e+00 8.964935001715524265e+00 8.973191327842396703e+00 8.980380746623232824e+00 8.986520892464746169e+00 8.991625691289209854e+00 8.995739032382170208e+00 8.998929284980183851e+00 9.001273541245748078e+00 9.002847530480583060e+00 9.003721463053574681e+00 9.003958797510172474e+00 9.003615868052120774e+00 9.002741463009758860e+00 9.001375997051253464e+00 8.999549985436201993e+00 8.997281342009054939e+00 8.994570505149265927e+00 8.991391257922167313e+00 8.987671725236968001e+00 8.983252950584827090e+00 8.977801746605289068e+00 8.970638156425978949e+00 8.962291386133575344e+00 8.945114322593163081e+00 8.922014628438441619e+00 8.894615132251924905e+00 8.864439150223072161e+00 8.838091692211198946e+00 8.811335574550746230e+00 1.000000000000000020e+30 1.000000000000000020e+30 1.000000000000000020e+30 1.000000000000000020e+30
1.000000000000000020e+30 1.000000000000000020e+30 1.000000000000000020e+30 1.000000000000000020e+30 1.000000000000000020e+30 1.000000000000000020e+30 1.000000000000000020e+30 1.000000000000000020e+30 1.000000000000000020e+30 1.000000000000000020e+30 1.000000000000000020e+30 1.000000000000000020e+30 1.000000000000000020e+30 1.000000000000000020e+30 8.817352158443908294e+00 8.835026567108904771e+00 8.850781769272483501e+00 8.865266097280899871e+00 8.879212419934395584e+00 8.892336251166172545e+00 8.904712157498087421e+00 8.916347595248060642e+00 8.927084261330811898e+00 8.936862998112228951e+00 8.945652321769905768e+00 8.953405999376055746e+00 8.960107275297346519e+00 8.965763061175840321e+00 8.970394361519815618e+00 8.974041599651636503e+00 8.976762047230954167e+00 8.978622293369474150e+00 8.979691313020264687e+00 8.980035688428017693e+00 8.979716411643941854e+00 8.978786357253008887e+00 8.977287697293736102e+00 8.975248559386207248e+00 8.972677883200237403e+00 8.969556707101327575e+00 8.965823102111217580e+00 8.961346909801944705e+00 8.955889854584157206e+00 8.949051573476538124e+00 8.940255356282611032e+00 8.932809626004697634e+00 8.921371854045458960e+00 8.904588530998319484e+00 8.883254534136595382e+00 8.858572376501820500e+00 8.832067627155694822e+00 8.805856496620837248e+00 8.779370316848467581e+00 8.751500944338173937e+00 1.000000000000000020e+30 1.000000000000000020e+30 1.000000000000000020e+30
1.000000000000000020e+30 1.000000000000000020e+30 1.000000000000000020e+30 1.000000000000000020e+30 1.000000000000000020e+30 1.000000000000000020e+30 1.000000000000000020e+30 1.000000000000000020e+30 1.000000000000000020e+30 1.000000000000000020e+30 1.000000000000000020e+30 1.000000000000000020e+30 1.000000000000000020e+30 8.774672501146206116e+00 8.795078377569998551e+00 8.813313113688483469e+00 8.829692235461381600e+00 8.844654020878682132e+00 8.858593009047801559e+00 8.871594797522957876e+00 8.883720110152916405e+00 8.894973616289886920e+00 8.905295698033462770e+00 8.914636020606817368e+00 8.922956351220257432e+00 8.930224970636807313e+00 8.936428140349120142e+00 8.941571443487742243e+00 8.945677519787409437e+00 8.948785848879930782e+00 8.950950171939673794e+00 8.952233642262497071e+00 8.952703507475144207e+00 8.952426293975264571e+00 8.951463569846728419e+00 8.949868005768870205e+00 8.947679341991063851e+00 8.944919596768407644e+00 8.941586103009800723e+00 8.937639600221368497e+00 8.932982855008345879e+00 8.927423718860017843e+00 8.920613600571398294e+00 8.911925788058276510e+00 8.903957081752434277e+00 8.894023592703774739e+00 8.880786426702188763e+00 8.863548739410440191e+00 8.842733738443806502e+00 8.819206950040037185e+00 8.794228881632081496e+00 8.768697711190711175e+00 8.743579870867252524e+00 8.718421542075562414e+00 8.696699100227116119e+00 1.000000000000000020e+30 1.000000000000000020e+30
1.000000000000000020e+30 1.000000000000000020e+30 1.000000000000000020e+30 1.000000000000000020e+30 1.000000000000000020e+30 1.000000000000000020e+30 1.000000000000000020e+30 1.000000000000000020e+30 1.000000000000000020e+30 1.000000000000000020e+30 1.000000000000000020e+30 1.000000000000000020e+30 8.726496080991664073e+00 8.749617975817690407e+00 8.770350445388213956e+00 8.788851953888297430e+00 8.805441311070444144e+00 8.820503123181634209e+00 8.834365855164424630e+00 8.847201034596132274e+00 8.859085706775172042e+00 8.870029425352992547e+00 8.879997221240577332e+00 8.888944367656913315e+00 8.896831130596327242e+00 8.903628539172514067e+00 8.909324285400298749e+00 8.913924704300765001e+00 8.917454169830985933e+00 8.919953754688197733e+00 8.921478566479278172e+00 8.922093791488535430e+00 8.921870035110700314e+00 8.920878409024354028e+00 8.919185552714244736e+00 8.916848695201775143e+00 8.913910864925531641e+00 8.910396097603276999e+00 8.906303477205380403e+00 8.901596626277505919e+00 8.896182173510615243e+00 8.889870205463681785e+00 8.882326688839496498e+00 8.873133474351110550e+00 8.864682395535099957e+00 8.853540952748135240e+00 8.839148847550214683e+00 8.820989323009388983e+00 8.799791859710035524e+00 8.776132286780887526e+00 8.751763533613640789e+00 8.725934936223564975e+00 8.702634176413567957e+00 8.676718100857170768e+00 8.652814969104982268e+00 1.000000000000000020e+30 1.000000000000000020e+30
1.000000000000000020e+30 1.000000000000000020e+30 1.000000000000000020e+30 1.000000000000000020e+30 1.000000000000000020e+30 1.000000000000000020e+30 1.000000000000000020e+30 1.000000000000000020e+30 1.000000000000000020e+30 1.000000000000000020e+30 1.000000000000000020e+30 8.672369297349490580e+00 8.698679049279375519e+00 8.722279696427142071e+00 8.743201760168934911e+00 8.761675908877865737e+00 8.778108227237783723e+00 8.792958549253263811e+00 8.806590162420237178e+00 8.819197126664011677e+00 8.830845307879462425e+00 8.841525772451046095e+00 8.851193042744313288e+00 8.859792877617906015e+00 8.867277932388899941e+00 8.873615786169903430e+00 8.878793333844832603e+00 8.882818079853116444e+00 8.885717356472552453e+00 8.887536458588721544e+00 8.888335876271440839e+00 8.888187657553990206e+00 8.887170973525442719e+00 8.885366939232845596e+00 8.882852809862875176e+00 8.879695963000042269e+00 8.875948539437302998e+00 8.871643870496196627e+00 8.866794988419675505e+00 8.861392097246207911e+00 8.855387995108003452e+00 8.848645617361709625e+00 8.840786537741434969e+00 8.832572964464599607e+00 8.823118515863477285e+00 8.811272521922090206e+00 8.796196881795847133e+00 8.776349954803892572e+00 8.754166681269856198e+00 8.728601579555650858e+00 8.705584439010886300e+00 8.675464910700116050e+00 8.640121087145994139e+00 8.609806168960998818e+00 8.579810960179189649e+00 8.539013042177762358e+00 1.000000000000000020e+30
1.000000000000000020e+30 1.000000000000000020e+30 1.000000000000000020e+30 1.000000000000000020e+30 1.000000000000000020e+30 1.000000000000000020e+30 1.000000000000000020e+30 1.000000000000000020e+30 1.000000000000000020e+30 1.000000000000000020e+30 8.610370526783039935e+00 8.641326879084342494e+00 8.668855942621451760e+00 8.692923340598047943e+00 8.713827153810742132e+00 8.731884074194141476e+00 8.747715788488692468e+00 8.762007623125978029e+00 8.775229486568388637e+00 8.787556482201610564e+00 8.798989537229237712e+00 8.809462604692088306e+00 8.818891536002778864e+00 8.827196542302393922e+00 8.834314294611283813e+00 8.840204224777572506e+00 8.844850884377201794e+00 8.848263540463157995e+00 8.850474235123785505e+00 8.851535225861022482e+00 8.851516095876220902e+00 8.850500379457663769e+00 8.848581316293143928e+00 8.845856307895317627e+00 8.842419904004668041e+00 8.838355868034962981e+00 8.833730171261759523e+00 8.828588419290893441e+00 8.822962074192128412e+00 8.816885121549518090e+00 8.810412667845509915e+00 8.803617167348852135e+00 8.796556587836670715e+00 8.788297057457848283e+00 8.778931492934729519e+00 8.767171648415589047e+00 8.752917885502149886e+00 8.728920314013118187e+00 8.706779905487305626e+00 8.673365497418373593e+00 8.637403104289722577e+00 8.602549083802978558e+00 8.567353075153425479e+00 8.537309920556650056e+00 8.512309263840130313e+00 8.492867941500955808e+00 1.000000000000000020e+30
1.000000000000000020e+30 1.000000000000000020e+30 1.000000000000000020e+30 1.000000000000000020e+30 1.000000000000000020e+30 1.000000000000000020e+30 1.000000000000000020e+30 1.000000000000000020e+30 1.000000000000000020e+30 8.530178770597348858e+00 8.574662565919393131e+00 8.608968039586939014e+00 8.637762485698884163e+00 8.662016629376974919e+00 8.682598546816112872e+00 8.699630517294437482e+00 8.714190847370062443e+00 8.727468450652136056e+00 8.740118816147152359e+00 8.752177144510316253e+00 8.763471876471296440e+00 8.773830593003882683e+00 8.783107608958662382e+00 8.791185092590836803e+00 8.797977065021783005e+00 8.803432133212528043e+00 8.807532648878794390e+00 8.810291390386556287e+00 8.811747557908198303e+00 8.811963242658956474e+00 8.811020583787492200e+00 8.809019058991699680e+00 8.806071874339387762e+00 8.802300252128862468e+00 8.797824689145384625e+00 8.792753298077389701e+00 8.787169713702983387e+00 8.781127248466788160e+00 8.774661319398235904e+00 8.767834070758386389e+00 8.760810666331561691e+00 8.753909896570792881e+00 8.747448443724296752e+00 8.740142711311987611e+00 8.732102601813778620e+00 8.720490102388009035e+00 8.714283891135416127e+00 8.674511078514006712e+00 8.637401437498750667e+00 8.600952985329435307e+00 8.562902485188509161e+00 8.524725404227233128e+00 8.484145527573915047e+00 8.454455850040679010e+00 8.433900165168187968e+00 8.421912487442469342e+00 1.000000000000000020e+30
1.000000000000000020e+30 1.000000000000000020e+30 1.000000000000000020e+30 1.000000000000000020e+30 1.000000000000000020e+30 1.000000000000000020e+30 1.000000000000000020e+30 1.000000000000000020e+30 8.589435478660817580e+00 8.562975213426291532e+00 8.544386026343179452e+00 8.577371226536921966e+00 8.606468894927232327e+00 8.630048452211450893e+00 8.650195613727678534e+00 8.665135251102585201e+00 8.677246450295893254e+00 8.688865278321493690e+00 8.700919400899284284e+00 8.712890321331764554e+00 8.724227731322130808e+00 8.734624813260976950e+00 8.743872772272812455e+00 8.751811298403930905e+00 8.758328634353382824e+00 8.763363063466520941e+00 8.766897781860913952e+00 8.768952886772019895e+00 8.769578157566490617e+00 8.768848352240896205e+00 8.766860978804173143e+00 8.763735302460927912e+00 8.759610592677914198e+00 8.754641196046014429e+00 8.748985988259239122e+00 8.742790559503550440e+00 8.736163422514922061e+00 8.729154987556267287e+00 8.721762440430941510e+00 8.714003102637240872e+00 8.706105682631626763e+00 8.698795041996653765e+00 8.693278985714767870e+00 8.687720519520983231e+00 8.683802739299782303e+00 8.663328015960507500e+00 8.633030779155726364e+00 8.598556510111874829e+00 8.562174985690438334e+00 8.524911088787522573e+00 8.483255686733823353e+00 8.444000203059676579e+00 8.384717630708733438e+00 8.357115910093451561e+00 8.341547451678524183e+00 8.333582203427340573e+00 1.000000000000000020e+30
1.000000000000000020e+30 1.000000000000000020e+30 1.000000000000000020e+30 1.000000000000000020e+30 1.000000000000000020e+30 1.000000000000000020e+30 1.000000000000000020e+30 8.634393289790635251e+00 8.611139064194741621e+00 8.583151989192353781e+00 8.543423980472802270e+00 8.544917297529135425e+00 8.575944258098138206e+00 8.596765600857796841e+00 8.618258532033856056e+00 8.628732814186102829e+00 8.636065194982000648e+00 8.645104161316206515e+00 8.657087091012323654e+00 8.669527265897041701e+00 8.681219940045279415e+00 8.691868845807267263e+00 8.701251082238707468e+00 8.709163297065899201e+00 8.715466026245554332e+00 8.720091987109125142e+00 8.723032937999700920e+00 8.724323306900302555e+00 8.724028046031367722e+00 8.722236806699877221e+00 8.719063577251054298e+00 8.714649419362368477e+00 8.709165007630948807e+00 8.702808961556311118e+00 8.695797174586658684e+00 8.688337609922641036e+00 8.680586154232782903e+00 8.672587420251305801e+00 8.664229742626757158e+00 8.655298232704932815e+00 8.645805228529118480e+00 8.636898340071347491e+00 8.630013833437439885e+00 8.628644180914303519e+00 8.602817937190049946e+00 8.579002330058631998e+00 8.550803782606839931e+00 8.519306489652143100e+00 8.482580815411816744e+00 8.447973939137181532e+00 8.395893530418664596e+00 8.377963797978361882e+00 8.394040497156286307e+00 8.390051987900337238e+00 8.383978319381771627e+00 8.380201720356948769e+00 1.000000000000000020e+30
1.000000000000000020e+30 1.000000000000000020e+30 1.000000000000000020e+30 1.000000000000000020e+30 1.000000000000000020e+30 1.000000000000000020e+30 8.670641628736920126e+00 8.652901087744961472e+00 8.632823598498372775e+00 8.610319108372298302e+00 8.586602624349243484e+00 8.572052729606722821e+00 8.550874687114834671e+00 8.558059890780922885e+00 8.592589329354492378e+00 8.590720941755911610e+00 8.588426025258884877e+00 8.593648644220168720e+00 8.608048393457620406e+00 8.622164487074037709e+00 8.634510825933068290e+00 8.645636091550107594e+00 8.655356448756544196e+00 8.663380593142870012e+00 8.669532561135770976e+00 8.673752229750851583e+00 8.676055965074434440e+00 8.676504446229801104e+00 8.675183509551553485e+00 8.672198065576347759e+00 8.667675979243576023e+00 8.661777846063298369e+00 8.654707856332661819e+00 8.646720209704986004e+00 8.638113890643587922e+00 8.629204542001112088e+00 8.620256169382503941e+00 8.611354698980301592e+00 8.602229573642162563e+00 8.592107895187680811e+00 8.579885151670881172e+00 8.565654773632488173e+00 8.546979900166547850e+00 8.532972555896156663e+00 8.514709648985890666e+00 8.493890256441247288e+00 8.466654239680559968e+00 8.440022212074191899e+00 8.395572300548733935e+00 8.383188234265947614e+00 8.405238896378332214e+00 8.410497911729464704e+00 8.418045303739042140e+00 8.419675061807053495e+00 8.418699221052289516e+00 8.417626688252452638e+00 1.000000000000000020e+30
1.000000000000000020e+30 1.000000000000000020e+30 1.000000000000000020e+30 1.000000000000000020e+30 1.000000000000000020e+30 8.695633552878158312e+00 8.683659977130014695e+00 8.669011232142791457e+00 8.652190721493697723e+00 8.633952725038135156e+00 8.615865154857484498e+00 8.601064011578552382e+00 8.588756466908707310e+00 8.587871817387014772e+00 8.598570809031993889e+00 8.548377874419978539e+00 8.528503311674285214e+00 8.528244051773796741e+00 8.554515416941050887e+00 8.571789617770781078e+00 8.584238449456947251e+00 8.596021636599864735e+00 8.606368643857347678e+00 8.614676775247986029e+00 8.620732500269912890e+00 8.624521714915450943e+00 8.626117191746702773e+00 8.625624759994961366e+00 8.623157098140886490e+00 8.618830501394386445e+00 8.612777078975998535e+00 8.605166392028582578e+00 8.596230200656700404e+00 8.586284178582067383e+00 8.575739436484795419e+00 8.565088796930483639e+00 8.554832414059781343e+00 8.545278046742042832e+00 8.536145024689615113e+00 8.525935799997865772e+00 8.510905063884299793e+00 8.485073702891826386e+00 8.454198441070712278e+00 8.436425304987341889e+00 8.423969803326837535e+00 8.409960132271743660e+00 8.376628797846862540e+00 8.373253737557265097e+00 8.400551638006831467e+00 8.411839407901181787e+00 8.426004619069697554e+00 8.435354189814033177e+00 8.442563397979860440e+00 8.446489677141496344e+00 8.448091062462520284e+00 8.448550186468676060e+00 1.000000000000000020e+30
1.000000000000000020e+30 1.000000000000000020e+30 1.000000000000000020e+30 1.000000000000000020e+30 1.000000000000000020e+30 8.702911630302780921e+00 8.694645119155211432e+00 8.682571405956325705e+00 8.668246373795103210e+00 8.652693905970846089e+00 8.637089298031595419e+00 8.622822961123118191e+00 8.610456129834290095e+00 8.601347455492698302e+00 8.591627836816035924e+00 8.566389378630343998e+00 8.545695698951725205e+00 8.529076703726877540e+00 8.505178775032039340e+00 8.521428197242171265e+00 8.529811803773004186e+00 8.543016163717860323e+00 8.554585470703001349e+00 8.563383764257171293e+00 8.569349013765176437e+00 8.572625084769910586e+00 8.573394508787785639e+00 8.571834161504909844e+00 8.568086647736572914e+00 8.562267449844901179e+00 8.554491434636561920e+00 8.544912695178656037e+00 8.533769340681185867e+00 8.521427697606464235e+00 8.508425676000699767e+00 8.495508905742813255e+00 8.483615039638266353e+00 8.473671815839679766e+00 8.466019647294476869e+00 8.459470287751576834e+00 8.447625900483000549e+00 8.401938977214035376e+00 8.343178510697368822e+00 8.329369220253761696e+00 8.329544696148742489e+00 8.340074239647220722e+00 8.375924217855200027e+00 8.395171373730768494e+00 8.416182158042886385e+00 8.432233732885634936e+00 8.446190463798561865e+00 8.456944926451095412e+00 8.464950964388485488e+00 8.470211017899748285e+00 8.473198369006563979e+00 8.474504427690598973e+00 1.000000000000000020e+30
1.000000000000000020e+30 1.000000000000000020e+30 1.000000000000000020e+30 1.000000000000000020e+30 8.722300965401796446e+00 8.713771973724279363e+00 8.704742952987558624e+00 8.693674644989883404e+00 8.680811039005023488e+00 8.666752497783557274e+00 8.652226130482734590e+00 8.637922132208098347e+00 8.624129641473183838e+00 8.610662019419455859e+00 8.595430617792001016e+00 8.575066688309997076e+00 8.554008440937023394e+00 8.532372116085404912e+00 8.506555759166237962e+00 8.474096124076325509e+00 8.465715031000751623e+00 8.486782388878550520e+00 8.500697277464173141e+00 8.510035948940762651e+00 8.515755055378200211e+00 8.518322904566332454e+00 8.518075497730039913e+00 8.515288984004429906e+00 8.510128544043599419e+00 8.502682324484338139e+00 8.493008263376086830e+00 8.481200526529976358e+00 8.467459892198906601e+00 8.452160710653068065e+00 8.435932545750581824e+00 8.419790827394102450e+00 8.405314332865561511e+00 8.394630451927801218e+00 8.389645097204981639e+00 8.393163338543930152e+00 8.413073769081821141e+00 8.343033588926788369e+00 8.294787662666523786e+00 8.319066203904835533e+00 8.337936368635732620e+00 8.359236565478555647e+00 8.386478469222787169e+00 8.409956911188327666e+00 8.431384279156327821e+00 8.449323016893947269e+00 8.464171188582673366e+00 8.475873083907227823e+00 8.484671587393661341e+00 8.490791540218580735e+00 8.494567438153229233e+00 8.496344894528300884e+00 1.000000000000000020e+30
1.000000000000000020e+30 1.000000000000000020e+30 1.000000000000000020e+30 1.000000000000000020e+30 8.726179279794028076e+00 8.720467035101156839e+00 8.712201087837069480e+00 8.701884253261830793e+00 8.689863336247681147e+00 8.676553451166817865e+00 8.662397706290912325e+00 8.647751380678222688e+00 8.632706000107614130e+00 8.616955571722582974e+00 8.599568590499496068e+00 8.579624302258526569e+00 8.558068451629537776e+00 8.535002773817380373e+00 8.509722624654116885e+00 8.482972651244134354e+00 8.460484046462962482e+00 8.432807711309859400e+00 8.446471974616125422e+00 8.455376950013722137e+00 8.460365518838704801e+00 8.461873357218667735e+00 8.460316738475302856e+00 8.456121669490469728e+00 8.449441706375216299e+00 8.440290788638630914e+00 8.428603650540534176e+00 8.414344500122512116e+00 8.397610380884547254e+00 8.378702805838296186e+00 8.358213378156987616e+00 8.337251180418425278e+00 8.318052559683296820e+00 8.304717086571589135e+00 8.299599865091998652e+00 8.305321887440133111e+00 8.323727362130384222e+00 8.257179771684519665e+00 8.277917660618655304e+00 8.308897769364504526e+00 8.338579205325238775e+00 8.367105531063833368e+00 8.395418893578117547e+00 8.421399620917991768e+00 8.444670892989243782e+00 8.464093855298857605e+00 8.479888680834758219e+00 8.492296584409153581e+00 8.501665140840906076e+00 8.508313120634612758e+00 8.512527971676798089e+00 8.514556447134099315e+00 1.000000000000000020e+30
1.000000000000000020e+30 1.000000000000000020e+30 1.000000000000000020e+30 8.735934117342930350e+00 8.731128996850952007e+00 8.725064684318121877e+00 8.717045037371851990e+00 8.707121287322545200e+00 8.695508219009850492e+00 8.682483829067946246e+00 8.668324005076247118e+00 8.653224869969598387e+00 8.637214093084372379e+00 8.620094109232912416e+00 8.601453641129168659e+00 8.580963299718066040e+00 8.558788165892430300e+00 8.534979380448730168e+00 8.509475158283164475e+00 8.482690908393024642e+00 8.455530402298307990e+00 8.425496033477195112e+00 8.392060508326403934e+00 8.399665347099045221e+00 8.403466519926249489e+00 8.403478431622602329e+00 8.400167582009556710e+00 8.394391335856848713e+00 8.386158448418964184e+00 8.375348174005427637e+00 8.361663538638190118e+00 8.344835829388751236e+00 8.324787330812940311e+00 8.301661937950333581e+00 8.275787001690600775e+00 8.247756818977451942e+00 8.219730824695890448e+00 8.201390139164665527e+00 8.193533387302904814e+00 8.199646045545385675e+00 8.193946131713667924e+00 8.183810501937365700e+00 8.245551967610296629e+00 8.294716490701839362e+00 8.335024979224957775e+00 8.369807814946931046e+00 8.401294418093135263e+00 8.430144460535963447e+00 8.456394838426847471e+00 8.477082927113121613e+00 8.493587766710881226e+00 8.506361015704936079e+00 8.515985401476658723e+00 8.522878953038766525e+00 8.527283421193455837e+00 8.529406025636760091e+00 1.000000000000000020e+30
1.000000000000000020e+30 1.000000000000000020e+30 1.000000000000000020e+30 8.736124981669249223e+00 8.732711822866926710e+00 8.726979370680044923e+00 8.719145585494471717e+00 8.709381257595532944e+00 8.697877823632794048e+00 8.684841644489280199e+00 8.670460281891600118e+00 8.654859026792564691e+00 8.638058491396769512e+00 8.619957959930539815e+00 8.600370598597342209e+00 8.579145689481380899e+00 8.556276617640834914e+00 8.531763706746650300e+00 8.505598613018701570e+00 8.477856636036229077e+00 8.448503748070621100e+00 8.416624222945792155e+00 8.381576842952538797e+00 8.342755993936929571e+00 8.345328501677485633e+00 8.343353890151240293e+00 8.337409280088079910e+00 8.330021810778383440e+00 8.320336044488700011e+00 8.308143195517232016e+00 8.292710338122228464e+00 8.273373589794456251e+00 8.249850564060791314e+00 8.222166614238547666e+00 8.190302541500912525e+00 8.153041140136981113e+00 8.106509580583271202e+00 8.082372884850926198e+00 8.068310581276369575e+00 8.061485750703534237e+00 8.063434541650954301e+00 8.126547157315382464e+00 8.220483232306559529e+00 8.284057186453248178e+00 8.331625514929223542e+00 8.370412308014236302e+00 8.404399624654145029e+00 8.436077291510565956e+00 8.468270885512659163e+00 8.488850439384885149e+00 8.505622124803910111e+00 8.518188301769406223e+00 8.527657420577964942e+00 8.534561289265562678e+00 8.538946115051334829e+00 8.541004201366153126e+00 1.000000000000000020e+30
1.000000000000000020e+30 1.000000000000000020e+30 1.000000000000000020e+30 8.735119817849849255e+00 8.731997007622306128e+00 8.726366560795211669e+00 8.718537759549549904e+00 8.708722175134749222e+00 8.697101032755227834e+00 8.683843071211406084e+00 8.669091972561831838e+00 8.652944247739840833e+00 8.635430150972082330e+00 8.616510670177627063e+00 8.596101208593557530e+00 8.574121825643146622e+00 8.550531697672873577e+00 8.525296386567140061e+00 8.498369153333957371e+00 8.469678591036466031e+00 8.439025770526985326e+00 8.405921838920880518e+00 8.369851597025551371e+00 8.330278390836909352e+00 8.286677698186338148e+00 8.282110738104149661e+00 8.270979863085919703e+00 8.262812645102744824e+00 8.251860504164465482e+00 8.238997310679980757e+00 8.222461446032667709e+00 8.200882114599643558e+00 8.173846851323377294e+00 8.141615744310241709e+00 8.104977722479089763e+00 8.062363712953665384e+00 8.054914620779799250e+00 8.037771590340726746e+00 8.018086075769991439e+00 7.994418274500980637e+00 7.956416133702991722e+00 1.000000000000000020e+30 1.000000000000000020e+30 1.000000000000000020e+30 1.000000000000000020e+30 1.000000000000000020e+30 1.000000000000000020e+30 1.000000000000000020e+30 8.486349852642034008e+00 8.499023275552804790e+00 8.516471980167665379e+00 8.527739255536738838e+00 8.536530648739960370e+00 8.543406337255074590e+00 8.547578032492944899e+00 8.549301831288094178e+00 1.000000000000000020e+30
1.000000000000000020e+30 1.000000000000000020e+30 8.733517720564364595e+00 8.732634140457038896e+00 8.729179313075619007e+00 8.723329648581406914e+00 8.715283160717687494e+00 8.705215236278519342e+00 8.693285852393310975e+00 8.679639579853134279e+00 8.664398093520564004e+00 8.647648245056100080e+00 8.629433073127797726e+00 8.609751724779091120e+00 8.588571719300846397e+00 8.565849582555836506e+00 8.541543249187226294e+00 8.515602511483278292e+00 8.487954950901988482e+00 8.458485727655746800e+00 8.426994000700002374e+00 8.393155102839276793e+00 8.356576055457908936e+00 8.316756722201953167e+00 8.272822671620858159e+00 8.222314321112531132e+00 8.196442465841052183e+00 8.193216473246266673e+00 8.180099904392299948e+00 8.168306236977633361e+00 8.152019978475912865e+00 8.128597124462023871e+00 8.097781934760204692e+00 8.060213858527136566e+00 8.020377117981819737e+00 8.017243819069088673e+00 8.007774704817967049e+00 7.990484857393475693e+00 7.966634206975529153e+00 7.936497593254192573e+00 7.905041883785227874e+00 1.000000000000000020e+30 1.000000000000000020e+30 1.000000000000000020e+30 1.000000000000000020e+30 1.000000000000000020e+30 1.000000000000000020e+30 1.000000000000000020e+30 1.000000000000000020e+30 1.000000000000000020e+30 8.528120479348331173e+00 8.534396238732808726e+00 8.541964171874136369e+00 8.549613684873627051e+00 8.553314974303285467e+00 8.553977370568977889e+00 1.000000000000000020e+30
1.000000000000000020e+30 1.000000000000000020e+30 8.729810531175433042e+00 8.728121948382971951e+00 8.724149577785038190e+00 8.717875154015906958e+00 8.709417900824451664e+00 8.698917624584963093e+00 8.686513176402394620e+00 8.672333367737872223e+00 8.656489437040551849e+00 8.639067673973302774e+00 8.620124164167366487e+00 8.599684125103960852e+00 8.577746717558582645e+00 8.554292697993982841e+00 8.529288509318575962e+00 8.502682481474094445e+00 8.474397011481405784e+00 8.444317763799650933e+00 8.412280320199595707e+00 8.378069426383515150e+00 8.341454148917016198e+00 8.302239325512402957e+00 8.260413266900032525e+00 8.216832617614045375e+00 8.176796552429770770e+00 8.128315054889158731e+00 8.101795240722655222e+00 8.096862555476537437e+00 8.083451400332469561e+00 8.058429953181690308e+00 8.023193567526432091e+00 7.975812249543776211e+00 7.976180045000453411e+00 7.973202464182215898e+00 7.963205187035960364e+00 7.944525769706040741e+00 7.916260091459796477e+00 7.874715646614876441e+00 1.000000000000000020e+30 1.000000000000000020e+30 1.000000000000000020e+30 1.000000000000000020e+30 1.000000000000000020e+30 1.000000000000000020e+30 1.000000000000000020e+30 1.000000000000000020e+30 1.000000000000000020e+30 1.000000000000000020e+30 1.000000000000000020e+30 1.000000000000000020e+30 1.000000000000000020e+30 8.554744367053075393e+00 8.556754465276254606e+00 1.000000000000000020e+30 1.000000000000000020e+30
1.000000000000000020e+30 8.721824226540300984e+00 8.723199918005899889e+00 8.721295837518912464e+00 8.716814457551167905e+00 8.709987267452211412e+00 8.700961137698028480e+00 8.689869027694216541e+00 8.676838421599061490e+00 8.661989613442624858e+00 8.645430816793661322e+00 8.627253189939384725e+00 8.607526740038128565e+00 8.586298140133573398e+00 8.563590718687146719e+00 8.539405544339153664e+00 8.513721549395148358e+00 8.486493625735056057e+00 8.457650028630055772e+00 8.427090586528326099e+00 8.394688477910936086e+00 8.360303306167542914e+00 8.323815552689882935e+00 8.285188375621714840e+00 8.244589136121144080e+00 8.202617231239255347e+00 8.160389310314281275e+00 8.116261932872706808e+00 8.075127907645560654e+00 8.028636743388130270e+00 8.021212049813666312e+00 7.993188303078774481e+00 7.955465567086170253e+00 7.917854102186376863e+00 7.930059311704039438e+00 7.930916774533253388e+00 7.922070390259312589e+00 7.902930943101615924e+00 7.873975321285152873e+00 7.846671100097379004e+00 1.000000000000000020e+30 1.000000000000000020e+30 1.000000000000000020e+30 1.000000000000000020e+30 1.000000000000000020e+30 1.000000000000000020e+30 1.000000000000000020e+30 1.000000000000000020e+30 1.000000000000000020e+30 1.000000000000000020e+30 1.000000000000000020e+30 1.000000000000000020e+30 1.000000000000000020e+30 1.000000000000000020e+30 1.000000000000000020e+30 1.000000000000000020e+30 1.000000000000000020e+30
1.000000000000000020e+30 8.715854695722924816e+00 8.715273280438633918e+00 8.712445029045063905e+00 8.707218208861657871e+00 8.699675726009132859e+00 8.689929412492238825e+00 8.678097018701954823e+00 8.664297227617050012e+00 8.648646315816336028e+00 8.631254554030361348e+00 8.612222278994289937e+00 8.591635827236281386e+00 8.569563547423365790e+00 8.546052040724005039e+00 8.521122740615819424e+00 8.494769146323923437e+00 8.466955492375079828e+00 8.437617896807765305e+00 8.406668845932644629e+00 8.374006402948490191e+00 8.339531069994002621e+00 8.303173620144974620e+00 8.264934866012460191e+00 8.224934369118091837e+00 8.183429950816583087e+00 8.140633679303403980e+00 8.095954943817657679e+00 8.048549307319815327e+00 7.990591130011480914e+00 7.974283864746276151e+00 7.932352091458503729e+00 7.882342574134531432e+00 7.880208331868373328e+00 7.890016974754566981e+00 7.893077552154777798e+00 7.885996681388732554e+00 7.865956789829533058e+00 7.824885067896915736e+00 1.000000000000000020e+30 1.000000000000000020e+30 1.000000000000000020e+30 1.000000000000000020e+30 1.000000000000000020e+30 1.000000000000000020e+30 1.000000000000000020e+30 1.000000000000000020e+30 1.000000000000000020e+30 1.000000000000000020e+30 1.000000000000000020e+30 1.000000000000000020e+30 1.000000000000000020e+30 1.000000000000000020e+30 1.000000000000000020e+30 1.000000000000000020e+30 1.000000000000000020e+30 1.000000000000000020e+30
8.702891545929196226e+00 8.705866169500868779e+00 8.704990031193858613e+00 8.701382239445786482e+00 8.695320928957512407e+00 8.686934987739693526e+00 8.676331774973247590e+00 8.663619481078535856e+00 8.648910995798827273e+00 8.632322191955582369e+00 8.613969495672369803e+00 8.593966722816542614e+00 8.572420764296674989e+00 8.549425625070485424e+00 8.525054798609691176e+00 8.499353030283094412e+00 8.472329886260528298e+00 8.443957967176677570e+00 8.414176961833293333e+00 8.382903045538563802e+00 8.350042623594022828e+00 8.315509702658875568e+00 8.279246172723564001e+00 8.241242557119948131e+00 8.201552061112808545e+00 8.160276083603111630e+00 8.117480532202124621e+00 8.073081238096435186e+00 8.027227061475686654e+00 7.981256892116617152e+00 7.947694394123661965e+00 7.874309167423239941e+00 7.831038401315387532e+00 7.825355667292414275e+00 7.851462778648285123e+00 7.860140553627953608e+00 7.857677377132127106e+00 7.844580410260393322e+00 7.807552845478256565e+00 1.000000000000000020e+30 1.000000000000000020e+30 1.000000000000000020e+30 1.000000000000000020e+30 1.000000000000000020e+30 1.000000000000000020e+30 1.000000000000000020e+30 1.000000000000000020e+30 1.000000000000000020e+30 1.000000000000000020e+30 1.000000000000000020e+30 1.000000000000000020e+30 1.000000000000000020e+30 1.000000000000000020e+30 1.000000000000000020e+30 1.000000000000000020e+30 1.000000000000000020e+30 1.000000000000000020e+30
8.695302226434316495e+00 8.695116078839188134e+00 8.692822847153479415e+00 8.688155443249906185e+00 8.681117315554342184e+00 8.671764170196496480e+00 8.660176410780465517e+00 8.646449935648249152e+00 8.630693107993144153e+00 8.613023899904039382e+00 8.593568248166727486e+00 8.572458010411988738e+00 8.549826843294326295e+00 8.525802267580550264e+00 8.500493115916652798e+00 8.473974062975692334e+00 8.446272696283912751e+00 8.417366090805318279e+00 8.387188282818867080e+00 8.355645607993107404e+00 8.322635730324311254e+00 8.288066278535724862e+00 8.251870059971226468e+00 8.214013999280686207e+00 8.174500400515913867e+00 8.133359177014829910e+00 8.090626404591029441e+00 8.046343771317751248e+00 8.000700177150950054e+00 7.954210467801360984e+00 7.907580747151770062e+00 7.851645671964289974e+00 7.806037382657216028e+00 7.800568595472551436e+00 7.825100356396525569e+00 7.833132961179836151e+00 7.833331513320010764e+00 7.835243039945083865e+00 8.082649716066759638e+00 1.000000000000000020e+30 1.000000000000000020e+30 1.000000000000000020e+30 1.000000000000000020e+30 1.000000000000000020e+30 1.000000000000000020e+30 1.000000000000000020e+30 1.000000000000000020e+30 1.000000000000000020e+30 1.000000000000000020e+30 1.000000000000000020e+30 1.000000000000000020e+30 1.000000000000000020e+30 1.000000000000000020e+30 1.000000000000000020e+30 1.000000000000000020e+30 1.000000000000000020e+30 1.000000000000000020e+30
8.683273698195366208e+00 8.681846459356176382e+00 8.678398285887007901e+00 8.672664628512080753e+00 8.664580022488832967e+00 8.654162330362076716e+00 8.641474094215988444e+00 8.626603132133416452e+00 8.609655695261730912e+00 8.590753576863420449e+00 8.570034468813405581e+00 8.547652653162289837e+00 8.523776753318989208e+00 8.498580608207770837e+00 8.472224083091377977e+00 8.444824904874637994e+00 8.416432275427467857e+00 8.387020422913838757e+00 8.356502551157154457e+00 8.324756319641561930e+00 8.291652276902517826e+00 8.257076832042734793e+00 8.220945298363071529e+00 8.183200472041901818e+00 8.143802509314410187e+00 8.102732576004139986e+00 8.059999188721551633e+00 8.015630573220217769e+00 7.969679826088738928e+00 7.921975533079405274e+00 7.871469077933954672e+00 7.813376870084607795e+00 7.805456405705776923e+00 7.804264868299706670e+00 7.810024984360353528e+00 7.810184853340155442e+00 7.796718240962976942e+00 7.729967925296147513e+00 1.000000000000000020e+30 1.000000000000000020e+30 1.000000000000000020e+30 1.000000000000000020e+30 1.000000000000000020e+30 1.000000000000000020e+30 1.000000000000000020e+30 1.000000000000000020e+30 1.000000000000000020e+30 1.000000000000000020e+30 1.000000000000000020e+30 1.000000000000000020e+30 1.000000000000000020e+30 1.000000000000000020e+30 1.000000000000000020e+30 1.000000000000000020e+30 1.000000000000000020e+30 1.000000000000000020e+30 1.000000000000000020e+30
8.668029701479763816e+00 8.665952440530597656e+00 8.661607759970374687e+00 8.654869007696969874e+00 8.645705562384552678e+00 8.634143220904338278e+00 8.620246088290302922e+00 8.604101938787636072e+00 8.585817368993499343e+00 8.565517719441915645e+00 8.543351956750594667e+00 8.519499313587472145e+00 8.494172792372227221e+00 8.467612009856585686e+00 8.440056268129970007e+00 8.411692934875283356e+00 8.382599441748768143e+00 8.352733363188237448e+00 8.321961730473811159e+00 8.290105263685509485e+00 8.256984664430470744e+00 8.222452428780298916e+00 8.186408308034353709e+00 8.148781832064079467e+00 8.109488380428720333e+00 8.068455361896978317e+00 8.025673047539635618e+00 7.981153111688018775e+00 7.935064695495511522e+00 7.887205638031174360e+00 7.837632609207997092e+00 7.786963193737880928e+00 7.792896845748265910e+00 7.795790015378214477e+00 7.797971031819750820e+00 7.794107292825204425e+00 7.777291486958501032e+00 7.735636239529500635e+00 1.000000000000000020e+30 1.000000000000000020e+30 1.000000000000000020e+30 1.000000000000000020e+30 1.000000000000000020e+30 1.000000000000000020e+30 1.000000000000000020e+30 1.000000000000000020e+30 1.000000000000000020e+30 1.000000000000000020e+30 1.000000000000000020e+30 1.000000000000000020e+30 1.000000000000000020e+30 1.000000000000000020e+30 1.000000000000000020e+30 1.000000000000000020e+30 1.000000000000000020e+30 1.000000000000000020e+30 1.000000000000000020e+30
8.650197889678649332e+00 8.647657508823039407e+00 8.642536080692670097e+00 8.634817795952647757e+00 8.624534601465287054e+00 8.611745371597470111e+00 8.596530472601301653e+00 8.578983691611709261e+00 8.559211621539422055e+00 8.537338359979541380e+00 8.513517734757673594e+00 8.487950724913526201e+00 8.460902180262992900e+00 8.432704719980277375e+00 8.403728958641160318e+00 8.374290112993612922e+00 8.344503929437506073e+00 8.314282144831194543e+00 8.283401505720588531e+00 8.251579648846801618e+00 8.218555841957224217e+00 8.184133540391846040e+00 8.148214897894600739e+00 8.110760870620660867e+00 8.071616994405394152e+00 8.030607521072775867e+00 7.987747625542801266e+00 7.942898321020871677e+00 7.896875656873404203e+00 7.848819585630016249e+00 7.799593181489224314e+00 7.765696495131528820e+00 7.778148391427036401e+00 7.785442193247757103e+00 7.789220300576321421e+00 7.786376556519642556e+00 7.773753663479133102e+00 7.749275204999666933e+00 1.000000000000000020e+30 1.000000000000000020e+30 1.000000000000000020e+30 1.000000000000000020e+30 1.000000000000000020e+30 1.000000000000000020e+30 1.000000000000000020e+30 1.000000000000000020e+30 1.000000000000000020e+30 1.000000000000000020e+30 1.000000000000000020e+30 1.000000000000000020e+30 1.000000000000000020e+30 1.000000000000000020e+30 1.000000000000000020e+30 1.000000000000000020e+30 1.000000000000000020e+30 1.000000000000000020e+30 1.000000000000000020e+30
8.630215096562537269e+00 8.627248649021483473e+00 8.621358856446894592e+00 8.612623498725286098e+00 8.601146033776899458e+00 8.587030955494592277e+00 8.570383050771074096e+00 8.551303969957622542e+00 8.529895183963319027e+00 8.506267426829021261e+00 8.480562213144198225e+00 8.452985877823401495e+00 8.423851568264710821e+00 8.393615005865662226e+00 8.362871776232090326e+00 8.332209211996215004e+00 8.301786069371663856e+00 8.271399346108641026e+00 8.240659722379435337e+00 8.209101140796565943e+00 8.176339119658777577e+00 8.142093895433937689e+00 8.106310333544699986e+00 8.069155833192052540e+00 8.030313276338569395e+00 7.989293247212793325e+00 7.946482686850028010e+00 7.900484746539203407e+00 7.855394308818089755e+00 7.806297522861206595e+00 7.740367710607301888e+00 7.754086359214915625e+00 7.765468105403368959e+00 7.775526439292138825e+00 7.784166159602572854e+00 7.785457463486225471e+00 7.778183986320268417e+00 1.000000000000000020e+30 1.000000000000000020e+30 1.000000000000000020e+30 1.000000000000000020e+30 1.000000000000000020e+30 1.000000000000000020e+30 1.000000000000000020e+30 1.000000000000000020e+30 1.000000000000000020e+30 1.000000000000000020e+30 1.000000000000000020e+30 1.000000000000000020e+30 1.000000000000000020e+30 1.000000000000000020e+30 1.000000000000000020e+30 1.000000000000000020e+30 1.000000000000000020e+30 1.000000000000000020e+30 1.000000000000000020e+30 1.000000000000000020e+30
8.608478165339157329e+00 8.605038686708516238e+00 8.598294926226348167e+00 8.588433057018614036e+00 8.575640774536987365e+00 8.560076168833171906e+00 8.541871999386867031e+00 8.521136088824045274e+00 8.497954934266612526e+00 8.472404509108493187e+00 8.444580247325925271e+00 8.414652218550969565e+00 8.382946508726274004e+00 8.350045016361171690e+00 8.316916663689738698e+00 8.284841340353596095e+00 8.253954139391971978e+00 8.223761994272386744e+00 8.193600020313285270e+00 8.162660253243297248e+00 8.130411670011371328e+00 8.096371797579331897e+00 8.060530421874862128e+00 8.023969189962961934e+00 7.985897911844001662e+00 7.944467186855065144e+00 7.903097625037304397e+00 7.851709501029627170e+00 7.812035784728304399e+00 7.773897318390932121e+00 7.737159338975726719e+00 7.742085552555118433e+00 7.751172525208894548e+00 7.764099528064550171e+00 7.783672898071070101e+00 7.790738505598106656e+00 7.788636267308928218e+00 1.000000000000000020e+30 1.000000000000000020e+30 1.000000000000000020e+30 1.000000000000000020e+30 1.000000000000000020e+30 1.000000000000000020e+30 1.000000000000000020e+30 1.000000000000000020e+30 1.000000000000000020e+30 1.000000000000000020e+30 1.000000000000000020e+30 1.000000000000000020e+30 1.000000000000000020e+30 1.000000000000000020e+30 1.000000000000000020e+30 1.000000000000000020e+30 1.000000000000000020e+30 1.000000000000000020e+30 1.000000000000000020e+30 1.000000000000000020e+30
8.585428983730128749e+00 8.581377197363693199e+00 8.573585139816859879e+00 8.562402807871213994e+00 8.548121305088629995e+00 8.530955432811301975e+00 8.511065686123947316e+00 8.488563745748296085e+00 8.463509934833741255e+00 8.435915618734531662e+00 8.405775281844324098e+00 8.373141783192940224e+00 8.338254849228452059e+00 8.301691780956518940e+00 8.264871063375819560e+00 8.231220715682766809e+00 8.200335707183141309e+00 8.170976730168305835e+00 8.142174686282528384e+00 8.112359622211478438e+00 8.081083101046299788e+00 8.046735829452735800e+00 8.008889190979001427e+00 7.973500829287213598e+00 7.937897794773137505e+00 7.892248574580716713e+00 7.862544939808117306e+00 7.847672741873476632e+00 7.821898257367602803e+00 7.793306061825176378e+00 7.762349366565898023e+00 7.756773916093921528e+00 7.767898006232607955e+00 7.772263635008307858e+00 7.792269358648510114e+00 7.802290584679740348e+00 7.805078055470795029e+00 7.804959317709728950e+00 1.000000000000000020e+30 1.000000000000000020e+30 1.000000000000000020e+30 1.000000000000000020e+30 1.000000000000000020e+30 1.000000000000000020e+30 1.000000000000000020e+30 1.000000000000000020e+30 1.000000000000000020e+30 1.000000000000000020e+30 1.000000000000000020e+30 1.000000000000000020e+30 1.000000000000000020e+30 1.000000000000000020e+30 1.000000000000000020e+30 1.000000000000000020e+30 1.000000000000000020e+30 1.000000000000000020e+30 1.000000000000000020e+30
8.561647927281892834e+00 8.556667981135408496e+00 8.547469141278234872e+00 8.534668802853357050e+00 8.518666877432895745e+00 8.499720455369059735e+00 8.478012455321085383e+00 8.453662280638564397e+00 8.426701296017544252e+00 8.397044334666144749e+00 8.364510024286309076e+00 8.328906054584257035e+00 8.290235777150707364e+00 8.248568922657955937e+00 8.204605226615621305e+00 8.169762037831210577e+00 8.140095990319460739e+00 8.112517407008702719e+00 8.083988726062168340e+00 8.054679704752915725e+00 8.024610998396127570e+00 7.991217043050141910e+00 7.943696848174504055e+00 7.913481405261923562e+00 7.891619104278477792e+00 7.886022635494496669e+00 7.868779621712929107e+00 7.851932520537260096e+00 7.832545923739742122e+00 7.813079170999439604e+00 7.796294814300857468e+00 7.788987784281351523e+00 7.787869780079098803e+00 7.788277388481374075e+00 7.807857441321988112e+00 7.818852442685090054e+00 7.822289129509066186e+00 7.818787687361094640e+00 1.000000000000000020e+30 1.000000000000000020e+30 1.000000000000000020e+30 1.000000000000000020e+30 1.000000000000000020e+30 1.000000000000000020e+30 1.000000000000000020e+30 1.000000000000000020e+30 1.000000000000000020e+30 1.000000000000000020e+30 1.000000000000000020e+30 1.000000000000000020e+30 1.000000000000000020e+30 1.000000000000000020e+30 1.000000000000000020e+30 1.000000000000000020e+30 1.000000000000000020e+30 1.000000000000000020e+30 1.000000000000000020e+30
8.538031744777212495e+00 8.531357824476698326e+00 8.520125898451192725e+00 8.505301100679925952e+00 8.487305397025179943e+00 8.466377300277073914e+00 8.442711662742702572e+00 8.416461458828955244e+00 8.387657241957207077e+00 8.356097145586842245e+00 8.321339063628663268e+00 8.282739565623893796e+00 8.240195980789003727e+00 8.192708096011083185e+00 8.130169738908346488e+00 8.098059723946407829e+00 8.070533599589966300e+00 8.042529566564503796e+00 8.012130248491578399e+00 7.982624921840540289e+00 7.955120563823854241e+00 7.933722798541195331e+00 7.934218640431542902e+00 7.918391897574418081e+00 7.901582114794067913e+00 7.888527775980334944e+00 7.872811218063215044e+00 7.856982334871562834e+00 7.841747399365783799e+00 7.828578389368201940e+00 7.818595025921255548e+00 7.812025151669470979e+00 7.803635918067393540e+00 7.809977833172904838e+00 7.829794667418014775e+00 7.840807257422529375e+00 7.844351726704268835e+00 7.839349204365328561e+00 1.000000000000000020e+30 1.000000000000000020e+30 1.000000000000000020e+30 1.000000000000000020e+30 1.000000000000000020e+30 1.000000000000000020e+30 1.000000000000000020e+30 1.000000000000000020e+30 1.000000000000000020e+30 1.000000000000000020e+30 1.000000000000000020e+30 1.000000000000000020e+30 1.000000000000000020e+30 1.000000000000000020e+30 1.000000000000000020e+30 1.000000000000000020e+30 1.000000000000000020e+30 1.000000000000000020e+30 1.000000000000000020e+30
8.516245126055840942e+00 8.505755622000233274e+00 8.491515926439781481e+00 8.474238169934080744e+00 8.453994393185469747e+00 8.430872738012901380e+00 8.405078263404327288e+00 8.376879314060698078e+00 8.346415473022409159e+00 8.313376093023315150e+00 8.277019831304910369e+00 8.235510666589009432e+00 8.190079832376353508e+00 8.146849048675784744e+00 8.096861579926869723e+00 8.091223148735785742e+00 8.073613217543327281e+00 8.050119329150829728e+00 8.023119794887682232e+00 7.995344095813556429e+00 7.968939795532307357e+00 7.949046736631918186e+00 7.938498782592860792e+00 7.924364791645745143e+00 7.908843592685489199e+00 7.893310063637561491e+00 7.876712267691206470e+00 7.861051579428483649e+00 7.848665633037109401e+00 7.840711987737957855e+00 7.836754223142780695e+00 7.834962801852941361e+00 7.830659788409705335e+00 7.844684792764569536e+00 7.858357492273324141e+00 7.868122302805877766e+00 7.872929308788980229e+00 7.871827623072844560e+00 1.000000000000000020e+30 1.000000000000000020e+30 1.000000000000000020e+30 1.000000000000000020e+30 1.000000000000000020e+30 1.000000000000000020e+30 1.000000000000000020e+30 1.000000000000000020e+30 1.000000000000000020e+30 1.000000000000000020e+30 1.000000000000000020e+30 1.000000000000000020e+30 1.000000000000000020e+30 1.000000000000000020e+30 1.000000000000000020e+30 1.000000000000000020e+30 1.000000000000000020e+30 1.000000000000000020e+30 1.000000000000000020e+30
8.500078707835310610e+00 8.479026119604094802e+00 8.461055999466276845e+00 8.441246960080855288e+00 8.418652296940537738e+00 8.393117167900504327e+00 8.364910166284307280e+00 8.334607873354883623e+00 8.302781196447641676e+00 8.268990804395109251e+00 8.230654692818704987e+00 8.182397814210075282e+00 8.123638567115243347e+00 8.092459652528724234e+00 8.095728657652408344e+00 8.091372525906809443e+00 8.078444549506215822e+00 8.057826546288238134e+00 8.035100327682654253e+00 8.012677412943244093e+00 7.985136090371205420e+00 7.964047744698273590e+00 7.951513222013271154e+00 7.938688060470062702e+00 7.924172241571646680e+00 7.902960395764835333e+00 7.885599393914315414e+00 7.870900189574737915e+00 7.861836273719427837e+00 7.853400454289197974e+00 7.855473029137932883e+00 7.860987413217134900e+00 7.867279826068266146e+00 7.877558580408789091e+00 7.888710149626525947e+00 7.898349090204515477e+00 7.905444005098509308e+00 7.909612302449952281e+00 1.000000000000000020e+30 1.000000000000000020e+30 1.000000000000000020e+30 1.000000000000000020e+30 1.000000000000000020e+30 1.000000000000000020e+30 1.000000000000000020e+30 1.000000000000000020e+30 1.000000000000000020e+30 1.000000000000000020e+30 1.000000000000000020e+30 1.000000000000000020e+30 1.000000000000000020e+30 1.000000000000000020e+30 1.000000000000000020e+30 1.000000000000000020e+30 1.000000000000000020e+30 1.000000000000000020e+30 1.000000000000000020e+30
1.000000000000000020e+30 8.444312037975336693e+00 8.427521323954035637e+00 8.406116712159118265e+00 8.381319367780454499e+00 8.353090399443344083e+00 8.321882998535537368e+00 8.288896716440568468e+00 8.254595575162005261e+00 8.213887699852003621e+00 8.170184863045072632e+00 8.107649409080316616e+00 8.112733637475198378e+00 8.102894559267426189e+00 8.100232018099516651e+00 8.097691508316939846e+00 8.092634216026899807e+00 8.081927988834531007e+00 8.040697045093288864e+00 8.029698244427747156e+00 1.000000000000000020e+30 7.968770257730309226e+00 7.961475191785357453e+00 7.952118040063831828e+00 7.944160888290741518e+00 1.000000000000000020e+30 1.000000000000000020e+30 1.000000000000000020e+30 7.880340381653932802e+00 7.875352231202225717e+00 7.875875982154586730e+00 7.887252477342627799e+00 7.897056565581012322e+00 7.907438131627608335e+00 7.918523246925682102e+00 7.929140000123582332e+00 7.938979121644522685e+00 7.949688960206064969e+00 7.968481323617997880e+00 1.000000000000000020e+30 1.000000000000000020e+30 1.000000000000000020e+30 1.000000000000000020e+30 1.000000000000000020e+30 1.000000000000000020e+30 1.000000000000000020e+30 1.000000000000000020e+30 1.000000000000000020e+30 1.000000000000000020e+30 1.000000000000000020e+30 1.000000000000000020e+30 1.000000000000000020e+30 1.000000000000000020e+30 1.000000000000000020e+30 1.000000000000000020e+30 1.000000000000000020e+30 1.000000000000000020e+30
1.000000000000000020e+30 8.421459990437249132e+00 8.393664815877459162e+00 8.369435512305106073e+00 8.342471950293790073e+00 8.311087946098988155e+00 8.275675293578268921e+00 8.235519752189141229e+00 8.190983350016923126e+00 8.108522221225358706e+00 8.028868632994246468e+00 8.083468211368426637e+00 8.104808304303169564e+00 8.109435667878312159e+00 8.123507142387273561e+00 8.106269658493554076e+00 8.104122166232109237e+00 1.000000000000000020e+30 1.000000000000000020e+30 1.000000000000000020e+30 1.000000000000000020e+30 1.000000000000000020e+30 1.000000000000000020e+30 1.000000000000000020e+30 1.000000000000000020e+30 1.000000000000000020e+30 1.000000000000000020e+30 1.000000000000000020e+30 7.893057676435249803e+00 7.894059157458793052e+00 7.904045180625731248e+00 7.912585989170273670e+00 7.922801786146520975e+00 7.934562787283467422e+00 7.946822193724104366e+00 7.958797071203739470e+00 7.969804889616442622e+00 7.979925529334107814e+00 7.989089288792682986e+00 1.000000000000000020e+30 1.000000000000000020e+30 1.000000000000000020e+30 1.000000000000000020e+30 1.000000000000000020e+30 1.000000000000000020e+30 1.000000000000000020e+30 1.000000000000000020e+30 1.000000000000000020e+30 1.000000000000000020e+30 1.000000000000000020e+30 1.000000000000000020e+30 1.000000000000000020e+30 1.000000000000000020e+30 1.000000000000000020e+30 1.000000000000000020e+30 1.000000000000000020e+30 1.000000000000000020e+30
1.000000000000000020e+30 1.000000000000000020e+30 8.351292011733855603e+00 8.330533986352191889e+00 8.303087351043254571e+00 8.267695317290968404e+00 8.223562679547770315e+00 8.157069118546163011e+00 8.097317041460415865e+00 8.102549925051478752e+00 8.071106416452373367e+00 8.083250056749399448e+00 1.000000000000000020e+30 1.000000000000000020e+30 1.000000000000000020e+30 1.000000000000000020e+30 1.000000000000000020e+30 1.000000000000000020e+30 1.000000000000000020e+30 1.000000000000000020e+30 1.000000000000000020e+30 1.000000000000000020e+30 1.000000000000000020e+30 1.000000000000000020e+30 1.000000000000000020e+30 1.000000000000000020e+30 1.000000000000000020e+30 1.000000000000000020e+30 1.000000000000000020e+30 1.000000000000000020e+30 7.928288920067295464e+00 7.933424758952269507e+00 7.945109517270392274e+00 7.958877407724364694e+00 7.973493094936503489e+00 7.987577820432586684e+00 7.999744725490624653e+00 8.009416334091243428e+00 8.015949282500837825e+00 1.000000000000000020e+30 1.000000000000000020e+30 1.000000000000000020e+30 1.000000000000000020e+30 1.000000000000000020e+30 1.000000000000000020e+30 1.000000000000000020e+30 1.000000000000000020e+30 1.000000000000000020e+30 1.000000000000000020e+30 1.000000000000000020e+30 1.000000000000000020e+30 1.000000000000000020e+30 1.000000000000000020e+30 1.000000000000000020e+30 1.000000000000000020e+30 1.000000000000000020e+30 1.000000000000000020e+30
1.000000000000000020e+30 1.000000000000000020e+30 8.324719272258507274e+00 8.292207962876203098e+00 8.262063450378800411e+00 8.218239446887372068e+00 8.158309733119159191e+00 8.156808367467592191e+00 8.133235446482762754e+00 8.121608857095210965e+00 1.000000000000000020e+30 1.000000000000000020e+30 1.000000000000000020e+30 1.000000000000000020e+30 1.000000000000000020e+30 1.000000000000000020e+30 1.000000000000000020e+30 1.000000000000000020e+30 1.000000000000000020e+30 1.000000000000000020e+30 1.000000000000000020e+30 1.000000000000000020e+30 1.000000000000000020e+30 1.000000000000000020e+30 1.000000000000000020e+30 1.000000000000000020e+30 1.000000000000000020e+30 1.000000000000000020e+30 1.000000000000000020e+30 1.000000000000000020e+30 1.000000000000000020e+30 7.953558652533264883e+00 7.965874246570280093e+00 7.981514593815457914e+00 7.998848468322326433e+00 8.016497292067402469e+00 8.030466409996746435e+00 8.040395657395677631e+00 8.044930139656139900e+00 1.000000000000000020e+30 1.000000000000000020e+30 1.000000000000000020e+30 1.000000000000000020e+30 1.000000000000000020e+30 1.000000000000000020e+30 1.000000000000000020e+30 1.000000000000000020e+30 1.000000000000000020e+30 1.000000000000000020e+30 1.000000000000000020e+30 1.000000000000000020e+30 1.000000000000000020e+30 1.000000000000000020e+30 1.000000000000000020e+30 1.000000000000000020e+30 1.000000000000000020e+30 1.000000000000000020e+30
1.000000000000000020e+30 1.000000000000000020e+30 1.000000000000000020e+30 8.237487672389747217e+00 8.212471476121981695e+00 8.141239388892932638e+00 8.155237254602122121e+00 8.160600482194356076e+00 8.153463977188225797e+00 1.000000000000000020e+30 1.000000000000000020e+30 1.000000000000000020e+30 1.000000000000000020e+30 1.000000000000000020e+30 1.000000000000000020e+30 1.000000000000000020e+30 1.000000000000000020e+30 1.000000000000000020e+30 1.000000000000000020e+30 1.000000000000000020e+30 1.000000000000000020e+30 1.000000000000000020e+30 1.000000000000000020e+30 1.000000000000000020e+30 1.000000000000000020e+30 1.000000000000000020e+30 1.000000000000000020e+30 1.000000000000000020e+30 1.000000000000000020e+30 1.000000000000000020e+30 1.000000000000000020e+30 1.000000000000000020e+30 7.988848543215063103e+00 8.005432404346901620e+00 8.024741538894661019e+00 8.047378794030853655e+00 8.063571115428160851e+00 8.075170316000539472e+00 8.077209642257606959e+00 1.000000000000000020e+30 1.000000000000000020e+30 1.000000000000000020e+30 1.000000000000000020e+30 1.000000000000000020e+30 1.000000000000000020e+30 1.000000000000000020e+30 1.000000000000000020e+30 1.000000000000000020e+30 1.000000000000000020e+30 1.000000000000000020e+30 1.000000000000000020e+30 1.000000000000000020e+30 1.000000000000000020e+30 1.000000000000000020e+30 1.000000000000000020e+30 1.000000000000000020e+30 1.000000000000000020e+30
1.000000000000000020e+30 1.000000000000000020e+30 1.000000000000000020e+30 8.185878237537588475e+00 8.167296656057276394e+00 8.162598126593465508e+00 8.167952135075116971e+00 8.170219880071886820e+00 1.000000000000000020e+30 1.000000000000000020e+30 1.000000000000000020e+30 1.000000000000000020e+30 1.000000000000000020e+30 1.000000000000000020e+30 1.000000000000000020e+30 1.000000000000000020e+30 1.000000000000000020e+30 1.000000000000000020e+30 1.000000000000000020e+30 1.000000000000000020e+30 1.000000000000000020e+30 1.000000000000000020e+30 1.000000000000000020e+30 1.000000000000000020e+30 1.000000000000000020e+30 1.000000000000000020e+30 1.000000000000000020e+30 1.000000000000000020e+30 1.000000000000000020e+30 1.000000000000000020e+30 1.000000000000000020e+30 1.000000000000000020e+30 1.000000000000000020e+30 8.033281137828678808e+00 8.056802923712538700e+00 8.081484911441254582e+00 8.099665272490385703e+00 8.117952324388612695e+00 8.112352961517540706e+00 1.000000000000000020e+30 1.000000000000000020e+30 1.000000000000000020e+30 1.000000000000000020e+30 1.000000000000000020e+30 1.000000000000000020e+30 1.000000000000000020e+30 1.000000000000000020e+30 1.000000000000000020e+30 1.000000000000000020e+30 1.000000000000000020e+30 1.000000000000000020e+30 1.000000000000000020e+30 1.000000000000000020e+30 1.000000000000000020e+30 1.000000000000000020e+30 1.000000000000000020e+30 1.000000000000000020e+30
1.000000000000000020e+30 1.000000000000000020e+30 1.000000000000000020e+30 1.000000000000000020e+30 8.190595877991977858e+00 8.178832424450318328e+00 8.179328335412099804e+00 1.000000000000000020e+30 1.000000000000000020e+30 1.000000000000000020e+30 1.000000000000000020e+30 1.000000000000000020e+30 1.000000000000000020e+30 1.000000000000000020e+30 1.000000000000000020e+30 1.000000000000000020e+30 1.000000000000000020e+30 1.000000000000000020e+30 1.000000000000000020e+30 1.000000000000000020e+30 1.000000000000000020e+30 1.000000000000000020e+30 1.000000000000000020e+30 1.000000000000000020e+30 1.000000000000000020e+30 1.000000000000000020e+30 1.000000000000000020e+30 1.000000000000000020e+30 1.000000000000000020e+30 1.000000000000000020e+30 1.000000000000000020e+30 1.000000000000000020e+30 1.000000000000000020e+30 1.000000000000000020e+30 8.089951771197968711e+00 8.110869580230271936e+00 8.132525708189387359e+00 8.183110342435210072e+00 8.145899851043877149e+00 1.000000000000000020e+30 1.000000000000000020e+30 1.000000000000000020e+30 1.000000000000000020e+30 1.000000000000000020e+30 1.000000000000000020e+30 1.000000000000000020e+30 1.000000000000000020e+30 1.000000000000000020e+30 1.000000000000000020e+30 1.000000000000000020e+30 1.000000000000000020e+30 1.000000000000000020e+30 1.000000000000000020e+30 1.000000000000000020e+30 1.000000000000000020e+30 1.000000000000000020e+30 1.000000000000000020e+30
1.000000000000000020e+30 1.000000000000000020e+30 1.000000000000000020e+30 1.000000000000000020e+30 8.212373462417859926e+00 1.000000000000000020e+30 1.000000000000000020e+30 1.000000000000000020e+30 1.000000000000000020e+30 1.000000000000000020e+30 1.000000000000000020e+30 1.000000000000000020e+30 1.000000000000000020e+30 1.000000000000000020e+30 1.000000000000000020e+30 1.000000000000000020e+30 1.000000000000000020e+30 1.000000000000000020e+30 1.000000000000000020e+30 1.000000000000000020e+30 1.000000000000000020e+30 1.000000000000000020e+30 1.000000000000000020e+30 1.000000000000000020e+30 1.000000000000000020e+30 1.000000000000000020e+30 1.000000000000000020e+30 1.000000000000000020e+30 1.000000000000000020e+30 1.000000000000000020e+30 1.000000000000000020e+30 1.000000000000000020e+30 1.000000000000000020e+30 1.000000000000000020e+30 1.000000000000000020e+30 8.121974025291340382e+00 8.129458193086771089e+00 1.000000000000000020e+30 1.000000000000000020e+30 1.000000000000000020e+30 1.000000000000000020e+30 1.000000000000000020e+30 1.000000000000000020e+30 1.000000000000000020e+30 1.000000000000000020e+30 1.000000000000000020e+30 1.000000000000000020e+30 1.000000000000000020e+30 1.000000000000000020e+30 1.000000000000000020e+30 1.000000000000000020e+30 1.000000000000000020e+30 1.000000000000000020e+30 1.000000000000000020e+30 1.000000000000000020e+30 1.000000000000000020e+30 1.000000000000000020e+30
