1.000000000000000020e+30 1.000000000000000020e+30 1.000000000000000020e+30 1.000000000000000020e+30 1.000000000000000020e+30 1.000000000000000020e+30 1.000000000000000020e+30 1.000000000000000020e+30 1.000000000000000020e+30 1.000000000000000020e+30 1.000000000000000020e+30 1.000000000000000020e+30 1.000000000000000020e+30 1.000000000000000020e+30 1.000000000000000020e+30 1.000000000000000020e+30 1.000000000000000020e+30 1.000000000000000020e+30 1.000000000000000020e+30 1.000000000000000020e+30 1.000000000000000020e+30 1.000000000000000020e+30 1.000000000000000020e+30 1.000000000000000020e+30 1.000000000000000020e+30 1.000000000000000020e+30 1.000000000000000020e+30 1.000000000000000020e+30 1.000000000000000020e+30 1.000000000000000020e+30 1.000000000000000020e+30 1.000000000000000020e+30 1.000000000000000020e+30 1.000000000000000020e+30 1.000000000000000020e+30 1.000000000000000020e+30 1.000000000000000020e+30 1.000000000000000020e+30 1.000000000000000020e+30 1.000000000000000020e+30 1.000000000000000020e+30 1.000000000000000020e+30 1.000000000000000020e+30 1.000000000000000020e+30 1.000000000000000020e+30 1.000000000000000020e+30 1.000000000000000020e+30 1.000000000000000020e+30 1.000000000000000020e+30 1.000000000000000020e+30 1.000000000000000020e+30 1.000000000000000020e+30 1.000000000000000020e+30 1.000000000000000020e+30 1.000000000000000020e+30 1.000000000000000020e+30 1.000000000000000020e+30
1.000000000000000020e+30 1.000000000000000020e+30 1.000000000000000020e+30 1.000000000000000020e+30 1.000000000000000020e+30 1.000000000000000020e+30 1.000000000000000020e+30 1.000000000000000020e+30 1.000000000000000020e+30 1.000000000000000020e+30 1.000000000000000020e+30 1.000000000000000020e+30 1.000000000000000020e+30 1.000000000000000020e+30 1.000000000000000020e+30 1.000000000000000020e+30 1.000000000000000020e+30 1.000000000000000020e+30 1.000000000000000020e+30 1.000000000000000020e+30 1.000000000000000020e+30 1.000000000000000020e+30 1.000000000000000020e+30 1.000000000000000020e+30 1.000000000000000020e+30 1.000000000000000020e+30 1.000000000000000020e+30 1.786168777071702296e+00 1.783817134133317772e+00 1.780367537841218928e+00 1.776222812799456596e+00 1.771517414576881722e+00 1.766321696980522882e+00 1.760673746869631850e+00 1.754603788630849870e+00 1.748144482064496019e+00 1.741336856809201361e+00 1.734236277160587703e+00 1.726921746075291253e+00 1.719514934894743163e+00 1.712228029450517885e+00 1.705503371117549571e+00 1.700458063351593330e+00 1.000000000000000020e+30 1.000000000000000020e+30 1.000000000000000020e+30 1.000000000000000020e+30 1.000000000000000020e+30 1.000000000000000020e+30 1.000000000000000020e+30 1.000000000000000020e+30 1.000000000000000020e+30 1.000000000000000020e+30 1.000000000000000020e+30 1.000000000000000020e+30 1.000000000000000020e+30 1.000000000000000020e+30
1.000000000000000020e+30 1.000000000000000020e+30 1.000000000000000020e+30 1.000000000000000020e+30 1.000000000000000020e+30 1.000000000000000020e+30 1.000000000000000020e+30 1.000000000000000020e+30 1.000000000000000020e+30 1.000000000000000020e+30 1.000000000000000020e+30 1.000000000000000020e+30 1.000000000000000020e+30 1.000000000000000020e+30 1.000000000000000020e+30 1.000000000000000020e+30 1.000000000000000020e+30 1.000000000000000020e+30 1.000000000000000020e+30 1.000000000000000020e+30 1.000000000000000020e+30 1.000000000000000020e+30 1.000000000000000020e+30 1.000000000000000020e+30 1.798449842864134451e+00 1.796327585267535332e+00 1.793033668374201639e+00 1.788650439013804938e+00 1.785032945110034408e+00 1.781162610670731450e+00 1.776843327831309605e+00 1.772046776342925289e+00 1.766785398304593580e+00 1.761077076113606310e+00 1.754942852744251214e+00 1.748409269197719773e+00 1.741511057524928408e+00 1.734294177209585675e+00 1.726818820946528499e+00 1.719159421218444228e+00 1.711389855713659536e+00 1.703510901226887642e+00 1.695086324941986078e+00 1.683491792039672141e+00 1.672747178175918448e+00 1.662379503768380395e+00 1.652084366915654190e+00 1.652411305174386724e+00 1.000000000000000020e+30 1.000000000000000020e+30 1.000000000000000020e+30 1.000000000000000020e+30 1.000000000000000020e+30 1.000000000000000020e+30 1.000000000000000020e+30 1.000000000000000020e+30 1.000000000000000020e+30
1.000000000000000020e+30 1.000000000000000020e+30 1.000000000000000020e+30 1.000000000000000020e+30 1.000000000000000020e+30 1.000000000000000020e+30 1.000000000000000020e+30 1.000000000000000020e+30 1.000000000000000020e+30 1.000000000000000020e+30 1.000000000000000020e+30 1.000000000000000020e+30 1.000000000000000020e+30 1.000000000000000020e+30 1.000000000000000020e+30 1.000000000000000020e+30 1.000000000000000020e+30 1.000000000000000020e+30 1.000000000000000020e+30 1.000000000000000020e+30 1.000000000000000020e+30 1.808750758624706245e+00 1.807096405904950132e+00 1.804445355656550509e+00 1.800764787560299007e+00 1.797681115180396194e+00 1.794288000624806978e+00 1.790456701295790376e+00 1.786584299089581274e+00 1.782468319017807890e+00 1.777976496536810780e+00 1.773053164299100093e+00 1.767681128471593199e+00 1.761861172114541185e+00 1.755603673498679962e+00 1.748926850046229386e+00 1.741856957325804922e+00 1.734428564583692101e+00 1.726682815507058599e+00 1.718658085759634080e+00 1.710366383125728973e+00 1.701736650552492236e+00 1.692505745221525748e+00 1.682208611198589443e+00 1.671880547639380321e+00 1.661758497062063800e+00 1.651865346395261280e+00 1.652144564885186684e+00 1.651823260788515046e+00 1.000000000000000020e+30 1.000000000000000020e+30 1.000000000000000020e+30 1.000000000000000020e+30 1.000000000000000020e+30 1.000000000000000020e+30 1.000000000000000020e+30 1.000000000000000020e+30
1.000000000000000020e+30 1.000000000000000020e+30 1.000000000000000020e+30 1.000000000000000020e+30 1.000000000000000020e+30 1.000000000000000020e+30 1.000000000000000020e+30 1.000000000000000020e+30 1.000000000000000020e+30 1.000000000000000020e+30 1.000000000000000020e+30 1.000000000000000020e+30 1.000000000000000020e+30 1.000000000000000020e+30 1.000000000000000020e+30 1.000000000000000020e+30 1.000000000000000020e+30 1.000000000000000020e+30 1.816396221493116858e+00 1.815266715130599895e+00 1.813384722386019332e+00 1.810649666370088839e+00 1.808329344591731225e+00 1.805697740503698023e+00 1.802635172036485267e+00 1.799493802800517184e+00 1.796108781136644295e+00 1.792413395335392678e+00 1.788471684356443214e+00 1.784221518845629406e+00 1.779590874419849866e+00 1.774532225994965184e+00 1.769020943348997399e+00 1.763048184978968536e+00 1.756615908808490056e+00 1.749734609903566884e+00 1.742422521927418533e+00 1.734704759627160087e+00 1.726610357273720364e+00 1.718164032176328293e+00 1.709372278511733123e+00 1.700204471372062764e+00 1.690587637826935552e+00 1.680497826060103783e+00 1.670301522462241506e+00 1.660351824944819921e+00 1.651872097363216385e+00 1.651857650271436162e+00 1.650907687902620324e+00 1.649461219809536638e+00 1.000000000000000020e+30 1.000000000000000020e+30 1.000000000000000020e+30 1.000000000000000020e+30 1.000000000000000020e+30 1.000000000000000020e+30 1.000000000000000020e+30
1.000000000000000020e+30 1.000000000000000020e+30 1.000000000000000020e+30 1.000000000000000020e+30 1.000000000000000020e+30 1.000000000000000020e+30 1.000000000000000020e+30 1.000000000000000020e+30 1.000000000000000020e+30 1.000000000000000020e+30 1.000000000000000020e+30 1.000000000000000020e+30 1.000000000000000020e+30 1.000000000000000020e+30 1.000000000000000020e+30 1.000000000000000020e+30 1.820440964040188625e+00 1.819516286307879094e+00 1.817808196785202890e+00 1.816296099537338726e+00 1.814505344541666343e+00 1.812343329254194835e+00 1.810074892904836030e+00 1.807564386649791910e+00 1.804755485158698880e+00 1.801709829815737240e+00 1.798385235196578114e+00 1.794743856098481638e+00 1.790775558865540740e+00 1.786441951354143409e+00 1.781696604188037325e+00 1.776501465367970933e+00 1.770831180906268676e+00 1.764672061499720224e+00 1.758020099058845931e+00 1.750879592077055014e+00 1.743262417980918633e+00 1.735187174003617550e+00 1.726677095786204763e+00 1.717756146833382180e+00 1.708444632284673359e+00 1.698759307948098707e+00 1.688728272552979970e+00 1.678426818837039258e+00 1.667958408910742873e+00 1.656906558178237399e+00 1.653815534923893216e+00 1.651896902153067614e+00 1.649868292975730899e+00 1.647409759404289575e+00 1.644089319924567860e+00 1.641940093095191289e+00 1.000000000000000020e+30 1.000000000000000020e+30 1.000000000000000020e+30 1.000000000000000020e+30 1.000000000000000020e+30
1.000000000000000020e+30 1.000000000000000020e+30 1.000000000000000020e+30 1.000000000000000020e+30 1.000000000000000020e+30 1.000000000000000020e+30 1.000000000000000020e+30 1.000000000000000020e+30 1.000000000000000020e+30 1.000000000000000020e+30 1.000000000000000020e+30 1.000000000000000020e+30 1.000000000000000020e+30 1.000000000000000020e+30 1.000000000000000020e+30 1.822746230793725664e+00 1.821667784493263831e+00 1.820597351996807500e+00 1.819275942096080012e+00 1.817856858307804746e+00 1.816235590791156485e+00 1.814360654952640761e+00 1.812272198394903944e+00 1.809930957987248457e+00 1.807303325230798174e+00 1.804382438273405498e+00 1.801140075577494226e+00 1.797544244679649905e+00 1.793567193536724114e+00 1.789174132572973974e+00 1.784327632306131228e+00 1.778994505567121021e+00 1.773149382111535832e+00 1.766775509230346097e+00 1.759864399407975677e+00 1.752415354805689329e+00 1.744435171274482110e+00 1.735937805195706174e+00 1.726943697037431669e+00 1.717479300334880943e+00 1.707578920281690449e+00 1.697293906576123668e+00 1.686718492458554097e+00 1.676047315924531933e+00 1.665667828429662656e+00 1.655956398188032086e+00 1.653982759452072848e+00 1.651438645067743849e+00 1.648644098641319999e+00 1.645587615352312350e+00 1.642273214832566497e+00 1.639146704407690835e+00 1.635861108893028382e+00 1.000000000000000020e+30 1.000000000000000020e+30 1.000000000000000020e+30 1.000000000000000020e+30
1.000000000000000020e+30 1.000000000000000020e+30 1.000000000000000020e+30 1.000000000000000020e+30 1.000000000000000020e+30 1.000000000000000020e+30 1.000000000000000020e+30 1.000000000000000020e+30 1.000000000000000020e+30 1.000000000000000020e+30 1.000000000000000020e+30 1.000000000000000020e+30 1.000000000000000020e+30 1.000000000000000020e+30 1.825181532752691460e+00 1.824137844238401973e+00 1.823178076793187330e+00 1.822202076864085418e+00 1.821106035229125286e+00 1.819877781753937329e+00 1.818464987889310880e+00 1.816828263557303869e+00 1.814951646505134075e+00 1.812803848149427077e+00 1.810352332445684498e+00 1.807570061878702061e+00 1.804425250912189860e+00 1.800883839050734903e+00 1.796911865403913788e+00 1.792473735534809043e+00 1.787533981344289868e+00 1.782060459094733540e+00 1.776026717353576423e+00 1.769413132515533116e+00 1.762207274901923526e+00 1.754404014141145884e+00 1.746005617260119935e+00 1.737021870936984902e+00 1.727470327922451254e+00 1.717377420123561427e+00 1.706782184294903804e+00 1.695745616793774113e+00 1.684372407165785734e+00 1.672888453756984584e+00 1.662165555566494479e+00 1.657710843307334203e+00 1.654114874261336299e+00 1.650615259059585949e+00 1.647056986934899880e+00 1.643389565034355515e+00 1.639615175358947630e+00 1.635833973504136729e+00 1.631897510546354679e+00 1.627774983274375309e+00 1.000000000000000020e+30 1.000000000000000020e+30 1.000000000000000020e+30
1.000000000000000020e+30 1.000000000000000020e+30 1.000000000000000020e+30 1.000000000000000020e+30 1.000000000000000020e+30 1.000000000000000020e+30 1.000000000000000020e+30 1.000000000000000020e+30 1.000000000000000020e+30 1.000000000000000020e+30 1.000000000000000020e+30 1.000000000000000020e+30 1.000000000000000020e+30 1.827459555394215007e+00 1.826549871640306577e+00 1.825746432394180330e+00 1.824987329286418491e+00 1.824208722529343962e+00 1.823344411526884201e+00 1.822349735324304776e+00 1.821178975746350792e+00 1.819790586785300146e+00 1.818149275101514473e+00 1.816217344296397362e+00 1.813956650032347184e+00 1.811330313056975783e+00 1.808300500741529815e+00 1.804828665740744187e+00 1.800876319655559055e+00 1.796405199620721094e+00 1.791378428096352948e+00 1.785762313404184454e+00 1.779527965239019238e+00 1.772652385286043630e+00 1.765119112684417457e+00 1.756918629469053528e+00 1.748048667227975139e+00 1.738514480862174860e+00 1.728329253882141536e+00 1.717515237102973824e+00 1.706106723737326192e+00 1.694153419668747329e+00 1.681693930359833944e+00 1.668462068540455867e+00 1.662910473379046072e+00 1.658019653599787757e+00 1.653546095844609543e+00 1.649229249600035585e+00 1.644943087022322725e+00 1.640648749727057654e+00 1.636300374568528282e+00 1.631986677188593360e+00 1.627398901369911277e+00 1.622928416388452311e+00 1.616371519904246101e+00 1.000000000000000020e+30 1.000000000000000020e+30
1.000000000000000020e+30 1.000000000000000020e+30 1.000000000000000020e+30 1.000000000000000020e+30 1.000000000000000020e+30 1.000000000000000020e+30 1.000000000000000020e+30 1.000000000000000020e+30 1.000000000000000020e+30 1.000000000000000020e+30 1.000000000000000020e+30 1.000000000000000020e+30 1.829391217306174378e+00 1.828704378041163148e+00 1.828125729884700235e+00 1.827608406047315004e+00 1.827113148500936202e+00 1.826593462786840982e+00 1.825997822445150520e+00 1.825278932453024971e+00 1.824388405988618844e+00 1.823278217537449786e+00 1.821902175987410999e+00 1.820214383994654517e+00 1.818169465082967395e+00 1.815722896555166832e+00 1.812830456906607601e+00 1.809448199358710818e+00 1.805532789788921066e+00 1.801041964910347071e+00 1.795935436276814734e+00 1.790176128418714985e+00 1.783731416282170912e+00 1.776574144436441571e+00 1.768683386804307478e+00 1.760044990277559007e+00 1.750651930677169954e+00 1.740504458470629068e+00 1.729610035415263036e+00 1.717983530464912034e+00 1.705651095151441199e+00 1.692677961697822253e+00 1.679330470696231314e+00 1.666947918047642752e+00 1.662435260631516254e+00 1.657327374563517752e+00 1.652213198866284261e+00 1.647183275817144077e+00 1.642187474333472785e+00 1.637293938897663947e+00 1.632265115654002674e+00 1.627709567722089856e+00 1.622044229349441258e+00 1.619393913685323705e+00 1.619800055809977879e+00 1.000000000000000020e+30 1.000000000000000020e+30
1.000000000000000020e+30 1.000000000000000020e+30 1.000000000000000020e+30 1.000000000000000020e+30 1.000000000000000020e+30 1.000000000000000020e+30 1.000000000000000020e+30 1.000000000000000020e+30 1.000000000000000020e+30 1.000000000000000020e+30 1.000000000000000020e+30 1.830756085322600590e+00 1.830421683299929159e+00 1.830165738640155304e+00 1.829950876004119875e+00 1.829759367018819693e+00 1.829570805455425608e+00 1.829355456687959292e+00 1.829074238748026549e+00 1.828678514465446936e+00 1.828113443533926130e+00 1.827322667722787175e+00 1.826250743455219316e+00 1.824843435712033113e+00 1.823047779147670466e+00 1.820812038123257981e+00 1.818085445441567360e+00 1.814818106995299329e+00 1.810961166536761979e+00 1.806467232080056107e+00 1.801291134397745575e+00 1.795390945021228424e+00 1.788729076224538250e+00 1.781273303572139310e+00 1.772997619813013959e+00 1.763882874780625221e+00 1.753917147931447040e+00 1.743095701368146955e+00 1.731419967372785029e+00 1.718893455417385141e+00 1.705506395905885375e+00 1.691177781340177155e+00 1.675531054733189196e+00 1.668138821247108661e+00 1.661995332276986925e+00 1.656053992555564625e+00 1.650179812251739486e+00 1.644462027796764980e+00 1.638663061523489395e+00 1.633384460262493176e+00 1.627044945338581128e+00 1.623811404172548434e+00 1.623728125419648949e+00 1.622812057811089170e+00 1.622863243485058282e+00 1.623932323804968991e+00 1.000000000000000020e+30
1.000000000000000020e+30 1.000000000000000020e+30 1.000000000000000020e+30 1.000000000000000020e+30 1.000000000000000020e+30 1.000000000000000020e+30 1.000000000000000020e+30 1.000000000000000020e+30 1.000000000000000020e+30 1.000000000000000020e+30 1.831129864002804197e+00 1.831439369990814248e+00 1.831706307843091297e+00 1.831906806350296124e+00 1.832075374145657021e+00 1.832228178325941315e+00 1.832371751598839360e+00 1.832500189141863078e+00 1.832583187233381317e+00 1.832565164743438890e+00 1.832379735639263263e+00 1.831959797159870229e+00 1.831240380356434327e+00 1.830158785514003572e+00 1.828654345693305094e+00 1.826668158108588846e+00 1.824142753425435748e+00 1.821021858679588767e+00 1.817250399692820872e+00 1.812774829465246373e+00 1.807543815756899708e+00 1.801509223519278891e+00 1.794627253075803175e+00 1.786859578840722440e+00 1.778174356826396796e+00 1.768547006181591552e+00 1.757960719060913002e+00 1.746406733515337706e+00 1.733884483153503409e+00 1.720401420940751880e+00 1.705969704344737714e+00 1.690585779681513579e+00 1.674153095610286357e+00 1.667550585753077685e+00 1.660792358279504333e+00 1.654121026084469204e+00 1.647364174456220853e+00 1.641162710704277883e+00 1.633930627915266776e+00 1.629822892472122753e+00 1.628823038455728067e+00 1.626834403485342584e+00 1.625496244980257021e+00 1.624499680147756697e+00 1.624134947594450207e+00 1.624257319374275976e+00 1.000000000000000020e+30
1.000000000000000020e+30 1.000000000000000020e+30 1.000000000000000020e+30 1.000000000000000020e+30 1.000000000000000020e+30 1.000000000000000020e+30 1.000000000000000020e+30 1.000000000000000020e+30 1.000000000000000020e+30 1.828685442144178053e+00 1.831168807280222577e+00 1.832501669272375455e+00 1.833385526004088995e+00 1.834011287856041950e+00 1.834547440265394291e+00 1.835035929465260729e+00 1.835520058491022288e+00 1.836025919526264705e+00 1.836530794093704122e+00 1.836957400195236900e+00 1.837217754379609325e+00 1.837231126538002801e+00 1.836922749962255574e+00 1.836221480787827876e+00 1.835058952335713034e+00 1.833369129366144934e+00 1.831087766838454645e+00 1.828151895288332440e+00 1.824499580662165776e+00 1.820070125097023483e+00 1.814804751353991774e+00 1.808647695770680297e+00 1.801547552380299955e+00 1.793458674630163285e+00 1.784342440737028523e+00 1.774168218330340219e+00 1.762913960227052934e+00 1.750566670898565214e+00 1.737123936474818775e+00 1.722600517386533525e+00 1.707050996992294456e+00 1.690626407174444568e+00 1.673601865026936641e+00 1.666583690037934939e+00 1.658935355994112681e+00 1.651671648577131668e+00 1.643353172686310204e+00 1.638217366195855007e+00 1.636247820253916352e+00 1.633280024931846430e+00 1.630855963243634799e+00 1.628469506575360937e+00 1.626184066618523882e+00 1.624812652332509044e+00 1.624161370213454303e+00 1.623960715721653569e+00 1.000000000000000020e+30
1.000000000000000020e+30 1.000000000000000020e+30 1.000000000000000020e+30 1.000000000000000020e+30 1.000000000000000020e+30 1.000000000000000020e+30 1.000000000000000020e+30 1.000000000000000020e+30 1.846484738171504381e+00 1.838724904493172607e+00 1.832691193969625765e+00 1.834344403150054204e+00 1.835660377723415948e+00 1.836545505930954780e+00 1.837407455500279507e+00 1.838193320649006424e+00 1.838997581470805276e+00 1.839907973064745184e+00 1.840915152667096821e+00 1.841876422259277835e+00 1.842664202067384904e+00 1.843185232793870032e+00 1.843357001310843790e+00 1.843100424436147966e+00 1.842339521420585768e+00 1.841001302979207166e+00 1.839014901669451474e+00 1.836310532981929144e+00 1.832818847151211905e+00 1.828470961848366994e+00 1.823199222532259967e+00 1.816938570569771816e+00 1.809628298035915739e+00 1.801213918547827531e+00 1.791648862270132536e+00 1.780895689876331955e+00 1.768926526254087639e+00 1.755722529329037274e+00 1.741272836608180219e+00 1.725577006768071797e+00 1.708675794623832900e+00 1.690847971606265876e+00 1.673691919348947899e+00 1.665705565158379864e+00 1.656115573825064358e+00 1.649661940140891181e+00 1.646453650043876893e+00 1.642335359996833555e+00 1.638859145160965536e+00 1.635473829140742019e+00 1.632129568579125500e+00 1.629276613830341391e+00 1.625223789519286255e+00 1.623664473582391743e+00 1.622980885550708408e+00 1.622717598855073495e+00 1.000000000000000020e+30
1.000000000000000020e+30 1.000000000000000020e+30 1.000000000000000020e+30 1.000000000000000020e+30 1.000000000000000020e+30 1.000000000000000020e+30 1.000000000000000020e+30 1.861810490941448126e+00 1.854678384483110731e+00 1.847413652025450270e+00 1.839075418905408821e+00 1.836866330716852902e+00 1.838713037107946535e+00 1.839450967249606883e+00 1.840699285858884426e+00 1.841696276994179149e+00 1.842739461283430913e+00 1.844069097269087409e+00 1.845726234396277921e+00 1.847354128153866126e+00 1.848766063139684501e+00 1.849879475382820715e+00 1.850611015231390155e+00 1.850873550182408733e+00 1.850583162594260367e+00 1.849660361942204512e+00 1.848028292641294312e+00 1.845610604690319789e+00 1.842330103887801274e+00 1.838108570120847940e+00 1.832867717824223197e+00 1.826531068740409269e+00 1.819026399981488629e+00 1.810288387650322184e+00 1.800261043754738166e+00 1.788899478115282715e+00 1.776170350585792423e+00 1.762049906302721292e+00 1.746516349508223653e+00 1.729523337961242024e+00 1.710901285155732809e+00 1.689976677497700086e+00 1.675258395791997312e+00 1.665882702604602139e+00 1.660604650947109517e+00 1.654778151771333139e+00 1.649822537063617478e+00 1.645145598923165142e+00 1.640692160282996914e+00 1.636920498692955972e+00 1.632198680752309450e+00 1.630562492178998069e+00 1.631865924197399842e+00 1.631717530421644247e+00 1.631437907368221252e+00 1.631276074650586105e+00 1.000000000000000020e+30
1.000000000000000020e+30 1.000000000000000020e+30 1.000000000000000020e+30 1.000000000000000020e+30 1.000000000000000020e+30 1.000000000000000020e+30 1.875629483765540950e+00 1.869464305127868542e+00 1.863471101439833744e+00 1.857589967100449879e+00 1.851962777011246120e+00 1.847931370172245735e+00 1.843231138664536806e+00 1.842208924001887294e+00 1.844617280879224941e+00 1.845536616612780234e+00 1.846585115334454796e+00 1.848299630696766060e+00 1.850971393628620509e+00 1.853460337747639297e+00 1.855585724947726334e+00 1.857380263462208081e+00 1.858762308301472155e+00 1.859629167685605600e+00 1.859887280392603426e+00 1.859451987573933041e+00 1.858242135006759277e+00 1.856175722324128863e+00 1.853167455559423304e+00 1.849128374471414427e+00 1.843967248579273743e+00 1.837593302652954730e+00 1.829919752741842931e+00 1.820867638486653117e+00 1.810369478361907758e+00 1.798372215827377163e+00 1.784838798083214106e+00 1.769748031005640598e+00 1.753093595527882798e+00 1.734881769801874363e+00 1.715112365129470406e+00 1.693735732758520074e+00 1.682145242779842009e+00 1.672518669346411802e+00 1.665072110798113014e+00 1.658427194952422523e+00 1.652291826058379653e+00 1.647084426938528745e+00 1.641168097348608912e+00 1.638620798045173910e+00 1.639345809427668943e+00 1.639066600948471786e+00 1.639261449760635925e+00 1.639202519523689450e+00 1.639066029598787555e+00 1.638970280546352853e+00 1.000000000000000020e+30
1.000000000000000020e+30 1.000000000000000020e+30 1.000000000000000020e+30 1.000000000000000020e+30 1.000000000000000020e+30 1.887285702783058072e+00 1.882395723162797019e+00 1.877495260333725602e+00 1.872653767955676063e+00 1.867996544611960630e+00 1.863700153391124381e+00 1.860074626771112571e+00 1.856739737334974993e+00 1.854195892913547361e+00 1.850421023403639120e+00 1.849651694726673901e+00 1.850174183515717941e+00 1.851990431245249313e+00 1.856830167670860954e+00 1.860373245100803041e+00 1.863189978525314761e+00 1.865756404006525093e+00 1.867898818834062169e+00 1.869468180032847426e+00 1.870360957125558610e+00 1.870492230580788284e+00 1.869780437366828529e+00 1.868139910613911603e+00 1.865477150456394506e+00 1.861690561649296916e+00 1.856672732943219328e+00 1.850314551056779777e+00 1.842510359619898619e+00 1.833163471096845631e+00 1.822191583154625372e+00 1.809531573551552253e+00 1.795142573909795480e+00 1.779006792178478902e+00 1.761135678100378854e+00 1.741607348844519843e+00 1.720634048628743473e+00 1.698588761870095443e+00 1.686600363194154406e+00 1.676462116094273647e+00 1.668192748694237171e+00 1.660991269991068942e+00 1.653226834429422754e+00 1.649096354868899272e+00 1.648544303250801146e+00 1.647287119795769916e+00 1.646822433019827780e+00 1.646435024755651844e+00 1.646256642975424844e+00 1.646110086353415936e+00 1.645987647282181721e+00 1.645911766122679643e+00 1.000000000000000020e+30
1.000000000000000020e+30 1.000000000000000020e+30 1.000000000000000020e+30 1.000000000000000020e+30 1.000000000000000020e+30 1.892843802728776170e+00 1.889792159322752685e+00 1.886043267767783416e+00 1.882223624203571255e+00 1.878586441338408575e+00 1.875277673505253651e+00 1.872405282374012492e+00 1.869916286772751679e+00 1.867862118693022211e+00 1.865984399687204975e+00 1.865230892424364573e+00 1.865230328038977259e+00 1.865438704045234486e+00 1.864445529582015926e+00 1.868490621022158793e+00 1.871537029382940309e+00 1.875062422216026592e+00 1.878125608030893234e+00 1.880509472233453216e+00 1.882126804423468469e+00 1.882907198711236019e+00 1.882775685328043958e+00 1.881646180080161601e+00 1.879416717364321698e+00 1.875970218282214663e+00 1.871178376291602996e+00 1.864907976912584031e+00 1.857028400878188323e+00 1.847419287941499011e+00 1.835978254479816218e+00 1.822628648299081444e+00 1.807324673592973552e+00 1.790045645544019459e+00 1.770783498260988242e+00 1.749621337862858450e+00 1.726958546062969502e+00 1.704321678906585369e+00 1.688760298137451210e+00 1.678044717722330992e+00 1.669716717288482366e+00 1.663556682955666055e+00 1.660947832341751917e+00 1.657899586158346761e+00 1.655997430780042912e+00 1.654526348616439657e+00 1.653591039593734324e+00 1.652976086732515615e+00 1.652606844731312696e+00 1.652378481353798279e+00 1.652237329250535902e+00 1.652161254898059761e+00 1.000000000000000020e+30
1.000000000000000020e+30 1.000000000000000020e+30 1.000000000000000020e+30 1.000000000000000020e+30 1.907358466005894870e+00 1.902147153364793120e+00 1.898554771851127310e+00 1.895293168223746827e+00 1.892240787191936002e+00 1.889450118368005249e+00 1.886987908918902113e+00 1.884900599341682526e+00 1.883193692856671264e+00 1.881879274995291063e+00 1.880941545032572826e+00 1.880569803714222887e+00 1.880587615836928794e+00 1.880596574087220363e+00 1.879951225866733910e+00 1.878126515746236791e+00 1.879940386040446887e+00 1.885384672012861307e+00 1.889602209378808517e+00 1.892900729889917422e+00 1.895321929164354380e+00 1.896830923615750120e+00 1.897365476165098652e+00 1.896843376743234222e+00 1.895152852067621296e+00 1.892156792935559828e+00 1.887698955635260356e+00 1.881613782666133883e+00 1.873737317418983084e+00 1.863917158083758352e+00 1.852022509427199815e+00 1.837957581843733701e+00 1.821677050553186517e+00 1.803169668450098628e+00 1.782329360064586421e+00 1.759019833147561274e+00 1.733019205650478289e+00 1.713982830160834636e+00 1.696896343302327637e+00 1.687940695789533763e+00 1.679681661361497547e+00 1.673112728044534592e+00 1.668550809282433933e+00 1.664983364324309933e+00 1.662434142756930022e+00 1.660636668604413613e+00 1.659447050307217397e+00 1.658690080106417941e+00 1.658238662762465898e+00 1.657979354440211495e+00 1.657831966790026090e+00 1.657755184497186729e+00 1.000000000000000020e+30
1.000000000000000020e+30 1.000000000000000020e+30 1.000000000000000020e+30 1.000000000000000020e+30 1.913353759668648069e+00 1.910558920373354175e+00 1.907683828917721147e+00 1.905037130869783768e+00 1.902681562370919233e+00 1.900646246154197749e+00 1.898956658482017446e+00 1.897635451457435840e+00 1.896691689448011697e+00 1.896127685238848670e+00 1.895935298211528730e+00 1.896117508152720843e+00 1.896548896324532718e+00 1.897000225293474118e+00 1.897220403948038925e+00 1.897214883360843984e+00 1.897824425203706866e+00 1.897541532378579809e+00 1.902628607227410118e+00 1.906818031196349850e+00 1.910091255814388767e+00 1.912399529645915974e+00 1.913685665426796412e+00 1.913880470099037501e+00 1.912857501651929359e+00 1.910452630071744151e+00 1.906470961322104696e+00 1.900702754587680232e+00 1.892939873591472200e+00 1.882987012569329321e+00 1.870670844075490225e+00 1.855860375425141484e+00 1.838526748346303474e+00 1.818796913410713367e+00 1.796401702603110273e+00 1.771040378654980874e+00 1.743459475564208105e+00 1.721386524889458869e+00 1.707820755359334086e+00 1.696708437885926513e+00 1.687489449997446878e+00 1.680166798056557997e+00 1.674644377945350815e+00 1.670515180321785920e+00 1.667569432945159136e+00 1.665579370074455223e+00 1.664309670568007604e+00 1.663547475683931909e+00 1.663130552660820882e+00 1.662917284464177081e+00 1.662796545816835669e+00 1.662725511039054860e+00 1.000000000000000020e+30
1.000000000000000020e+30 1.000000000000000020e+30 1.000000000000000020e+30 1.927915037022101430e+00 1.922955932061779283e+00 1.919839431831613430e+00 1.917338951444192308e+00 1.915253149168252067e+00 1.913545150645711068e+00 1.912212977930065394e+00 1.911257482395001261e+00 1.910686259458710179e+00 1.910501010075909223e+00 1.910693687956351861e+00 1.911241404692764823e+00 1.912100996015113630e+00 1.913173760932294742e+00 1.914317084326373264e+00 1.915394747228467143e+00 1.916364135514451394e+00 1.917277341336566909e+00 1.917650852683290275e+00 1.917252459654254615e+00 1.922374129084698513e+00 1.926566029888732823e+00 1.929743535668891008e+00 1.931857815198247952e+00 1.932897592490002925e+00 1.932701469953386431e+00 1.931070407690209434e+00 1.927753803306783142e+00 1.922480091971679794e+00 1.914984606457179162e+00 1.905018976234549744e+00 1.892346063447990279e+00 1.876739058244798475e+00 1.858131519264318188e+00 1.837341088268614087e+00 1.813569566774228647e+00 1.785271861949915495e+00 1.759857467009645182e+00 1.731487629894821634e+00 1.715957154577458565e+00 1.703198447325173559e+00 1.692976107478986414e+00 1.684964146571375609e+00 1.678863166198570012e+00 1.674360098199233482e+00 1.671227046545864736e+00 1.669267814760766910e+00 1.668128795715659196e+00 1.667532562657472850e+00 1.667295205967566529e+00 1.667236570792264949e+00 1.667178531612370174e+00 1.667107015493416888e+00 1.000000000000000020e+30
1.000000000000000020e+30 1.000000000000000020e+30 1.000000000000000020e+30 1.933777760580730698e+00 1.931563365620220463e+00 1.929323725263284661e+00 1.927410853077379249e+00 1.925911750920822785e+00 1.924836849006239081e+00 1.924183731402805186e+00 1.923945381708146218e+00 1.924120485287013516e+00 1.924703157904438022e+00 1.925676640153654473e+00 1.927008477909456730e+00 1.928645280483225699e+00 1.930503797007427025e+00 1.932477499971467338e+00 1.934457338515962466e+00 1.936351393417002020e+00 1.938053685040572738e+00 1.939314964046454426e+00 1.939915852205746472e+00 1.939665763878418270e+00 1.944883826718034614e+00 1.948996865904032205e+00 1.951962419635497437e+00 1.954014795892098366e+00 1.954844240562974678e+00 1.954229523985103745e+00 1.951832230539520152e+00 1.947289539902273603e+00 1.940269427380975964e+00 1.930474283626289589e+00 1.917602877014003449e+00 1.901181198613091983e+00 1.880380790255417267e+00 1.859214286272298677e+00 1.835480976026361288e+00 1.808584015696325986e+00 1.779138618708147934e+00 1.740073124950132222e+00 1.721030430371707665e+00 1.706802669546419793e+00 1.695857663526988190e+00 1.687421524746108847e+00 1.681027806211378595e+00 1.676355042793600481e+00 1.673211202753137616e+00 1.671623903173792502e+00 1.670890606284148872e+00 1.670652480452496924e+00 1.670779630785606429e+00 1.671054024195769427e+00 1.671066993183680349e+00 1.670925262497281905e+00 1.000000000000000020e+30
1.000000000000000020e+30 1.000000000000000020e+30 1.000000000000000020e+30 1.942785794467903004e+00 1.941106288886347508e+00 1.939359864192169436e+00 1.937960290043878597e+00 1.937026478807292618e+00 1.936572792607883065e+00 1.936588885800058613e+00 1.937065610338769339e+00 1.937995742365944185e+00 1.939367459766133006e+00 1.941158413470776223e+00 1.943331993553660597e+00 1.945834147528327174e+00 1.948590786494284632e+00 1.951510547593751088e+00 1.954491454909947246e+00 1.957423001666215967e+00 1.960169736072473246e+00 1.962542039437630059e+00 1.964333198302509187e+00 1.965319188619981450e+00 1.965233900972697345e+00 1.970347441919283682e+00 1.973946409117476541e+00 1.977332918676157902e+00 1.979414451494860616e+00 1.980151941097964663e+00 1.979024292333472879e+00 1.975520091989722227e+00 1.969234553699084511e+00 1.959857491252839701e+00 1.947191392764450857e+00 1.930694060450173000e+00 1.916110012319990341e+00 1.896511089253044346e+00 1.873123609569513626e+00 1.846685715716141374e+00 1.819928501099988827e+00 1.000000000000000020e+30 1.000000000000000020e+30 1.000000000000000020e+30 1.000000000000000020e+30 1.000000000000000020e+30 1.000000000000000020e+30 1.000000000000000020e+30 1.673158561605353700e+00 1.672634975715900918e+00 1.672650044488159571e+00 1.672916373424919723e+00 1.673635536011087277e+00 1.674654946164901181e+00 1.674632375293517272e+00 1.674133594350094567e+00 1.000000000000000020e+30
1.000000000000000020e+30 1.000000000000000020e+30 1.960129742483933901e+00 1.954456999868593670e+00 1.951684852958438965e+00 1.949991333972892482e+00 1.948997242122227913e+00 1.948602684958593789e+00 1.948764364280209493e+00 1.949453497705453398e+00 1.950655640608361940e+00 1.952359730850766306e+00 1.954550370459923858e+00 1.957202892752897716e+00 1.960280316820289137e+00 1.963731130476107589e+00 1.967487845624229958e+00 1.971467385780883319e+00 1.975572280608316689e+00 1.979689221113567266e+00 1.983681715733154105e+00 1.987381613423211624e+00 1.990593878612837209e+00 1.993084603391786169e+00 1.994524234348598934e+00 1.994278006594746300e+00 1.997227972403855079e+00 2.003060293510555923e+00 2.006445135430483973e+00 2.009060704824952026e+00 2.009708262764871911e+00 2.007627820707092781e+00 2.002351704126324350e+00 1.993537892263947953e+00 1.981549634011667615e+00 1.972013755795214207e+00 1.957626272217083185e+00 1.938262800323028223e+00 1.914354378352194130e+00 1.885501263413137618e+00 1.846356092951505268e+00 1.000000000000000020e+30 1.000000000000000020e+30 1.000000000000000020e+30 1.000000000000000020e+30 1.000000000000000020e+30 1.000000000000000020e+30 1.000000000000000020e+30 1.000000000000000020e+30 1.000000000000000020e+30 1.673683298658947605e+00 1.674259581375145745e+00 1.675726711334150743e+00 1.678841619344594305e+00 1.678222003114021810e+00 1.676394739009700707e+00 1.000000000000000020e+30
1.000000000000000020e+30 1.000000000000000020e+30 1.966896100278795245e+00 1.964263963647731703e+00 1.962196389180514977e+00 1.960946582300236329e+00 1.960450580605042736e+00 1.960627822843211243e+00 1.961421542478895885e+00 1.962800383317780506e+00 1.964747942297583538e+00 1.967252123523853591e+00 1.970297189899364865e+00 1.973859448895103785e+00 1.977904580943735446e+00 1.982385622471527942e+00 1.987241410571595424e+00 1.992395684178701387e+00 1.997756392792464419e+00 2.003214086679298678e+00 2.008638903517716123e+00 2.013878431015880821e+00 2.018760225488497539e+00 2.023095961289503197e+00 2.026700417708347413e+00 2.029503501121701969e+00 2.032153378863287063e+00 2.032479440226762080e+00 2.035508591455581051e+00 2.041215953537569128e+00 2.044402166213014738e+00 2.044200526159398734e+00 2.040244721605571243e+00 2.031580356991200098e+00 2.027787188174338784e+00 2.019258652728709968e+00 2.005119288735521366e+00 1.985457645868790255e+00 1.961297006673602628e+00 1.935216246989282407e+00 1.000000000000000020e+30 1.000000000000000020e+30 1.000000000000000020e+30 1.000000000000000020e+30 1.000000000000000020e+30 1.000000000000000020e+30 1.000000000000000020e+30 1.000000000000000020e+30 1.000000000000000020e+30 1.000000000000000020e+30 1.000000000000000020e+30 1.000000000000000020e+30 1.000000000000000020e+30 1.686833750771459250e+00 1.682595999230933614e+00 1.000000000000000020e+30 1.000000000000000020e+30
1.000000000000000020e+30 1.982617049775958984e+00 1.977422645502405540e+00 1.974612203116607567e+00 1.972967542878773850e+00 1.972240093620839074e+00 1.972311469984989740e+00 1.973102615744412036e+00 1.974558724897943485e+00 1.976652750529922731e+00 1.979371688320592293e+00 1.982706201347870456e+00 1.986643948616640287e+00 1.991165664810699010e+00 1.996242630080617309e+00 2.001834520349946356e+00 2.007887452713532639e+00 2.014332357357700776e+00 2.021083664245546530e+00 2.028038110753451750e+00 2.035073823005911997e+00 2.042050750751827959e+00 2.048813969928063639e+00 2.055200773961784133e+00 2.061057266274433974e+00 2.066274609154974851e+00 2.070807968198986160e+00 2.074150847490392024e+00 2.076885784243797328e+00 2.077346296229998668e+00 2.083954765966472777e+00 2.085994740138988668e+00 2.084288198721496066e+00 2.079686284654206574e+00 2.080132950670579017e+00 2.073448101648331487e+00 2.059400710012968982e+00 2.038309432416778311e+00 2.011184360751886224e+00 1.972648231411018971e+00 1.000000000000000020e+30 1.000000000000000020e+30 1.000000000000000020e+30 1.000000000000000020e+30 1.000000000000000020e+30 1.000000000000000020e+30 1.000000000000000020e+30 1.000000000000000020e+30 1.000000000000000020e+30 1.000000000000000020e+30 1.000000000000000020e+30 1.000000000000000020e+30 1.000000000000000020e+30 1.000000000000000020e+30 1.000000000000000020e+30 1.000000000000000020e+30 1.000000000000000020e+30
1.000000000000000020e+30 1.989039734959677785e+00 1.986737417936465633e+00 1.984940286736320170e+00 1.983986567795755773e+00 1.983892803763488644e+00 1.984600024318337930e+00 1.986048299035926057e+00 1.988199901156806115e+00 1.991037230232095112e+00 1.994554936287740832e+00 1.998750564192983248e+00 2.003619011671617489e+00 2.009149013045213650e+00 2.015320592420259960e+00 2.022102553851004458e+00 2.029449957548391303e+00 2.037301908774699299e+00 2.045579962079874026e+00 2.054187294320947377e+00 2.063008850760267521e+00 2.071912860107229637e+00 2.080754016669712936e+00 2.089377817659544334e+00 2.097624682122445794e+00 2.105327575441530374e+00 2.112274085756951969e+00 2.118068107054995153e+00 2.122188935498739326e+00 2.122829354108605848e+00 2.129762675581579057e+00 2.133229778713099822e+00 2.132907091775574138e+00 2.138260291930162538e+00 2.141271242077759762e+00 2.136637166393283049e+00 2.122292406486067318e+00 2.098647942865818461e+00 2.073782473384227387e+00 1.000000000000000020e+30 1.000000000000000020e+30 1.000000000000000020e+30 1.000000000000000020e+30 1.000000000000000020e+30 1.000000000000000020e+30 1.000000000000000020e+30 1.000000000000000020e+30 1.000000000000000020e+30 1.000000000000000020e+30 1.000000000000000020e+30 1.000000000000000020e+30 1.000000000000000020e+30 1.000000000000000020e+30 1.000000000000000020e+30 1.000000000000000020e+30 1.000000000000000020e+30 1.000000000000000020e+30
2.003564983113063303e+00 1.999024980199274770e+00 1.996785863635133884e+00 1.995634889548292490e+00 1.995383211183181071e+00 1.995971439576662565e+00 1.997358374151071869e+00 1.999500798885496922e+00 2.002377672538441011e+00 2.005984003236113367e+00 2.010325460254660523e+00 2.015410170240083065e+00 2.021244047285029932e+00 2.027827607922647157e+00 2.035153218613634074e+00 2.043201908997526406e+00 2.051939944764592294e+00 2.061315883330628651e+00 2.071258697400896409e+00 2.081677215733613195e+00 2.092460994525486395e+00 2.103482638272796912e+00 2.114601379802452996e+00 2.125666034614721145e+00 2.136512916304588394e+00 2.146953832147591168e+00 2.156745871226513955e+00 2.165541753308132922e+00 2.172875985522278786e+00 2.178074691208717883e+00 2.180974711934993149e+00 2.186206231381294884e+00 2.192013715844392863e+00 2.201151535036430573e+00 2.212055215338182279e+00 2.211527487443612383e+00 2.196398160804600153e+00 2.162820599150248047e+00 2.119805700213929889e+00 1.000000000000000020e+30 1.000000000000000020e+30 1.000000000000000020e+30 1.000000000000000020e+30 1.000000000000000020e+30 1.000000000000000020e+30 1.000000000000000020e+30 1.000000000000000020e+30 1.000000000000000020e+30 1.000000000000000020e+30 1.000000000000000020e+30 1.000000000000000020e+30 1.000000000000000020e+30 1.000000000000000020e+30 1.000000000000000020e+30 1.000000000000000020e+30 1.000000000000000020e+30 1.000000000000000020e+30
2.009460281627095224e+00 2.008006511252173887e+00 2.007017404892311507e+00 2.006735856033130538e+00 2.007244772162979807e+00 2.008550962272284579e+00 2.010646425536883442e+00 2.013508571964811367e+00 2.017132563732546124e+00 2.021527281856949632e+00 2.026711586091150430e+00 2.032707168275853959e+00 2.039534579754464616e+00 2.047210258161126895e+00 2.055743300090022263e+00 2.065131038802856978e+00 2.075353992407166448e+00 2.086371762399599206e+00 2.098120790200779684e+00 2.110514066770151853e+00 2.123442774011040424e+00 2.136779628536274345e+00 2.150384746963069027e+00 2.164111608182883728e+00 2.177803583434323897e+00 2.191280468099079837e+00 2.204316992626730087e+00 2.216626232302677746e+00 2.227884856161944871e+00 2.237828760009219931e+00 2.246614296449211956e+00 2.255422961520675340e+00 2.264673204543972140e+00 2.279275791364612225e+00 2.296669871004222596e+00 2.303424483114636434e+00 2.291374567269614637e+00 2.260985012761160373e+00 2.169296316945792391e+00 1.000000000000000020e+30 1.000000000000000020e+30 1.000000000000000020e+30 1.000000000000000020e+30 1.000000000000000020e+30 1.000000000000000020e+30 1.000000000000000020e+30 1.000000000000000020e+30 1.000000000000000020e+30 1.000000000000000020e+30 1.000000000000000020e+30 1.000000000000000020e+30 1.000000000000000020e+30 1.000000000000000020e+30 1.000000000000000020e+30 1.000000000000000020e+30 1.000000000000000020e+30 1.000000000000000020e+30
2.018191743018659778e+00 2.017887200649364221e+00 2.017875757310684914e+00 2.018422035418355520e+00 2.019686011565200445e+00 2.021717551241490440e+00 2.024533577278833540e+00 2.028128580014179949e+00 2.032511775488000438e+00 2.037705564723277352e+00 2.043743046888558457e+00 2.050661756683989090e+00 2.058500370772661014e+00 2.067295979377312243e+00 2.077080155135607065e+00 2.087872345478789526e+00 2.099671607930450712e+00 2.112450602194437366e+00 2.126153051252809956e+00 2.140693864100798649e+00 2.155961850424405135e+00 2.171823302450734516e+00 2.188132579585426285e+00 2.204750586185109107e+00 2.221540386921083687e+00 2.238350142901782025e+00 2.254987241968500200e+00 2.271197719879648247e+00 2.286702326003518415e+00 2.301283605709781632e+00 2.314814117583299247e+00 2.326823740703955590e+00 2.349753465571816857e+00 2.372570961658239774e+00 2.394796479131482858e+00 2.405112192332377052e+00 2.406393057907832755e+00 2.388664733787132732e+00 1.000000000000000020e+30 1.000000000000000020e+30 1.000000000000000020e+30 1.000000000000000020e+30 1.000000000000000020e+30 1.000000000000000020e+30 1.000000000000000020e+30 1.000000000000000020e+30 1.000000000000000020e+30 1.000000000000000020e+30 1.000000000000000020e+30 1.000000000000000020e+30 1.000000000000000020e+30 1.000000000000000020e+30 1.000000000000000020e+30 1.000000000000000020e+30 1.000000000000000020e+30 1.000000000000000020e+30 1.000000000000000020e+30
2.028661970088121880e+00 2.028899910796394757e+00 2.029577832796217063e+00 2.030836816486041307e+00 2.032812735629066836e+00 2.035556752892714538e+00 2.039092578241677334e+00 2.043423356510367661e+00 2.048568423850292586e+00 2.054562217951970915e+00 2.061452241420326459e+00 2.069293466925491209e+00 2.078145997711442483e+00 2.088073122115560398e+00 2.099136959539509739e+00 2.111388237136733625e+00 2.124850861741778285e+00 2.139512935680717209e+00 2.155324896231972875e+00 2.172200253923009416e+00 2.190021194447824282e+00 2.208636303318943117e+00 2.227875009873044210e+00 2.247609366257831809e+00 2.267738429933176203e+00 2.288163517487773468e+00 2.308743639060362618e+00 2.329219521956788164e+00 2.349266649380274519e+00 2.368684848424209122e+00 2.387496545523834612e+00 2.405839575471730107e+00 2.438103371779968942e+00 2.469749370914042341e+00 2.492831754815695078e+00 2.507553895099841945e+00 2.514482586831234823e+00 2.501914914242339361e+00 1.000000000000000020e+30 1.000000000000000020e+30 1.000000000000000020e+30 1.000000000000000020e+30 1.000000000000000020e+30 1.000000000000000020e+30 1.000000000000000020e+30 1.000000000000000020e+30 1.000000000000000020e+30 1.000000000000000020e+30 1.000000000000000020e+30 1.000000000000000020e+30 1.000000000000000020e+30 1.000000000000000020e+30 1.000000000000000020e+30 1.000000000000000020e+30 1.000000000000000020e+30 1.000000000000000020e+30 1.000000000000000020e+30
2.040393136180128852e+00 2.040965819995257835e+00 2.042172464196865711e+00 2.044056801856407812e+00 2.046705131094683772e+00 2.050146489034851527e+00 2.054396974637517914e+00 2.059460391461472639e+00 2.065362204799564338e+00 2.072147102511355587e+00 2.079876529929327589e+00 2.088623575277226863e+00 2.098472356034660535e+00 2.109518449458956724e+00 2.121866382660594130e+00 2.135614688646317649e+00 2.150821571469615723e+00 2.167492377127314018e+00 2.185583103523282222e+00 2.204999635082199649e+00 2.225619092820527278e+00 2.247257120226970883e+00 2.269655616975905676e+00 2.292712804899579293e+00 2.316387862322631275e+00 2.340678883750558992e+00 2.365570873447355726e+00 2.390743668831725621e+00 2.415635342224042859e+00 2.439964379222792523e+00 2.464014119004363845e+00 2.490440690400927082e+00 2.530723262922383920e+00 2.562862553248226316e+00 2.587559595755915876e+00 2.604195360841725648e+00 2.603330439222173442e+00 2.556377834866471410e+00 1.000000000000000020e+30 1.000000000000000020e+30 1.000000000000000020e+30 1.000000000000000020e+30 1.000000000000000020e+30 1.000000000000000020e+30 1.000000000000000020e+30 1.000000000000000020e+30 1.000000000000000020e+30 1.000000000000000020e+30 1.000000000000000020e+30 1.000000000000000020e+30 1.000000000000000020e+30 1.000000000000000020e+30 1.000000000000000020e+30 1.000000000000000020e+30 1.000000000000000020e+30 1.000000000000000020e+30 1.000000000000000020e+30
2.053123296868539782e+00 2.053965713005408755e+00 2.055640902821417537e+00 2.058116593359362589e+00 2.061424239318720542e+00 2.065559770325045896e+00 2.070523310083010493e+00 2.076314301936273310e+00 2.082961835244234727e+00 2.090519617093223204e+00 2.099062159491434265e+00 2.108679682365257602e+00 2.119480602751334875e+00 2.131597169418069093e+00 2.145193133792230533e+00 2.160450569459115400e+00 2.177475201110567138e+00 2.196286161409847448e+00 2.216845376663993950e+00 2.239029058397618677e+00 2.262741214148037638e+00 2.287775835210614783e+00 2.313555918382355081e+00 2.340100781090650894e+00 2.367451416266817876e+00 2.395754117141427386e+00 2.425410755812446251e+00 2.455973660729228403e+00 2.486117413203807303e+00 2.515194891601490568e+00 2.542726656865529566e+00 2.584067727314588225e+00 2.622505895070289306e+00 2.656042754104066983e+00 2.684748557102483613e+00 2.703866937811790105e+00 2.705850883053829037e+00 1.000000000000000020e+30 1.000000000000000020e+30 1.000000000000000020e+30 1.000000000000000020e+30 1.000000000000000020e+30 1.000000000000000020e+30 1.000000000000000020e+30 1.000000000000000020e+30 1.000000000000000020e+30 1.000000000000000020e+30 1.000000000000000020e+30 1.000000000000000020e+30 1.000000000000000020e+30 1.000000000000000020e+30 1.000000000000000020e+30 1.000000000000000020e+30 1.000000000000000020e+30 1.000000000000000020e+30 1.000000000000000020e+30 1.000000000000000020e+30
2.066661846387569668e+00 2.067781493222919487e+00 2.069943782630164986e+00 2.073035781228475205e+00 2.077026869737690351e+00 2.081873716910200400e+00 2.087557214468240385e+00 2.094071364142328751e+00 2.101448936466927986e+00 2.109752914138607327e+00 2.119070086437227829e+00 2.129503783308684728e+00 2.141181838220799438e+00 2.154267492975739717e+00 2.168999101930646045e+00 2.185738880210450485e+00 2.204651341901427308e+00 2.225740175303785318e+00 2.249001354479836401e+00 2.274166994851118950e+00 2.301305164913855172e+00 2.330448080886148521e+00 2.359729381264937587e+00 2.389864397193355749e+00 2.420892339418453165e+00 2.452957469926188683e+00 2.487984538370209275e+00 2.525640721604841321e+00 2.562668587220815919e+00 2.598382153672171846e+00 2.633271045776309993e+00 2.672583025561283243e+00 2.711532491160742353e+00 2.746680943562427313e+00 2.782661980619448361e+00 2.802571572182801951e+00 2.807715959544012652e+00 1.000000000000000020e+30 1.000000000000000020e+30 1.000000000000000020e+30 1.000000000000000020e+30 1.000000000000000020e+30 1.000000000000000020e+30 1.000000000000000020e+30 1.000000000000000020e+30 1.000000000000000020e+30 1.000000000000000020e+30 1.000000000000000020e+30 1.000000000000000020e+30 1.000000000000000020e+30 1.000000000000000020e+30 1.000000000000000020e+30 1.000000000000000020e+30 1.000000000000000020e+30 1.000000000000000020e+30 1.000000000000000020e+30 1.000000000000000020e+30
2.080815885757370864e+00 2.082289261720695617e+00 2.085040619350366775e+00 2.088840694460819325e+00 2.093582865399023163e+00 2.099181949559638660e+00 2.105601991348602375e+00 2.112835499018036689e+00 2.120922393276833962e+00 2.129938034369245337e+00 2.139983088684304313e+00 2.151164513771369080e+00 2.163619317378809637e+00 2.177504031633094250e+00 2.193085474072606900e+00 2.211230625169291919e+00 2.232127372060521697e+00 2.255610946354413393e+00 2.281967268349615274e+00 2.310182735503610196e+00 2.340861557018479644e+00 2.376603395153430220e+00 2.409665226658315174e+00 2.443858276170657540e+00 2.478970135915431694e+00 2.513399441550200120e+00 2.554948896212753340e+00 2.603866001924889151e+00 2.649101243998814859e+00 2.691228648168925819e+00 2.727538900119903520e+00 2.767670150423712450e+00 2.808618312025760844e+00 2.838778843090316251e+00 2.874766330074205900e+00 2.898689202608813797e+00 2.920417710400529110e+00 2.961695881212889958e+00 1.000000000000000020e+30 1.000000000000000020e+30 1.000000000000000020e+30 1.000000000000000020e+30 1.000000000000000020e+30 1.000000000000000020e+30 1.000000000000000020e+30 1.000000000000000020e+30 1.000000000000000020e+30 1.000000000000000020e+30 1.000000000000000020e+30 1.000000000000000020e+30 1.000000000000000020e+30 1.000000000000000020e+30 1.000000000000000020e+30 1.000000000000000020e+30 1.000000000000000020e+30 1.000000000000000020e+30 1.000000000000000020e+30
2.095320079854790851e+00 2.097344170782551309e+00 2.100906158936711510e+00 2.105587749372429762e+00 2.111195217342218378e+00 2.117609396808904254e+00 2.124788661855756544e+00 2.132734845810341007e+00 2.141501840487744168e+00 2.151184775348790268e+00 2.161912057485584349e+00 2.173768817841553513e+00 2.186912095332568473e+00 2.201402619841508201e+00 2.217048547933542668e+00 2.236507039977242872e+00 2.259664648510647744e+00 2.285383984695807502e+00 2.317606750282873662e+00 2.349304044571540295e+00 2.382403979596762422e+00 2.418021522785760435e+00 2.451417439108533269e+00 2.489658927794775600e+00 2.530711888485323247e+00 2.578430448668854069e+00 2.626507172337309459e+00 2.677967228849920112e+00 2.729105823892474803e+00 2.778237384639827834e+00 2.823006116047409364e+00 2.863452154390566218e+00 2.897469268143641585e+00 2.924796455924549843e+00 2.959687847554469009e+00 2.983863882656862643e+00 3.000382455138916438e+00 3.009500083297346418e+00 1.000000000000000020e+30 1.000000000000000020e+30 1.000000000000000020e+30 1.000000000000000020e+30 1.000000000000000020e+30 1.000000000000000020e+30 1.000000000000000020e+30 1.000000000000000020e+30 1.000000000000000020e+30 1.000000000000000020e+30 1.000000000000000020e+30 1.000000000000000020e+30 1.000000000000000020e+30 1.000000000000000020e+30 1.000000000000000020e+30 1.000000000000000020e+30 1.000000000000000020e+30 1.000000000000000020e+30 1.000000000000000020e+30
2.109714551149730166e+00 2.112780464486678333e+00 2.117568222515436638e+00 2.123398703977003255e+00 2.130025201640936228e+00 2.137329162838242702e+00 2.145286539291106909e+00 2.153928757956240059e+00 2.163329918272399954e+00 2.173611292990041299e+00 2.185001609120212684e+00 2.197446535525025890e+00 2.211291155634968586e+00 2.226657329980341604e+00 2.239793026696453637e+00 2.260783360443632706e+00 2.288351550220518060e+00 2.315714529702614044e+00 2.347095483041544917e+00 2.380210482810652728e+00 2.415577924246733232e+00 2.456395110635524848e+00 2.504444181547858417e+00 2.547861428046668486e+00 2.590528509228276821e+00 2.636207160957641182e+00 2.686298423463415297e+00 2.741901773623199201e+00 2.799221412424785171e+00 2.856102149850705985e+00 2.906984423155737129e+00 2.948915485930969638e+00 2.978280171179970903e+00 3.008967261084845912e+00 3.042156052356419949e+00 3.063486808577340792e+00 3.074470278001304901e+00 3.073206230682471674e+00 1.000000000000000020e+30 1.000000000000000020e+30 1.000000000000000020e+30 1.000000000000000020e+30 1.000000000000000020e+30 1.000000000000000020e+30 1.000000000000000020e+30 1.000000000000000020e+30 1.000000000000000020e+30 1.000000000000000020e+30 1.000000000000000020e+30 1.000000000000000020e+30 1.000000000000000020e+30 1.000000000000000020e+30 1.000000000000000020e+30 1.000000000000000020e+30 1.000000000000000020e+30 1.000000000000000020e+30 1.000000000000000020e+30
2.123047929200816419e+00 2.128511111753184082e+00 2.135207828180010203e+00 2.142515485156730293e+00 2.150320776348486618e+00 2.158579711920642019e+00 2.167312472255948919e+00 2.176616651149859472e+00 2.186581415358747726e+00 2.197293938964574256e+00 2.209472289255137945e+00 2.222235338404540350e+00 2.236738874855178416e+00 2.256829636056469468e+00 2.274036187322723723e+00 2.301636141780353917e+00 2.329697225227852275e+00 2.359170356399920898e+00 2.394317694269649799e+00 2.429788837794176981e+00 2.467408228117502045e+00 2.517445748857566112e+00 2.569099867814045091e+00 2.615065928683480312e+00 2.657224846365222160e+00 2.699272104873197353e+00 2.749757201991568145e+00 2.804773328381936270e+00 2.865776274950586622e+00 2.932823347905110012e+00 2.989107007739313815e+00 3.033531953740354670e+00 3.064419956779185217e+00 3.097466059360932000e+00 3.123215205615507806e+00 3.140149703777131318e+00 3.147439706559310491e+00 3.142779443398975747e+00 1.000000000000000020e+30 1.000000000000000020e+30 1.000000000000000020e+30 1.000000000000000020e+30 1.000000000000000020e+30 1.000000000000000020e+30 1.000000000000000020e+30 1.000000000000000020e+30 1.000000000000000020e+30 1.000000000000000020e+30 1.000000000000000020e+30 1.000000000000000020e+30 1.000000000000000020e+30 1.000000000000000020e+30 1.000000000000000020e+30 1.000000000000000020e+30 1.000000000000000020e+30 1.000000000000000020e+30 1.000000000000000020e+30
2.133007138723581164e+00 2.145123847601769995e+00 2.154368217670918906e+00 2.163356056218169066e+00 2.172433055947923464e+00 2.181678956552044024e+00 2.191133688466430751e+00 2.201047766710141573e+00 2.211539232537381050e+00 2.222026552004064293e+00 2.237272263110547943e+00 2.250514217320742638e+00 2.262956469502615864e+00 2.283563489111248401e+00 2.313231623459983677e+00 2.345060427187277252e+00 2.375290986118626879e+00 2.405273881372400169e+00 2.459874215769227490e+00 2.510735614129139481e+00 2.574175729842380189e+00 2.688900484471306918e+00 2.748893599492852946e+00 2.791183277488448411e+00 2.819829425093109521e+00 2.819991098683397368e+00 2.860091934664674707e+00 2.923475169213483049e+00 3.028565023508353438e+00 3.040557274031652657e+00 3.082404352299737749e+00 3.123175845100448100e+00 3.154973266999462123e+00 3.179922573842092870e+00 3.199719978483205995e+00 3.213052679672993683e+00 3.218906086070166594e+00 3.215202217809148610e+00 1.000000000000000020e+30 1.000000000000000020e+30 1.000000000000000020e+30 1.000000000000000020e+30 1.000000000000000020e+30 1.000000000000000020e+30 1.000000000000000020e+30 1.000000000000000020e+30 1.000000000000000020e+30 1.000000000000000020e+30 1.000000000000000020e+30 1.000000000000000020e+30 1.000000000000000020e+30 1.000000000000000020e+30 1.000000000000000020e+30 1.000000000000000020e+30 1.000000000000000020e+30 1.000000000000000020e+30 1.000000000000000020e+30
1.000000000000000020e+30 2.166839306189156655e+00 2.176061016417708327e+00 2.186423562609867144e+00 2.196786232791791083e+00 2.207040769074445130e+00 2.217021495270300235e+00 2.227459323838705263e+00 2.240024471616394397e+00 2.249639331325913982e+00 2.262954204686217885e+00 2.275740203490190794e+00 2.301417361989299248e+00 2.327500521822946755e+00 2.358636274712281988e+00 2.411914627793593002e+00 2.467168213584684189e+00 2.763694417840654616e+00 2.596160535985406526e+00 2.614347262866975274e+00 1.000000000000000020e+30 2.877494287473452150e+00 2.907772426554829703e+00 2.938585116786817775e+00 2.958413753379007360e+00 1.000000000000000020e+30 1.000000000000000020e+30 1.000000000000000020e+30 3.265832587332762493e+00 3.221332631875924335e+00 3.183964054523281462e+00 3.212682812000623223e+00 3.235576229920443581e+00 3.254083424960873216e+00 3.269220405218882686e+00 3.279932561081244202e+00 3.286388140775071687e+00 3.291824201943359451e+00 3.310577437913151400e+00 1.000000000000000020e+30 1.000000000000000020e+30 1.000000000000000020e+30 1.000000000000000020e+30 1.000000000000000020e+30 1.000000000000000020e+30 1.000000000000000020e+30 1.000000000000000020e+30 1.000000000000000020e+30 1.000000000000000020e+30 1.000000000000000020e+30 1.000000000000000020e+30 1.000000000000000020e+30 1.000000000000000020e+30 1.000000000000000020e+30 1.000000000000000020e+30 1.000000000000000020e+30 1.000000000000000020e+30
1.000000000000000020e+30 2.181702024656134054e+00 2.199032584297287318e+00 2.211950893963585241e+00 2.223812029540454649e+00 2.235309267015720636e+00 2.245140069205724842e+00 2.256473725357684312e+00 2.265783433045970519e+00 2.271254372100576902e+00 2.292161240112670306e+00 2.342393794990421441e+00 2.373084800020925034e+00 2.432387886219787632e+00 2.727383948866968666e+00 2.552958810663943812e+00 2.576481050391544958e+00 1.000000000000000020e+30 1.000000000000000020e+30 1.000000000000000020e+30 1.000000000000000020e+30 1.000000000000000020e+30 1.000000000000000020e+30 1.000000000000000020e+30 1.000000000000000020e+30 1.000000000000000020e+30 1.000000000000000020e+30 1.000000000000000020e+30 3.401201691011660255e+00 3.377465965410347160e+00 3.344260629984542099e+00 3.294407314638563289e+00 3.304181807096870482e+00 3.318059942272469698e+00 3.329580316828264053e+00 3.337475577797968551e+00 3.341260843741688635e+00 3.341450450074364475e+00 3.337744639148084502e+00 1.000000000000000020e+30 1.000000000000000020e+30 1.000000000000000020e+30 1.000000000000000020e+30 1.000000000000000020e+30 1.000000000000000020e+30 1.000000000000000020e+30 1.000000000000000020e+30 1.000000000000000020e+30 1.000000000000000020e+30 1.000000000000000020e+30 1.000000000000000020e+30 1.000000000000000020e+30 1.000000000000000020e+30 1.000000000000000020e+30 1.000000000000000020e+30 1.000000000000000020e+30 1.000000000000000020e+30
1.000000000000000020e+30 1.000000000000000020e+30 2.228990979082302371e+00 2.241179984726117347e+00 2.253903861492323024e+00 2.268414070297143592e+00 2.277420672021385428e+00 2.282758125864033261e+00 2.292941470212051414e+00 2.351752432128522585e+00 2.392971838565992382e+00 2.431248294042236857e+00 1.000000000000000020e+30 1.000000000000000020e+30 1.000000000000000020e+30 1.000000000000000020e+30 1.000000000000000020e+30 1.000000000000000020e+30 1.000000000000000020e+30 1.000000000000000020e+30 1.000000000000000020e+30 1.000000000000000020e+30 1.000000000000000020e+30 1.000000000000000020e+30 1.000000000000000020e+30 1.000000000000000020e+30 1.000000000000000020e+30 1.000000000000000020e+30 1.000000000000000020e+30 1.000000000000000020e+30 3.424812650485642873e+00 3.365046602150583599e+00 3.360522749432513834e+00 3.370353042459085291e+00 3.379909244413960678e+00 3.385453335347780701e+00 3.386027466163835875e+00 3.381238638534775021e+00 3.369761616115329872e+00 1.000000000000000020e+30 1.000000000000000020e+30 1.000000000000000020e+30 1.000000000000000020e+30 1.000000000000000020e+30 1.000000000000000020e+30 1.000000000000000020e+30 1.000000000000000020e+30 1.000000000000000020e+30 1.000000000000000020e+30 1.000000000000000020e+30 1.000000000000000020e+30 1.000000000000000020e+30 1.000000000000000020e+30 1.000000000000000020e+30 1.000000000000000020e+30 1.000000000000000020e+30 1.000000000000000020e+30
1.000000000000000020e+30 1.000000000000000020e+30 2.249525099794162486e+00 2.273691450585590967e+00 2.288877140334556248e+00 2.301631666378272545e+00 2.311314026830757484e+00 2.337677371400781912e+00 2.413650601702689968e+00 2.452929919250145030e+00 1.000000000000000020e+30 1.000000000000000020e+30 1.000000000000000020e+30 1.000000000000000020e+30 1.000000000000000020e+30 1.000000000000000020e+30 1.000000000000000020e+30 1.000000000000000020e+30 1.000000000000000020e+30 1.000000000000000020e+30 1.000000000000000020e+30 1.000000000000000020e+30 1.000000000000000020e+30 1.000000000000000020e+30 1.000000000000000020e+30 1.000000000000000020e+30 1.000000000000000020e+30 1.000000000000000020e+30 1.000000000000000020e+30 1.000000000000000020e+30 1.000000000000000020e+30 3.438233594692274409e+00 3.411936906960882698e+00 3.414010127802473704e+00 3.420514874137520422e+00 3.424652961424774933e+00 3.422385698134294607e+00 3.413924631586090275e+00 3.399028427922201168e+00 1.000000000000000020e+30 1.000000000000000020e+30 1.000000000000000020e+30 1.000000000000000020e+30 1.000000000000000020e+30 1.000000000000000020e+30 1.000000000000000020e+30 1.000000000000000020e+30 1.000000000000000020e+30 1.000000000000000020e+30 1.000000000000000020e+30 1.000000000000000020e+30 1.000000000000000020e+30 1.000000000000000020e+30 1.000000000000000020e+30 1.000000000000000020e+30 1.000000000000000020e+30 1.000000000000000020e+30
1.000000000000000020e+30 1.000000000000000020e+30 1.000000000000000020e+30 2.309863243472106475e+00 2.324133826319759510e+00 2.339572170743509538e+00 2.385187377407847809e+00 2.465628546359369011e+00 2.521837291773183498e+00 1.000000000000000020e+30 1.000000000000000020e+30 1.000000000000000020e+30 1.000000000000000020e+30 1.000000000000000020e+30 1.000000000000000020e+30 1.000000000000000020e+30 1.000000000000000020e+30 1.000000000000000020e+30 1.000000000000000020e+30 1.000000000000000020e+30 1.000000000000000020e+30 1.000000000000000020e+30 1.000000000000000020e+30 1.000000000000000020e+30 1.000000000000000020e+30 1.000000000000000020e+30 1.000000000000000020e+30 1.000000000000000020e+30 1.000000000000000020e+30 1.000000000000000020e+30 1.000000000000000020e+30 1.000000000000000020e+30 3.484331980612096480e+00 3.460510263009674237e+00 3.455802336368324124e+00 3.456469800880684673e+00 3.451123302047516717e+00 3.439214823432110713e+00 3.422284294526113602e+00 1.000000000000000020e+30 1.000000000000000020e+30 1.000000000000000020e+30 1.000000000000000020e+30 1.000000000000000020e+30 1.000000000000000020e+30 1.000000000000000020e+30 1.000000000000000020e+30 1.000000000000000020e+30 1.000000000000000020e+30 1.000000000000000020e+30 1.000000000000000020e+30 1.000000000000000020e+30 1.000000000000000020e+30 1.000000000000000020e+30 1.000000000000000020e+30 1.000000000000000020e+30 1.000000000000000020e+30
1.000000000000000020e+30 1.000000000000000020e+30 1.000000000000000020e+30 2.324835926152335475e+00 2.359524287459081826e+00 2.460613696070367507e+00 2.542833892460623524e+00 2.583205494951631209e+00 1.000000000000000020e+30 1.000000000000000020e+30 1.000000000000000020e+30 1.000000000000000020e+30 1.000000000000000020e+30 1.000000000000000020e+30 1.000000000000000020e+30 1.000000000000000020e+30 1.000000000000000020e+30 1.000000000000000020e+30 1.000000000000000020e+30 1.000000000000000020e+30 1.000000000000000020e+30 1.000000000000000020e+30 1.000000000000000020e+30 1.000000000000000020e+30 1.000000000000000020e+30 1.000000000000000020e+30 1.000000000000000020e+30 1.000000000000000020e+30 1.000000000000000020e+30 1.000000000000000020e+30 1.000000000000000020e+30 1.000000000000000020e+30 1.000000000000000020e+30 3.531408586434624741e+00 3.501539848694559254e+00 3.482590736816152166e+00 3.472606816987680478e+00 3.455694252895325835e+00 3.437624612405114188e+00 1.000000000000000020e+30 1.000000000000000020e+30 1.000000000000000020e+30 1.000000000000000020e+30 1.000000000000000020e+30 1.000000000000000020e+30 1.000000000000000020e+30 1.000000000000000020e+30 1.000000000000000020e+30 1.000000000000000020e+30 1.000000000000000020e+30 1.000000000000000020e+30 1.000000000000000020e+30 1.000000000000000020e+30 1.000000000000000020e+30 1.000000000000000020e+30 1.000000000000000020e+30 1.000000000000000020e+30
1.000000000000000020e+30 1.000000000000000020e+30 1.000000000000000020e+30 1.000000000000000020e+30 2.744949196467561414e+00 2.657386801534463050e+00 2.679085256848150909e+00 1.000000000000000020e+30 1.000000000000000020e+30 1.000000000000000020e+30 1.000000000000000020e+30 1.000000000000000020e+30 1.000000000000000020e+30 1.000000000000000020e+30 1.000000000000000020e+30 1.000000000000000020e+30 1.000000000000000020e+30 1.000000000000000020e+30 1.000000000000000020e+30 1.000000000000000020e+30 1.000000000000000020e+30 1.000000000000000020e+30 1.000000000000000020e+30 1.000000000000000020e+30 1.000000000000000020e+30 1.000000000000000020e+30 1.000000000000000020e+30 1.000000000000000020e+30 1.000000000000000020e+30 1.000000000000000020e+30 1.000000000000000020e+30 1.000000000000000020e+30 1.000000000000000020e+30 1.000000000000000020e+30 3.551088647251468444e+00 3.502670130137688798e+00 3.488031309208525332e+00 3.459498601666683992e+00 3.443994932431071465e+00 1.000000000000000020e+30 1.000000000000000020e+30 1.000000000000000020e+30 1.000000000000000020e+30 1.000000000000000020e+30 1.000000000000000020e+30 1.000000000000000020e+30 1.000000000000000020e+30 1.000000000000000020e+30 1.000000000000000020e+30 1.000000000000000020e+30 1.000000000000000020e+30 1.000000000000000020e+30 1.000000000000000020e+30 1.000000000000000020e+30 1.000000000000000020e+30 1.000000000000000020e+30 1.000000000000000020e+30
1.000000000000000020e+30 1.000000000000000020e+30 1.000000000000000020e+30 1.000000000000000020e+30 3.034547276827732620e+00 1.000000000000000020e+30 1.000000000000000020e+30 1.000000000000000020e+30 1.000000000000000020e+30 1.000000000000000020e+30 1.000000000000000020e+30 1.000000000000000020e+30 1.000000000000000020e+30 1.000000000000000020e+30 1.000000000000000020e+30 1.000000000000000020e+30 1.000000000000000020e+30 1.000000000000000020e+30 1.000000000000000020e+30 1.000000000000000020e+30 1.000000000000000020e+30 1.000000000000000020e+30 1.000000000000000020e+30 1.000000000000000020e+30 1.000000000000000020e+30 1.000000000000000020e+30 1.000000000000000020e+30 1.000000000000000020e+30 1.000000000000000020e+30 1.000000000000000020e+30 1.000000000000000020e+30 1.000000000000000020e+30 1.000000000000000020e+30 1.000000000000000020e+30 1.000000000000000020e+30 3.515803388546974162e+00 3.507191798893530610e+00 1.000000000000000020e+30 1.000000000000000020e+30 1.000000000000000020e+30 1.000000000000000020e+30 1.000000000000000020e+30 1.000000000000000020e+30 1.000000000000000020e+30 1.000000000000000020e+30 1.000000000000000020e+30 1.000000000000000020e+30 1.000000000000000020e+30 1.000000000000000020e+30 1.000000000000000020e+30 1.000000000000000020e+30 1.000000000000000020e+30 1.000000000000000020e+30 1.000000000000000020e+30 1.000000000000000020e+30 1.000000000000000020e+30 1.000000000000000020e+30
