1.000000000000000020e+30 1.000000000000000020e+30 1.000000000000000020e+30 1.000000000000000020e+30 1.000000000000000020e+30 1.000000000000000020e+30 1.000000000000000020e+30 1.000000000000000020e+30 1.000000000000000020e+30 1.000000000000000020e+30 1.000000000000000020e+30 1.000000000000000020e+30 1.000000000000000020e+30 1.000000000000000020e+30 1.000000000000000020e+30 1.000000000000000020e+30 1.000000000000000020e+30 1.000000000000000020e+30 1.000000000000000020e+30 1.000000000000000020e+30 1.000000000000000020e+30 1.000000000000000020e+30 1.000000000000000020e+30 1.000000000000000020e+30 1.000000000000000020e+30 1.000000000000000020e+30 1.000000000000000020e+30 1.000000000000000020e+30 1.000000000000000020e+30 1.000000000000000020e+30 1.000000000000000020e+30 1.000000000000000020e+30 1.000000000000000020e+30 1.000000000000000020e+30 1.000000000000000020e+30 1.000000000000000020e+30 1.000000000000000020e+30 1.000000000000000020e+30 1.000000000000000020e+30 1.000000000000000020e+30 1.000000000000000020e+30 1.000000000000000020e+30 1.000000000000000020e+30 1.000000000000000020e+30 1.000000000000000020e+30 1.000000000000000020e+30 1.000000000000000020e+30 1.000000000000000020e+30 1.000000000000000020e+30 1.000000000000000020e+30 1.000000000000000020e+30 1.000000000000000020e+30 1.000000000000000020e+30 1.000000000000000020e+30 1.000000000000000020e+30 1.000000000000000020e+30 1.000000000000000020e+30
1.000000000000000020e+30 1.000000000000000020e+30 1.000000000000000020e+30 1.000000000000000020e+30 1.000000000000000020e+30 1.000000000000000020e+30 1.000000000000000020e+30 1.000000000000000020e+30 1.000000000000000020e+30 1.000000000000000020e+30 1.000000000000000020e+30 1.000000000000000020e+30 1.000000000000000020e+30 1.000000000000000020e+30 1.000000000000000020e+30 1.000000000000000020e+30 1.000000000000000020e+30 1.000000000000000020e+30 1.000000000000000020e+30 1.000000000000000020e+30 1.000000000000000020e+30 1.000000000000000020e+30 1.000000000000000020e+30 1.000000000000000020e+30 1.000000000000000020e+30 1.000000000000000020e+30 1.000000000000000020e+30 1.660997642347711301e+00 1.659014422588263482e+00 1.656099443989701880e+00 1.652592364264500846e+00 1.648582487482501913e+00 1.644135113188795572e+00 1.639280170387711344e+00 1.634039307108522632e+00 1.628437957928760671e+00 1.622509462947035797e+00 1.616300124724906029e+00 1.609877658627792751e+00 1.603348088680822681e+00 1.596897091368811639e+00 1.590917455378522138e+00 1.586408146009255393e+00 1.000000000000000020e+30 1.000000000000000020e+30 1.000000000000000020e+30 1.000000000000000020e+30 1.000000000000000020e+30 1.000000000000000020e+30 1.000000000000000020e+30 1.000000000000000020e+30 1.000000000000000020e+30 1.000000000000000020e+30 1.000000000000000020e+30 1.000000000000000020e+30 1.000000000000000020e+30 1.000000000000000020e+30
1.000000000000000020e+30 1.000000000000000020e+30 1.000000000000000020e+30 1.000000000000000020e+30 1.000000000000000020e+30 1.000000000000000020e+30 1.000000000000000020e+30 1.000000000000000020e+30 1.000000000000000020e+30 1.000000000000000020e+30 1.000000000000000020e+30 1.000000000000000020e+30 1.000000000000000020e+30 1.000000000000000020e+30 1.000000000000000020e+30 1.000000000000000020e+30 1.000000000000000020e+30 1.000000000000000020e+30 1.000000000000000020e+30 1.000000000000000020e+30 1.000000000000000020e+30 1.000000000000000020e+30 1.000000000000000020e+30 1.000000000000000020e+30 1.671306053946645331e+00 1.669542244850852120e+00 1.666797787401817388e+00 1.663139562450568487e+00 1.660093310085117402e+00 1.656821574426869503e+00 1.653158389219120172e+00 1.649067648296121291e+00 1.644561055680869188e+00 1.639650920305955495e+00 1.634351747657834197e+00 1.628683346387724606e+00 1.622673070772624904e+00 1.616358504114897343e+00 1.609790659185330819e+00 1.603034867364496741e+00 1.596150835157533754e+00 1.589135663239700236e+00 1.581603134851173431e+00 1.571187743348028132e+00 1.561493946620183815e+00 1.552094506071460822e+00 1.542699844974529499e+00 1.543131159855032797e+00 1.000000000000000020e+30 1.000000000000000020e+30 1.000000000000000020e+30 1.000000000000000020e+30 1.000000000000000020e+30 1.000000000000000020e+30 1.000000000000000020e+30 1.000000000000000020e+30 1.000000000000000020e+30
1.000000000000000020e+30 1.000000000000000020e+30 1.000000000000000020e+30 1.000000000000000020e+30 1.000000000000000020e+30 1.000000000000000020e+30 1.000000000000000020e+30 1.000000000000000020e+30 1.000000000000000020e+30 1.000000000000000020e+30 1.000000000000000020e+30 1.000000000000000020e+30 1.000000000000000020e+30 1.000000000000000020e+30 1.000000000000000020e+30 1.000000000000000020e+30 1.000000000000000020e+30 1.000000000000000020e+30 1.000000000000000020e+30 1.000000000000000020e+30 1.000000000000000020e+30 1.679805013383237844e+00 1.678464771320410609e+00 1.676303645321050029e+00 1.673287396595593002e+00 1.670730371157730820e+00 1.667903286240752125e+00 1.664694889045101434e+00 1.661429562053905684e+00 1.657943435179861202e+00 1.654123072739180245e+00 1.649917623108696496e+00 1.645310268958363853e+00 1.640299024483699908e+00 1.634889539495074873e+00 1.629094392225809651e+00 1.622933397505721187e+00 1.616434152035185479e+00 1.609631112168875999e+00 1.602555223883341151e+00 1.595211856952540197e+00 1.587531834210085702e+00 1.579274727923684063e+00 1.570026546698322090e+00 1.560710737781691781e+00 1.551543742388857838e+00 1.542546741998004789e+00 1.542992771027913212e+00 1.542834995335300663e+00 1.000000000000000020e+30 1.000000000000000020e+30 1.000000000000000020e+30 1.000000000000000020e+30 1.000000000000000020e+30 1.000000000000000020e+30 1.000000000000000020e+30 1.000000000000000020e+30
1.000000000000000020e+30 1.000000000000000020e+30 1.000000000000000020e+30 1.000000000000000020e+30 1.000000000000000020e+30 1.000000000000000020e+30 1.000000000000000020e+30 1.000000000000000020e+30 1.000000000000000020e+30 1.000000000000000020e+30 1.000000000000000020e+30 1.000000000000000020e+30 1.000000000000000020e+30 1.000000000000000020e+30 1.000000000000000020e+30 1.000000000000000020e+30 1.000000000000000020e+30 1.000000000000000020e+30 1.685948592148978520e+00 1.685064919509544401e+00 1.683583947282192961e+00 1.681410140239475437e+00 1.679543095743927905e+00 1.677404112070575160e+00 1.674889538961576774e+00 1.672283173155075131e+00 1.669454314997627531e+00 1.666348662659389745e+00 1.663017514195795910e+00 1.659409409866660079e+00 1.655462370428214092e+00 1.651133733127884140e+00 1.646400191446578898e+00 1.641251556012947699e+00 1.635686528848191434e+00 1.629711106236032325e+00 1.623338074643130957e+00 1.616586528313946891e+00 1.609479661553526286e+00 1.602034717682593090e+00 1.594252504206219223e+00 1.586100181935061970e+00 1.577508013570940060e+00 1.568453636432937337e+00 1.559265382190563765e+00 1.550269152910723980e+00 1.542604547986595742e+00 1.542809336177297652e+00 1.542105361227936289e+00 1.540904971073965513e+00 1.000000000000000020e+30 1.000000000000000020e+30 1.000000000000000020e+30 1.000000000000000020e+30 1.000000000000000020e+30 1.000000000000000020e+30 1.000000000000000020e+30
1.000000000000000020e+30 1.000000000000000020e+30 1.000000000000000020e+30 1.000000000000000020e+30 1.000000000000000020e+30 1.000000000000000020e+30 1.000000000000000020e+30 1.000000000000000020e+30 1.000000000000000020e+30 1.000000000000000020e+30 1.000000000000000020e+30 1.000000000000000020e+30 1.000000000000000020e+30 1.000000000000000020e+30 1.000000000000000020e+30 1.000000000000000020e+30 1.689143761576448410e+00 1.688442687098783423e+00 1.687129871753449084e+00 1.685955369698626027e+00 1.684562090903178211e+00 1.682856704441013873e+00 1.681037509737335567e+00 1.678994223079221415e+00 1.676681661725270667e+00 1.674149469885640507e+00 1.671364782493463208e+00 1.668296804649887166e+00 1.664936157167289821e+00 1.661249895104617513e+00 1.657197500120266120e+00 1.652744733617392603e+00 1.647867739522421715e+00 1.642552257210945443e+00 1.636792019913947849e+00 1.630587742528304185e+00 1.623946599098920585e+00 1.616881580398878526e+00 1.609409634208780249e+00 1.601547601445910463e+00 1.593308633241560690e+00 1.584702324928826789e+00 1.575750002002163086e+00 1.566517152530323420e+00 1.557093128872365950e+00 1.547084766043418380e+00 1.544469325714587393e+00 1.542911718531307042e+00 1.541226456601137773e+00 1.539120013945105558e+00 1.536213128241715076e+00 1.534306891320389221e+00 1.000000000000000020e+30 1.000000000000000020e+30 1.000000000000000020e+30 1.000000000000000020e+30 1.000000000000000020e+30
1.000000000000000020e+30 1.000000000000000020e+30 1.000000000000000020e+30 1.000000000000000020e+30 1.000000000000000020e+30 1.000000000000000020e+30 1.000000000000000020e+30 1.000000000000000020e+30 1.000000000000000020e+30 1.000000000000000020e+30 1.000000000000000020e+30 1.000000000000000020e+30 1.000000000000000020e+30 1.000000000000000020e+30 1.000000000000000020e+30 1.690975583438676155e+00 1.690158533996906964e+00 1.689364761374266610e+00 1.688367832653595135e+00 1.687291476154157310e+00 1.686042803916647292e+00 1.684568467728796648e+00 1.682893976373964984e+00 1.680986794831458297e+00 1.678819819952791947e+00 1.676387307323143894e+00 1.673666426993880130e+00 1.670630605116647738e+00 1.667255889034404692e+00 1.663511977956886101e+00 1.659365796720364106e+00 1.654787298070803159e+00 1.649752643767723903e+00 1.644244983693515127e+00 1.638254239302506132e+00 1.631776779105141850e+00 1.624815205558262976e+00 1.617378084548179773e+00 1.609479324291406721e+00 1.601137676676362975e+00 1.592378609501446274e+00 1.583243123405035480e+00 1.573812465880372047e+00 1.564262001165900751e+00 1.554946576098017674e+00 1.546213170845784024e+00 1.544660775473502667e+00 1.542534301551501619e+00 1.540141031871615329e+00 1.537478032592582755e+00 1.534560792952200936e+00 1.531772822208310236e+00 1.528797344021698867e+00 1.000000000000000020e+30 1.000000000000000020e+30 1.000000000000000020e+30 1.000000000000000020e+30
1.000000000000000020e+30 1.000000000000000020e+30 1.000000000000000020e+30 1.000000000000000020e+30 1.000000000000000020e+30 1.000000000000000020e+30 1.000000000000000020e+30 1.000000000000000020e+30 1.000000000000000020e+30 1.000000000000000020e+30 1.000000000000000020e+30 1.000000000000000020e+30 1.000000000000000020e+30 1.000000000000000020e+30 1.692890518285709467e+00 1.692115644981146527e+00 1.691423787952153424e+00 1.690715995976088015e+00 1.689919989200964645e+00 1.689009770979027047e+00 1.687932434664352277e+00 1.686650678050074736e+00 1.685148278759054596e+00 1.683398681950554421e+00 1.681374970306368510e+00 1.679054604425114228e+00 1.676411060572544631e+00 1.673415511557988733e+00 1.670038623900801600e+00 1.666249203553609615e+00 1.662015684254037673e+00 1.657308846004906577e+00 1.652103889733601338e+00 1.646381469156948718e+00 1.640128057407217899e+00 1.633336069964548054e+00 1.626003948387690912e+00 1.618136250307616653e+00 1.609743861605047899e+00 1.600845046907159785e+00 1.591469049867075825e+00 1.581665077786121198e+00 1.571522893615543426e+00 1.561245491655075757e+00 1.551639103625889415e+00 1.547840595715354262e+00 1.544796930990526729e+00 1.541797043831047986e+00 1.538700452762926218e+00 1.535468052048569065e+00 1.532109529838863171e+00 1.528723520774834421e+00 1.525158002954845937e+00 1.521381032822079371e+00 1.000000000000000020e+30 1.000000000000000020e+30 1.000000000000000020e+30
1.000000000000000020e+30 1.000000000000000020e+30 1.000000000000000020e+30 1.000000000000000020e+30 1.000000000000000020e+30 1.000000000000000020e+30 1.000000000000000020e+30 1.000000000000000020e+30 1.000000000000000020e+30 1.000000000000000020e+30 1.000000000000000020e+30 1.000000000000000020e+30 1.000000000000000020e+30 1.694648219198151784e+00 1.693998115401128768e+00 1.693449225160137850e+00 1.692934205238496803e+00 1.692412585919450319e+00 1.691818081691501607e+00 1.691102880646098150e+00 1.690224545219499053e+00 1.689146303083536305e+00 1.687837273390888848e+00 1.686265398235516244e+00 1.684398587047058360e+00 1.682205733415947480e+00 1.679654762112698485e+00 1.676712660662998289e+00 1.673346021990327115e+00 1.669521186627014542e+00 1.665205228858005926e+00 1.660367495324975406e+00 1.654981009122574953e+00 1.649023432907692044e+00 1.642477641496776330e+00 1.635332064584440914e+00 1.627580916769928221e+00 1.619224391470044155e+00 1.610269002048711151e+00 1.600728664042756932e+00 1.590627575463078314e+00 1.580003557969844152e+00 1.568883580055846050e+00 1.557010075264179561e+00 1.552262749975155787e+00 1.548086896376068999e+00 1.544250688563723717e+00 1.540509753300589590e+00 1.536748381963801480e+00 1.532935466043447548e+00 1.529037198836571854e+00 1.525145119197427901e+00 1.520981447836012412e+00 1.516891809240457967e+00 1.510810258493472835e+00 1.000000000000000020e+30 1.000000000000000020e+30
1.000000000000000020e+30 1.000000000000000020e+30 1.000000000000000020e+30 1.000000000000000020e+30 1.000000000000000020e+30 1.000000000000000020e+30 1.000000000000000020e+30 1.000000000000000020e+30 1.000000000000000020e+30 1.000000000000000020e+30 1.000000000000000020e+30 1.000000000000000020e+30 1.696086986499339977e+00 1.695639717118067047e+00 1.695294368671316221e+00 1.694996256549442748e+00 1.694725308100674122e+00 1.694431815841630495e+00 1.694063985885488233e+00 1.693578352841440537e+00 1.692932556612736006e+00 1.692085180850948944e+00 1.690996617961797455e+00 1.689627782798277300e+00 1.687940138296621040e+00 1.685895780043593861e+00 1.683456860401149502e+00 1.680585462523485285e+00 1.677243813225474778e+00 1.673394645123791102e+00 1.669001955368711432e+00 1.664032059467423608e+00 1.658454654766604142e+00 1.652243697668798195e+00 1.645378044626685909e+00 1.637841881503171448e+00 1.629624963848237407e+00 1.620722663397277552e+00 1.611135850868650632e+00 1.600871080142460601e+00 1.589944280158119616e+00 1.578406852307356001e+00 1.566497019630794574e+00 1.555453261315135949e+00 1.551710620790596407e+00 1.547364472375818423e+00 1.542959423067454816e+00 1.538577644063027439e+00 1.534171985719255060e+00 1.529809947415942117e+00 1.525277197605108270e+00 1.521153977556328751e+00 1.515971958240617479e+00 1.513594434771258213e+00 1.514019965814975111e+00 1.000000000000000020e+30 1.000000000000000020e+30
1.000000000000000020e+30 1.000000000000000020e+30 1.000000000000000020e+30 1.000000000000000020e+30 1.000000000000000020e+30 1.000000000000000020e+30 1.000000000000000020e+30 1.000000000000000020e+30 1.000000000000000020e+30 1.000000000000000020e+30 1.000000000000000020e+30 1.697007829190345207e+00 1.696882240089092830e+00 1.696829982705132966e+00 1.696804524466732245e+00 1.696804690059863230e+00 1.696803503633051324e+00 1.696768588148325430e+00 1.696664709295353068e+00 1.696449813738316603e+00 1.696076814141642020e+00 1.695497431144569411e+00 1.694664226259820605e+00 1.693530852001589260e+00 1.692052032847508158e+00 1.690183428183062997e+00 1.687881322572349463e+00 1.685102465291613338e+00 1.681804148742759075e+00 1.677944534442253444e+00 1.673483279079324149e+00 1.668382392745278553e+00 1.662607171986083099e+00 1.656127060774878812e+00 1.648916347748481170e+00 1.640954649927009346e+00 1.632227135069303836e+00 1.622724357412267615e+00 1.612441224066992973e+00 1.601373146491643196e+00 1.589501774293392344e+00 1.576741119271310998e+00 1.562728516470218931e+00 1.556379779642703465e+00 1.551153199708787511e+00 1.546064482942160812e+00 1.540981573947389771e+00 1.535983946336633377e+00 1.530849232838671803e+00 1.526141501577868986e+00 1.520391300105127241e+00 1.517504418191860660e+00 1.517535090829266409e+00 1.516778444802953540e+00 1.516888594162403736e+00 1.517907588768880434e+00 1.000000000000000020e+30
1.000000000000000020e+30 1.000000000000000020e+30 1.000000000000000020e+30 1.000000000000000020e+30 1.000000000000000020e+30 1.000000000000000020e+30 1.000000000000000020e+30 1.000000000000000020e+30 1.000000000000000020e+30 1.000000000000000020e+30 1.697018159523565384e+00 1.697484648426344611e+00 1.697911247244855870e+00 1.698263478389757886e+00 1.698588176335416478e+00 1.698890961805671118e+00 1.699172067513913031e+00 1.699426573298728593e+00 1.699629604222972157e+00 1.699733798650169492e+00 1.699682118536440800e+00 1.699416900342295422e+00 1.698882360909462097e+00 1.698024679821669825e+00 1.696791738229993740e+00 1.695132816466252690e+00 1.692998235334733925e+00 1.690339078622336011e+00 1.687107131287707951e+00 1.683255114597453250e+00 1.678737245571240821e+00 1.673510060196335969e+00 1.667533372313612094e+00 1.660771222170752903e+00 1.653192686943832923e+00 1.644772461125576957e+00 1.635491168265888362e+00 1.625335451873129555e+00 1.614297975676079799e+00 1.602377174935172066e+00 1.589574196562782760e+00 1.575874044537291629e+00 1.561173704761602110e+00 1.555604416645963495e+00 1.549845089165535539e+00 1.544112986184730252e+00 1.538239907763773173e+00 1.532819117224399452e+00 1.526367876056895723e+00 1.522770112789452401e+00 1.522020301026873357e+00 1.520299226160215511e+00 1.519154162320372592e+00 1.518310505749291162e+00 1.518048157775067519e+00 1.518188752860039958e+00 1.000000000000000020e+30
1.000000000000000020e+30 1.000000000000000020e+30 1.000000000000000020e+30 1.000000000000000020e+30 1.000000000000000020e+30 1.000000000000000020e+30 1.000000000000000020e+30 1.000000000000000020e+30 1.000000000000000020e+30 1.694423039410538845e+00 1.696900320871909562e+00 1.698309956999199510e+00 1.699289338564522023e+00 1.700030693153791628e+00 1.700679025945006417e+00 1.701266183184829250e+00 1.701832163766290318e+00 1.702404072535333324e+00 1.702965094384651712e+00 1.703448439600109277e+00 1.703777566483993144e+00 1.703882595496544194e+00 1.703699025818060209e+00 1.703165534844140572e+00 1.702223167972125140e+00 1.700814890492561071e+00 1.698885044778139619e+00 1.696378822839962774e+00 1.693241983486252433e+00 1.689420968786935928e+00 1.684863457851430990e+00 1.679519286635456465e+00 1.673341585848510560e+00 1.666287953309141256e+00 1.658321474872045620e+00 1.649411437113787793e+00 1.639533670956217604e+00 1.628670761874948525e+00 1.616813261120349621e+00 1.603965666982154481e+00 1.590167516774321887e+00 1.575546313942621790e+00 1.560343584737237554e+00 1.554433239370980990e+00 1.547887870150638001e+00 1.541643652093345418e+00 1.534348694416869163e+00 1.529953464429910648e+00 1.528442256198332405e+00 1.525928687205983181e+00 1.523861145721885135e+00 1.521775754407439285e+00 1.519748925493369374e+00 1.518554493030176422e+00 1.518027356535415429e+00 1.517868636123149262e+00 1.000000000000000020e+30
1.000000000000000020e+30 1.000000000000000020e+30 1.000000000000000020e+30 1.000000000000000020e+30 1.000000000000000020e+30 1.000000000000000020e+30 1.000000000000000020e+30 1.000000000000000020e+30 1.710587628070840971e+00 1.703571423879497004e+00 1.698152263464013156e+00 1.699839858791367231e+00 1.701216739229669317e+00 1.702182427820063682e+00 1.703105993362093784e+00 1.703937389629833321e+00 1.704766554894258324e+00 1.705678815858665986e+00 1.706670415278368047e+00 1.707614451976881886e+00 1.708398082592067269e+00 1.708940140160009058e+00 1.709169252314578502e+00 1.709017049594318660e+00 1.708417842251599206e+00 1.707308488126081158e+00 1.705627551386312168e+00 1.703314292442481781e+00 1.700308007695380264e+00 1.696547989061373496e+00 1.691974144791036139e+00 1.686528167921866883e+00 1.680155043686629490e+00 1.672804638910245112e+00 1.664433094547481229e+00 1.655003730088457692e+00 1.644487177685223012e+00 1.632860578293596543e+00 1.620106271787928431e+00 1.606213784708289571e+00 1.591208391208330131e+00 1.575334563622593276e+00 1.560063823227909152e+00 1.553302053280652739e+00 1.544993949898871177e+00 1.539549678209390704e+00 1.537063782274434631e+00 1.533652280700326775e+00 1.530761487272037202e+00 1.527878928098730604e+00 1.524966348342813305e+00 1.522455456408812635e+00 1.518783593657133224e+00 1.517416701916118660e+00 1.516860434717075323e+00 1.516644209600634730e+00 1.000000000000000020e+30
1.000000000000000020e+30 1.000000000000000020e+30 1.000000000000000020e+30 1.000000000000000020e+30 1.000000000000000020e+30 1.000000000000000020e+30 1.000000000000000020e+30 1.724479711703719609e+00 1.718033160513746660e+00 1.711464132975983210e+00 1.703888045510540294e+00 1.701997545922946387e+00 1.703852680551257937e+00 1.704656625631082001e+00 1.705907277555193780e+00 1.706900591990659688e+00 1.707915847796135367e+00 1.709180391314178538e+00 1.710737611395797497e+00 1.712262698092328783e+00 1.713588329511008146e+00 1.714643510579843211e+00 1.715356379225697614e+00 1.715651431034703300e+00 1.715455978105529411e+00 1.714701240820677430e+00 1.713320654718150315e+00 1.711247851692657918e+00 1.708415349238382230e+00 1.704754310416597196e+00 1.700195347361416198e+00 1.694670152374141425e+00 1.688113639866723359e+00 1.680466239646696724e+00 1.671675957155420944e+00 1.661699751173224771e+00 1.650503621960765166e+00 1.638060363445285939e+00 1.624341959221770049e+00 1.609294386072530392e+00 1.592745374454625384e+00 1.574049792736871289e+00 1.561111604506162154e+00 1.553112840651553750e+00 1.548880597719130447e+00 1.544071193940631748e+00 1.539997981010951422e+00 1.536101218745705710e+00 1.532326833954556600e+00 1.529105121439954473e+00 1.524920423747645026e+00 1.523558743027207951e+00 1.524899787428026565e+00 1.524856331521188046e+00 1.524680125813881348e+00 1.524560091604937107e+00 1.000000000000000020e+30
1.000000000000000020e+30 1.000000000000000020e+30 1.000000000000000020e+30 1.000000000000000020e+30 1.000000000000000020e+30 1.000000000000000020e+30 1.737011063693980173e+00 1.731441039690200245e+00 1.726030330017320980e+00 1.720713159943798143e+00 1.715650696809265519e+00 1.712061213819884520e+00 1.707827506968478071e+00 1.706971025630802830e+00 1.709263388001195816e+00 1.710149367133866782e+00 1.711132770703741368e+00 1.712716236631395716e+00 1.715175227671610347e+00 1.717459524741397070e+00 1.719407589890991961e+00 1.721055413522064148e+00 1.722333008653162301e+00 1.723150817204473606e+00 1.723427620128060722e+00 1.723090291316924150e+00 1.722068766100627979e+00 1.720291968019127538e+00 1.717685481183689689e+00 1.714171133507090383e+00 1.709668201920539365e+00 1.704095830685521840e+00 1.697376178485561882e+00 1.689437810245213001e+00 1.680218881024526434e+00 1.669669595448914023e+00 1.657753295104389624e+00 1.644445789541641778e+00 1.629733697406167581e+00 1.613611414238210529e+00 1.596062579158528338e+00 1.577019873189827504e+00 1.567067386960242281e+00 1.558903372500059836e+00 1.552711845279502345e+00 1.547193875117274908e+00 1.542066314733044452e+00 1.537712466477169304e+00 1.532601931001730255e+00 1.530546025833439350e+00 1.531465532017728393e+00 1.531384005733286369e+00 1.531698259487873415e+00 1.531744750800490662e+00 1.531706648472284993e+00 1.531650712132768488e+00 1.000000000000000020e+30
1.000000000000000020e+30 1.000000000000000020e+30 1.000000000000000020e+30 1.000000000000000020e+30 1.000000000000000020e+30 1.747591800464175948e+00 1.743172814229550172e+00 1.738752349041313705e+00 1.734368844329633008e+00 1.730186481164805112e+00 1.726346274439749306e+00 1.723111226739517665e+00 1.720113634472507647e+00 1.717814778177280788e+00 1.714343367328409862e+00 1.713627740993815873e+00 1.714085468820168767e+00 1.715724077370956113e+00 1.720151782819820063e+00 1.723372166938284211e+00 1.725919748915552221e+00 1.728241260117274969e+00 1.730181847495694258e+00 1.731609435075471604e+00 1.732434023865148331e+00 1.732582737457895483e+00 1.731985675755089105e+00 1.730568962885500328e+00 1.728251235038610778e+00 1.724943326255749643e+00 1.720550290045619768e+00 1.714975102311276256e+00 1.708123313891332540e+00 1.699908007641877328e+00 1.690254632082324848e+00 1.679105196187376636e+00 1.666420749459730954e+00 1.652181551833762807e+00 1.636391816638824270e+00 1.619112957307013989e+00 1.600524429028918005e+00 1.580947339998410417e+00 1.570709711438434297e+00 1.562147960221192289e+00 1.555259152321454508e+00 1.549281578609468024e+00 1.542683314024122287e+00 1.539374205622353164e+00 1.539302878857100598e+00 1.538475217503785242e+00 1.538300487094689029e+00 1.538130115780543816e+00 1.538104703511850246e+00 1.538076415629175742e+00 1.538057475616875447e+00 1.538023827148758960e+00 1.000000000000000020e+30
1.000000000000000020e+30 1.000000000000000020e+30 1.000000000000000020e+30 1.000000000000000020e+30 1.000000000000000020e+30 1.752667492014313932e+00 1.749914780669299841e+00 1.746535448056708573e+00 1.743085569326662920e+00 1.739839103425853351e+00 1.736893976619912960e+00 1.734326747172508565e+00 1.732078990619609238e+00 1.730197398696208255e+00 1.728445157100348295e+00 1.727704559623518321e+00 1.727637245135599242e+00 1.727745469616670970e+00 1.726729053214257403e+00 1.730371914010114143e+00 1.733088774614063077e+00 1.736253829191385156e+00 1.739002024876763031e+00 1.741138708306308569e+00 1.742589484767192554e+00 1.743295452720083016e+00 1.743193419336324768e+00 1.742209786796985460e+00 1.740256090592018801e+00 1.737229634884681850e+00 1.733016998794184582e+00 1.727499778289682597e+00 1.720561412391249601e+00 1.712094152707027250e+00 1.702006075258051698e+00 1.690228098164605175e+00 1.676718471516582154e+00 1.661456956894656001e+00 1.644432188142862294e+00 1.625712252230639532e+00 1.605649745380725912e+00 1.585630608100319971e+00 1.572171576601605558e+00 1.563164773166022981e+00 1.556299690770110322e+00 1.551357905863319120e+00 1.549621669757225595e+00 1.547365014369031844e+00 1.546066038859413627e+00 1.545061913200411086e+00 1.544463281616129224e+00 1.544090954545201066e+00 1.543895268138519183e+00 1.543797886870407421e+00 1.543769148018904191e+00 1.543740781782005023e+00 1.000000000000000020e+30
1.000000000000000020e+30 1.000000000000000020e+30 1.000000000000000020e+30 1.000000000000000020e+30 1.765893838121576520e+00 1.761165483821947708e+00 1.757916623943133194e+00 1.754956817625415555e+00 1.752225654266404753e+00 1.749749857191683189e+00 1.747563368105489179e+00 1.745690226485105745e+00 1.744130221872128850e+00 1.742894835748002969e+00 1.741972555355125962e+00 1.741543518791181189e+00 1.741450104735797311e+00 1.741329600611934980e+00 1.740590572060213947e+00 1.738753056688434606e+00 1.740282323006877574e+00 1.745176051089353031e+00 1.748943826665276591e+00 1.751877441788587175e+00 1.754022376555419926e+00 1.755353236728703914e+00 1.755819275166640159e+00 1.755351208192171386e+00 1.753852317343830958e+00 1.751202279516439697e+00 1.747262808015950686e+00 1.741886621591367090e+00 1.734927420149834587e+00 1.726248991955422918e+00 1.715734454159128397e+00 1.703298644305086817e+00 1.688902442017627514e+00 1.672537520134204980e+00 1.654106366026347752e+00 1.633479297258410012e+00 1.610435361210303729e+00 1.593907403701202208e+00 1.579165609326194986e+00 1.571912237583848571e+00 1.565203773427041867e+00 1.559953411292539283e+00 1.556452203757405117e+00 1.553754987570947099e+00 1.551884651244139990e+00 1.550596853310595602e+00 1.549772933050787449e+00 1.549274961811702100e+00 1.549008155209552484e+00 1.548888714487722806e+00 1.548863385477238230e+00 1.548841916118851580e+00 1.000000000000000020e+30
1.000000000000000020e+30 1.000000000000000020e+30 1.000000000000000020e+30 1.000000000000000020e+30 1.771392109768302969e+00 1.768860536432293795e+00 1.766259962209520751e+00 1.763862055138429863e+00 1.761771439419986374e+00 1.759976802669370954e+00 1.758475432536398930e+00 1.757276140179296453e+00 1.756384157034945437e+00 1.755802753106591618e+00 1.755527987674743606e+00 1.755567687370078511e+00 1.755811572832860268e+00 1.756053554130029504e+00 1.756067341784692148e+00 1.755864021766158301e+00 1.756227767494049630e+00 1.755769480994807008e+00 1.760288507447181683e+00 1.763991597893139973e+00 1.766869120311537422e+00 1.768883552746568277e+00 1.769989552131618460e+00 1.770130645433438232e+00 1.769197458344207607e+00 1.767045696658451126e+00 1.763502451857333897e+00 1.758380768640485092e+00 1.751494700225942447e+00 1.742669579293188553e+00 1.731750475308758697e+00 1.718621204232363864e+00 1.703260081804478299e+00 1.685790454934725568e+00 1.665971155040651519e+00 1.643533329719484515e+00 1.619172533053183427e+00 1.600032687232540551e+00 1.588747899597803270e+00 1.579624284505313003e+00 1.572121261233684342e+00 1.566240901562928389e+00 1.561898731670047225e+00 1.558720776128125651e+00 1.556513252333495245e+00 1.555062045443710295e+00 1.554169152932855624e+00 1.553666825404708796e+00 1.553433574321673838e+00 1.553362314340438477e+00 1.553372081889934142e+00 1.553365704462996044e+00 1.000000000000000020e+30
1.000000000000000020e+30 1.000000000000000020e+30 1.000000000000000020e+30 1.784731464577585136e+00 1.780207809109464856e+00 1.777375806919677892e+00 1.775090284476900981e+00 1.773223702553463399e+00 1.771722446813429608e+00 1.770556270063180948e+00 1.769702765593029303e+00 1.769161058858055302e+00 1.768931373694053066e+00 1.769008203092152787e+00 1.769374341231636283e+00 1.769995019710957962e+00 1.770784663048135865e+00 1.771617267836177234e+00 1.772372788721178427e+00 1.773017830162278763e+00 1.773606775847894390e+00 1.773698526507738515e+00 1.773084801503003627e+00 1.777589524515067465e+00 1.781254424550978488e+00 1.784009564631423572e+00 1.785818139566541118e+00 1.786678014935680459e+00 1.786448530139494562e+00 1.784954262699494532e+00 1.781972121218229566e+00 1.777259395533196784e+00 1.770579242021523170e+00 1.761709173306096332e+00 1.750436332569000442e+00 1.736556933048779561e+00 1.720015735863497319e+00 1.701577761537156119e+00 1.680519905739788600e+00 1.655440985597670611e+00 1.633268994151248155e+00 1.608645445499004012e+00 1.595784202415901909e+00 1.585281652692005050e+00 1.576940354371416886e+00 1.570481858997794467e+00 1.565648156117798173e+00 1.562163584458930776e+00 1.559820298897277357e+00 1.558403777956524294e+00 1.557628024052242655e+00 1.557270594331365832e+00 1.557199831164322035e+00 1.557274514875777394e+00 1.557351960261709634e+00 1.557355982553068952e+00 1.000000000000000020e+30
1.000000000000000020e+30 1.000000000000000020e+30 1.000000000000000020e+30 1.790141959871297761e+00 1.788128867135696964e+00 1.786098444519810702e+00 1.784348359444849486e+00 1.783020930255820424e+00 1.782089835680688239e+00 1.781525657287946762e+00 1.781302611800681390e+00 1.781414103040371399e+00 1.781854516353080786e+00 1.782610876206491834e+00 1.783657355842225289e+00 1.784949707700721033e+00 1.786416498641374195e+00 1.787964920199626606e+00 1.789499897930267869e+00 1.790942323529729263e+00 1.792200315026690305e+00 1.793049778578157394e+00 1.793294653328952659e+00 1.792765946608043892e+00 1.797309933576259011e+00 1.800858597880436118e+00 1.803381944347397514e+00 1.805105484804779170e+00 1.805752741167923281e+00 1.805129029400186269e+00 1.802931730465525018e+00 1.798835570997235012e+00 1.792543134030565311e+00 1.783787786376069162e+00 1.772298225398143634e+00 1.757642225923842005e+00 1.739058399920437203e+00 1.720265900537672810e+00 1.699244782247247398e+00 1.675483216557900112e+00 1.649694937475442380e+00 1.615959170225196306e+00 1.600135945034079743e+00 1.588397627064565221e+00 1.579450897285276767e+00 1.572639888377146411e+00 1.567567206232378441e+00 1.563962924717884562e+00 1.561683644574714203e+00 1.560587036089407631e+00 1.560170013997199012e+00 1.560121218088630801e+00 1.560377834029875288e+00 1.560757968988594202e+00 1.560903585928668624e+00 1.560850021595192372e+00 1.000000000000000020e+30
1.000000000000000020e+30 1.000000000000000020e+30 1.000000000000000020e+30 1.798468056845993424e+00 1.796938376939993143e+00 1.795353480046234740e+00 1.794079653067069291e+00 1.793268653831298742e+00 1.792893923465948003e+00 1.792919286720222161e+00 1.793323412431410357e+00 1.794095664360450204e+00 1.795225435546532244e+00 1.796694831372951162e+00 1.798474201482562540e+00 1.800518512679240235e+00 1.802764520481112243e+00 1.805133128619965666e+00 1.807535531692786801e+00 1.809875232226339170e+00 1.812033001110002095e+00 1.813839992206795371e+00 1.815112169816449406e+00 1.815650143722484122e+00 1.815216331426370511e+00 1.819608986645365745e+00 1.822635636783983104e+00 1.825508411817249099e+00 1.827229612551691584e+00 1.827773950342695075e+00 1.826672208676753284e+00 1.823464288040531400e+00 1.817787865364816069e+00 1.809366566844294422e+00 1.798025779993044138e+00 1.783270417736519509e+00 1.770411372950139839e+00 1.753050717478483511e+00 1.732314175657466926e+00 1.708857835501530253e+00 1.685057769396807847e+00 1.000000000000000020e+30 1.000000000000000020e+30 1.000000000000000020e+30 1.000000000000000020e+30 1.000000000000000020e+30 1.000000000000000020e+30 1.000000000000000020e+30 1.561876614021040277e+00 1.561599904345473355e+00 1.561862589121303380e+00 1.562260375144009616e+00 1.563045381579865500e+00 1.564108002864649682e+00 1.564208640946300299e+00 1.563815881179725809e+00 1.000000000000000020e+30
1.000000000000000020e+30 1.000000000000000020e+30 1.814502203054079610e+00 1.809275221756568852e+00 1.806731510363717153e+00 1.805170382430772325e+00 1.804289090313712318e+00 1.803970783461217087e+00 1.804145452802824456e+00 1.804764474264107799e+00 1.805806001575133379e+00 1.807257194936669586e+00 1.809104548989705741e+00 1.811328091699047738e+00 1.813897675397985187e+00 1.816770295784401190e+00 1.819888395917084623e+00 1.823180101618607996e+00 1.826560371023253193e+00 1.829929797063378327e+00 1.833167989326006220e+00 1.836125911378618802e+00 1.838630460778041265e+00 1.840473527848270008e+00 1.841359620104791039e+00 1.840712541207779385e+00 1.843046940648570775e+00 1.848082385916369530e+00 1.850911451822655929e+00 1.853094623818277720e+00 1.853540200758973855e+00 1.851562193058764016e+00 1.846743611018772047e+00 1.838781922360986698e+00 1.828021529894807484e+00 1.819664029118960080e+00 1.806974753666129141e+00 1.789827760697382253e+00 1.768600113222935200e+00 1.742932123808089484e+00 1.708100610554760479e+00 1.000000000000000020e+30 1.000000000000000020e+30 1.000000000000000020e+30 1.000000000000000020e+30 1.000000000000000020e+30 1.000000000000000020e+30 1.000000000000000020e+30 1.000000000000000020e+30 1.000000000000000020e+30 1.562946163581465875e+00 1.563572662079538933e+00 1.565055052279196168e+00 1.568107803422164714e+00 1.567606189002534345e+00 1.565935463083284018e+00 1.000000000000000020e+30
1.000000000000000020e+30 1.000000000000000020e+30 1.820801957619339273e+00 1.818378961456147414e+00 1.816481138596675038e+00 1.815332618614897031e+00 1.814918236109613670e+00 1.815120673796665862e+00 1.815858550925341319e+00 1.817087859179812082e+00 1.818787099531443685e+00 1.820943190409795243e+00 1.823542518418492131e+00 1.826565926122332151e+00 1.829985428565224614e+00 1.833761775623509838e+00 1.837842714079635176e+00 1.842162095932248889e+00 1.846639341143401003e+00 1.851178136793377949e+00 1.855663865649224142e+00 1.859961836343940744e+00 1.863919795218444753e+00 1.867371898783707351e+00 1.870156330909506615e+00 1.872218647517742030e+00 1.874168300463903147e+00 1.874015588264865473e+00 1.876406941723679056e+00 1.881331699716509931e+00 1.884011235937399276e+00 1.883666644462409723e+00 1.879979223082860029e+00 1.872087773635412011e+00 1.868836769805899412e+00 1.861392546560314054e+00 1.848946433423773961e+00 1.831549035637345835e+00 1.810076652810586939e+00 1.786748205153567026e+00 1.000000000000000020e+30 1.000000000000000020e+30 1.000000000000000020e+30 1.000000000000000020e+30 1.000000000000000020e+30 1.000000000000000020e+30 1.000000000000000020e+30 1.000000000000000020e+30 1.000000000000000020e+30 1.000000000000000020e+30 1.000000000000000020e+30 1.000000000000000020e+30 1.000000000000000020e+30 1.575694588979930533e+00 1.571734971093323496e+00 1.000000000000000020e+30 1.000000000000000020e+30
1.000000000000000020e+30 1.835440305681649953e+00 1.830619337677539038e+00 1.828018814930833180e+00 1.826485097582637884e+00 1.825844932645806162e+00 1.825959093479873729e+00 1.826719746468444150e+00 1.828051033323078167e+00 1.829917114715038373e+00 1.832301083934967378e+00 1.835192892599466052e+00 1.838582110706064698e+00 1.842453454419590964e+00 1.846783693655227321e+00 1.851539140653023274e+00 1.856673594248983150e+00 1.862126828361825304e+00 1.867823532970668055e+00 1.873672450172581883e+00 1.879565789137688681e+00 1.885379882762116210e+00 1.890978463801842535e+00 1.896219398993757910e+00 1.900970132038189986e+00 1.905141198813505632e+00 1.908703788089672448e+00 1.911204684945541521e+00 1.913196202442375649e+00 1.913159389005068656e+00 1.918865734215723151e+00 1.920469397943251444e+00 1.918752352004800432e+00 1.914524611129447162e+00 1.915133154265733273e+00 1.909394224459945555e+00 1.897094575464837174e+00 1.878471433525383150e+00 1.854389221182229708e+00 1.820026819104180182e+00 1.000000000000000020e+30 1.000000000000000020e+30 1.000000000000000020e+30 1.000000000000000020e+30 1.000000000000000020e+30 1.000000000000000020e+30 1.000000000000000020e+30 1.000000000000000020e+30 1.000000000000000020e+30 1.000000000000000020e+30 1.000000000000000020e+30 1.000000000000000020e+30 1.000000000000000020e+30 1.000000000000000020e+30 1.000000000000000020e+30 1.000000000000000020e+30 1.000000000000000020e+30
1.000000000000000020e+30 1.841465005422020296e+00 1.839328246742580442e+00 1.837660729607437426e+00 1.836770776196237076e+00 1.836730599399054142e+00 1.837434909746753275e+00 1.838793148054376214e+00 1.840751313761666896e+00 1.843284034200786126e+00 1.846382071352930421e+00 1.850041918507014937e+00 1.854259718672412127e+00 1.859027238913244284e+00 1.864328791884166669e+00 1.870138424019102796e+00 1.876417374354262257e+00 1.883112071111766594e+00 1.890152862048681381e+00 1.897453541468086424e+00 1.904911807098443433e+00 1.912410979772482422e+00 1.919823240811154408e+00 1.927013897793583563e+00 1.933845389830466166e+00 1.940175253834660385e+00 1.945821279181312757e+00 1.950434090013904109e+00 1.953552147760092783e+00 1.953531666319952675e+00 1.959388482282552246e+00 1.962166472311308585e+00 1.961600910622270932e+00 1.966437241381018941e+00 1.969354999043914090e+00 1.965532951616260071e+00 1.953093322491936901e+00 1.932290377207299681e+00 1.910233890566227055e+00 1.000000000000000020e+30 1.000000000000000020e+30 1.000000000000000020e+30 1.000000000000000020e+30 1.000000000000000020e+30 1.000000000000000020e+30 1.000000000000000020e+30 1.000000000000000020e+30 1.000000000000000020e+30 1.000000000000000020e+30 1.000000000000000020e+30 1.000000000000000020e+30 1.000000000000000020e+30 1.000000000000000020e+30 1.000000000000000020e+30 1.000000000000000020e+30 1.000000000000000020e+30 1.000000000000000020e+30
1.855095267992229235e+00 1.850849295654749982e+00 1.848757938570003923e+00 1.847657092271077550e+00 1.847448795339710070e+00 1.848050648274567553e+00 1.849385515573316541e+00 1.851379350547335045e+00 1.853996552994733094e+00 1.857224553970920677e+00 1.861064679275184597e+00 1.865523219173227165e+00 1.870606255682868868e+00 1.876315985040285517e+00 1.882647464980446328e+00 1.889585196411873946e+00 1.897099776576077979e+00 1.905145256837484480e+00 1.913657660254823867e+00 1.922554810233123579e+00 1.931737522684911390e+00 1.941092153339223358e+00 1.950494304922566258e+00 1.959811926288602457e+00 1.968903699890987236e+00 1.977608208339517448e+00 1.985716249082406515e+00 1.992925258430147339e+00 1.998826910361418907e+00 2.002824478378159245e+00 2.004796553266814829e+00 2.009028967247437958e+00 2.013946959550386939e+00 2.022136496706683939e+00 2.032235368594809799e+00 2.032221883462641987e+00 2.019318699771921466e+00 1.989825745207896679e+00 1.951613277569004490e+00 1.000000000000000020e+30 1.000000000000000020e+30 1.000000000000000020e+30 1.000000000000000020e+30 1.000000000000000020e+30 1.000000000000000020e+30 1.000000000000000020e+30 1.000000000000000020e+30 1.000000000000000020e+30 1.000000000000000020e+30 1.000000000000000020e+30 1.000000000000000020e+30 1.000000000000000020e+30 1.000000000000000020e+30 1.000000000000000020e+30 1.000000000000000020e+30 1.000000000000000020e+30 1.000000000000000020e+30
1.860668424475616645e+00 1.859313951675880539e+00 1.858391124740350620e+00 1.858096334340861411e+00 1.858606128969182647e+00 1.859880250209987818e+00 1.861873331445575319e+00 1.864530628097666343e+00 1.867832296332304409e+00 1.871779082061893806e+00 1.876384661328850623e+00 1.881667745653412549e+00 1.887647592233669958e+00 1.894340537120267287e+00 1.901756306673387131e+00 1.909893463983026507e+00 1.918734577793204998e+00 1.928242540891195400e+00 1.938358789670069582e+00 1.949003432724781826e+00 1.960077220661981201e+00 1.971465140027991003e+00 1.983042375397122692e+00 1.994680351376891814e+00 2.006243994271935449e+00 2.017579664992099175e+00 2.028495578751864148e+00 2.038746667720086059e+00 2.048057985424061034e+00 2.056213048446115188e+00 2.063386871646339937e+00 2.070702138832183792e+00 2.078588646288939579e+00 2.091621404620265245e+00 2.107535761537383312e+00 2.114132135092524400e+00 2.104118377592746114e+00 2.078008749139089950e+00 1.999063643578192329e+00 1.000000000000000020e+30 1.000000000000000020e+30 1.000000000000000020e+30 1.000000000000000020e+30 1.000000000000000020e+30 1.000000000000000020e+30 1.000000000000000020e+30 1.000000000000000020e+30 1.000000000000000020e+30 1.000000000000000020e+30 1.000000000000000020e+30 1.000000000000000020e+30 1.000000000000000020e+30 1.000000000000000020e+30 1.000000000000000020e+30 1.000000000000000020e+30 1.000000000000000020e+30 1.000000000000000020e+30
1.868938605380925821e+00 1.868660262289776997e+00 1.868653475488638582e+00 1.869134643124723327e+00 1.870352667124899115e+00 1.872305634632340343e+00 1.874970530158177828e+00 1.878307940941488896e+00 1.882310832891908925e+00 1.886992423014125508e+00 1.892379462454972128e+00 1.898505055076995518e+00 1.905404754858343264e+00 1.913113301657628718e+00 1.921660264760387538e+00 1.931063461025053885e+00 1.941321158273962011e+00 1.952406653615875287e+00 1.964266255652755699e+00 1.976819838591289846e+00 1.989963850003515056e+00 2.003575238597471664e+00 2.017521987227111069e+00 2.031680974104198789e+00 2.045934617959817903e+00 2.060155689604677320e+00 2.074183826737664660e+00 2.087806704519993950e+00 2.100793200830540108e+00 2.112973634102222498e+00 2.124266445036821604e+00 2.134282021640705906e+00 2.154480915208292213e+00 2.174814866729121832e+00 2.194924398547160038e+00 2.204530983161061108e+00 2.206300416287730659e+00 2.191163893839417121e+00 1.000000000000000020e+30 1.000000000000000020e+30 1.000000000000000020e+30 1.000000000000000020e+30 1.000000000000000020e+30 1.000000000000000020e+30 1.000000000000000020e+30 1.000000000000000020e+30 1.000000000000000020e+30 1.000000000000000020e+30 1.000000000000000020e+30 1.000000000000000020e+30 1.000000000000000020e+30 1.000000000000000020e+30 1.000000000000000020e+30 1.000000000000000020e+30 1.000000000000000020e+30 1.000000000000000020e+30 1.000000000000000020e+30
1.878878053151316507e+00 1.879108854302451226e+00 1.879750082210202455e+00 1.880902055495283776e+00 1.882789490575214053e+00 1.885411887647488571e+00 1.888751843205189518e+00 1.892777256381930506e+00 1.897489946392669324e+00 1.902913958293939611e+00 1.909089101312433812e+00 1.916064250532079072e+00 1.923894234996849306e+00 1.932637234934426740e+00 1.942349991977678547e+00 1.953077858649989285e+00 1.964840366835197250e+00 1.977623074487269372e+00 1.991376211165711396e+00 2.006015842115485004e+00 2.021429504093696039e+00 2.037474817564310481e+00 2.053993918258319340e+00 2.070871758313822752e+00 2.088022694580841332e+00 2.105368540438965486e+00 2.122798139855472943e+00 2.140097583799791980e+00 2.156998637044702516e+00 2.173352603295728436e+00 2.189220505745864465e+00 2.204773270849606615e+00 2.233249999703570854e+00 2.261392536024876776e+00 2.281991520543066532e+00 2.295268858915796351e+00 2.301728109726100868e+00 2.290705509462846123e+00 1.000000000000000020e+30 1.000000000000000020e+30 1.000000000000000020e+30 1.000000000000000020e+30 1.000000000000000020e+30 1.000000000000000020e+30 1.000000000000000020e+30 1.000000000000000020e+30 1.000000000000000020e+30 1.000000000000000020e+30 1.000000000000000020e+30 1.000000000000000020e+30 1.000000000000000020e+30 1.000000000000000020e+30 1.000000000000000020e+30 1.000000000000000020e+30 1.000000000000000020e+30 1.000000000000000020e+30 1.000000000000000020e+30
1.890041279391051487e+00 1.890587821994137885e+00 1.891728412182099195e+00 1.893471430207934070e+00 1.895994776882573118e+00 1.899276786944787743e+00 1.903292199200164792e+00 1.908008716951431483e+00 1.913433233235482644e+00 1.919598871889286684e+00 1.926558016941685159e+00 1.934375925850909228e+00 1.943129083411627711e+00 1.952904694461416346e+00 1.963797528904429157e+00 1.975895563098399865e+00 1.989248021205671790e+00 2.003853981548950891e+00 2.019666037700813987e+00 2.036590197607255792e+00 2.054505727870592491e+00 2.073235614999687115e+00 2.092536910735248945e+00 2.112315361386507107e+00 2.132538615121509995e+00 2.153217301888948665e+00 2.174358381554843067e+00 2.195696709321598661e+00 2.216752506419177315e+00 2.237310015609712099e+00 2.257678216683033146e+00 2.280336556261751024e+00 2.315850296712588907e+00 2.344137788732447714e+00 2.365891664211734913e+00 2.380572032164998575e+00 2.379823282808408713e+00 2.338420639166606918e+00 1.000000000000000020e+30 1.000000000000000020e+30 1.000000000000000020e+30 1.000000000000000020e+30 1.000000000000000020e+30 1.000000000000000020e+30 1.000000000000000020e+30 1.000000000000000020e+30 1.000000000000000020e+30 1.000000000000000020e+30 1.000000000000000020e+30 1.000000000000000020e+30 1.000000000000000020e+30 1.000000000000000020e+30 1.000000000000000020e+30 1.000000000000000020e+30 1.000000000000000020e+30 1.000000000000000020e+30 1.000000000000000020e+30
1.902184492359931589e+00 1.902987232749015600e+00 1.904573059480509478e+00 1.906878006326264696e+00 1.910029469364661114e+00 1.913973493588669195e+00 1.918668966947815413e+00 1.924078678899685091e+00 1.930212261751145464e+00 1.937110781384048019e+00 1.944838443558508212e+00 1.953476079837639379e+00 1.963122184069985954e+00 1.973897064862520701e+00 1.985948999619001398e+00 1.999441469843580954e+00 2.014465248021415800e+00 2.031029249262085390e+00 2.049088123450746757e+00 2.068517267254222691e+00 2.089216403012273737e+00 2.110982463733789949e+00 2.133271350249497988e+00 2.156095836946796407e+00 2.179495451720869781e+00 2.203616053906111816e+00 2.228850832301754625e+00 2.254824287351183898e+00 2.280364873236063517e+00 2.304931762503054760e+00 2.328141237179116807e+00 2.364093524970165117e+00 2.397553071470889918e+00 2.426751968007348381e+00 2.451780010406968913e+00 2.468320473953431460e+00 2.469675363441377502e+00 1.000000000000000020e+30 1.000000000000000020e+30 1.000000000000000020e+30 1.000000000000000020e+30 1.000000000000000020e+30 1.000000000000000020e+30 1.000000000000000020e+30 1.000000000000000020e+30 1.000000000000000020e+30 1.000000000000000020e+30 1.000000000000000020e+30 1.000000000000000020e+30 1.000000000000000020e+30 1.000000000000000020e+30 1.000000000000000020e+30 1.000000000000000020e+30 1.000000000000000020e+30 1.000000000000000020e+30 1.000000000000000020e+30 1.000000000000000020e+30
1.915129582686255771e+00 1.916197613048160386e+00 1.918249369016553407e+00 1.921143477777343289e+00 1.924950958614480623e+00 1.929579106807180144e+00 1.934967838617830838e+00 1.941074061342000112e+00 1.947910196298148877e+00 1.955525535800305414e+00 1.963995555252562530e+00 1.973413210656167704e+00 1.983894734281222094e+00 1.995588430784642098e+00 2.008710273811732172e+00 2.023588567213852052e+00 2.040365514440722006e+00 2.059032301882638638e+00 2.079570177094750782e+00 2.101719385582533572e+00 2.125526518524259778e+00 2.150999504612232105e+00 2.176391939594424674e+00 2.202353882192632284e+00 2.228917176173712988e+00 2.256222350518572561e+00 2.286066734458278571e+00 2.318187963599667611e+00 2.349645455942762418e+00 2.379862696757210294e+00 2.409354645362028702e+00 2.442996128366170083e+00 2.476491862249509346e+00 2.506766057347078469e+00 2.538073186050180841e+00 2.555108861718176971e+00 2.559095044599656976e+00 1.000000000000000020e+30 1.000000000000000020e+30 1.000000000000000020e+30 1.000000000000000020e+30 1.000000000000000020e+30 1.000000000000000020e+30 1.000000000000000020e+30 1.000000000000000020e+30 1.000000000000000020e+30 1.000000000000000020e+30 1.000000000000000020e+30 1.000000000000000020e+30 1.000000000000000020e+30 1.000000000000000020e+30 1.000000000000000020e+30 1.000000000000000020e+30 1.000000000000000020e+30 1.000000000000000020e+30 1.000000000000000020e+30 1.000000000000000020e+30
1.928694431938111187e+00 1.930103125073572956e+00 1.932721697956190088e+00 1.936296479796783210e+00 1.940829533825150666e+00 1.946186588044020560e+00 1.952291148793501740e+00 1.959098168736903567e+00 1.966625990379526678e+00 1.974935022677209995e+00 1.984113809716263388e+00 1.994259200615564387e+00 2.005496175000333725e+00 2.017966512746300900e+00 2.031911033203463113e+00 2.048123764250454393e+00 2.066764345513598666e+00 2.087665067309913081e+00 2.111064462074019321e+00 2.136018354061053781e+00 2.163065413020296646e+00 2.194580674201173753e+00 2.223358080164143047e+00 2.252890400159816675e+00 2.282976096926596643e+00 2.312138674755868983e+00 2.347579793322355446e+00 2.389573882429592455e+00 2.428049842902872513e+00 2.463614674393573623e+00 2.493889361587390496e+00 2.527807849873608959e+00 2.562735863704965311e+00 2.588135279455051840e+00 2.619179652098584388e+00 2.639594569690861814e+00 2.658046750578613171e+00 2.693596814782289073e+00 1.000000000000000020e+30 1.000000000000000020e+30 1.000000000000000020e+30 1.000000000000000020e+30 1.000000000000000020e+30 1.000000000000000020e+30 1.000000000000000020e+30 1.000000000000000020e+30 1.000000000000000020e+30 1.000000000000000020e+30 1.000000000000000020e+30 1.000000000000000020e+30 1.000000000000000020e+30 1.000000000000000020e+30 1.000000000000000020e+30 1.000000000000000020e+30 1.000000000000000020e+30 1.000000000000000020e+30 1.000000000000000020e+30
1.942625628827317819e+00 1.944567077992655602e+00 1.947969348920463695e+00 1.952395587886216699e+00 1.957768164969884817e+00 1.963919285241975343e+00 1.970767743916258752e+00 1.978277251485716759e+00 1.986477955671983597e+00 1.995448073616311380e+00 2.005302525141755776e+00 2.016119559087333535e+00 2.028043732669433830e+00 2.041128853947828947e+00 2.055188349732633757e+00 2.072675051303924487e+00 2.093460251746964040e+00 2.116482715171623674e+00 2.145382721536547077e+00 2.173594158970950208e+00 2.202890611694421796e+00 2.234277419151589061e+00 2.263281204221223586e+00 2.296372459992125137e+00 2.331656199514076544e+00 2.372660222423597975e+00 2.413611142355970074e+00 2.457385369305593592e+00 2.500693767064066098e+00 2.542084446540927800e+00 2.579546971829897117e+00 2.613310273864909217e+00 2.641591358223383867e+00 2.664140102678983268e+00 2.693957459111659958e+00 2.714397585118031753e+00 2.728201506002492671e+00 2.735498058015013889e+00 1.000000000000000020e+30 1.000000000000000020e+30 1.000000000000000020e+30 1.000000000000000020e+30 1.000000000000000020e+30 1.000000000000000020e+30 1.000000000000000020e+30 1.000000000000000020e+30 1.000000000000000020e+30 1.000000000000000020e+30 1.000000000000000020e+30 1.000000000000000020e+30 1.000000000000000020e+30 1.000000000000000020e+30 1.000000000000000020e+30 1.000000000000000020e+30 1.000000000000000020e+30 1.000000000000000020e+30 1.000000000000000020e+30
1.956480309425275399e+00 1.959432040511692952e+00 1.964023689733002342e+00 1.969564896197079973e+00 1.975927716925772959e+00 1.982947771594233188e+00 1.990563616241384226e+00 1.998767753327104435e+00 2.007606466086298891e+00 2.017181144410726823e+00 2.027700762574486060e+00 2.039118477455977629e+00 2.051754470665012153e+00 2.065724086950913030e+00 2.077532787300174100e+00 2.096529855824126987e+00 2.121516212006584468e+00 2.146183065168470794e+00 2.174437375541776074e+00 2.204045942136528602e+00 2.235482972818156888e+00 2.271751360237000750e+00 2.314274072798826687e+00 2.351962246157381475e+00 2.388403333166663867e+00 2.427031973724721681e+00 2.469239413612736911e+00 2.516182149407965252e+00 2.564510331079615124e+00 2.612324805667696204e+00 2.654767948467326555e+00 2.689410491456775354e+00 2.713106011270697060e+00 2.738468848116882626e+00 2.766556722883162678e+00 2.784309434006988493e+00 2.793144509786454677e+00 2.791284464791493392e+00 1.000000000000000020e+30 1.000000000000000020e+30 1.000000000000000020e+30 1.000000000000000020e+30 1.000000000000000020e+30 1.000000000000000020e+30 1.000000000000000020e+30 1.000000000000000020e+30 1.000000000000000020e+30 1.000000000000000020e+30 1.000000000000000020e+30 1.000000000000000020e+30 1.000000000000000020e+30 1.000000000000000020e+30 1.000000000000000020e+30 1.000000000000000020e+30 1.000000000000000020e+30 1.000000000000000020e+30 1.000000000000000020e+30
1.969338138972201335e+00 1.974615896900361323e+00 1.981065416067512519e+00 1.988050662948612990e+00 1.995555574309661573e+00 2.003507339867883097e+00 2.011891857066368861e+00 2.020765677792634385e+00 2.030183370262583331e+00 2.040212607223758301e+00 2.051515707437610025e+00 2.063291835782520955e+00 2.076607827714054721e+00 2.095057548336037190e+00 2.110806956956523539e+00 2.136140592330103782e+00 2.161766117312147628e+00 2.188550879178483122e+00 2.220596042138212933e+00 2.252557751462218594e+00 2.286101312339629210e+00 2.331343333159444420e+00 2.377548615827495659e+00 2.417645746718839472e+00 2.453366475672159375e+00 2.487885758949355264e+00 2.529450351459335167e+00 2.574663042987975103e+00 2.625475115624187783e+00 2.681667145931216023e+00 2.728248967475753961e+00 2.764600464106694133e+00 2.789358495545086303e+00 2.816692777448387197e+00 2.837889573005275778e+00 2.851564788830542874e+00 2.857028306802088746e+00 2.852130219201594485e+00 1.000000000000000020e+30 1.000000000000000020e+30 1.000000000000000020e+30 1.000000000000000020e+30 1.000000000000000020e+30 1.000000000000000020e+30 1.000000000000000020e+30 1.000000000000000020e+30 1.000000000000000020e+30 1.000000000000000020e+30 1.000000000000000020e+30 1.000000000000000020e+30 1.000000000000000020e+30 1.000000000000000020e+30 1.000000000000000020e+30 1.000000000000000020e+30 1.000000000000000020e+30 1.000000000000000020e+30 1.000000000000000020e+30
1.978957555280220770e+00 1.990687426596526199e+00 1.999624578528468755e+00 2.008285655596494301e+00 2.017000381579685531e+00 2.025912957977925366e+00 2.035019058732756125e+00 2.044516770268364425e+00 2.054483304920725839e+00 2.064362014579911975e+00 2.078613745324910500e+00 2.090975204613535254e+00 2.102516823886433350e+00 2.121623583630285470e+00 2.149200053988029158e+00 2.178899049992055748e+00 2.206869912852126969e+00 2.234219471251179812e+00 2.285738892028851943e+00 2.333416329723170701e+00 2.392167692684157743e+00 2.500444703507892719e+00 2.555299351166497424e+00 2.592307034563144708e+00 2.615072196954179695e+00 2.607076031463642529e+00 2.637698083346502020e+00 2.689477003215275275e+00 2.778455100605282002e+00 2.779675913377540386e+00 2.811845655925830467e+00 2.844153256754005987e+00 2.869470634090085071e+00 2.889401279233530850e+00 2.905108172852389092e+00 2.915424078551063669e+00 2.919492632411703426e+00 2.915360773575839559e+00 1.000000000000000020e+30 1.000000000000000020e+30 1.000000000000000020e+30 1.000000000000000020e+30 1.000000000000000020e+30 1.000000000000000020e+30 1.000000000000000020e+30 1.000000000000000020e+30 1.000000000000000020e+30 1.000000000000000020e+30 1.000000000000000020e+30 1.000000000000000020e+30 1.000000000000000020e+30 1.000000000000000020e+30 1.000000000000000020e+30 1.000000000000000020e+30 1.000000000000000020e+30 1.000000000000000020e+30 1.000000000000000020e+30
1.000000000000000020e+30 2.011730562791070209e+00 2.020670029509442411e+00 2.030693864280018524e+00 2.040667311793985306e+00 2.050565124413484597e+00 2.060212027946414448e+00 2.070257035308598503e+00 2.082252807532584349e+00 2.091533912709676368e+00 2.104273880310294054e+00 2.116477322900057079e+00 2.140472228369799446e+00 2.164914173375728002e+00 2.194189646837385155e+00 2.245513194948902669e+00 2.299106737727302896e+00 2.592029957862667988e+00 2.420697413049845093e+00 2.437320139358889470e+00 1.000000000000000020e+30 2.684772207659867682e+00 2.712051116879374835e+00 2.739020626238831468e+00 2.755595445131678645e+00 1.000000000000000020e+30 1.000000000000000020e+30 1.000000000000000020e+30 3.001281151056156116e+00 2.950326545756070118e+00 2.903569020488637964e+00 2.923446911929424186e+00 2.940533078599564032e+00 2.954637575890079138e+00 2.966058746840543048e+00 2.973900565838153209e+00 2.978357100727804685e+00 2.982120090064231288e+00 2.997599460668324056e+00 1.000000000000000020e+30 1.000000000000000020e+30 1.000000000000000020e+30 1.000000000000000020e+30 1.000000000000000020e+30 1.000000000000000020e+30 1.000000000000000020e+30 1.000000000000000020e+30 1.000000000000000020e+30 1.000000000000000020e+30 1.000000000000000020e+30 1.000000000000000020e+30 1.000000000000000020e+30 1.000000000000000020e+30 1.000000000000000020e+30 1.000000000000000020e+30 1.000000000000000020e+30 1.000000000000000020e+30
1.000000000000000020e+30 2.026151922597978494e+00 2.042991834256262518e+00 2.055528162740086540e+00 2.067005948534202275e+00 2.078083493309890617e+00 2.087647801764817679e+00 2.098640731663940162e+00 2.107897235574358596e+00 2.113880212119794599e+00 2.135001531361146121e+00 2.183158057491407789e+00 2.212124062367384347e+00 2.269969882148418439e+00 2.562421100056659018e+00 2.385550593636562411e+00 2.408208904273598794e+00 1.000000000000000020e+30 1.000000000000000020e+30 1.000000000000000020e+30 1.000000000000000020e+30 1.000000000000000020e+30 1.000000000000000020e+30 1.000000000000000020e+30 1.000000000000000020e+30 1.000000000000000020e+30 1.000000000000000020e+30 1.000000000000000020e+30 3.129489678742722436e+00 3.100234402824737501e+00 3.054502263607428603e+00 2.995723948316530105e+00 3.000937732169333128e+00 3.010822130785875572e+00 3.018911362539232979e+00 3.024122155807150047e+00 3.026096019059453024e+00 3.025292506788608726e+00 3.021219795450409418e+00 1.000000000000000020e+30 1.000000000000000020e+30 1.000000000000000020e+30 1.000000000000000020e+30 1.000000000000000020e+30 1.000000000000000020e+30 1.000000000000000020e+30 1.000000000000000020e+30 1.000000000000000020e+30 1.000000000000000020e+30 1.000000000000000020e+30 1.000000000000000020e+30 1.000000000000000020e+30 1.000000000000000020e+30 1.000000000000000020e+30 1.000000000000000020e+30 1.000000000000000020e+30 1.000000000000000020e+30
1.000000000000000020e+30 1.000000000000000020e+30 2.072137536604813146e+00 2.083995771914242567e+00 2.096351877120264273e+00 2.110304838106352499e+00 2.119237243826547434e+00 2.124949809405770829e+00 2.135594279425051312e+00 2.193811342818059007e+00 2.234715246033546876e+00 2.271997343631412924e+00 1.000000000000000020e+30 1.000000000000000020e+30 1.000000000000000020e+30 1.000000000000000020e+30 1.000000000000000020e+30 1.000000000000000020e+30 1.000000000000000020e+30 1.000000000000000020e+30 1.000000000000000020e+30 1.000000000000000020e+30 1.000000000000000020e+30 1.000000000000000020e+30 1.000000000000000020e+30 1.000000000000000020e+30 1.000000000000000020e+30 1.000000000000000020e+30 1.000000000000000020e+30 1.000000000000000020e+30 3.124001221465801503e+00 3.059724449485580866e+00 3.050772095739605394e+00 3.056741059388198956e+00 3.062977952296497719e+00 3.065990792516016583e+00 3.065057272491922724e+00 3.059883451982965408e+00 3.049048128521153256e+00 1.000000000000000020e+30 1.000000000000000020e+30 1.000000000000000020e+30 1.000000000000000020e+30 1.000000000000000020e+30 1.000000000000000020e+30 1.000000000000000020e+30 1.000000000000000020e+30 1.000000000000000020e+30 1.000000000000000020e+30 1.000000000000000020e+30 1.000000000000000020e+30 1.000000000000000020e+30 1.000000000000000020e+30 1.000000000000000020e+30 1.000000000000000020e+30 1.000000000000000020e+30 1.000000000000000020e+30
1.000000000000000020e+30 1.000000000000000020e+30 2.092136212094313663e+00 2.115696903194537626e+00 2.130600353977284644e+00 2.143207193744717909e+00 2.153086345141419056e+00 2.179104399174781381e+00 2.255034957042106214e+00 2.294208628911538206e+00 1.000000000000000020e+30 1.000000000000000020e+30 1.000000000000000020e+30 1.000000000000000020e+30 1.000000000000000020e+30 1.000000000000000020e+30 1.000000000000000020e+30 1.000000000000000020e+30 1.000000000000000020e+30 1.000000000000000020e+30 1.000000000000000020e+30 1.000000000000000020e+30 1.000000000000000020e+30 1.000000000000000020e+30 1.000000000000000020e+30 1.000000000000000020e+30 1.000000000000000020e+30 1.000000000000000020e+30 1.000000000000000020e+30 1.000000000000000020e+30 1.000000000000000020e+30 3.127366701194844723e+00 3.096932470154115880e+00 3.095285671317157927e+00 3.098559158235478339e+00 3.100215405185743123e+00 3.096723282747372519e+00 3.088308512863907840e+00 3.074492142847672138e+00 1.000000000000000020e+30 1.000000000000000020e+30 1.000000000000000020e+30 1.000000000000000020e+30 1.000000000000000020e+30 1.000000000000000020e+30 1.000000000000000020e+30 1.000000000000000020e+30 1.000000000000000020e+30 1.000000000000000020e+30 1.000000000000000020e+30 1.000000000000000020e+30 1.000000000000000020e+30 1.000000000000000020e+30 1.000000000000000020e+30 1.000000000000000020e+30 1.000000000000000020e+30 1.000000000000000020e+30
1.000000000000000020e+30 1.000000000000000020e+30 1.000000000000000020e+30 2.151637776642531641e+00 2.165870427484736460e+00 2.181582108956689137e+00 2.226362233457618078e+00 2.306280144488626949e+00 2.362312896994725353e+00 1.000000000000000020e+30 1.000000000000000020e+30 1.000000000000000020e+30 1.000000000000000020e+30 1.000000000000000020e+30 1.000000000000000020e+30 1.000000000000000020e+30 1.000000000000000020e+30 1.000000000000000020e+30 1.000000000000000020e+30 1.000000000000000020e+30 1.000000000000000020e+30 1.000000000000000020e+30 1.000000000000000020e+30 1.000000000000000020e+30 1.000000000000000020e+30 1.000000000000000020e+30 1.000000000000000020e+30 1.000000000000000020e+30 1.000000000000000020e+30 1.000000000000000020e+30 1.000000000000000020e+30 1.000000000000000020e+30 3.164739230944424886e+00 3.137450785040743373e+00 3.129806268034829753e+00 3.127987770503916298e+00 3.121798476167608971e+00 3.110339627649906014e+00 3.094725739773450890e+00 1.000000000000000020e+30 1.000000000000000020e+30 1.000000000000000020e+30 1.000000000000000020e+30 1.000000000000000020e+30 1.000000000000000020e+30 1.000000000000000020e+30 1.000000000000000020e+30 1.000000000000000020e+30 1.000000000000000020e+30 1.000000000000000020e+30 1.000000000000000020e+30 1.000000000000000020e+30 1.000000000000000020e+30 1.000000000000000020e+30 1.000000000000000020e+30 1.000000000000000020e+30 1.000000000000000020e+30
1.000000000000000020e+30 1.000000000000000020e+30 1.000000000000000020e+30 2.167548985003853623e+00 2.202329393482350905e+00 2.302089890643067793e+00 2.383363306817257943e+00 2.423282573775888515e+00 1.000000000000000020e+30 1.000000000000000020e+30 1.000000000000000020e+30 1.000000000000000020e+30 1.000000000000000020e+30 1.000000000000000020e+30 1.000000000000000020e+30 1.000000000000000020e+30 1.000000000000000020e+30 1.000000000000000020e+30 1.000000000000000020e+30 1.000000000000000020e+30 1.000000000000000020e+30 1.000000000000000020e+30 1.000000000000000020e+30 1.000000000000000020e+30 1.000000000000000020e+30 1.000000000000000020e+30 1.000000000000000020e+30 1.000000000000000020e+30 1.000000000000000020e+30 1.000000000000000020e+30 1.000000000000000020e+30 1.000000000000000020e+30 1.000000000000000020e+30 3.204576973296215048e+00 3.171900217786891130e+00 3.150838556371637456e+00 3.140609219906907779e+00 3.124700869627694999e+00 3.108064809068921353e+00 1.000000000000000020e+30 1.000000000000000020e+30 1.000000000000000020e+30 1.000000000000000020e+30 1.000000000000000020e+30 1.000000000000000020e+30 1.000000000000000020e+30 1.000000000000000020e+30 1.000000000000000020e+30 1.000000000000000020e+30 1.000000000000000020e+30 1.000000000000000020e+30 1.000000000000000020e+30 1.000000000000000020e+30 1.000000000000000020e+30 1.000000000000000020e+30 1.000000000000000020e+30 1.000000000000000020e+30
1.000000000000000020e+30 1.000000000000000020e+30 1.000000000000000020e+30 1.000000000000000020e+30 2.585539726778854686e+00 2.497734229192635880e+00 2.519013117800271928e+00 1.000000000000000020e+30 1.000000000000000020e+30 1.000000000000000020e+30 1.000000000000000020e+30 1.000000000000000020e+30 1.000000000000000020e+30 1.000000000000000020e+30 1.000000000000000020e+30 1.000000000000000020e+30 1.000000000000000020e+30 1.000000000000000020e+30 1.000000000000000020e+30 1.000000000000000020e+30 1.000000000000000020e+30 1.000000000000000020e+30 1.000000000000000020e+30 1.000000000000000020e+30 1.000000000000000020e+30 1.000000000000000020e+30 1.000000000000000020e+30 1.000000000000000020e+30 1.000000000000000020e+30 1.000000000000000020e+30 1.000000000000000020e+30 1.000000000000000020e+30 1.000000000000000020e+30 1.000000000000000020e+30 3.218422336892339697e+00 3.168595822645742466e+00 3.154210076991801337e+00 3.127854299402447857e+00 3.113553939346826560e+00 1.000000000000000020e+30 1.000000000000000020e+30 1.000000000000000020e+30 1.000000000000000020e+30 1.000000000000000020e+30 1.000000000000000020e+30 1.000000000000000020e+30 1.000000000000000020e+30 1.000000000000000020e+30 1.000000000000000020e+30 1.000000000000000020e+30 1.000000000000000020e+30 1.000000000000000020e+30 1.000000000000000020e+30 1.000000000000000020e+30 1.000000000000000020e+30 1.000000000000000020e+30 1.000000000000000020e+30
1.000000000000000020e+30 1.000000000000000020e+30 1.000000000000000020e+30 1.000000000000000020e+30 2.873264332641325414e+00 1.000000000000000020e+30 1.000000000000000020e+30 1.000000000000000020e+30 1.000000000000000020e+30 1.000000000000000020e+30 1.000000000000000020e+30 1.000000000000000020e+30 1.000000000000000020e+30 1.000000000000000020e+30 1.000000000000000020e+30 1.000000000000000020e+30 1.000000000000000020e+30 1.000000000000000020e+30 1.000000000000000020e+30 1.000000000000000020e+30 1.000000000000000020e+30 1.000000000000000020e+30 1.000000000000000020e+30 1.000000000000000020e+30 1.000000000000000020e+30 1.000000000000000020e+30 1.000000000000000020e+30 1.000000000000000020e+30 1.000000000000000020e+30 1.000000000000000020e+30 1.000000000000000020e+30 1.000000000000000020e+30 1.000000000000000020e+30 1.000000000000000020e+30 1.000000000000000020e+30 3.180069330744304423e+00 3.171460202025270014e+00 1.000000000000000020e+30 1.000000000000000020e+30 1.000000000000000020e+30 1.000000000000000020e+30 1.000000000000000020e+30 1.000000000000000020e+30 1.000000000000000020e+30 1.000000000000000020e+30 1.000000000000000020e+30 1.000000000000000020e+30 1.000000000000000020e+30 1.000000000000000020e+30 1.000000000000000020e+30 1.000000000000000020e+30 1.000000000000000020e+30 1.000000000000000020e+30 1.000000000000000020e+30 1.000000000000000020e+30 1.000000000000000020e+30 1.000000000000000020e+30
