1.000000000000000020e+30 1.000000000000000020e+30 1.000000000000000020e+30 1.000000000000000020e+30 1.000000000000000020e+30 1.000000000000000020e+30 1.000000000000000020e+30 1.000000000000000020e+30 1.000000000000000020e+30 1.000000000000000020e+30 1.000000000000000020e+30 1.000000000000000020e+30 1.000000000000000020e+30 1.000000000000000020e+30 1.000000000000000020e+30 1.000000000000000020e+30 1.000000000000000020e+30 1.000000000000000020e+30 1.000000000000000020e+30 1.000000000000000020e+30 1.000000000000000020e+30 1.000000000000000020e+30 1.000000000000000020e+30 1.000000000000000020e+30 1.000000000000000020e+30 1.000000000000000020e+30 1.000000000000000020e+30 1.000000000000000020e+30 1.000000000000000020e+30 1.000000000000000020e+30 1.000000000000000020e+30 1.000000000000000020e+30 1.000000000000000020e+30 1.000000000000000020e+30 1.000000000000000020e+30 1.000000000000000020e+30 1.000000000000000020e+30 1.000000000000000020e+30 1.000000000000000020e+30 1.000000000000000020e+30 1.000000000000000020e+30 1.000000000000000020e+30 1.000000000000000020e+30 1.000000000000000020e+30 1.000000000000000020e+30 1.000000000000000020e+30 1.000000000000000020e+30 1.000000000000000020e+30 1.000000000000000020e+30 1.000000000000000020e+30 1.000000000000000020e+30 1.000000000000000020e+30 1.000000000000000020e+30 1.000000000000000020e+30 1.000000000000000020e+30 1.000000000000000020e+30 1.000000000000000020e+30
1.000000000000000020e+30 1.000000000000000020e+30 1.000000000000000020e+30 1.000000000000000020e+30 1.000000000000000020e+30 1.000000000000000020e+30 1.000000000000000020e+30 1.000000000000000020e+30 1.000000000000000020e+30 1.000000000000000020e+30 1.000000000000000020e+30 1.000000000000000020e+30 1.000000000000000020e+30 1.000000000000000020e+30 1.000000000000000020e+30 1.000000000000000020e+30 1.000000000000000020e+30 1.000000000000000020e+30 1.000000000000000020e+30 1.000000000000000020e+30 1.000000000000000020e+30 1.000000000000000020e+30 1.000000000000000020e+30 1.000000000000000020e+30 1.000000000000000020e+30 1.000000000000000020e+30 1.000000000000000020e+30 1.164342991844770125e+01 1.163805617218846500e+01 1.162952091029456980e+01 1.161854540757990684e+01 1.160537989528834402e+01 1.159011398024536099e+01 1.157277153398722014e+01 1.155335325926536072e+01 1.153186040340078833e+01 1.150831510979907968e+01 1.148278657886301168e+01 1.145543564363729594e+01 1.142660868302423971e+01 1.139707152656859890e+01 1.136867792414571099e+01 1.134651558832371165e+01 1.000000000000000020e+30 1.000000000000000020e+30 1.000000000000000020e+30 1.000000000000000020e+30 1.000000000000000020e+30 1.000000000000000020e+30 1.000000000000000020e+30 1.000000000000000020e+30 1.000000000000000020e+30 1.000000000000000020e+30 1.000000000000000020e+30 1.000000000000000020e+30 1.000000000000000020e+30 1.000000000000000020e+30
1.000000000000000020e+30 1.000000000000000020e+30 1.000000000000000020e+30 1.000000000000000020e+30 1.000000000000000020e+30 1.000000000000000020e+30 1.000000000000000020e+30 1.000000000000000020e+30 1.000000000000000020e+30 1.000000000000000020e+30 1.000000000000000020e+30 1.000000000000000020e+30 1.000000000000000020e+30 1.000000000000000020e+30 1.000000000000000020e+30 1.000000000000000020e+30 1.000000000000000020e+30 1.000000000000000020e+30 1.000000000000000020e+30 1.000000000000000020e+30 1.000000000000000020e+30 1.000000000000000020e+30 1.000000000000000020e+30 1.000000000000000020e+30 1.166203153852142549e+01 1.165885839429614812e+01 1.165342365385329870e+01 1.164587457544176807e+01 1.163822376218351629e+01 1.162886335560678930e+01 1.161749768836907926e+01 1.160408097810308981e+01 1.158860156653032192e+01 1.157104229443831045e+01 1.155138127913532742e+01 1.152960083668313729e+01 1.150569918432648997e+01 1.147970419405715425e+01 1.145168756477949579e+01 1.142176911629859148e+01 1.139005829864541752e+01 1.135628512755592823e+01 1.131797814845236871e+01 1.126191916523028880e+01 1.120870716423667268e+01 1.115512591868741232e+01 1.109857433083687361e+01 1.110874788046034922e+01 1.000000000000000020e+30 1.000000000000000020e+30 1.000000000000000020e+30 1.000000000000000020e+30 1.000000000000000020e+30 1.000000000000000020e+30 1.000000000000000020e+30 1.000000000000000020e+30 1.000000000000000020e+30
1.000000000000000020e+30 1.000000000000000020e+30 1.000000000000000020e+30 1.000000000000000020e+30 1.000000000000000020e+30 1.000000000000000020e+30 1.000000000000000020e+30 1.000000000000000020e+30 1.000000000000000020e+30 1.000000000000000020e+30 1.000000000000000020e+30 1.000000000000000020e+30 1.000000000000000020e+30 1.000000000000000020e+30 1.000000000000000020e+30 1.000000000000000020e+30 1.000000000000000020e+30 1.000000000000000020e+30 1.000000000000000020e+30 1.000000000000000020e+30 1.000000000000000020e+30 1.166865671875410726e+01 1.166777883881761468e+01 1.166575743770486717e+01 1.166249811386557234e+01 1.165837818781781365e+01 1.165273375232429487e+01 1.164551211268119602e+01 1.163710374679842374e+01 1.162710021285852058e+01 1.161525125102689415e+01 1.160143100397183247e+01 1.158556437859041566e+01 1.156759275901077544e+01 1.154746348535178946e+01 1.152512982074050818e+01 1.150055463943190937e+01 1.147371322449430409e+01 1.144458761143260084e+01 1.141313463018203578e+01 1.137918310892965579e+01 1.134216444743274899e+01 1.130058382349499091e+01 1.125200824415834866e+01 1.120163141568494147e+01 1.115033745904030127e+01 1.109784153371427884e+01 1.111078982403674864e+01 1.111746070262165986e+01 1.000000000000000020e+30 1.000000000000000020e+30 1.000000000000000020e+30 1.000000000000000020e+30 1.000000000000000020e+30 1.000000000000000020e+30 1.000000000000000020e+30 1.000000000000000020e+30
1.000000000000000020e+30 1.000000000000000020e+30 1.000000000000000020e+30 1.000000000000000020e+30 1.000000000000000020e+30 1.000000000000000020e+30 1.000000000000000020e+30 1.000000000000000020e+30 1.000000000000000020e+30 1.000000000000000020e+30 1.000000000000000020e+30 1.000000000000000020e+30 1.000000000000000020e+30 1.000000000000000020e+30 1.000000000000000020e+30 1.000000000000000020e+30 1.000000000000000020e+30 1.000000000000000020e+30 1.166344443536330822e+01 1.166466878981526634e+01 1.166589960915433721e+01 1.166689407390036237e+01 1.166627620565019008e+01 1.166433158066734066e+01 1.166111307661090102e+01 1.165667014551373093e+01 1.165080464681906669e+01 1.164343636476320043e+01 1.163458103025226720e+01 1.162406579985788468e+01 1.161171660601735134e+01 1.159739944713533433e+01 1.158100946347293814e+01 1.156245666534841199e+01 1.154165815610534374e+01 1.151853581554782657e+01 1.149301652996480527e+01 1.146503133201657398e+01 1.143450782981084757e+01 1.140134648103609649e+01 1.136536901711702896e+01 1.132623894173090839e+01 1.128344598591814218e+01 1.123676758716709223e+01 1.118798191890835625e+01 1.113895133925427849e+01 1.109760205324898585e+01 1.111089074537225230e+01 1.111577443884344873e+01 1.111535187856486750e+01 1.000000000000000020e+30 1.000000000000000020e+30 1.000000000000000020e+30 1.000000000000000020e+30 1.000000000000000020e+30 1.000000000000000020e+30 1.000000000000000020e+30
1.000000000000000020e+30 1.000000000000000020e+30 1.000000000000000020e+30 1.000000000000000020e+30 1.000000000000000020e+30 1.000000000000000020e+30 1.000000000000000020e+30 1.000000000000000020e+30 1.000000000000000020e+30 1.000000000000000020e+30 1.000000000000000020e+30 1.000000000000000020e+30 1.000000000000000020e+30 1.000000000000000020e+30 1.000000000000000020e+30 1.000000000000000020e+30 1.165223891382791344e+01 1.165512700603632368e+01 1.165950737818795879e+01 1.166196730885119415e+01 1.166346119292768435e+01 1.166407202846302482e+01 1.166343217817987465e+01 1.166149510763202102e+01 1.165823818774329901e+01 1.165362614290244636e+01 1.164755715201873265e+01 1.163994405004394572e+01 1.163071263068899341e+01 1.161973604781036862e+01 1.160687301739319466e+01 1.159199072743342462e+01 1.157496766404566735e+01 1.155568963851285424e+01 1.153404606742951444e+01 1.150992844124259840e+01 1.148323064103187718e+01 1.145384972525007150e+01 1.142168538318443005e+01 1.138663711616844942e+01 1.134860313375080842e+01 1.130749874870470428e+01 1.126334042301567706e+01 1.121640992052891939e+01 1.116700904825144747e+01 1.111201451330320111e+01 1.110859074146304870e+01 1.111109107209881230e+01 1.111093813622035675e+01 1.110633999984508868e+01 1.109562557480568046e+01 1.108785410454867737e+01 1.000000000000000020e+30 1.000000000000000020e+30 1.000000000000000020e+30 1.000000000000000020e+30 1.000000000000000020e+30
1.000000000000000020e+30 1.000000000000000020e+30 1.000000000000000020e+30 1.000000000000000020e+30 1.000000000000000020e+30 1.000000000000000020e+30 1.000000000000000020e+30 1.000000000000000020e+30 1.000000000000000020e+30 1.000000000000000020e+30 1.000000000000000020e+30 1.000000000000000020e+30 1.000000000000000020e+30 1.000000000000000020e+30 1.000000000000000020e+30 1.164110450391958729e+01 1.164652211871595178e+01 1.165083769160838933e+01 1.165473293404967770e+01 1.165750407107904607e+01 1.165920165742433312e+01 1.165981262781146022e+01 1.165919971913166719e+01 1.165728067443871296e+01 1.165399285273830188e+01 1.164926906349285929e+01 1.164302057632142606e+01 1.163515345194762318e+01 1.162556807263444547e+01 1.161414379763947657e+01 1.160074754475985515e+01 1.158524336401446320e+01 1.156749583233751189e+01 1.154736955714338720e+01 1.152472791417991438e+01 1.149943286045950330e+01 1.147134661210338180e+01 1.144033558933575989e+01 1.140627769783985812e+01 1.136907653337576463e+01 1.132869285853122676e+01 1.128521718841325772e+01 1.123903581962971465e+01 1.119118992320881212e+01 1.114396414182647810e+01 1.109962722324320872e+01 1.110545862517986215e+01 1.110555522656375871e+01 1.110199625961283942e+01 1.109475261123180623e+01 1.108384214835044368e+01 1.107116021110648241e+01 1.105489355268270835e+01 1.000000000000000020e+30 1.000000000000000020e+30 1.000000000000000020e+30 1.000000000000000020e+30
1.000000000000000020e+30 1.000000000000000020e+30 1.000000000000000020e+30 1.000000000000000020e+30 1.000000000000000020e+30 1.000000000000000020e+30 1.000000000000000020e+30 1.000000000000000020e+30 1.000000000000000020e+30 1.000000000000000020e+30 1.000000000000000020e+30 1.000000000000000020e+30 1.000000000000000020e+30 1.000000000000000020e+30 1.162512978631151306e+01 1.163276316652889797e+01 1.163902991119816122e+01 1.164413315094187418e+01 1.164828681052984294e+01 1.165135646225644450e+01 1.165329946014192508e+01 1.165406521097142267e+01 1.165356587536837907e+01 1.165171730377745440e+01 1.164843951789940846e+01 1.164364884736323802e+01 1.163725154275610585e+01 1.162914568583277131e+01 1.161922009858552940e+01 1.160735022459236809e+01 1.159340007141807227e+01 1.157722570476444091e+01 1.155867705300625303e+01 1.153759803104932935e+01 1.151382624800021226e+01 1.148719361198147482e+01 1.145752894592286530e+01 1.142466383659967910e+01 1.138844393362887963e+01 1.134875034584217346e+01 1.130554014523466222e+01 1.125892101387520583e+01 1.120929953055301631e+01 1.115789814044585881e+01 1.111025593889771201e+01 1.110301290053620527e+01 1.109977728082847115e+01 1.109520153482742622e+01 1.108810708357476216e+01 1.107806336558344640e+01 1.106494108859243397e+01 1.104907295235041431e+01 1.102956902287205843e+01 1.100644127900987534e+01 1.000000000000000020e+30 1.000000000000000020e+30 1.000000000000000020e+30
1.000000000000000020e+30 1.000000000000000020e+30 1.000000000000000020e+30 1.000000000000000020e+30 1.000000000000000020e+30 1.000000000000000020e+30 1.000000000000000020e+30 1.000000000000000020e+30 1.000000000000000020e+30 1.000000000000000020e+30 1.000000000000000020e+30 1.000000000000000020e+30 1.000000000000000020e+30 1.160460310064021883e+01 1.161445243687779261e+01 1.162280213345314372e+01 1.162976867410147008e+01 1.163549448428085320e+01 1.164008976048288524e+01 1.164354196510947403e+01 1.164581237887111520e+01 1.164684090337028088e+01 1.164654643155159697e+01 1.164484064772353733e+01 1.164163234097926924e+01 1.163682594894419964e+01 1.163031892734269412e+01 1.162200065693216544e+01 1.161175081827382627e+01 1.159943736730033947e+01 1.158491634302624718e+01 1.156803256210858422e+01 1.154861995498031568e+01 1.152650131359534669e+01 1.150148799638705377e+01 1.147338046611189100e+01 1.144197066503004123e+01 1.140704748513544509e+01 1.136840743244592034e+01 1.132587450176018962e+01 1.127933503779159174e+01 1.122877500210631574e+01 1.117411506099857199e+01 1.111326931768330617e+01 1.110232620279997917e+01 1.109423749315511820e+01 1.108706213687393038e+01 1.107880987152856811e+01 1.106845869867222376e+01 1.105561661548851760e+01 1.103984179710271185e+01 1.102159011371642450e+01 1.099876703234448172e+01 1.097415026581781738e+01 1.093302352678696288e+01 1.000000000000000020e+30 1.000000000000000020e+30
1.000000000000000020e+30 1.000000000000000020e+30 1.000000000000000020e+30 1.000000000000000020e+30 1.000000000000000020e+30 1.000000000000000020e+30 1.000000000000000020e+30 1.000000000000000020e+30 1.000000000000000020e+30 1.000000000000000020e+30 1.000000000000000020e+30 1.000000000000000020e+30 1.157933376690328409e+01 1.159157975716570732e+01 1.160216400917350299e+01 1.161117581000494248e+01 1.161875830208654392e+01 1.162505455432256696e+01 1.163015660991875500e+01 1.163407466491925923e+01 1.163676771123284048e+01 1.163816402400354377e+01 1.163817345536274850e+01 1.163669724661096083e+01 1.163363244834005705e+01 1.162887224609464631e+01 1.162230438384047737e+01 1.161380919591727157e+01 1.160325736391488505e+01 1.159050776741097444e+01 1.157540611268838404e+01 1.155778411908769776e+01 1.153745875381331132e+01 1.151423131357138985e+01 1.148788656999238000e+01 1.145819250014515056e+01 1.142490128743055244e+01 1.138775235314701462e+01 1.134647846578052821e+01 1.130081861373356311e+01 1.125056005174749529e+01 1.119574263202673237e+01 1.113775406950527902e+01 1.108511827548391260e+01 1.108354022828819119e+01 1.107629567859903830e+01 1.106696111400891702e+01 1.105588124330826894e+01 1.104252331920756802e+01 1.102720805504073631e+01 1.100822903717984858e+01 1.098961034227182232e+01 1.096062830945100153e+01 1.094919381869782882e+01 1.095557428360474894e+01 1.000000000000000020e+30 1.000000000000000020e+30
1.000000000000000020e+30 1.000000000000000020e+30 1.000000000000000020e+30 1.000000000000000020e+30 1.000000000000000020e+30 1.000000000000000020e+30 1.000000000000000020e+30 1.000000000000000020e+30 1.000000000000000020e+30 1.000000000000000020e+30 1.000000000000000020e+30 1.154862006397517504e+01 1.156379107569978615e+01 1.157698225776047529e+01 1.158827627079794986e+01 1.159787096351340452e+01 1.160599165577439962e+01 1.161282792694182930e+01 1.161848222638238148e+01 1.162295553796925951e+01 1.162618230711522571e+01 1.162806481192244412e+01 1.162849189035078723e+01 1.162734774606013310e+01 1.162451518932472361e+01 1.161987554486956675e+01 1.161330662183939744e+01 1.160467978799987243e+01 1.159385678601242020e+01 1.158068681401659283e+01 1.156500423513286435e+01 1.154662683724927241e+01 1.152535431856460235e+01 1.150096673271809244e+01 1.147322285427105903e+01 1.144185868757855751e+01 1.140658651523070866e+01 1.136709458208741808e+01 1.132304515343139784e+01 1.127405824505399501e+01 1.121962788526039390e+01 1.115876462122510837e+01 1.108854804258821147e+01 1.107198123498390352e+01 1.106231084162559242e+01 1.105209609413213556e+01 1.104006061128248284e+01 1.102652482047004767e+01 1.100971024709577506e+01 1.099352548918823125e+01 1.096723689053323803e+01 1.095891188023149176e+01 1.096888229080241040e+01 1.097025514940386337e+01 1.097532865150702364e+01 1.098478736752794838e+01 1.000000000000000020e+30
1.000000000000000020e+30 1.000000000000000020e+30 1.000000000000000020e+30 1.000000000000000020e+30 1.000000000000000020e+30 1.000000000000000020e+30 1.000000000000000020e+30 1.000000000000000020e+30 1.000000000000000020e+30 1.000000000000000020e+30 1.151039832389073858e+01 1.153005801381819140e+01 1.154688540763882010e+01 1.156099647609831571e+01 1.157286420498967239e+01 1.158288353525756875e+01 1.159141944824360237e+01 1.159875656800039678e+01 1.160502077418566635e+01 1.161016719185710144e+01 1.161406923314897810e+01 1.161658214153050217e+01 1.161756252577395365e+01 1.161687188303194596e+01 1.161437646062160312e+01 1.160994534040534454e+01 1.160344690530079426e+01 1.159474434022170364e+01 1.158369103312215387e+01 1.157012657886891738e+01 1.155387371767574045e+01 1.153473609683565826e+01 1.151249644338565403e+01 1.148691465897009678e+01 1.145772547421826637e+01 1.142463561838106578e+01 1.138732105006274153e+01 1.134542577054248902e+01 1.129856478151961774e+01 1.124633206145467668e+01 1.118829736607687053e+01 1.112390259836624828e+01 1.105200153255893092e+01 1.104401268647542800e+01 1.103341923306674666e+01 1.102128580535968005e+01 1.100604654804465987e+01 1.099168823306820286e+01 1.096739490111781912e+01 1.096098884607543766e+01 1.097237413160665476e+01 1.097391192646195712e+01 1.097664151852014491e+01 1.097850923978187332e+01 1.098159567703488726e+01 1.098517033080809924e+01 1.000000000000000020e+30
1.000000000000000020e+30 1.000000000000000020e+30 1.000000000000000020e+30 1.000000000000000020e+30 1.000000000000000020e+30 1.000000000000000020e+30 1.000000000000000020e+30 1.000000000000000020e+30 1.000000000000000020e+30 1.145387544239608246e+01 1.148730566785531870e+01 1.151091969052610509e+01 1.152932782571239478e+01 1.154393573687852026e+01 1.155604286595353258e+01 1.156618668319077514e+01 1.157491855978982009e+01 1.158269479876428854e+01 1.158967488766041676e+01 1.159567692033180997e+01 1.160044734793609855e+01 1.160377224192073875e+01 1.160546975013328996e+01 1.160537608797461040e+01 1.160334016621090214e+01 1.159921967362640594e+01 1.159287537295764814e+01 1.158416418076432919e+01 1.157293250140457097e+01 1.155901089651163360e+01 1.154221046093404190e+01 1.152232063509159055e+01 1.149910774911786859e+01 1.147231338868521711e+01 1.144165167837348207e+01 1.140680485940881184e+01 1.136741745247666024e+01 1.132309190912759611e+01 1.127339588311044416e+01 1.121791089733958202e+01 1.115639893622815393e+01 1.108920824601081456e+01 1.101750855714853827e+01 1.101062301756073758e+01 1.099778187528343310e+01 1.098508541634318547e+01 1.096248998222571913e+01 1.095799882520881674e+01 1.097142606687018151e+01 1.097478836264207480e+01 1.097837503172786988e+01 1.097871379348602261e+01 1.097624558585333610e+01 1.097652598000155422e+01 1.097836173426098050e+01 1.098012495159118984e+01 1.000000000000000020e+30
1.000000000000000020e+30 1.000000000000000020e+30 1.000000000000000020e+30 1.000000000000000020e+30 1.000000000000000020e+30 1.000000000000000020e+30 1.000000000000000020e+30 1.000000000000000020e+30 1.152444536598405556e+01 1.149340131633056394e+01 1.147061971827861271e+01 1.149359088182748323e+01 1.151220190459339321e+01 1.152605124406132298e+01 1.153791422732970950e+01 1.154769073127386392e+01 1.155622508264534076e+01 1.156434481444494011e+01 1.157228541652259501e+01 1.157945576608226013e+01 1.158536135754001961e+01 1.158972368610455383e+01 1.159233341551337126e+01 1.159300382493933768e+01 1.159156740313286882e+01 1.158787314747273101e+01 1.158177810211616254e+01 1.157313656351919029e+01 1.156179032012916963e+01 1.154756170371238078e+01 1.153024979510117198e+01 1.150962916031077121e+01 1.148544990255616227e+01 1.145743748470861156e+01 1.142529057887121624e+01 1.138867507861994355e+01 1.134721259844419627e+01 1.130046314362605209e+01 1.124790723640984247e+01 1.118895899520100734e+01 1.112318120975528224e+01 1.105160965818024899e+01 1.098386448022874617e+01 1.097509790510219219e+01 1.095366055729863319e+01 1.095025085261339015e+01 1.096523200335076353e+01 1.097066068561797003e+01 1.097667223874456965e+01 1.097947392918587362e+01 1.097871648907752373e+01 1.097741215339017096e+01 1.096419546198862527e+01 1.096409140560345108e+01 1.096631489464602183e+01 1.096796393521519164e+01 1.000000000000000020e+30
1.000000000000000020e+30 1.000000000000000020e+30 1.000000000000000020e+30 1.000000000000000020e+30 1.000000000000000020e+30 1.000000000000000020e+30 1.000000000000000020e+30 1.157967164720048991e+01 1.155229237099479533e+01 1.152137531852285690e+01 1.148130550106003334e+01 1.147727184049798410e+01 1.149650489125332342e+01 1.150685263906189881e+01 1.151861581929998302e+01 1.152723342930795347e+01 1.153480129604510473e+01 1.154309119535845873e+01 1.155264694925261360e+01 1.156154207140179935e+01 1.156891854318606860e+01 1.157457683248180302e+01 1.157832332380858809e+01 1.157994840866397901e+01 1.157926750292010176e+01 1.157612600967733663e+01 1.157038465803290705e+01 1.156190148423747566e+01 1.155051725544497110e+01 1.153604665754439829e+01 1.151827509953287176e+01 1.149695978893733717e+01 1.147183309947805085e+01 1.144260590881264328e+01 1.140896822434451430e+01 1.137058365654860559e+01 1.132707291871120425e+01 1.127797857703657769e+01 1.122269086977840047e+01 1.116025438835579564e+01 1.108872430781534213e+01 1.100273076020660845e+01 1.095664215309921374e+01 1.094412068418938233e+01 1.095617567346540255e+01 1.096149178334458085e+01 1.096887077249687614e+01 1.097400476968186389e+01 1.097634917464532123e+01 1.097892265807199230e+01 1.097081202210161344e+01 1.097924634304284730e+01 1.100337058811080837e+01 1.101368787518670089e+01 1.101923304876033782e+01 1.102186155905081222e+01 1.000000000000000020e+30
1.000000000000000020e+30 1.000000000000000020e+30 1.000000000000000020e+30 1.000000000000000020e+30 1.000000000000000020e+30 1.000000000000000020e+30 1.162602101865753745e+01 1.160412461575939602e+01 1.158062658106520360e+01 1.155535146560798765e+01 1.152926629539215497e+01 1.151093867155721995e+01 1.148643521396751943e+01 1.148299811406096715e+01 1.149925652002568555e+01 1.150466363019290839e+01 1.150954568351943763e+01 1.151752103827660356e+01 1.153068215881997283e+01 1.154222444466638287e+01 1.155133269306961630e+01 1.155853544802318744e+01 1.156367311468864223e+01 1.156646848346417755e+01 1.156671120435426836e+01 1.156425398398013726e+01 1.155897545028417284e+01 1.155074812344372859e+01 1.153941675606605699e+01 1.152478790976592826e+01 1.150662886940679996e+01 1.148467327185435494e+01 1.145863041556340534e+01 1.142819515448899459e+01 1.139305512910546092e+01 1.135289091664088268e+01 1.130736269909713521e+01 1.125607766352423944e+01 1.119854007861474798e+01 1.113408307918638229e+01 1.106170709212230818e+01 1.097984312733530743e+01 1.096107537447008973e+01 1.095341353185962774e+01 1.095709578324035860e+01 1.096217853503491213e+01 1.096616129258198313e+01 1.097148807865256082e+01 1.096712493591988036e+01 1.098038936169277058e+01 1.101085897781628908e+01 1.102998074999127631e+01 1.104779023777407509e+01 1.105952935359564826e+01 1.106656616385921410e+01 1.106989738697332903e+01 1.000000000000000020e+30
1.000000000000000020e+30 1.000000000000000020e+30 1.000000000000000020e+30 1.000000000000000020e+30 1.000000000000000020e+30 1.166112273537140354e+01 1.164529354485378754e+01 1.162741893995911902e+01 1.160785966579305217e+01 1.158716160863268385e+01 1.156641706533503111e+01 1.154767843627418600e+01 1.152873785557147812e+01 1.151286147624924894e+01 1.148763548337406171e+01 1.147953970314831018e+01 1.147816195559711083e+01 1.148378511023972059e+01 1.150742052375500890e+01 1.152249179386324940e+01 1.153286844897281505e+01 1.154183589473181826e+01 1.154869422353152153e+01 1.155291008924333873e+01 1.155424704712301498e+01 1.155259805837233600e+01 1.154788742886165842e+01 1.154001951227567524e+01 1.152884914642082137e+01 1.151417162602554356e+01 1.149572653656867516e+01 1.147321124274058946e+01 1.144629958916488199e+01 1.141466200877041715e+01 1.137798421647528357e+01 1.133597988223095498e+01 1.128838669519433324e+01 1.123493491373104369e+01 1.117532309943439373e+01 1.110935037406688508e+01 1.103721858807183942e+01 1.095965742577877045e+01 1.094663760628635707e+01 1.094330697885964732e+01 1.094834644464824081e+01 1.095555229215807813e+01 1.095361028511865165e+01 1.097012791892710126e+01 1.100485369235574495e+01 1.102935027279774083e+01 1.105380238033891693e+01 1.107363462225204032e+01 1.108994474399562158e+01 1.110178507512511992e+01 1.110935035711365515e+01 1.111302521205286453e+01 1.000000000000000020e+30
1.000000000000000020e+30 1.000000000000000020e+30 1.000000000000000020e+30 1.000000000000000020e+30 1.000000000000000020e+30 1.167461876039523361e+01 1.166415438258306736e+01 1.164982399601282026e+01 1.163355187649116118e+01 1.161624757002473807e+01 1.159871669731151123e+01 1.158171912663648584e+01 1.156503723420342666e+01 1.154911725821897228e+01 1.153250350793139489e+01 1.152128087681388280e+01 1.151338554570309469e+01 1.150573151779231651e+01 1.148992783919185534e+01 1.150472735385255163e+01 1.151315523344769076e+01 1.152465375556100646e+01 1.153382648010533806e+01 1.153974905966451736e+01 1.154232192078925934e+01 1.154157174600279134e+01 1.153751511052032974e+01 1.153011293863370312e+01 1.151923526661251351e+01 1.150465739741688154e+01 1.148607306926236049e+01 1.146312056210916985e+01 1.143541500433128100e+01 1.140258198942874834e+01 1.136429283338643614e+01 1.132030085146696585e+01 1.127045820806478105e+01 1.121465140581246978e+01 1.115265386440564122e+01 1.108444582640423981e+01 1.101132740229838092e+01 1.094070317978451179e+01 1.091484364307248889e+01 1.091686911105587221e+01 1.092925895500097511e+01 1.094976848048669993e+01 1.098724849365228629e+01 1.101530455541660203e+01 1.104445102405379586e+01 1.107004931769239242e+01 1.109313038271593577e+01 1.111265194053214067e+01 1.112848221941171367e+01 1.114028764437680508e+01 1.114803807782935685e+01 1.115186029818244329e+01 1.000000000000000020e+30
1.000000000000000020e+30 1.000000000000000020e+30 1.000000000000000020e+30 1.000000000000000020e+30 1.171025865216664918e+01 1.169639392935556543e+01 1.168461528610405509e+01 1.167180812295505277e+01 1.165782134777476031e+01 1.164302265889582699e+01 1.162787601459800513e+01 1.161278238657786765e+01 1.159787466467514250e+01 1.158334562331069151e+01 1.156925318480738341e+01 1.155697910589269561e+01 1.154567835265130249e+01 1.153317510483443442e+01 1.151581945553225061e+01 1.149079102953629850e+01 1.148789699838914480e+01 1.150739623800033051e+01 1.151987734442193556e+01 1.152766729353022335e+01 1.153149713941974497e+01 1.153165873033289657e+01 1.152830131515372258e+01 1.152147226061445906e+01 1.151105506877275708e+01 1.149678620257654416e+01 1.147828189868761406e+01 1.145508399850527503e+01 1.142671123140273792e+01 1.139270655083128325e+01 1.135269012865435911e+01 1.130644021419434964e+01 1.125399320282693871e+01 1.119554807056101708e+01 1.113064605534975371e+01 1.105835337632377602e+01 1.097630799783571476e+01 1.094279784434884562e+01 1.092040154848573508e+01 1.094500948413983998e+01 1.096686391003787442e+01 1.099183729126278308e+01 1.102208589627427315e+01 1.105117201900962343e+01 1.107942575097137983e+01 1.110516980302549506e+01 1.112801192240862136e+01 1.114744764763938889e+01 1.116321705445636958e+01 1.117508672146586690e+01 1.118294410351655976e+01 1.118683094229377950e+01 1.000000000000000020e+30
1.000000000000000020e+30 1.000000000000000020e+30 1.000000000000000020e+30 1.000000000000000020e+30 1.172233677191077561e+01 1.171414989975496290e+01 1.170407082560680045e+01 1.169284830091490335e+01 1.168069742861995586e+01 1.166786785230712375e+01 1.165464286407401673e+01 1.164127170417953749e+01 1.162791178907523282e+01 1.161469762859761978e+01 1.160174133139480546e+01 1.158927199000228825e+01 1.157676565674752389e+01 1.156309721832175974e+01 1.154705025008400021e+01 1.152903479065124870e+01 1.151460557770798765e+01 1.149501591400674094e+01 1.150855939224990188e+01 1.151755992830747921e+01 1.152241811265422733e+01 1.152338925540521686e+01 1.152070904315742972e+01 1.151456736922762580e+01 1.150483806259258124e+01 1.149118532419524641e+01 1.147309541216364792e+01 1.144995619995377645e+01 1.142113740730866311e+01 1.138604267587807328e+01 1.134415870450694186e+01 1.129518991109716275e+01 1.123945706452555449e+01 1.117830007405606985e+01 1.111085685035365778e+01 1.103624905734516837e+01 1.095957258173881854e+01 1.092688726386555587e+01 1.094441657982488536e+01 1.096822996893348723e+01 1.099345120972053458e+01 1.102060599638596017e+01 1.105001867671036742e+01 1.107982671696674259e+01 1.110893245567571164e+01 1.113530937654689623e+01 1.115852492928654094e+01 1.117824329842946085e+01 1.119428324353431670e+01 1.120640844490426957e+01 1.121438635149105956e+01 1.121828095321102481e+01 1.000000000000000020e+30
1.000000000000000020e+30 1.000000000000000020e+30 1.000000000000000020e+30 1.175200928400466083e+01 1.174098132956429019e+01 1.173209686568957366e+01 1.172288361433181336e+01 1.171295324794660431e+01 1.170231907130856008e+01 1.169111498524769921e+01 1.167951196375599565e+01 1.166766769922586455e+01 1.165569684345726209e+01 1.164367537914600170e+01 1.163162969629521548e+01 1.161950570014009898e+01 1.160694755819476498e+01 1.159336925102592986e+01 1.157826803303027852e+01 1.156176513773348624e+01 1.154461149956816080e+01 1.152433816365294028e+01 1.150007994136869449e+01 1.150998023002475357e+01 1.151569308778316802e+01 1.151730627150204533e+01 1.151516221294851050e+01 1.150985725397186954e+01 1.150114199925742398e+01 1.148856901615943471e+01 1.147140703532644324e+01 1.144880196609169332e+01 1.141991560505558923e+01 1.138395796592525144e+01 1.134014475555927604e+01 1.128770799528999902e+01 1.122685364825789556e+01 1.116329111397479856e+01 1.109357775358580689e+01 1.101091142214834484e+01 1.096593982636336939e+01 1.092700190853559761e+01 1.095502559758813277e+01 1.098254002250690853e+01 1.101035359526841972e+01 1.103923284905658164e+01 1.106963554619480128e+01 1.110130066522606640e+01 1.113337398216446061e+01 1.116093170776738575e+01 1.118498254907292377e+01 1.120528812227063753e+01 1.122194461296106383e+01 1.123464573913941678e+01 1.124274154822046157e+01 1.124648496465047209e+01 1.000000000000000020e+30
1.000000000000000020e+30 1.000000000000000020e+30 1.000000000000000020e+30 1.176182750402464805e+01 1.175613038933352250e+01 1.174892914254848719e+01 1.174089410552619128e+01 1.173217744340278124e+01 1.172287041007605168e+01 1.171307483992378629e+01 1.170290024020186870e+01 1.169244452794081113e+01 1.168177633723868780e+01 1.167092408058781849e+01 1.165985895457645860e+01 1.164846453930612391e+01 1.163648081918073451e+01 1.162354619135855494e+01 1.160932949354639732e+01 1.159365637686858008e+01 1.157632278374843793e+01 1.155631033904622207e+01 1.153285452902066943e+01 1.150544270473798747e+01 1.151202694733760445e+01 1.151403381125674130e+01 1.151190720449082860e+01 1.150774310598579753e+01 1.150051317416762586e+01 1.148973525696833953e+01 1.147428991381971386e+01 1.145293270028784427e+01 1.142457633658274929e+01 1.138827262889102698e+01 1.134295098534525437e+01 1.128641167981126614e+01 1.121421868377181141e+01 1.115111544305749725e+01 1.108528948138190273e+01 1.101661005964524698e+01 1.096083571511810639e+01 1.092672977903298204e+01 1.095923660238308628e+01 1.098919910739332195e+01 1.101856017097539642e+01 1.104856415627591737e+01 1.108018611705185208e+01 1.111461776569266924e+01 1.115470107206598271e+01 1.118256805834070278e+01 1.120783751863316446e+01 1.122877134224825646e+01 1.124647091695156043e+01 1.126049408515591743e+01 1.126852129802940006e+01 1.127153603535623283e+01 1.000000000000000020e+30
1.000000000000000020e+30 1.000000000000000020e+30 1.000000000000000020e+30 1.177629789391219539e+01 1.177167389765292782e+01 1.176541772928330865e+01 1.175834885738215441e+01 1.175070460312598719e+01 1.174258307157949766e+01 1.173405719441650419e+01 1.172519500128126779e+01 1.171605376856340364e+01 1.170666755085075827e+01 1.169703409490136004e+01 1.168709967336601707e+01 1.167674137266234702e+01 1.166575245756200552e+01 1.165386274288670165e+01 1.164078508139362000e+01 1.162623486072231493e+01 1.160983626814745229e+01 1.159095106437591305e+01 1.156891487722010048e+01 1.154304599304029821e+01 1.151250578879346875e+01 1.151458863919442877e+01 1.151049627247746798e+01 1.150859538190026221e+01 1.150339865700355446e+01 1.149556270096376309e+01 1.148305596868430101e+01 1.146394936577755352e+01 1.143691329692670600e+01 1.140109336411574681e+01 1.135613248222129990e+01 1.129950181547715182e+01 1.126546721205773238e+01 1.121362091135571326e+01 1.115070315341287532e+01 1.107904317063374400e+01 1.100245848197780063e+01 1.000000000000000020e+30 1.000000000000000020e+30 1.000000000000000020e+30 1.000000000000000020e+30 1.000000000000000020e+30 1.000000000000000020e+30 1.000000000000000020e+30 1.118075412048793638e+01 1.119946667633470305e+01 1.122786070772721523e+01 1.124846968820260962e+01 1.126778382998014472e+01 1.128555354574184655e+01 1.129259761473362289e+01 1.129291651124267482e+01 1.000000000000000020e+30
1.000000000000000020e+30 1.000000000000000020e+30 1.180462223524810028e+01 1.179460213287963199e+01 1.178801004274106745e+01 1.178182615058117655e+01 1.177544135144201221e+01 1.176873750746492853e+01 1.176170641648735149e+01 1.175437187564359043e+01 1.174676749001217502e+01 1.173892302421286260e+01 1.173085100255930158e+01 1.172253359810249052e+01 1.171391004291979065e+01 1.170486563087984067e+01 1.169522615957593992e+01 1.168476553651349192e+01 1.167322002761441624e+01 1.166028725907381869e+01 1.164558944648383054e+01 1.162863029446966578e+01 1.160883443380648572e+01 1.158548762467246895e+01 1.155741647168622244e+01 1.152179012862698393e+01 1.150751981575491989e+01 1.151351272519270985e+01 1.150981015449440648e+01 1.150702979110332791e+01 1.149942295637830547e+01 1.148386347561324250e+01 1.145888929507907683e+01 1.142370532186149568e+01 1.138132804851807656e+01 1.136525551480560559e+01 1.133396322455144656e+01 1.128602989790670819e+01 1.122299860232919855e+01 1.114379184973736869e+01 1.103754069530761406e+01 1.000000000000000020e+30 1.000000000000000020e+30 1.000000000000000020e+30 1.000000000000000020e+30 1.000000000000000020e+30 1.000000000000000020e+30 1.000000000000000020e+30 1.000000000000000020e+30 1.000000000000000020e+30 1.124865651691919410e+01 1.126259875135674626e+01 1.128391229239289473e+01 1.131472828110377371e+01 1.131685666657561207e+01 1.130809593976781002e+01 1.000000000000000020e+30
1.000000000000000020e+30 1.000000000000000020e+30 1.181434623788019778e+01 1.180902069794445453e+01 1.180340072211259184e+01 1.179784850137774654e+01 1.179223387038077320e+01 1.178646152585884543e+01 1.178049405079392109e+01 1.177432858515738090e+01 1.176797873723073096e+01 1.176146005109369241e+01 1.175477630325105238e+01 1.174790677557023599e+01 1.174079513331632718e+01 1.173334072328727906e+01 1.172539404351421943e+01 1.171675813656927190e+01 1.170719267417328524e+01 1.169641311321484345e+01 1.168408140750243440e+01 1.166980201942040196e+01 1.165314613297032231e+01 1.163368424618574437e+01 1.161110209573788588e+01 1.158584863158890244e+01 1.156259681554734442e+01 1.152993427195541543e+01 1.151728779316118789e+01 1.152546234409426695e+01 1.152598280336348679e+01 1.151546438145847517e+01 1.149329144000330061e+01 1.145556702424420159e+01 1.145787746024526221e+01 1.144764777221854679e+01 1.142001558781501025e+01 1.137381974513311711e+01 1.131101412860637545e+01 1.123428690492564819e+01 1.000000000000000020e+30 1.000000000000000020e+30 1.000000000000000020e+30 1.000000000000000020e+30 1.000000000000000020e+30 1.000000000000000020e+30 1.000000000000000020e+30 1.000000000000000020e+30 1.000000000000000020e+30 1.000000000000000020e+30 1.000000000000000020e+30 1.000000000000000020e+30 1.000000000000000020e+30 1.136948500405092943e+01 1.134559266571609015e+01 1.000000000000000020e+30 1.000000000000000020e+30
1.000000000000000020e+30 1.183754063747097440e+01 1.182929593482720243e+01 1.182355946065533914e+01 1.181849106925607273e+01 1.181366690817839959e+01 1.180890214003268568e+01 1.180410041884255179e+01 1.179921772456059870e+01 1.179424332166251865e+01 1.178918558766871705e+01 1.178405889531184236e+01 1.177887057548628569e+01 1.177360851596779767e+01 1.176823028851392827e+01 1.176265437052509633e+01 1.175675454368274764e+01 1.175035836568332748e+01 1.174324890079192052e+01 1.173516766851398607e+01 1.172581907138213531e+01 1.171488249858093056e+01 1.170204099255811769e+01 1.168703112013152356e+01 1.166974629008228526e+01 1.165045063928224067e+01 1.162988740307781299e+01 1.160624613457708598e+01 1.158400952101388981e+01 1.155507137304667076e+01 1.156729220438747063e+01 1.156254312367193471e+01 1.154708353233726648e+01 1.152749399259330687e+01 1.155051027056629209e+01 1.155063363998417358e+01 1.152729571964955824e+01 1.148020264366508769e+01 1.141415392997979161e+01 1.132339716446163891e+01 1.000000000000000020e+30 1.000000000000000020e+30 1.000000000000000020e+30 1.000000000000000020e+30 1.000000000000000020e+30 1.000000000000000020e+30 1.000000000000000020e+30 1.000000000000000020e+30 1.000000000000000020e+30 1.000000000000000020e+30 1.000000000000000020e+30 1.000000000000000020e+30 1.000000000000000020e+30 1.000000000000000020e+30 1.000000000000000020e+30 1.000000000000000020e+30 1.000000000000000020e+30
1.000000000000000020e+30 1.184614372721815556e+01 1.184194534166850588e+01 1.183755917007800207e+01 1.183342513163201559e+01 1.182949643113384930e+01 1.182568191571529326e+01 1.182191775994477823e+01 1.181817284015826885e+01 1.181444355585396622e+01 1.181074597313624785e+01 1.180710551461636548e+01 1.180354510884064112e+01 1.180007281894034676e+01 1.179667002471237502e+01 1.179328081478649004e+01 1.178980404556882711e+01 1.178608977295295013e+01 1.178194086429690479e+01 1.177711960393585322e+01 1.177135962373826139e+01 1.176438509887398176e+01 1.175593908276381150e+01 1.174581827518800914e+01 1.173390650582515526e+01 1.172017057800876039e+01 1.170445161291621083e+01 1.168568447256007126e+01 1.166228497560828536e+01 1.162569093242889728e+01 1.163100450720328816e+01 1.162597605791511057e+01 1.161075582371757875e+01 1.163939755064711790e+01 1.167165179466740987e+01 1.168235531489901291e+01 1.166302644854484782e+01 1.160945303453415356e+01 1.154496877728519344e+01 1.000000000000000020e+30 1.000000000000000020e+30 1.000000000000000020e+30 1.000000000000000020e+30 1.000000000000000020e+30 1.000000000000000020e+30 1.000000000000000020e+30 1.000000000000000020e+30 1.000000000000000020e+30 1.000000000000000020e+30 1.000000000000000020e+30 1.000000000000000020e+30 1.000000000000000020e+30 1.000000000000000020e+30 1.000000000000000020e+30 1.000000000000000020e+30 1.000000000000000020e+30 1.000000000000000020e+30
1.186616394777848882e+01 1.185949777896875190e+01 1.185527022086184168e+01 1.185174613614388051e+01 1.184857649903738164e+01 1.184563851355182607e+01 1.184286432246978293e+01 1.184021570753127328e+01 1.183768066529149543e+01 1.183527185199775289e+01 1.183302308815334491e+01 1.183098192255392966e+01 1.182919908686879396e+01 1.182771569671630196e+01 1.182654909592660175e+01 1.182567822911129873e+01 1.182503124827034036e+01 1.182447915470255850e+01 1.182383767235171668e+01 1.182287730470145704e+01 1.182134081353809130e+01 1.181896752042231746e+01 1.181552386313892278e+01 1.181083061075742791e+01 1.180476267188604034e+01 1.179719346144390535e+01 1.178783602195784397e+01 1.177597354698464649e+01 1.176040049054765646e+01 1.173893429901188057e+01 1.171248518531097993e+01 1.170734644155548132e+01 1.171592498959453188e+01 1.175578348803486506e+01 1.182239289627233703e+01 1.185182414768213732e+01 1.184004244204391476e+01 1.175762963427091812e+01 1.162854600481042411e+01 1.000000000000000020e+30 1.000000000000000020e+30 1.000000000000000020e+30 1.000000000000000020e+30 1.000000000000000020e+30 1.000000000000000020e+30 1.000000000000000020e+30 1.000000000000000020e+30 1.000000000000000020e+30 1.000000000000000020e+30 1.000000000000000020e+30 1.000000000000000020e+30 1.000000000000000020e+30 1.000000000000000020e+30 1.000000000000000020e+30 1.000000000000000020e+30 1.000000000000000020e+30 1.000000000000000020e+30
1.187382550261468594e+01 1.187127118483549815e+01 1.186868709123776888e+01 1.186635189894786713e+01 1.186427270145749802e+01 1.186242205561013208e+01 1.186077737333917170e+01 1.185932932446182164e+01 1.185808825132570732e+01 1.185708834993139504e+01 1.185638864634904799e+01 1.185606882017914288e+01 1.185622035695284637e+01 1.185693307368259930e+01 1.185827696360403927e+01 1.186028005555472653e+01 1.186290731724992398e+01 1.186604934228558328e+01 1.186952471293787958e+01 1.187309439262202737e+01 1.187648534059800731e+01 1.187942037924798555e+01 1.188166041441396992e+01 1.188304797278407321e+01 1.188350110373702684e+01 1.188295367791117663e+01 1.188125302656238524e+01 1.187807952243983500e+01 1.187308074428803728e+01 1.186636496811903463e+01 1.186042296199026325e+01 1.186318222294614877e+01 1.187842720767815408e+01 1.193457391719460503e+01 1.202119695249323428e+01 1.207309565430215592e+01 1.205113180641473392e+01 1.194839095957615704e+01 1.148358533900264966e+01 1.000000000000000020e+30 1.000000000000000020e+30 1.000000000000000020e+30 1.000000000000000020e+30 1.000000000000000020e+30 1.000000000000000020e+30 1.000000000000000020e+30 1.000000000000000020e+30 1.000000000000000020e+30 1.000000000000000020e+30 1.000000000000000020e+30 1.000000000000000020e+30 1.000000000000000020e+30 1.000000000000000020e+30 1.000000000000000020e+30 1.000000000000000020e+30 1.000000000000000020e+30 1.000000000000000020e+30
1.188522603522880949e+01 1.188421778113455041e+01 1.188297423434759459e+01 1.188182785528305985e+01 1.188089552469846133e+01 1.188020952209306280e+01 1.187978105216722646e+01 1.187962398738527980e+01 1.187976913608965646e+01 1.188027359450289566e+01 1.188122621221905817e+01 1.188274749769286665e+01 1.188498375582947020e+01 1.188809368065801486e+01 1.189222472410460441e+01 1.189747758590652893e+01 1.190386717329818467e+01 1.191130242829007280e+01 1.191959097901762377e+01 1.192846078724896053e+01 1.193759286234063310e+01 1.194665050243236593e+01 1.195534408396926729e+01 1.196354169151440594e+01 1.197126074702848975e+01 1.197859280244447255e+01 1.198559244143036473e+01 1.199219260617851113e+01 1.199838679273277364e+01 1.200463574307564230e+01 1.201193971422017803e+01 1.201942875411160117e+01 1.209265430674461861e+01 1.217635455632228592e+01 1.226892679178198620e+01 1.231084105215819413e+01 1.230174102046030171e+01 1.218347484279491866e+01 1.000000000000000020e+30 1.000000000000000020e+30 1.000000000000000020e+30 1.000000000000000020e+30 1.000000000000000020e+30 1.000000000000000020e+30 1.000000000000000020e+30 1.000000000000000020e+30 1.000000000000000020e+30 1.000000000000000020e+30 1.000000000000000020e+30 1.000000000000000020e+30 1.000000000000000020e+30 1.000000000000000020e+30 1.000000000000000020e+30 1.000000000000000020e+30 1.000000000000000020e+30 1.000000000000000020e+30 1.000000000000000020e+30
1.189910609734617530e+01 1.189886564321279749e+01 1.189863705299818442e+01 1.189859723848956641e+01 1.189883487981063581e+01 1.189938352835761393e+01 1.190026199839963184e+01 1.190149444454415040e+01 1.190312561996073093e+01 1.190523292602420113e+01 1.190793608300067774e+01 1.191140264819949657e+01 1.191584828985553202e+01 1.192152685703209158e+01 1.192870216612448608e+01 1.193758992115494877e+01 1.194827776884778459e+01 1.196069023455102354e+01 1.197460360129744217e+01 1.198968083271093477e+01 1.200552792316160833e+01 1.202168342593997075e+01 1.203769544945492065e+01 1.205346411770468151e+01 1.206917830205305364e+01 1.208519327634151352e+01 1.210184764151652281e+01 1.211913309117499971e+01 1.213696707991566015e+01 1.215607262482004280e+01 1.217834881000084302e+01 1.220593805000507004e+01 1.231311737782526983e+01 1.242669188087785237e+01 1.250569557846529456e+01 1.254544909174163614e+01 1.254146502173204070e+01 1.245701683902220580e+01 1.000000000000000020e+30 1.000000000000000020e+30 1.000000000000000020e+30 1.000000000000000020e+30 1.000000000000000020e+30 1.000000000000000020e+30 1.000000000000000020e+30 1.000000000000000020e+30 1.000000000000000020e+30 1.000000000000000020e+30 1.000000000000000020e+30 1.000000000000000020e+30 1.000000000000000020e+30 1.000000000000000020e+30 1.000000000000000020e+30 1.000000000000000020e+30 1.000000000000000020e+30 1.000000000000000020e+30 1.000000000000000020e+30
1.191504865232035648e+01 1.191533571116415757e+01 1.191597459894722277e+01 1.191701158238792857e+01 1.191846621973543385e+01 1.192033806578642086e+01 1.192263114006114932e+01 1.192536626445892800e+01 1.192859328779335470e+01 1.193240360356192298e+01 1.193694379043215648e+01 1.194242912455173311e+01 1.194915632724955223e+01 1.195750597333451815e+01 1.196792057033819745e+01 1.198081504863727886e+01 1.199638850853360950e+01 1.201456904470556530e+01 1.203506881500502068e+01 1.205743090246722105e+01 1.208119754414028257e+01 1.210570560116074112e+01 1.212999778250815730e+01 1.215406836238497057e+01 1.217839755242277811e+01 1.220378272510465578e+01 1.223116828829310698e+01 1.226031803010119248e+01 1.229017466132077452e+01 1.232133241172687477e+01 1.235750125587362547e+01 1.241329756953702557e+01 1.254735979417200475e+01 1.264991870907685367e+01 1.272277208123471937e+01 1.275960868213356747e+01 1.273665973220330194e+01 1.259219852477303903e+01 1.000000000000000020e+30 1.000000000000000020e+30 1.000000000000000020e+30 1.000000000000000020e+30 1.000000000000000020e+30 1.000000000000000020e+30 1.000000000000000020e+30 1.000000000000000020e+30 1.000000000000000020e+30 1.000000000000000020e+30 1.000000000000000020e+30 1.000000000000000020e+30 1.000000000000000020e+30 1.000000000000000020e+30 1.000000000000000020e+30 1.000000000000000020e+30 1.000000000000000020e+30 1.000000000000000020e+30 1.000000000000000020e+30
1.193292646373723898e+01 1.193369931524492955e+01 1.193520657018431663e+01 1.193738125803680639e+01 1.194015763702890887e+01 1.194348128846408486e+01 1.194732643790518090e+01 1.195169999440759767e+01 1.195664780133051508e+01 1.196226540875152367e+01 1.196871483737290021e+01 1.197624791727491456e+01 1.198524242685045671e+01 1.199623169005561074e+01 1.200993163026230981e+01 1.202715015170067403e+01 1.204825790735174884e+01 1.207313559551142035e+01 1.210138771872886032e+01 1.213227174875761172e+01 1.216547234351866180e+01 1.220021411857317339e+01 1.223378828308792521e+01 1.226674911373930676e+01 1.230003560934565776e+01 1.233505365820210642e+01 1.237467283690714126e+01 1.241805149355782056e+01 1.246065846586258985e+01 1.250146878523758787e+01 1.253999390504957034e+01 1.265356729422699900e+01 1.276192893591207600e+01 1.285529593444020513e+01 1.293254844049905650e+01 1.297155659768702662e+01 1.295228601584611106e+01 1.000000000000000020e+30 1.000000000000000020e+30 1.000000000000000020e+30 1.000000000000000020e+30 1.000000000000000020e+30 1.000000000000000020e+30 1.000000000000000020e+30 1.000000000000000020e+30 1.000000000000000020e+30 1.000000000000000020e+30 1.000000000000000020e+30 1.000000000000000020e+30 1.000000000000000020e+30 1.000000000000000020e+30 1.000000000000000020e+30 1.000000000000000020e+30 1.000000000000000020e+30 1.000000000000000020e+30 1.000000000000000020e+30 1.000000000000000020e+30
1.195269474115517916e+01 1.195402384819949759e+01 1.195652929126612385e+01 1.196000793923692207e+01 1.196428734560457130e+01 1.196924529551804994e+01 1.197481892152972272e+01 1.198099639838994435e+01 1.198781232729847090e+01 1.199535391372825011e+01 1.200377804337232845e+01 1.201333922209468064e+01 1.202446970308689878e+01 1.203783327414995696e+01 1.205451614881729228e+01 1.207625550784290880e+01 1.210365273530390517e+01 1.213633298721799392e+01 1.217386895368544764e+01 1.221446222387400127e+01 1.225883008070797864e+01 1.230755995787922963e+01 1.235099360179062700e+01 1.239312719963795395e+01 1.243527627444336581e+01 1.247845677248822938e+01 1.253263411368038049e+01 1.259687623008059987e+01 1.265695179975472051e+01 1.271230506764936941e+01 1.276823757887551380e+01 1.285342059539727266e+01 1.294731545068512268e+01 1.303374981576654079e+01 1.313499021555420398e+01 1.317680160630305153e+01 1.316420738962086823e+01 1.000000000000000020e+30 1.000000000000000020e+30 1.000000000000000020e+30 1.000000000000000020e+30 1.000000000000000020e+30 1.000000000000000020e+30 1.000000000000000020e+30 1.000000000000000020e+30 1.000000000000000020e+30 1.000000000000000020e+30 1.000000000000000020e+30 1.000000000000000020e+30 1.000000000000000020e+30 1.000000000000000020e+30 1.000000000000000020e+30 1.000000000000000020e+30 1.000000000000000020e+30 1.000000000000000020e+30 1.000000000000000020e+30 1.000000000000000020e+30
1.197427122544718259e+01 1.197635033949620542e+01 1.198013568222346947e+01 1.198521102834638619e+01 1.199126436331881607e+01 1.199809882153893703e+01 1.200561879042948910e+01 1.201379940501101373e+01 1.202266149166707798e+01 1.203227166562060724e+01 1.204275734073141635e+01 1.205429855608716316e+01 1.206733169393474014e+01 1.208246521283345842e+01 1.210093427253136689e+01 1.212720153948450985e+01 1.216194777486059841e+01 1.220362602642358674e+01 1.225310348311898245e+01 1.230364493264595538e+01 1.235965090171126057e+01 1.243447462145964089e+01 1.248730713388614788e+01 1.253958255504529795e+01 1.259207562382294476e+01 1.263577194696329364e+01 1.270878104463134584e+01 1.281213349873844720e+01 1.289399957467551694e+01 1.296162173473022783e+01 1.300724093099017686e+01 1.308214380090752016e+01 1.317554573323768885e+01 1.323154595167685699e+01 1.332648558672325834e+01 1.337469019365327227e+01 1.339913237694347181e+01 1.344950534927132502e+01 1.000000000000000020e+30 1.000000000000000020e+30 1.000000000000000020e+30 1.000000000000000020e+30 1.000000000000000020e+30 1.000000000000000020e+30 1.000000000000000020e+30 1.000000000000000020e+30 1.000000000000000020e+30 1.000000000000000020e+30 1.000000000000000020e+30 1.000000000000000020e+30 1.000000000000000020e+30 1.000000000000000020e+30 1.000000000000000020e+30 1.000000000000000020e+30 1.000000000000000020e+30 1.000000000000000020e+30 1.000000000000000020e+30
1.199740371118428328e+01 1.200065756665399697e+01 1.200623548153011022e+01 1.201336059231478437e+01 1.202155480405190957e+01 1.203056138905710704e+01 1.204027793043714212e+01 1.205069225876161454e+01 1.206181518287772647e+01 1.207368338759076742e+01 1.208640781511349616e+01 1.209989412461104408e+01 1.211467063436410108e+01 1.213084038523739849e+01 1.214719390474336258e+01 1.217794322796257411e+01 1.222230380558764296e+01 1.227292238477087416e+01 1.234620778775038907e+01 1.240561437076916107e+01 1.246395811063391790e+01 1.252583209432144606e+01 1.256829486168526167e+01 1.263148456579469325e+01 1.270635203476931174e+01 1.280855678077755755e+01 1.290242723904573552e+01 1.300290805855519949e+01 1.309642276019388518e+01 1.318029951895065999e+01 1.325183412256455284e+01 1.331904417029774734e+01 1.337500846494587492e+01 1.341463673868156548e+01 1.350092150996191975e+01 1.354632901431793357e+01 1.355911525861689526e+01 1.354229184117250462e+01 1.000000000000000020e+30 1.000000000000000020e+30 1.000000000000000020e+30 1.000000000000000020e+30 1.000000000000000020e+30 1.000000000000000020e+30 1.000000000000000020e+30 1.000000000000000020e+30 1.000000000000000020e+30 1.000000000000000020e+30 1.000000000000000020e+30 1.000000000000000020e+30 1.000000000000000020e+30 1.000000000000000020e+30 1.000000000000000020e+30 1.000000000000000020e+30 1.000000000000000020e+30 1.000000000000000020e+30 1.000000000000000020e+30
1.202142611502710068e+01 1.202685254724344865e+01 1.203511938665539205e+01 1.204493657064474554e+01 1.205571951717899992e+01 1.206721845671886051e+01 1.207938342772935414e+01 1.209228256723470274e+01 1.210591804159235529e+01 1.212025523929286308e+01 1.213567503674525305e+01 1.215098560935340011e+01 1.216785850264956181e+01 1.218678077085607470e+01 1.218736630166027091e+01 1.222402508313949099e+01 1.228812250657799865e+01 1.233913986155149978e+01 1.239491941185791291e+01 1.245055003468941379e+01 1.250957110265898642e+01 1.258290340886877168e+01 1.268759691475747786e+01 1.277093148905768949e+01 1.285289076868308378e+01 1.294495533216792182e+01 1.304322864292258721e+01 1.315029618506868303e+01 1.325623276342525081e+01 1.335690255936032678e+01 1.344257053653407397e+01 1.350732792270527050e+01 1.353661523139590450e+01 1.358970334727630735e+01 1.366771480238078595e+01 1.370291997075796075e+01 1.370190465550825820e+01 1.366259574375260044e+01 1.000000000000000020e+30 1.000000000000000020e+30 1.000000000000000020e+30 1.000000000000000020e+30 1.000000000000000020e+30 1.000000000000000020e+30 1.000000000000000020e+30 1.000000000000000020e+30 1.000000000000000020e+30 1.000000000000000020e+30 1.000000000000000020e+30 1.000000000000000020e+30 1.000000000000000020e+30 1.000000000000000020e+30 1.000000000000000020e+30 1.000000000000000020e+30 1.000000000000000020e+30 1.000000000000000020e+30 1.000000000000000020e+30
1.204466495870782339e+01 1.205494817743566927e+01 1.206734667571799768e+01 1.208063166559521662e+01 1.209446438352912878e+01 1.210873683620223495e+01 1.212352886723959067e+01 1.213917318126137168e+01 1.215563903500951248e+01 1.217237736011989035e+01 1.219203790567986623e+01 1.220790133007899492e+01 1.222683420939549848e+01 1.226943006874907383e+01 1.228641952876588839e+01 1.234900748322327146e+01 1.240531598298859350e+01 1.245613117063111019e+01 1.251152375088386925e+01 1.256604098356026000e+01 1.262520971813662740e+01 1.270891883814263146e+01 1.280494939001982857e+01 1.289136977845003074e+01 1.297294897976300732e+01 1.305875114918943680e+01 1.315980370719776893e+01 1.326966807034252227e+01 1.338530033657312224e+01 1.350833730441040537e+01 1.360854059968943730e+01 1.368095608794422802e+01 1.371610632201883995e+01 1.378312639066401601e+01 1.383092277072580423e+01 1.385017628740220452e+01 1.383817455206939329e+01 1.379044261822558326e+01 1.000000000000000020e+30 1.000000000000000020e+30 1.000000000000000020e+30 1.000000000000000020e+30 1.000000000000000020e+30 1.000000000000000020e+30 1.000000000000000020e+30 1.000000000000000020e+30 1.000000000000000020e+30 1.000000000000000020e+30 1.000000000000000020e+30 1.000000000000000020e+30 1.000000000000000020e+30 1.000000000000000020e+30 1.000000000000000020e+30 1.000000000000000020e+30 1.000000000000000020e+30 1.000000000000000020e+30 1.000000000000000020e+30
1.206271643956922013e+01 1.208619252731213578e+01 1.210415395511537362e+01 1.212146708320332422e+01 1.213868597981604935e+01 1.215588980577483902e+01 1.217321986565738179e+01 1.219189000036378090e+01 1.221199702764091910e+01 1.222877199444487673e+01 1.226310205166803691e+01 1.227578599385063107e+01 1.227742406902146399e+01 1.231393267168980721e+01 1.238559260402390017e+01 1.244909683860715788e+01 1.250200824327459159e+01 1.254796973092141599e+01 1.262475155096531232e+01 1.269413565099715591e+01 1.277935690643674782e+01 1.294868497513662220e+01 1.304862488589327363e+01 1.312594755867356078e+01 1.318683483692882952e+01 1.321911054479080505e+01 1.330713949298492693e+01 1.343250561165158707e+01 1.362737898163506500e+01 1.369117735678174697e+01 1.377889607150332019e+01 1.385498221507833172e+01 1.390797287277604788e+01 1.395038654091345620e+01 1.397825675168919979e+01 1.398509341926299321e+01 1.396726399614885317e+01 1.392008196815598353e+01 1.000000000000000020e+30 1.000000000000000020e+30 1.000000000000000020e+30 1.000000000000000020e+30 1.000000000000000020e+30 1.000000000000000020e+30 1.000000000000000020e+30 1.000000000000000020e+30 1.000000000000000020e+30 1.000000000000000020e+30 1.000000000000000020e+30 1.000000000000000020e+30 1.000000000000000020e+30 1.000000000000000020e+30 1.000000000000000020e+30 1.000000000000000020e+30 1.000000000000000020e+30 1.000000000000000020e+30 1.000000000000000020e+30
1.000000000000000020e+30 1.212874136677888437e+01 1.214766312172337059e+01 1.216869535121086621e+01 1.218946329291504682e+01 1.220969129590231894e+01 1.222857281849959676e+01 1.225039158492264946e+01 1.228135046121128049e+01 1.228565207370912482e+01 1.229442572302877323e+01 1.228952439016520692e+01 1.235515020879199533e+01 1.240835423821186723e+01 1.247121575456407960e+01 1.255679133091826394e+01 1.263340163614147649e+01 1.294557072141176945e+01 1.280373995957426381e+01 1.283280575771872556e+01 1.000000000000000020e+30 1.321315407839985667e+01 1.326474935240313435e+01 1.332027362262849657e+01 1.335882108773428989e+01 1.000000000000000020e+30 1.000000000000000020e+30 1.000000000000000020e+30 1.397154389599286262e+01 1.394868772088969422e+01 1.394875825066567998e+01 1.401665000773932590e+01 1.406016475744635486e+01 1.408867819080632344e+01 1.410405485228295142e+01 1.410290898718778685e+01 1.408461484317765233e+01 1.405477356599232586e+01 1.404028176810274076e+01 1.000000000000000020e+30 1.000000000000000020e+30 1.000000000000000020e+30 1.000000000000000020e+30 1.000000000000000020e+30 1.000000000000000020e+30 1.000000000000000020e+30 1.000000000000000020e+30 1.000000000000000020e+30 1.000000000000000020e+30 1.000000000000000020e+30 1.000000000000000020e+30 1.000000000000000020e+30 1.000000000000000020e+30 1.000000000000000020e+30 1.000000000000000020e+30 1.000000000000000020e+30 1.000000000000000020e+30
1.000000000000000020e+30 1.215880830844711546e+01 1.219573327504124016e+01 1.222310805892231222e+01 1.224793957892025276e+01 1.227221631683698355e+01 1.228856058956647956e+01 1.231185287749520718e+01 1.231200298129612491e+01 1.226506688604471762e+01 1.223695641761963948e+01 1.236904259728722799e+01 1.244461434008642975e+01 1.253272324642343172e+01 1.287202854459149215e+01 1.274208160129064815e+01 1.278006161660413120e+01 1.000000000000000020e+30 1.000000000000000020e+30 1.000000000000000020e+30 1.000000000000000020e+30 1.000000000000000020e+30 1.000000000000000020e+30 1.000000000000000020e+30 1.000000000000000020e+30 1.000000000000000020e+30 1.000000000000000020e+30 1.000000000000000020e+30 1.416124624200415916e+01 1.415688488682709867e+01 1.417060853797078224e+01 1.415524914990895411e+01 1.417878798790252226e+01 1.419835171207996183e+01 1.420549706076754148e+01 1.419776753141509040e+01 1.417411191890417932e+01 1.413544842190483664e+01 1.408184750785974337e+01 1.000000000000000020e+30 1.000000000000000020e+30 1.000000000000000020e+30 1.000000000000000020e+30 1.000000000000000020e+30 1.000000000000000020e+30 1.000000000000000020e+30 1.000000000000000020e+30 1.000000000000000020e+30 1.000000000000000020e+30 1.000000000000000020e+30 1.000000000000000020e+30 1.000000000000000020e+30 1.000000000000000020e+30 1.000000000000000020e+30 1.000000000000000020e+30 1.000000000000000020e+30 1.000000000000000020e+30
1.000000000000000020e+30 1.000000000000000020e+30 1.226061266869287003e+01 1.228759369377786648e+01 1.231472459592892932e+01 1.235147379945233936e+01 1.235546147071474188e+01 1.232928460488281530e+01 1.230213978336424319e+01 1.238246602105117589e+01 1.241119982217651341e+01 1.248041098435219709e+01 1.000000000000000020e+30 1.000000000000000020e+30 1.000000000000000020e+30 1.000000000000000020e+30 1.000000000000000020e+30 1.000000000000000020e+30 1.000000000000000020e+30 1.000000000000000020e+30 1.000000000000000020e+30 1.000000000000000020e+30 1.000000000000000020e+30 1.000000000000000020e+30 1.000000000000000020e+30 1.000000000000000020e+30 1.000000000000000020e+30 1.000000000000000020e+30 1.000000000000000020e+30 1.000000000000000020e+30 1.430921020247279074e+01 1.426122946696134797e+01 1.426692259128284412e+01 1.427969019532695683e+01 1.428241887886114014e+01 1.426987844279104145e+01 1.424058868138394018e+01 1.419363482036617796e+01 1.412683031552581170e+01 1.000000000000000020e+30 1.000000000000000020e+30 1.000000000000000020e+30 1.000000000000000020e+30 1.000000000000000020e+30 1.000000000000000020e+30 1.000000000000000020e+30 1.000000000000000020e+30 1.000000000000000020e+30 1.000000000000000020e+30 1.000000000000000020e+30 1.000000000000000020e+30 1.000000000000000020e+30 1.000000000000000020e+30 1.000000000000000020e+30 1.000000000000000020e+30 1.000000000000000020e+30 1.000000000000000020e+30
1.000000000000000020e+30 1.000000000000000020e+30 1.230644818576140054e+01 1.236232070467036870e+01 1.238822097564910507e+01 1.239941769919028403e+01 1.238413023764389642e+01 1.242569172613708339e+01 1.249708871237859675e+01 1.253564485360340619e+01 1.000000000000000020e+30 1.000000000000000020e+30 1.000000000000000020e+30 1.000000000000000020e+30 1.000000000000000020e+30 1.000000000000000020e+30 1.000000000000000020e+30 1.000000000000000020e+30 1.000000000000000020e+30 1.000000000000000020e+30 1.000000000000000020e+30 1.000000000000000020e+30 1.000000000000000020e+30 1.000000000000000020e+30 1.000000000000000020e+30 1.000000000000000020e+30 1.000000000000000020e+30 1.000000000000000020e+30 1.000000000000000020e+30 1.000000000000000020e+30 1.000000000000000020e+30 1.435724293455355394e+01 1.433705450203403409e+01 1.433869852005637568e+01 1.433646379816355854e+01 1.432126940153744776e+01 1.428783288413096919e+01 1.423525529169722503e+01 1.416314275173479231e+01 1.000000000000000020e+30 1.000000000000000020e+30 1.000000000000000020e+30 1.000000000000000020e+30 1.000000000000000020e+30 1.000000000000000020e+30 1.000000000000000020e+30 1.000000000000000020e+30 1.000000000000000020e+30 1.000000000000000020e+30 1.000000000000000020e+30 1.000000000000000020e+30 1.000000000000000020e+30 1.000000000000000020e+30 1.000000000000000020e+30 1.000000000000000020e+30 1.000000000000000020e+30 1.000000000000000020e+30
1.000000000000000020e+30 1.000000000000000020e+30 1.000000000000000020e+30 1.240375147901197117e+01 1.241589258515759830e+01 1.240444632098282263e+01 1.248873861098719296e+01 1.259571509956844437e+01 1.266107245863824993e+01 1.000000000000000020e+30 1.000000000000000020e+30 1.000000000000000020e+30 1.000000000000000020e+30 1.000000000000000020e+30 1.000000000000000020e+30 1.000000000000000020e+30 1.000000000000000020e+30 1.000000000000000020e+30 1.000000000000000020e+30 1.000000000000000020e+30 1.000000000000000020e+30 1.000000000000000020e+30 1.000000000000000020e+30 1.000000000000000020e+30 1.000000000000000020e+30 1.000000000000000020e+30 1.000000000000000020e+30 1.000000000000000020e+30 1.000000000000000020e+30 1.000000000000000020e+30 1.000000000000000020e+30 1.000000000000000020e+30 1.441929001010619515e+01 1.439081795265175856e+01 1.437419520575089393e+01 1.435444108426820797e+01 1.431826391120695874e+01 1.426084768794777169e+01 1.418648626111920308e+01 1.000000000000000020e+30 1.000000000000000020e+30 1.000000000000000020e+30 1.000000000000000020e+30 1.000000000000000020e+30 1.000000000000000020e+30 1.000000000000000020e+30 1.000000000000000020e+30 1.000000000000000020e+30 1.000000000000000020e+30 1.000000000000000020e+30 1.000000000000000020e+30 1.000000000000000020e+30 1.000000000000000020e+30 1.000000000000000020e+30 1.000000000000000020e+30 1.000000000000000020e+30 1.000000000000000020e+30
1.000000000000000020e+30 1.000000000000000020e+30 1.000000000000000020e+30 1.235407819032651844e+01 1.237933040730252543e+01 1.255467574631109784e+01 1.268832048378195765e+01 1.275177132588179063e+01 1.000000000000000020e+30 1.000000000000000020e+30 1.000000000000000020e+30 1.000000000000000020e+30 1.000000000000000020e+30 1.000000000000000020e+30 1.000000000000000020e+30 1.000000000000000020e+30 1.000000000000000020e+30 1.000000000000000020e+30 1.000000000000000020e+30 1.000000000000000020e+30 1.000000000000000020e+30 1.000000000000000020e+30 1.000000000000000020e+30 1.000000000000000020e+30 1.000000000000000020e+30 1.000000000000000020e+30 1.000000000000000020e+30 1.000000000000000020e+30 1.000000000000000020e+30 1.000000000000000020e+30 1.000000000000000020e+30 1.000000000000000020e+30 1.000000000000000020e+30 1.446065123472139291e+01 1.441433446668277085e+01 1.437407892498482198e+01 1.433476426018495076e+01 1.426852572943512243e+01 1.419541379669528069e+01 1.000000000000000020e+30 1.000000000000000020e+30 1.000000000000000020e+30 1.000000000000000020e+30 1.000000000000000020e+30 1.000000000000000020e+30 1.000000000000000020e+30 1.000000000000000020e+30 1.000000000000000020e+30 1.000000000000000020e+30 1.000000000000000020e+30 1.000000000000000020e+30 1.000000000000000020e+30 1.000000000000000020e+30 1.000000000000000020e+30 1.000000000000000020e+30 1.000000000000000020e+30 1.000000000000000020e+30
1.000000000000000020e+30 1.000000000000000020e+30 1.000000000000000020e+30 1.000000000000000020e+30 1.289502627147250102e+01 1.281879657716396537e+01 1.286323630863399892e+01 1.000000000000000020e+30 1.000000000000000020e+30 1.000000000000000020e+30 1.000000000000000020e+30 1.000000000000000020e+30 1.000000000000000020e+30 1.000000000000000020e+30 1.000000000000000020e+30 1.000000000000000020e+30 1.000000000000000020e+30 1.000000000000000020e+30 1.000000000000000020e+30 1.000000000000000020e+30 1.000000000000000020e+30 1.000000000000000020e+30 1.000000000000000020e+30 1.000000000000000020e+30 1.000000000000000020e+30 1.000000000000000020e+30 1.000000000000000020e+30 1.000000000000000020e+30 1.000000000000000020e+30 1.000000000000000020e+30 1.000000000000000020e+30 1.000000000000000020e+30 1.000000000000000020e+30 1.000000000000000020e+30 1.445602788169419917e+01 1.438961328377331839e+01 1.434705348568824412e+01 1.424875777037660107e+01 1.419171694496489877e+01 1.000000000000000020e+30 1.000000000000000020e+30 1.000000000000000020e+30 1.000000000000000020e+30 1.000000000000000020e+30 1.000000000000000020e+30 1.000000000000000020e+30 1.000000000000000020e+30 1.000000000000000020e+30 1.000000000000000020e+30 1.000000000000000020e+30 1.000000000000000020e+30 1.000000000000000020e+30 1.000000000000000020e+30 1.000000000000000020e+30 1.000000000000000020e+30 1.000000000000000020e+30 1.000000000000000020e+30
1.000000000000000020e+30 1.000000000000000020e+30 1.000000000000000020e+30 1.000000000000000020e+30 1.329680895163035892e+01 1.000000000000000020e+30 1.000000000000000020e+30 1.000000000000000020e+30 1.000000000000000020e+30 1.000000000000000020e+30 1.000000000000000020e+30 1.000000000000000020e+30 1.000000000000000020e+30 1.000000000000000020e+30 1.000000000000000020e+30 1.000000000000000020e+30 1.000000000000000020e+30 1.000000000000000020e+30 1.000000000000000020e+30 1.000000000000000020e+30 1.000000000000000020e+30 1.000000000000000020e+30 1.000000000000000020e+30 1.000000000000000020e+30 1.000000000000000020e+30 1.000000000000000020e+30 1.000000000000000020e+30 1.000000000000000020e+30 1.000000000000000020e+30 1.000000000000000020e+30 1.000000000000000020e+30 1.000000000000000020e+30 1.000000000000000020e+30 1.000000000000000020e+30 1.000000000000000020e+30 1.440936335110435174e+01 1.439174787787671406e+01 1.000000000000000020e+30 1.000000000000000020e+30 1.000000000000000020e+30 1.000000000000000020e+30 1.000000000000000020e+30 1.000000000000000020e+30 1.000000000000000020e+30 1.000000000000000020e+30 1.000000000000000020e+30 1.000000000000000020e+30 1.000000000000000020e+30 1.000000000000000020e+30 1.000000000000000020e+30 1.000000000000000020e+30 1.000000000000000020e+30 1.000000000000000020e+30 1.000000000000000020e+30 1.000000000000000020e+30 1.000000000000000020e+30 1.000000000000000020e+30
