1.000000000000000020e+30 1.000000000000000020e+30 1.000000000000000020e+30 1.000000000000000020e+30 1.000000000000000020e+30 1.000000000000000020e+30 1.000000000000000020e+30 1.000000000000000020e+30 1.000000000000000020e+30 1.000000000000000020e+30 1.000000000000000020e+30 1.000000000000000020e+30 1.000000000000000020e+30 1.000000000000000020e+30 1.000000000000000020e+30 1.000000000000000020e+30 1.000000000000000020e+30 1.000000000000000020e+30 1.000000000000000020e+30 1.000000000000000020e+30 1.000000000000000020e+30 1.000000000000000020e+30 1.000000000000000020e+30 1.000000000000000020e+30 1.000000000000000020e+30 1.000000000000000020e+30 1.000000000000000020e+30 1.000000000000000020e+30 1.000000000000000020e+30 1.000000000000000020e+30 1.000000000000000020e+30 1.000000000000000020e+30 1.000000000000000020e+30 1.000000000000000020e+30 1.000000000000000020e+30 1.000000000000000020e+30 1.000000000000000020e+30 1.000000000000000020e+30 1.000000000000000020e+30 1.000000000000000020e+30 1.000000000000000020e+30 1.000000000000000020e+30 1.000000000000000020e+30 1.000000000000000020e+30 1.000000000000000020e+30 1.000000000000000020e+30 1.000000000000000020e+30 1.000000000000000020e+30 1.000000000000000020e+30 1.000000000000000020e+30 1.000000000000000020e+30 1.000000000000000020e+30 1.000000000000000020e+30 1.000000000000000020e+30 1.000000000000000020e+30 1.000000000000000020e+30 1.000000000000000020e+30
1.000000000000000020e+30 1.000000000000000020e+30 1.000000000000000020e+30 1.000000000000000020e+30 1.000000000000000020e+30 1.000000000000000020e+30 1.000000000000000020e+30 1.000000000000000020e+30 1.000000000000000020e+30 1.000000000000000020e+30 1.000000000000000020e+30 1.000000000000000020e+30 1.000000000000000020e+30 1.000000000000000020e+30 1.000000000000000020e+30 1.000000000000000020e+30 1.000000000000000020e+30 1.000000000000000020e+30 1.000000000000000020e+30 1.000000000000000020e+30 1.000000000000000020e+30 1.000000000000000020e+30 1.000000000000000020e+30 1.000000000000000020e+30 1.000000000000000020e+30 1.000000000000000020e+30 1.000000000000000020e+30 1.183187112783596895e+01 1.182872665743317775e+01 1.181744903919295098e+01 1.179651250350757863e+01 1.176538176546358194e+01 1.172385423739855348e+01 1.167188423587138146e+01 1.160955026681451585e+01 1.153707538116485587e+01 1.145487855876356775e+01 1.136365460361286495e+01 1.126448341152109300e+01 1.115897400076566548e+01 1.104955728903344792e+01 1.094092195500899045e+01 1.084880185288731802e+01 1.000000000000000020e+30 1.000000000000000020e+30 1.000000000000000020e+30 1.000000000000000020e+30 1.000000000000000020e+30 1.000000000000000020e+30 1.000000000000000020e+30 1.000000000000000020e+30 1.000000000000000020e+30 1.000000000000000020e+30 1.000000000000000020e+30 1.000000000000000020e+30 1.000000000000000020e+30 1.000000000000000020e+30
1.000000000000000020e+30 1.000000000000000020e+30 1.000000000000000020e+30 1.000000000000000020e+30 1.000000000000000020e+30 1.000000000000000020e+30 1.000000000000000020e+30 1.000000000000000020e+30 1.000000000000000020e+30 1.000000000000000020e+30 1.000000000000000020e+30 1.000000000000000020e+30 1.000000000000000020e+30 1.000000000000000020e+30 1.000000000000000020e+30 1.000000000000000020e+30 1.000000000000000020e+30 1.000000000000000020e+30 1.000000000000000020e+30 1.000000000000000020e+30 1.000000000000000020e+30 1.000000000000000020e+30 1.000000000000000020e+30 1.000000000000000020e+30 1.175722266643970748e+01 1.177406795376776927e+01 1.179298775910083208e+01 1.181128370843899056e+01 1.181310972221693589e+01 1.180328628721520623e+01 1.178274839430793364e+01 1.175161352560702355e+01 1.170985396621020236e+01 1.165745700617232039e+01 1.159447962611881522e+01 1.152108704932517291e+01 1.143759348864620584e+01 1.134449588563863465e+01 1.124244027884411956e+01 1.113189340119990334e+01 1.101172576921279678e+01 1.087392346812191057e+01 1.068399700674026853e+01 1.030314708034363136e+01 9.689327526432300886e+00 8.568170017947485562e+00 6.624329719054094845e+00 8.080738968428615721e+00 1.000000000000000020e+30 1.000000000000000020e+30 1.000000000000000020e+30 1.000000000000000020e+30 1.000000000000000020e+30 1.000000000000000020e+30 1.000000000000000020e+30 1.000000000000000020e+30 1.000000000000000020e+30
1.000000000000000020e+30 1.000000000000000020e+30 1.000000000000000020e+30 1.000000000000000020e+30 1.000000000000000020e+30 1.000000000000000020e+30 1.000000000000000020e+30 1.000000000000000020e+30 1.000000000000000020e+30 1.000000000000000020e+30 1.000000000000000020e+30 1.000000000000000020e+30 1.000000000000000020e+30 1.000000000000000020e+30 1.000000000000000020e+30 1.000000000000000020e+30 1.000000000000000020e+30 1.000000000000000020e+30 1.000000000000000020e+30 1.000000000000000020e+30 1.000000000000000020e+30 1.157909229989243549e+01 1.161419006392065434e+01 1.166109383518433695e+01 1.171614470196847968e+01 1.174787567407445188e+01 1.176962414748692964e+01 1.178330351404184206e+01 1.178529528688337358e+01 1.177592868064887632e+01 1.175553685122120129e+01 1.172421784323253569e+01 1.168195897829000529e+01 1.162872590773570103e+01 1.156451293358095000e+01 1.148937551932010415e+01 1.140344874256750884e+01 1.130692409741828719e+01 1.119987715247977178e+01 1.108161402227273129e+01 1.094860671094229332e+01 1.078869141152057409e+01 1.056692896213136379e+01 1.020075360761058292e+01 9.573194542870941959e+00 8.475682046115053936e+00 6.711047229938433389e+00 8.412391428036226415e+00 9.275778486352390217e+00 1.000000000000000020e+30 1.000000000000000020e+30 1.000000000000000020e+30 1.000000000000000020e+30 1.000000000000000020e+30 1.000000000000000020e+30 1.000000000000000020e+30 1.000000000000000020e+30
1.000000000000000020e+30 1.000000000000000020e+30 1.000000000000000020e+30 1.000000000000000020e+30 1.000000000000000020e+30 1.000000000000000020e+30 1.000000000000000020e+30 1.000000000000000020e+30 1.000000000000000020e+30 1.000000000000000020e+30 1.000000000000000020e+30 1.000000000000000020e+30 1.000000000000000020e+30 1.000000000000000020e+30 1.000000000000000020e+30 1.000000000000000020e+30 1.000000000000000020e+30 1.000000000000000020e+30 1.131296010227101334e+01 1.136157522416723786e+01 1.143133635801944870e+01 1.151857058808354317e+01 1.157719821742761290e+01 1.162807799973489331e+01 1.167388631892373851e+01 1.170737955669467034e+01 1.173019182384213011e+01 1.174296808732711028e+01 1.174481303530274268e+01 1.173550975581989597e+01 1.171503043012365275e+01 1.168332986519371097e+01 1.164032175365776922e+01 1.158589880404604955e+01 1.151995412502084370e+01 1.144239288846694258e+01 1.135311884363612478e+01 1.125194277222868067e+01 1.113825340586593171e+01 1.101002687062301355e+01 1.086117796220832510e+01 1.067526773733336221e+01 1.041272262065474230e+01 9.991434668055580559e+00 9.278000828595672544e+00 8.142506598513373106e+00 6.937740147142663183e+00 8.648421341687212660e+00 9.431731875713239788e+00 9.729928910437024570e+00 1.000000000000000020e+30 1.000000000000000020e+30 1.000000000000000020e+30 1.000000000000000020e+30 1.000000000000000020e+30 1.000000000000000020e+30 1.000000000000000020e+30
1.000000000000000020e+30 1.000000000000000020e+30 1.000000000000000020e+30 1.000000000000000020e+30 1.000000000000000020e+30 1.000000000000000020e+30 1.000000000000000020e+30 1.000000000000000020e+30 1.000000000000000020e+30 1.000000000000000020e+30 1.000000000000000020e+30 1.000000000000000020e+30 1.000000000000000020e+30 1.000000000000000020e+30 1.000000000000000020e+30 1.000000000000000020e+30 1.107340403232636561e+01 1.113570818723930067e+01 1.123713135101964333e+01 1.131354426839398819e+01 1.138745046554011076e+01 1.146083107807467805e+01 1.152252682208142787e+01 1.157505005007273979e+01 1.161916708271007259e+01 1.165301305856899816e+01 1.167639799599125894e+01 1.168925412350457016e+01 1.169118372525012717e+01 1.168191068205359606e+01 1.166125201736265815e+01 1.162904277570580724e+01 1.158510234421020080e+01 1.152922588988600161e+01 1.146118092805184574e+01 1.138069191094376542e+01 1.128737857645951337e+01 1.118055005350758258e+01 1.105858966177709668e+01 1.091730532835696366e+01 1.074602509491075786e+01 1.051965460953182685e+01 1.018521515559248769e+01 9.642404510051941102e+00 8.708893674037105015e+00 6.993250468957641353e+00 8.065218534152949204e+00 9.035341445844967012e+00 9.540102974648393186e+00 9.716991402967034119e+00 9.711777922519841511e+00 9.667818217244677825e+00 1.000000000000000020e+30 1.000000000000000020e+30 1.000000000000000020e+30 1.000000000000000020e+30 1.000000000000000020e+30
1.000000000000000020e+30 1.000000000000000020e+30 1.000000000000000020e+30 1.000000000000000020e+30 1.000000000000000020e+30 1.000000000000000020e+30 1.000000000000000020e+30 1.000000000000000020e+30 1.000000000000000020e+30 1.000000000000000020e+30 1.000000000000000020e+30 1.000000000000000020e+30 1.000000000000000020e+30 1.000000000000000020e+30 1.000000000000000020e+30 1.088804676383909431e+01 1.098226538931340635e+01 1.106818124386938607e+01 1.115859076803663186e+01 1.124081496146394166e+01 1.131738603840290658e+01 1.138856990243079359e+01 1.145123953443271247e+01 1.150499413045807628e+01 1.154958015517162195e+01 1.158419434907315981e+01 1.160837579061369418e+01 1.162179631976143668e+01 1.162410091035273396e+01 1.161497980694112186e+01 1.159416812003877695e+01 1.156141350456602446e+01 1.151644750648485171e+01 1.145896401284237598e+01 1.138859492501155657e+01 1.130485966160251188e+01 1.120702310386058009e+01 1.109367444724355600e+01 1.096154451191229739e+01 1.080253061135696591e+01 1.059735221155963103e+01 1.030520617417989016e+01 9.855033336812541123e+00 9.159472767351079625e+00 8.183187747611134100e+00 6.959196776002448459e+00 8.474586665090345861e+00 9.237392715819817468e+00 9.564484409284098376e+00 9.645857487147202036e+00 9.596916777822700695e+00 9.484081518655850473e+00 9.305510540878062287e+00 1.000000000000000020e+30 1.000000000000000020e+30 1.000000000000000020e+30 1.000000000000000020e+30
1.000000000000000020e+30 1.000000000000000020e+30 1.000000000000000020e+30 1.000000000000000020e+30 1.000000000000000020e+30 1.000000000000000020e+30 1.000000000000000020e+30 1.000000000000000020e+30 1.000000000000000020e+30 1.000000000000000020e+30 1.000000000000000020e+30 1.000000000000000020e+30 1.000000000000000020e+30 1.000000000000000020e+30 1.064431678242657497e+01 1.076362034481816288e+01 1.086992373094287245e+01 1.096726933603913068e+01 1.105997113965531398e+01 1.114603825794721459e+01 1.122553136985544064e+01 1.129813093135875235e+01 1.136260114267615329e+01 1.141820339947084406e+01 1.146435997491088621e+01 1.150043339073886983e+01 1.152590014368553106e+01 1.154032995219664670e+01 1.154333549665434333e+01 1.153457070698851616e+01 1.151371852389070582e+01 1.148046552303118339e+01 1.143447264871104530e+01 1.137534301297398187e+01 1.130257537959970016e+01 1.121546434451746066e+01 1.111282558684903776e+01 1.099219562241343340e+01 1.084762448650024602e+01 1.066427134167636659e+01 1.040742254551370216e+01 1.000635998000675997e+01 9.346695833835820366e+00 8.321115014056307047e+00 7.127252545222000357e+00 8.107314002133147568e+00 8.919400272805253493e+00 9.351260004336934273e+00 9.501026299271446263e+00 9.478522380946355241e+00 9.345818465217861970e+00 9.131205021638454156e+00 8.806974906813708870e+00 8.372178382644115402e+00 1.000000000000000020e+30 1.000000000000000020e+30 1.000000000000000020e+30
1.000000000000000020e+30 1.000000000000000020e+30 1.000000000000000020e+30 1.000000000000000020e+30 1.000000000000000020e+30 1.000000000000000020e+30 1.000000000000000020e+30 1.000000000000000020e+30 1.000000000000000020e+30 1.000000000000000020e+30 1.000000000000000020e+30 1.000000000000000020e+30 1.000000000000000020e+30 1.034797164791369717e+01 1.049223834014773971e+01 1.062071973119392077e+01 1.073604571833977417e+01 1.084129811685048672e+01 1.093898041902258456e+01 1.102945271545624628e+01 1.111275048488450601e+01 1.118850845946483297e+01 1.125596250861277703e+01 1.131436886149527155e+01 1.136304409269610716e+01 1.140134087920035988e+01 1.142869261578528572e+01 1.144461541225250834e+01 1.144868860585017245e+01 1.144053887588698792e+01 1.141981934852102221e+01 1.138618137243020101e+01 1.133924006774038773e+01 1.127852990222645602e+01 1.120343123124605000e+01 1.111300163949118058e+01 1.100550148087661739e+01 1.087700963546145694e+01 1.071764508531640914e+01 1.050254042140947597e+01 1.017433197520959887e+01 9.619046949612091169e+00 8.646862521100475263e+00 6.931307121483556877e+00 7.927614363362920358e+00 8.674872470234095800e+00 9.128864156738778490e+00 9.310687492081068939e+00 9.292430892984079094e+00 9.136956427601349517e+00 8.854188266479194880e+00 8.474618991851114558e+00 7.869313966833270335e+00 7.192692568154763322e+00 5.568270972535489527e+00 1.000000000000000020e+30 1.000000000000000020e+30
1.000000000000000020e+30 1.000000000000000020e+30 1.000000000000000020e+30 1.000000000000000020e+30 1.000000000000000020e+30 1.000000000000000020e+30 1.000000000000000020e+30 1.000000000000000020e+30 1.000000000000000020e+30 1.000000000000000020e+30 1.000000000000000020e+30 1.000000000000000020e+30 9.984227536166580208e+00 1.016309857168589481e+01 1.031948358542211608e+01 1.045710857264076132e+01 1.058002994440880151e+01 1.069184921093655127e+01 1.079507324030275406e+01 1.089069299494331666e+01 1.097883027574449244e+01 1.105908745174463448e+01 1.113076077122407703e+01 1.119306634130200884e+01 1.124524220984076983e+01 1.128658792199180816e+01 1.131649194151109938e+01 1.133443511465596920e+01 1.133997694225063313e+01 1.133273472824541273e+01 1.131235676418420155e+01 1.127848905655522316e+01 1.123073362794345620e+01 1.116858979017509412e+01 1.109134760763042848e+01 1.099782898180555257e+01 1.088564361573581074e+01 1.074901317795116462e+01 1.057289459132132414e+01 1.031939536868354779e+01 9.904114274474038027e+00 9.179175335711795114e+00 8.010248500781091963e+00 6.740378698325839579e+00 8.171002857111830053e+00 8.828070939423914965e+00 9.064408768120609139e+00 9.042744000639206803e+00 8.827942546841329730e+00 8.487615056554677295e+00 7.931240379794664896e+00 7.392738116111050140e+00 6.226450257034087166e+00 6.045147680502859444e+00 6.721572654475618691e+00 1.000000000000000020e+30 1.000000000000000020e+30
1.000000000000000020e+30 1.000000000000000020e+30 1.000000000000000020e+30 1.000000000000000020e+30 1.000000000000000020e+30 1.000000000000000020e+30 1.000000000000000020e+30 1.000000000000000020e+30 1.000000000000000020e+30 1.000000000000000020e+30 1.000000000000000020e+30 9.466747351311520120e+00 9.731060299293250893e+00 9.944609588321021931e+00 1.012017726236425830e+01 1.026890889020051745e+01 1.039922846450631688e+01 1.051725270888865715e+01 1.062659659918609378e+01 1.072848382683783797e+01 1.082284737295313981e+01 1.090908874822992303e+01 1.098638221749246568e+01 1.105383713273467805e+01 1.111059689956225682e+01 1.115589391395998575e+01 1.118907479012650619e+01 1.120960087258914051e+01 1.121703189956878077e+01 1.121100038358354389e+01 1.119117993197697203e+01 1.115724711728019258e+01 1.110883226156331993e+01 1.104544470213224550e+01 1.096632660079522026e+01 1.087008359169767679e+01 1.075361434287881579e+01 1.060898631557700789e+01 1.041499943980029208e+01 1.011736968324591501e+01 9.591056370406199960e+00 8.588540003326265548e+00 6.688556132787605968e+00 7.569511634301381520e+00 8.365483136793400831e+00 8.711722472639381820e+00 8.688496122784837183e+00 8.437294004961749749e+00 7.919240840833619899e+00 7.397011997636218084e+00 6.244214367902691798e+00 6.110617169055799991e+00 6.949956453112179133e+00 7.214465374861074309e+00 7.542739847179403156e+00 7.890263993301542378e+00 1.000000000000000020e+30
1.000000000000000020e+30 1.000000000000000020e+30 1.000000000000000020e+30 1.000000000000000020e+30 1.000000000000000020e+30 1.000000000000000020e+30 1.000000000000000020e+30 1.000000000000000020e+30 1.000000000000000020e+30 1.000000000000000020e+30 8.437908904440581281e+00 8.995293640681351732e+00 9.392296629989383305e+00 9.672221599226256572e+00 9.881325476959913701e+00 1.004658146474800873e+01 1.018578807878655645e+01 1.031110010034796964e+01 1.042876282799174703e+01 1.053962904152386315e+01 1.064278361864699107e+01 1.073723199709357878e+01 1.082201411936737578e+01 1.089616629758961430e+01 1.095877368577214739e+01 1.100903079552149144e+01 1.104627101762051922e+01 1.106996609721026026e+01 1.107970645481056593e+01 1.107517190099668269e+01 1.105609730778926902e+01 1.102223204250736011e+01 1.097328489400073082e+01 1.090883204505735016e+01 1.082812256545777352e+01 1.072957578179761740e+01 1.060934930899973949e+01 1.045730654975544205e+01 1.024666719674235260e+01 9.911517196484581405e+00 9.310060549296807153e+00 8.194687451694745661e+00 6.257278312184877400e+00 7.527109560817294209e+00 8.115710367237284117e+00 8.196212543833629738e+00 7.833592981237058162e+00 7.373808012869241146e+00 6.240392624958499113e+00 6.102140239322753068e+00 6.911370245865425588e+00 7.112974715280255822e+00 7.327815491970075534e+00 7.427393668329647980e+00 7.527040850584528542e+00 7.615239941067899920e+00 1.000000000000000020e+30
1.000000000000000020e+30 1.000000000000000020e+30 1.000000000000000020e+30 1.000000000000000020e+30 1.000000000000000020e+30 1.000000000000000020e+30 1.000000000000000020e+30 1.000000000000000020e+30 1.000000000000000020e+30 5.722535565362876220e+00 7.333777686537647611e+00 8.307453177405985656e+00 8.921502803721288899e+00 9.306655694253233690e+00 9.573208679541904687e+00 9.765971067489930491e+00 9.918431787346166928e+00 1.005561254604196719e+01 1.018913911452827570e+01 1.031653847813244695e+01 1.043428308534938509e+01 1.054108996576404245e+01 1.063634644425727060e+01 1.071937517540164642e+01 1.078943345770869477e+01 1.084582797440951474e+01 1.088797997260841122e+01 1.091544224980765243e+01 1.092788815686600401e+01 1.092508779821525522e+01 1.090687890910412072e+01 1.087313086190025579e+01 1.082368884219785876e+01 1.075826387320464406e+01 1.067617354565835974e+01 1.057564978884441231e+01 1.045190008042783703e+01 1.029187812983950501e+01 1.006174890270701816e+01 9.682759231873296457e+00 9.002227706637226490e+00 7.802929047351263137e+00 5.914815568266013734e+00 7.078548447013576883e+00 7.349580816332418998e+00 7.193045931838865314e+00 6.192708161460170224e+00 6.097425932158556883e+00 6.915163432558646406e+00 7.096814180221363344e+00 7.243349015184011641e+00 7.171542563625791011e+00 6.929296215137842552e+00 6.824350915319825184e+00 6.799750604238586682e+00 6.802851814031621203e+00 1.000000000000000020e+30
1.000000000000000020e+30 1.000000000000000020e+30 1.000000000000000020e+30 1.000000000000000020e+30 1.000000000000000020e+30 1.000000000000000020e+30 1.000000000000000020e+30 1.000000000000000020e+30 8.343213491751118482e+00 7.220444924213401450e+00 6.177504104668672724e+00 7.417531745213946870e+00 8.269096165218266847e+00 8.771367772757166392e+00 9.132621130672717413e+00 9.370841332038484239e+00 9.544146997416463662e+00 9.705396920973424102e+00 9.877569534748642965e+00 1.004185313204648722e+01 1.018772118092934242e+01 1.031549840877376845e+01 1.042678487243737173e+01 1.052228507320827688e+01 1.060211472574303926e+01 1.066614635973950165e+01 1.071417720164722098e+01 1.074601433577000620e+01 1.076151562519329907e+01 1.076060396487611115e+01 1.074326666544392950e+01 1.070954138880944129e+01 1.065947212957540735e+01 1.059298514626802934e+01 1.050954465413597738e+01 1.040717967193079296e+01 1.027974392863297659e+01 1.010965110794554533e+01 9.851009168951854633e+00 9.399263206003590554e+00 8.564967703717083936e+00 7.152512535925190207e+00 5.477228808360489865e+00 6.299409682374941255e+00 5.858070174793592599e+00 5.982994984476445843e+00 6.887279003526864507e+00 7.104784441857743715e+00 7.259100011437801925e+00 7.170404850453680368e+00 6.857954613901936725e+00 6.510645370693962874e+00 5.569324019445272000e+00 5.373527670591635719e+00 5.331060558762073853e+00 5.322133334372850300e+00 1.000000000000000020e+30
1.000000000000000020e+30 1.000000000000000020e+30 1.000000000000000020e+30 1.000000000000000020e+30 1.000000000000000020e+30 1.000000000000000020e+30 1.000000000000000020e+30 9.421066637503798802e+00 8.864752093721220305e+00 7.916112199345172407e+00 6.201332297218508316e+00 6.238475009933916127e+00 7.381037583236417454e+00 7.913050307570935082e+00 8.450038796582450829e+00 8.750230017422088835e+00 8.946817997372754405e+00 9.155679311449540947e+00 9.429288557168909790e+00 9.679694078311248617e+00 9.882404177224215047e+00 1.004891053512741017e+01 1.018749281871700241e+01 1.030231101888857914e+01 1.039586631181958687e+01 1.046974874408567757e+01 1.052487784371906798e+01 1.056173863075019348e+01 1.058059042362256186e+01 1.058161260435152684e+01 1.056499421179078624e+01 1.053098167760400194e+01 1.047987382890167574e+01 1.041190075439581086e+01 1.032679202557226006e+01 1.022246272053789795e+01 1.009124293363768743e+01 9.909866932766444592e+00 9.615971893028209649e+00 9.062075564349457935e+00 7.945725630543636342e+00 5.720510161453505660e+00 5.122350740521519619e+00 5.516502250704510502e+00 6.639145153480379591e+00 7.007339427336580329e+00 7.238190141869458749e+00 7.184475488255807285e+00 6.887824091787058123e+00 6.554739652699566932e+00 5.649981749789116492e+00 5.640235584637716570e+00 6.505363596245347324e+00 6.726398833171156610e+00 6.785255743426183983e+00 6.799658216000946886e+00 1.000000000000000020e+30
1.000000000000000020e+30 1.000000000000000020e+30 1.000000000000000020e+30 1.000000000000000020e+30 1.000000000000000020e+30 1.000000000000000020e+30 9.993832582371480200e+00 9.726771355290146914e+00 9.347084193440679201e+00 8.777500618397638732e+00 8.003367557708335411e+00 7.472765243994609285e+00 6.412133193168597423e+00 6.415286814004116600e+00 7.432789828339373628e+00 7.738679303604397042e+00 7.916803789436439587e+00 8.194661057594425202e+00 8.734699774567042496e+00 9.169921377199075962e+00 9.477273084374333578e+00 9.716123576820688612e+00 9.905233136895690293e+00 1.005343415167979870e+01 1.016834593157854627e+01 1.025591859030066288e+01 1.031997711411525920e+01 1.036267858177046008e+01 1.038516075635127756e+01 1.038805487383532267e+01 1.037181386061845423e+01 1.033690731291451925e+01 1.028390647748472020e+01 1.021340276585915952e+01 1.012552608121508868e+01 1.001834093166195494e+01 9.883169788310787851e+00 9.692559443910896633e+00 9.374428272512854932e+00 8.770110945194804941e+00 7.598039679610656627e+00 5.509092589819228003e+00 6.095802577976128234e+00 6.543715014873992430e+00 6.986059622567696969e+00 7.081073113720190548e+00 6.862413324349297739e+00 6.565771657664274841e+00 5.679533021830958539e+00 5.697730255317358328e+00 6.639082444484069256e+00 7.026735779600660869e+00 7.425214420534604010e+00 7.614203819026234221e+00 7.687123197318352474e+00 7.710347095600785572e+00 1.000000000000000020e+30
1.000000000000000020e+30 1.000000000000000020e+30 1.000000000000000020e+30 1.000000000000000020e+30 1.000000000000000020e+30 1.032214492563572783e+01 1.017298180898848514e+01 9.981074067625097967e+00 9.728943716356736715e+00 9.394417320739414379e+00 8.983815554068179665e+00 8.574335148737720402e+00 8.028076730061997068e+00 7.540058682875141471e+00 6.412882241203523570e+00 6.175927093088765751e+00 6.174778207051148549e+00 6.439814133313238820e+00 7.700823113066913805e+00 8.448484060873001411e+00 8.897532542831035229e+00 9.266427838440089104e+00 9.552613619608823825e+00 9.762679574365995094e+00 9.914039566487460320e+00 1.002256834974023292e+01 1.009879268099905225e+01 1.014866803625480784e+01 1.017521148428686040e+01 1.017989247929815022e+01 1.016351404379745560e+01 1.012672226661424268e+01 1.007026184417867221e+01 9.994980396577187065e+00 9.901367184754931827e+00 9.787792022748917020e+00 9.644997109768965515e+00 9.441688878913300442e+00 9.096344363378436881e+00 8.445152103183984238e+00 7.244351144812683607e+00 5.276639843910495564e+00 5.904043592515838768e+00 6.292622008785608401e+00 6.511922468869385305e+00 6.435950134576085446e+00 5.645504607105137573e+00 5.700979945316093200e+00 6.669265931583945317e+00 7.089361146348147180e+00 7.544393842322769217e+00 7.830424126787352890e+00 8.044294825223076373e+00 8.165418970984029912e+00 8.222398055587351706e+00 8.243873634654091731e+00 1.000000000000000020e+30
1.000000000000000020e+30 1.000000000000000020e+30 1.000000000000000020e+30 1.000000000000000020e+30 1.000000000000000020e+30 1.042785917872197743e+01 1.033226154778069983e+01 1.019179062827242532e+01 1.001545627893926493e+01 9.802364642420055674e+00 9.556951753537878957e+00 9.291249798081912203e+00 8.974393719161083638e+00 8.620457572465969776e+00 8.133912481505689129e+00 7.861469551907707576e+00 7.674370001798496155e+00 7.404989158460456800e+00 6.596095997374313846e+00 7.518534616690158323e+00 8.001724222153862698e+00 8.612459620058814380e+00 9.083022924040484725e+00 9.406290747979539901e+00 9.621480307835065915e+00 9.764429868393392553e+00 9.858928761001193308e+00 9.918625658802101341e+00 9.950282467057643743e+00 9.956933586014510951e+00 9.939865176864710605e+00 9.899726246080899017e+00 9.837056137615237006e+00 9.752387133359562199e+00 9.645908113525129224e+00 9.515975350128542232e+00 9.353289182289534764e+00 9.122231328338029854e+00 8.722143293838639622e+00 7.965684519143135134e+00 6.644427030568977877e+00 4.915597640387115774e+00 4.670719649667454121e+00 4.992539177586044374e+00 5.264332065325932675e+00 5.586150813275955862e+00 6.627062977381195985e+00 7.081187194660033768e+00 7.562515765010138225e+00 7.878268008722557170e+00 8.132849468587377118e+00 8.310215883306030449e+00 8.435113781042492320e+00 8.512709901768070964e+00 8.554739782424336525e+00 8.572681971316281846e+00 1.000000000000000020e+30
1.000000000000000020e+30 1.000000000000000020e+30 1.000000000000000020e+30 1.000000000000000020e+30 1.069985698173322142e+01 1.059060207965644729e+01 1.048936093438056005e+01 1.037163052313883860e+01 1.023510061238634883e+01 1.008098006850858752e+01 9.912205348799492555e+00 9.731016365976284277e+00 9.529178753437451022e+00 9.303563331993236929e+00 9.043486610521737745e+00 8.822619367516459477e+00 8.596072026546613287e+00 8.248346148498413299e+00 7.572879972525625725e+00 6.416754488346119167e+00 6.438116778276611107e+00 7.660364715370133304e+00 8.444530514444910096e+00 8.949880569762051152e+00 9.269769043870198288e+00 9.469666806782132795e+00 9.593641588733142100e+00 9.668755909871439513e+00 9.708354414195859761e+00 9.718226893944157396e+00 9.700315803376389212e+00 9.654840067804034476e+00 9.581172212672454336e+00 9.477887769969960630e+00 9.342635937979244076e+00 9.172239630028238722e+00 8.960258129777196601e+00 8.674567825374971619e+00 8.178902231753792051e+00 7.207366434976830938e+00 5.349332096032467732e+00 5.269360470483312575e+00 4.940714881903519817e+00 6.123868205451726610e+00 6.668148117999665558e+00 7.045002880053464089e+00 7.522634038591176520e+00 7.853038023123136036e+00 8.130110043510612172e+00 8.335001438075021696e+00 8.492856033020492745e+00 8.609038157206130748e+00 8.692753275465589624e+00 8.748877244578038059e+00 8.782463593531339541e+00 8.798003667204055134e+00 1.000000000000000020e+30
1.000000000000000020e+30 1.000000000000000020e+30 1.000000000000000020e+30 1.000000000000000020e+30 1.077717936592234871e+01 1.071112398252028264e+01 1.062463032311981870e+01 1.052329888321666296e+01 1.040908705239949761e+01 1.028421399069998188e+01 1.015110134398108777e+01 1.001102331975540771e+01 9.861803798355502693e+00 9.700802405343072365e+00 9.525774290759621010e+00 9.348371532470594047e+00 9.147039125083903599e+00 8.867477464542290022e+00 8.437422687226142415e+00 7.861516758122642834e+00 7.423459519819719965e+00 6.598897866618076868e+00 7.632089794363475121e+00 8.353561795033010995e+00 8.824029220949192620e+00 9.113887881153182491e+00 9.286074120633744045e+00 9.388197011204470144e+00 9.442923188848920901e+00 9.460330305866857969e+00 9.443019226304761204e+00 9.389788121638662943e+00 9.296857331479959186e+00 9.157260484602383954e+00 8.960530522219240623e+00 8.696467079728787297e+00 8.369263241123798380e+00 7.999835044959594299e+00 7.415661008013471722e+00 6.346135130255331269e+00 4.773433200630147866e+00 4.631634304864627794e+00 5.960809655235949300e+00 6.918737534704180625e+00 7.448428651469895634e+00 7.775617842963020721e+00 8.055735997243482771e+00 8.276902708642161599e+00 8.461127522185464045e+00 8.606555123201550472e+00 8.721404735004950837e+00 8.809890108197846459e+00 8.876147620415407502e+00 8.922949633722923934e+00 8.952505909608452939e+00 8.966709246478988149e+00 1.000000000000000020e+30
1.000000000000000020e+30 1.000000000000000020e+30 1.000000000000000020e+30 1.096376645931502836e+01 1.088945345754601846e+01 1.082002009299888812e+01 1.074078691980395028e+01 1.065024985894389609e+01 1.054947750597150602e+01 1.044031599534286947e+01 1.032466468743387367e+01 1.020367466533029521e+01 1.007696342997573602e+01 9.943139293561092273e+00 9.800572468564105577e+00 9.648926756656187820e+00 9.477907188105238134e+00 9.265027494431956612e+00 8.982718214388798472e+00 8.623244881212198010e+00 8.201267769805332009e+00 7.543432480865404521e+00 6.591169749043454651e+00 7.557019347467793580e+00 8.229132440282171501e+00 8.651743832897684783e+00 8.897813129976819724e+00 9.049689892397262625e+00 9.136167486766769485e+00 9.173055425604037083e+00 9.162401276823427310e+00 9.099261324815795859e+00 8.973409023524517636e+00 8.766735165816827546e+00 8.450786389555222655e+00 7.989948508220678036e+00 7.390593168004568447e+00 6.914610483481182790e+00 6.250535480502942498e+00 4.866578112437569104e+00 4.832989383398821559e+00 4.517444779887529016e+00 6.267686185005913124e+00 7.278861132756806462e+00 7.810643247215106832e+00 8.110453542055685361e+00 8.324400199248421117e+00 8.499922144463496920e+00 8.655792189475310039e+00 8.778502889518355445e+00 8.877379259966064140e+00 8.954799317482635246e+00 9.013911639315809410e+00 9.056760811718351789e+00 9.084234116402948089e+00 9.097469538660298838e+00 1.000000000000000020e+30
1.000000000000000020e+30 1.000000000000000020e+30 1.000000000000000020e+30 1.100848962776747619e+01 1.096668732418207348e+01 1.090791001036105712e+01 1.083645904246670710e+01 1.075401868152619755e+01 1.066210972047429451e+01 1.056234125644712485e+01 1.045620285793199322e+01 1.034468813248645169e+01 1.022795487884984666e+01 1.010537585058044030e+01 9.975823671209695931e+00 9.837763784310929793e+00 9.686514827547634710e+00 9.512937333295022668e+00 9.304582057708820741e+00 9.048097319358383572e+00 8.717310439150050883e+00 8.228776067204382372e+00 7.509975420318081518e+00 6.519294157950049851e+00 7.424219049434779727e+00 8.014858399454842797e+00 8.348995701969071703e+00 8.593637718862465746e+00 8.745459890838846562e+00 8.830725290386846282e+00 8.844329116802635227e+00 8.771673123374418068e+00 8.592166048576235227e+00 8.273223012419494538e+00 7.765105985862789773e+00 6.967613892214647997e+00 5.688499628269559238e+00 5.228157363513486366e+00 4.804321898896533050e+00 4.207827286384515197e+00 3.894551935840810941e+00 4.286199984000581331e+00 6.299945157716699384e+00 7.390606626466855289e+00 7.940811121570157560e+00 8.236543159919449408e+00 8.434853900289837725e+00 8.604131105510397504e+00 8.781996696844350581e+00 8.895557711041620408e+00 8.990533702651248404e+00 9.062790029129832448e+00 9.118265369421161282e+00 9.159471997095032236e+00 9.185247104511722327e+00 9.197035189514460640e+00 1.000000000000000020e+30
1.000000000000000020e+30 1.000000000000000020e+30 1.000000000000000020e+30 1.106573815071418032e+01 1.103131961517050819e+01 1.097844764422180930e+01 1.091247369781456733e+01 1.083573238220467339e+01 1.074980209102274209e+01 1.065605793603733886e+01 1.055568620771460608e+01 1.044952462970113238e+01 1.033790291490433333e+01 1.022062341439453270e+01 1.009706562881683922e+01 9.966195730449873835e+00 9.825880107408599073e+00 9.672208074086766416e+00 9.498929009635043386e+00 9.295595150917991489e+00 9.039796480101799148e+00 8.683788936550277171e+00 8.165498780322828054e+00 7.417084102670449930e+00 6.381817770268249923e+00 7.136389780466325661e+00 7.483619258528098506e+00 7.914687215669934162e+00 8.182855979918098654e+00 8.378695347097567137e+00 8.459485602121374015e+00 8.385239595579673022e+00 8.122661916133447235e+00 7.633801639482904910e+00 6.903249976277495925e+00 5.847147848962109151e+00 6.331367751934669386e+00 6.235119923125976626e+00 5.814858301769784354e+00 5.020511462336148867e+00 3.746085510097004079e+00 1.000000000000000020e+30 1.000000000000000020e+30 1.000000000000000020e+30 1.000000000000000020e+30 1.000000000000000020e+30 1.000000000000000020e+30 1.000000000000000020e+30 8.904065185640753555e+00 8.974647706534419456e+00 9.076501527593608287e+00 9.141697451354010795e+00 9.193732971931053655e+00 9.236220649281561279e+00 9.259404134220394766e+00 9.267445330923052893e+00 1.000000000000000020e+30
1.000000000000000020e+30 1.000000000000000020e+30 1.117345362645214024e+01 1.112851843805669816e+01 1.108528427864443877e+01 1.103259798046803120e+01 1.096928449045514320e+01 1.089605483918005291e+01 1.081395573032066970e+01 1.072405344454863574e+01 1.062730274778125761e+01 1.052442886623834184e+01 1.041583391022708760e+01 1.030157045517561087e+01 1.018138021560611683e+01 1.005471008848158299e+01 9.920529357289380457e+00 9.776994284662519519e+00 9.620828447509623516e+00 9.445673670764326957e+00 9.237947558155260808e+00 8.970561677950186663e+00 8.600170158434469414e+00 8.063312450628385974e+00 7.270410714004874819e+00 6.069790347364822480e+00 5.978160473254967577e+00 6.908926951393256743e+00 7.292312297470390448e+00 7.723911101028837933e+00 7.962226895643438773e+00 7.908653881413867381e+00 7.520804391930361099e+00 6.759870604532514982e+00 5.795659423645419750e+00 6.490287336430756504e+00 6.803133876804055902e+00 6.675574619801103893e+00 6.124035938864268225e+00 5.091689350516809931e+00 3.717281954893287388e+00 1.000000000000000020e+30 1.000000000000000020e+30 1.000000000000000020e+30 1.000000000000000020e+30 1.000000000000000020e+30 1.000000000000000020e+30 1.000000000000000020e+30 1.000000000000000020e+30 1.000000000000000020e+30 9.154949766400051203e+00 9.191913233332339672e+00 9.239162620425853234e+00 9.294833877049752502e+00 9.311307680107598017e+00 9.307467078486190815e+00 1.000000000000000020e+30
1.000000000000000020e+30 1.000000000000000020e+30 1.119022435609066157e+01 1.116113383135585124e+01 1.111994911029804989e+01 1.106826939492654205e+01 1.100647237082215035e+01 1.093519237095275543e+01 1.085525406416935645e+01 1.076753243170152707e+01 1.067284556739244294e+01 1.057186624045974987e+01 1.046505612488589598e+01 1.035263634541810873e+01 1.023459280909789726e+01 1.011068206467139063e+01 9.980374930554644308e+00 9.842702602804326517e+00 9.695899754928481329e+00 9.536517299384788870e+00 9.357473370635805310e+00 9.144973462189071256e+00 8.875464610952704447e+00 8.513744245848386072e+00 8.020532547204750173e+00 7.396479859286118064e+00 6.870686081786767652e+00 5.832874948785769398e+00 5.785902879041601388e+00 6.762985727786532841e+00 7.316236987324156615e+00 7.319862424449314453e+00 6.768684924953125126e+00 5.494202904889987416e+00 6.308222215892825169e+00 6.848362565359613185e+00 6.995893197027157839e+00 6.705619613485539254e+00 5.887799966793727080e+00 4.341742754995745912e+00 1.000000000000000020e+30 1.000000000000000020e+30 1.000000000000000020e+30 1.000000000000000020e+30 1.000000000000000020e+30 1.000000000000000020e+30 1.000000000000000020e+30 1.000000000000000020e+30 1.000000000000000020e+30 1.000000000000000020e+30 1.000000000000000020e+30 1.000000000000000020e+30 1.000000000000000020e+30 9.364567217249261333e+00 9.350710822531397071e+00 1.000000000000000020e+30 1.000000000000000020e+30
1.000000000000000020e+30 1.122989683466179400e+01 1.120803462969949393e+01 1.117759986659895510e+01 1.113659243058248727e+01 1.108519757429550801e+01 1.102386850165977172e+01 1.095323123031627688e+01 1.087403026534939698e+01 1.078705645410114577e+01 1.069307665372311433e+01 1.059277032790323325e+01 1.048667777513630206e+01 1.037516545098223375e+01 1.025840813741534951e+01 1.013637668362895639e+01 1.000881081106225778e+01 9.875155963327705066e+00 9.734414056347613808e+00 9.584780412344715117e+00 9.422868321050259510e+00 9.242424888320771359e+00 9.032836609954454588e+00 8.778503215213726563e+00 8.462919646041672905e+00 8.082661350030702962e+00 7.656802860917570008e+00 7.064719392727995206e+00 6.513467280272728921e+00 5.574770193043102395e+00 6.574413160338573370e+00 6.629100337941225440e+00 6.043860693011561480e+00 5.169492422922640884e+00 6.400030716336036818e+00 6.943373009686131248e+00 6.971735654456952425e+00 6.490292610311779065e+00 5.432571678890079525e+00 4.011258266254139393e+00 1.000000000000000020e+30 1.000000000000000020e+30 1.000000000000000020e+30 1.000000000000000020e+30 1.000000000000000020e+30 1.000000000000000020e+30 1.000000000000000020e+30 1.000000000000000020e+30 1.000000000000000020e+30 1.000000000000000020e+30 1.000000000000000020e+30 1.000000000000000020e+30 1.000000000000000020e+30 1.000000000000000020e+30 1.000000000000000020e+30 1.000000000000000020e+30 1.000000000000000020e+30
1.000000000000000020e+30 1.122397347399752832e+01 1.120648720151078415e+01 1.117650742599237468e+01 1.113522044666158450e+01 1.108331552287207344e+01 1.102141927510587571e+01 1.095020752211267379e+01 1.087042064350600690e+01 1.078283912165275638e+01 1.068824465131248580e+01 1.058737668810865884e+01 1.048088847749340857e+01 1.036930481228056955e+01 1.025298276417574961e+01 1.013207620979296131e+01 1.000650586813917720e+01 9.875935499213666091e+00 9.739738151370886499e+00 9.596904925567987021e+00 9.445820155370446614e+00 9.283842492101008759e+00 9.106743482534728429e+00 8.908329935237350838e+00 8.680963948455611146e+00 8.415903268286834660e+00 8.092740733456841085e+00 7.633832055437880015e+00 6.921759535478106962e+00 5.487728793327457666e+00 5.954843824079138592e+00 5.709402172098262618e+00 4.749603467339692742e+00 5.454613185003659659e+00 6.442895680164836492e+00 6.917047328239115167e+00 6.824519445740460988e+00 6.078419443347191198e+00 4.414726637043177249e+00 1.000000000000000020e+30 1.000000000000000020e+30 1.000000000000000020e+30 1.000000000000000020e+30 1.000000000000000020e+30 1.000000000000000020e+30 1.000000000000000020e+30 1.000000000000000020e+30 1.000000000000000020e+30 1.000000000000000020e+30 1.000000000000000020e+30 1.000000000000000020e+30 1.000000000000000020e+30 1.000000000000000020e+30 1.000000000000000020e+30 1.000000000000000020e+30 1.000000000000000020e+30 1.000000000000000020e+30
1.121135358237508584e+01 1.120771262688186809e+01 1.118949482134554962e+01 1.115858613692313028e+01 1.111605661546186674e+01 1.106266949402878019e+01 1.099911748668881373e+01 1.092611540655593672e+01 1.084442831116106198e+01 1.075486936436337437e+01 1.065828258332043177e+01 1.055551516705010862e+01 1.044737868266231473e+01 1.033459694866137468e+01 1.021774096683657440e+01 1.009715870935014870e+01 9.972920078689583079e+00 9.844803203767090949e+00 9.712321069247760619e+00 9.574761750841654262e+00 9.431200228032151855e+00 9.280434557804660756e+00 9.120810479846301888e+00 8.949904204373515526e+00 8.763842683311807491e+00 8.554770224759669972e+00 8.301640331618726165e+00 7.949260665132674042e+00 7.392696470321052260e+00 6.450495477261924293e+00 5.122578228032987901e+00 4.513186876869515807e+00 4.088824774873534018e+00 4.563686933248897404e+00 6.219328436313854347e+00 6.812857489061114435e+00 6.678480941646247615e+00 5.798446676808278077e+00 3.777453222669517441e+00 1.000000000000000020e+30 1.000000000000000020e+30 1.000000000000000020e+30 1.000000000000000020e+30 1.000000000000000020e+30 1.000000000000000020e+30 1.000000000000000020e+30 1.000000000000000020e+30 1.000000000000000020e+30 1.000000000000000020e+30 1.000000000000000020e+30 1.000000000000000020e+30 1.000000000000000020e+30 1.000000000000000020e+30 1.000000000000000020e+30 1.000000000000000020e+30 1.000000000000000020e+30 1.000000000000000020e+30
1.118708567790673136e+01 1.117809735517781178e+01 1.115714337265688094e+01 1.112403206439654468e+01 1.107921432564771358e+01 1.102329637799389772e+01 1.095694958298116184e+01 1.088090429610881849e+01 1.079595651734839734e+01 1.070297301874299301e+01 1.060289111744665824e+01 1.049670763836477860e+01 1.038544810565364429e+01 1.027010574136789245e+01 1.015154257611974487e+01 1.003035779108252790e+01 9.906767406896221928e+00 9.780582004127646556e+00 9.651279519075389501e+00 9.518128177667934509e+00 9.380313688140136108e+00 9.237017676532380150e+00 9.087382764752026887e+00 8.930235302020742338e+00 8.763274550868123569e+00 8.580936749047795686e+00 8.368626376754425777e+00 8.091293305762777166e+00 7.681776521986726891e+00 7.044102023997142581e+00 6.155635909750545309e+00 5.237480204204754131e+00 4.393178365256973805e+00 4.737163419145667298e+00 6.288826835824546713e+00 6.777683434453027012e+00 6.508453839006119068e+00 5.343032289772779109e+00 1.108947681485574321e+00 1.000000000000000020e+30 1.000000000000000020e+30 1.000000000000000020e+30 1.000000000000000020e+30 1.000000000000000020e+30 1.000000000000000020e+30 1.000000000000000020e+30 1.000000000000000020e+30 1.000000000000000020e+30 1.000000000000000020e+30 1.000000000000000020e+30 1.000000000000000020e+30 1.000000000000000020e+30 1.000000000000000020e+30 1.000000000000000020e+30 1.000000000000000020e+30 1.000000000000000020e+30 1.000000000000000020e+30
1.114373582300154375e+01 1.113231974423620407e+01 1.110868469887480892e+01 1.107270152860886192e+01 1.102469131488686394e+01 1.096519780909136088e+01 1.089488200586616706e+01 1.081448716693173928e+01 1.072483769370168361e+01 1.062685475995407280e+01 1.052157792971560468e+01 1.041018027134850854e+01 1.029396046472188075e+01 1.017429015263017078e+01 1.005248270355081530e+01 9.929542212314634853e+00 9.805859334567971430e+00 9.681170276179416945e+00 9.554711528054255609e+00 9.425437486278109844e+00 9.292244695668491872e+00 9.154135933522239199e+00 9.010254144253254438e+00 8.859546218144048524e+00 8.699766253674367178e+00 8.526224975071949430e+00 8.328335021466608978e+00 8.081027621073273437e+00 7.732343840760201203e+00 7.184151818398824219e+00 6.300047111760939345e+00 4.877294348721203932e+00 5.563383569577952770e+00 6.095408483463002014e+00 6.684186633531671085e+00 6.747953759423602094e+00 5.999187706051229974e+00 2.881482944874294905e+00 1.000000000000000020e+30 1.000000000000000020e+30 1.000000000000000020e+30 1.000000000000000020e+30 1.000000000000000020e+30 1.000000000000000020e+30 1.000000000000000020e+30 1.000000000000000020e+30 1.000000000000000020e+30 1.000000000000000020e+30 1.000000000000000020e+30 1.000000000000000020e+30 1.000000000000000020e+30 1.000000000000000020e+30 1.000000000000000020e+30 1.000000000000000020e+30 1.000000000000000020e+30 1.000000000000000020e+30 1.000000000000000020e+30
1.108344292066283465e+01 1.107032809590580058e+01 1.104398675801669683e+01 1.100457301397926635e+01 1.095250670620873024e+01 1.088837809890777564e+01 1.081287648818364211e+01 1.072676059787663938e+01 1.063086433783567664e+01 1.052613014468466623e+01 1.041366099596485029e+01 1.029477937943771160e+01 1.017108194917927300e+01 1.004447004105238506e+01 9.917061259013896901e+00 9.790704546935694808e+00 9.666052510155843436e+00 9.542548379281258875e+00 9.418824220773553080e+00 9.293063552987389286e+00 9.163358227110480314e+00 9.027977010967807914e+00 8.885587600947122411e+00 8.734728532615717356e+00 8.571300315704062811e+00 8.388808443934909320e+00 8.177567909843233451e+00 7.914986129390058522e+00 7.560584123386767885e+00 7.007986731039720141e+00 6.120300804078870449e+00 4.806822029438560406e+00 5.942346887461390281e+00 6.568608811728812391e+00 6.854697823691860314e+00 6.634987288559487162e+00 5.578262349479751414e+00 3.033205697578507998e+00 1.000000000000000020e+30 1.000000000000000020e+30 1.000000000000000020e+30 1.000000000000000020e+30 1.000000000000000020e+30 1.000000000000000020e+30 1.000000000000000020e+30 1.000000000000000020e+30 1.000000000000000020e+30 1.000000000000000020e+30 1.000000000000000020e+30 1.000000000000000020e+30 1.000000000000000020e+30 1.000000000000000020e+30 1.000000000000000020e+30 1.000000000000000020e+30 1.000000000000000020e+30 1.000000000000000020e+30 1.000000000000000020e+30
1.100750346431625459e+01 1.099271622303997376e+01 1.096334172050148048e+01 1.091981626583410048e+01 1.086275472135898923e+01 1.079286758028369597e+01 1.071090231081745969e+01 1.061762031596992095e+01 1.051380895592947518e+01 1.040032756685699589e+01 1.027818534140866902e+01 1.014865643986939681e+01 1.001347857839970068e+01 9.875214393053642681e+00 9.737625869066645734e+00 9.604833049209258178e+00 9.477928046099341586e+00 9.355459284698975253e+00 9.234677071458714082e+00 9.112039212548479483e+00 8.983782105709186894e+00 8.846281885024456670e+00 8.697194897503237598e+00 8.535400114305396357e+00 8.350994537693155806e+00 8.130514587289983552e+00 7.865351764899145337e+00 7.524375724503452822e+00 7.107370086108617535e+00 6.469979993351708814e+00 5.491336900996619086e+00 4.668945620198943658e+00 5.911140363761213656e+00 6.540857307818066069e+00 6.774994298873103560e+00 6.419942745179433530e+00 5.236101089221146587e+00 3.292388935438760100e+00 1.000000000000000020e+30 1.000000000000000020e+30 1.000000000000000020e+30 1.000000000000000020e+30 1.000000000000000020e+30 1.000000000000000020e+30 1.000000000000000020e+30 1.000000000000000020e+30 1.000000000000000020e+30 1.000000000000000020e+30 1.000000000000000020e+30 1.000000000000000020e+30 1.000000000000000020e+30 1.000000000000000020e+30 1.000000000000000020e+30 1.000000000000000020e+30 1.000000000000000020e+30 1.000000000000000020e+30 1.000000000000000020e+30
1.091708267324226789e+01 1.090032596608099880e+01 1.086728757333850659e+01 1.081874355743129890e+01 1.075558664708977119e+01 1.067870437254775062e+01 1.058891493804021344e+01 1.048693770286902271e+01 1.037338606141154429e+01 1.024878226963754813e+01 1.011359982507827482e+01 9.968383789347198487e+00 9.814205295428283904e+00 9.654013650275100389e+00 9.495224876906423361e+00 9.349295217594820073e+00 9.217769436236700642e+00 9.096387916740084734e+00 8.979327336394250736e+00 8.859153896035399711e+00 8.727994297055957418e+00 8.577240934751564794e+00 8.402102490455387596e+00 8.209814386381324880e+00 7.974716030807393885e+00 7.662199154538057222e+00 7.285843789156325911e+00 6.743583401305497382e+00 6.237266510465958369e+00 5.441063167740955997e+00 3.749084934594589136e+00 4.681488019615555274e+00 5.462801444057301836e+00 5.993563379803631186e+00 6.439396604913177669e+00 6.078459473026274651e+00 4.567776058163874886e+00 1.000000000000000020e+30 1.000000000000000020e+30 1.000000000000000020e+30 1.000000000000000020e+30 1.000000000000000020e+30 1.000000000000000020e+30 1.000000000000000020e+30 1.000000000000000020e+30 1.000000000000000020e+30 1.000000000000000020e+30 1.000000000000000020e+30 1.000000000000000020e+30 1.000000000000000020e+30 1.000000000000000020e+30 1.000000000000000020e+30 1.000000000000000020e+30 1.000000000000000020e+30 1.000000000000000020e+30 1.000000000000000020e+30 1.000000000000000020e+30
1.081354480596631262e+01 1.079423142230404942e+01 1.075652893276529731e+01 1.070173604328732964e+01 1.063113939166643185e+01 1.054585158563908642e+01 1.044674878217062108e+01 1.033441112814936425e+01 1.020902181279202736e+01 1.007021232714376247e+01 9.916854558578904744e+00 9.746906474310270241e+00 9.558101410830991185e+00 9.351456676468814067e+00 9.141978148139365601e+00 8.967410492870694583e+00 8.826914161250842383e+00 8.707148539819959510e+00 8.596212001974622652e+00 8.477771827145419437e+00 8.336172633224792961e+00 8.149892842511958335e+00 7.902487502917918682e+00 7.653692731341513955e+00 7.334725244458101479e+00 6.830967697404513927e+00 6.341169453239502651e+00 5.276164626513351052e+00 4.838577852871673635e+00 4.335233710572980570e+00 3.619898263989888676e+00 3.730144711696107507e+00 4.128028775609178247e+00 4.517062162990852947e+00 5.978001303542001210e+00 5.984235623385683489e+00 4.618494378099769371e+00 1.000000000000000020e+30 1.000000000000000020e+30 1.000000000000000020e+30 1.000000000000000020e+30 1.000000000000000020e+30 1.000000000000000020e+30 1.000000000000000020e+30 1.000000000000000020e+30 1.000000000000000020e+30 1.000000000000000020e+30 1.000000000000000020e+30 1.000000000000000020e+30 1.000000000000000020e+30 1.000000000000000020e+30 1.000000000000000020e+30 1.000000000000000020e+30 1.000000000000000020e+30 1.000000000000000020e+30 1.000000000000000020e+30 1.000000000000000020e+30
1.069874926817090532e+01 1.067581866383199518e+01 1.063187943017233117e+01 1.056912950063097512e+01 1.048938391357220468e+01 1.039398232698782465e+01 1.028378889613293978e+01 1.015906039835502561e+01 1.001907469560027231e+01 9.861473909468161381e+00 9.681300501608781417e+00 9.469751767196203929e+00 9.214548956775434618e+00 8.905049779401174703e+00 8.564501225683732955e+00 8.330555854537543325e+00 8.176538297311399361e+00 8.060618281832095278e+00 7.964020262940413097e+00 7.848357928476458412e+00 7.690459324115351158e+00 7.434385472206876067e+00 6.982032690016950482e+00 6.671221276969049541e+00 6.303381792391311578e+00 5.321980525291028385e+00 5.249790420531249779e+00 6.031987092909087522e+00 6.033067798626231770e+00 5.563397999607698097e+00 4.326397341879276937e+00 4.181634598605891817e+00 4.822728899240027900e+00 4.473565883666810628e+00 5.963570619725089728e+00 6.231145187371113892e+00 5.437627413155088796e+00 3.974150772056904479e+00 1.000000000000000020e+30 1.000000000000000020e+30 1.000000000000000020e+30 1.000000000000000020e+30 1.000000000000000020e+30 1.000000000000000020e+30 1.000000000000000020e+30 1.000000000000000020e+30 1.000000000000000020e+30 1.000000000000000020e+30 1.000000000000000020e+30 1.000000000000000020e+30 1.000000000000000020e+30 1.000000000000000020e+30 1.000000000000000020e+30 1.000000000000000020e+30 1.000000000000000020e+30 1.000000000000000020e+30 1.000000000000000020e+30
1.057552610773115909e+01 1.054687170084493175e+01 1.049411912033734851e+01 1.042098252989183926e+01 1.032979976680506518e+01 1.022194916651128871e+01 1.009806615823287501e+01 9.957766680170418994e+00 9.798636648218449707e+00 9.614394302248518542e+00 9.392402040274559383e+00 9.109678478148467207e+00 8.733333979931526159e+00 8.212990857183214644e+00 7.521948518395978667e+00 7.197008886562426433e+00 7.041335950641310681e+00 6.934161466887192482e+00 6.830030612444542903e+00 6.699429750104513914e+00 6.520882747817712932e+00 6.160393789277247123e+00 5.047428412132727082e+00 4.851976642756119062e+00 5.013361830148495457e+00 6.069368297666621892e+00 6.468477039693427244e+00 6.830379418031490069e+00 6.874176340354370751e+00 6.627582678726253285e+00 6.110005565747860246e+00 5.726651802590294160e+00 5.296693419883092169e+00 4.654784088873373804e+00 6.113718957093762896e+00 6.458717918678060776e+00 5.778598813005552337e+00 4.093855146577169535e+00 1.000000000000000020e+30 1.000000000000000020e+30 1.000000000000000020e+30 1.000000000000000020e+30 1.000000000000000020e+30 1.000000000000000020e+30 1.000000000000000020e+30 1.000000000000000020e+30 1.000000000000000020e+30 1.000000000000000020e+30 1.000000000000000020e+30 1.000000000000000020e+30 1.000000000000000020e+30 1.000000000000000020e+30 1.000000000000000020e+30 1.000000000000000020e+30 1.000000000000000020e+30 1.000000000000000020e+30 1.000000000000000020e+30
1.044871094018591506e+01 1.040947286704004426e+01 1.034355226732514765e+01 1.025656944338338938e+01 1.015066132673222832e+01 1.002649778511811007e+01 9.883919896649111081e+00 9.721469440558063724e+00 9.534064300429681893e+00 9.308594450952146104e+00 9.019887018719055405e+00 8.619760077934813580e+00 8.058179257599793033e+00 7.219915709281414351e+00 5.538707104716472429e+00 5.243560305034060676e+00 5.114355948600584512e+00 4.930662046339296722e+00 4.699488794823075466e+00 4.521866239252080533e+00 4.398545493427402420e+00 4.496845651592419557e+00 5.648874122992761926e+00 6.033686486764915813e+00 6.331103188532166470e+00 6.817945980928567629e+00 7.119197702015868323e+00 7.317062833721436732e+00 7.347017733598183220e+00 7.204923553738458608e+00 6.860255096722130297e+00 6.242834113605584712e+00 4.871790522572593041e+00 4.931308289757111218e+00 6.387603522463499495e+00 6.683591897845240659e+00 5.988865368885230467e+00 4.221258279586842299e+00 1.000000000000000020e+30 1.000000000000000020e+30 1.000000000000000020e+30 1.000000000000000020e+30 1.000000000000000020e+30 1.000000000000000020e+30 1.000000000000000020e+30 1.000000000000000020e+30 1.000000000000000020e+30 1.000000000000000020e+30 1.000000000000000020e+30 1.000000000000000020e+30 1.000000000000000020e+30 1.000000000000000020e+30 1.000000000000000020e+30 1.000000000000000020e+30 1.000000000000000020e+30 1.000000000000000020e+30 1.000000000000000020e+30
1.032785344249443149e+01 1.026483943601829374e+01 1.017878439135688851e+01 1.007332471157279841e+01 9.947517790991334152e+00 9.799327677798206793e+00 9.626484066607433832e+00 9.426344456368132896e+00 9.191295895611428790e+00 8.897642701321206715e+00 8.507166239738545244e+00 7.916188064812781811e+00 7.130506669126967623e+00 6.398652455521307125e+00 5.181528897081840057e+00 5.976192221165359975e+00 6.183841571652476610e+00 6.131437143059434547e+00 5.973318262326293038e+00 5.798242033544392271e+00 5.680792928507586659e+00 5.840549406155458811e+00 6.409939999596732108e+00 6.765056673800196485e+00 7.012191551411341095e+00 7.274122326285288764e+00 7.461625298238582893e+00 7.569775086032828781e+00 7.578594783824883052e+00 7.488275762957258053e+00 7.236551402124089094e+00 6.692561957258433836e+00 5.469701821966566513e+00 6.328895120333593027e+00 6.961032198043962893e+00 6.982970162698893368e+00 6.219149808418763747e+00 4.413046282100482109e+00 1.000000000000000020e+30 1.000000000000000020e+30 1.000000000000000020e+30 1.000000000000000020e+30 1.000000000000000020e+30 1.000000000000000020e+30 1.000000000000000020e+30 1.000000000000000020e+30 1.000000000000000020e+30 1.000000000000000020e+30 1.000000000000000020e+30 1.000000000000000020e+30 1.000000000000000020e+30 1.000000000000000020e+30 1.000000000000000020e+30 1.000000000000000020e+30 1.000000000000000020e+30 1.000000000000000020e+30 1.000000000000000020e+30
1.023545953147448806e+01 1.010705957052736181e+01 9.993988829209554225e+00 9.864931493654639283e+00 9.710239590569537782e+00 9.521212120504577214e+00 9.290497643798696359e+00 9.016404573683995949e+00 8.696453542224409361e+00 8.288111717666270195e+00 7.745604675027423447e+00 6.739722211665252871e+00 5.176956700604346651e+00 4.851151891047331688e+00 5.923474614329823140e+00 6.609937011105200710e+00 6.876370458552573339e+00 6.869249611273388290e+00 6.837390639990085006e+00 6.748477706666436760e+00 6.610251184758168641e+00 6.901706790126981517e+00 7.222970661903724832e+00 7.444145647435494340e+00 7.579975039439630358e+00 7.631935004836425840e+00 7.718458852526397962e+00 7.774600780104568898e+00 7.799134589083307922e+00 7.681285916233066224e+00 7.547215822262486995e+00 7.323418230161053977e+00 7.047812073763308760e+00 7.266080694082902802e+00 7.449203678780151883e+00 7.296722978461841258e+00 6.546434366086521628e+00 4.821190687822532794e+00 1.000000000000000020e+30 1.000000000000000020e+30 1.000000000000000020e+30 1.000000000000000020e+30 1.000000000000000020e+30 1.000000000000000020e+30 1.000000000000000020e+30 1.000000000000000020e+30 1.000000000000000020e+30 1.000000000000000020e+30 1.000000000000000020e+30 1.000000000000000020e+30 1.000000000000000020e+30 1.000000000000000020e+30 1.000000000000000020e+30 1.000000000000000020e+30 1.000000000000000020e+30 1.000000000000000020e+30 1.000000000000000020e+30
1.000000000000000020e+30 9.893117938797258759e+00 9.776250141079263045e+00 9.618602104508962469e+00 9.418120884177570318e+00 9.153042623139038270e+00 8.803108889240359503e+00 8.376461119367361263e+00 7.894538053997159466e+00 7.137760786098109378e+00 6.338855361725542537e+00 4.570582803042266384e+00 5.527851677384879814e+00 5.907661057626879320e+00 6.551809607447355077e+00 7.120254480996901059e+00 7.409722071005775845e+00 7.642730578497214822e+00 7.436882602669911968e+00 7.419056445937977529e+00 1.000000000000000020e+30 7.692565697884560905e+00 7.809075714605746121e+00 7.911974311569255569e+00 7.970524036006668034e+00 1.000000000000000020e+30 1.000000000000000020e+30 1.000000000000000020e+30 8.066475805201164917e+00 7.938015204359780697e+00 7.790269166004962109e+00 7.737587984154796317e+00 7.695510485668898504e+00 7.756652980716239654e+00 7.776412456546303531e+00 7.592764698700534609e+00 7.010378686866991949e+00 5.826732468217562300e+00 4.205678165159327797e+00 1.000000000000000020e+30 1.000000000000000020e+30 1.000000000000000020e+30 1.000000000000000020e+30 1.000000000000000020e+30 1.000000000000000020e+30 1.000000000000000020e+30 1.000000000000000020e+30 1.000000000000000020e+30 1.000000000000000020e+30 1.000000000000000020e+30 1.000000000000000020e+30 1.000000000000000020e+30 1.000000000000000020e+30 1.000000000000000020e+30 1.000000000000000020e+30 1.000000000000000020e+30 1.000000000000000020e+30
1.000000000000000020e+30 9.744128602053692134e+00 9.528188830048827995e+00 9.310860052468603598e+00 9.033186599736760414e+00 8.630205400951370009e+00 8.043059867908334937e+00 7.247510757614437971e+00 6.323125685049513223e+00 4.059347210260677130e+00 2.754054934276263911e+00 4.674115078159312375e+00 5.785589409821186635e+00 6.379633581646854346e+00 7.321373045613666974e+00 7.698678720161571398e+00 7.850862855946143526e+00 1.000000000000000020e+30 1.000000000000000020e+30 1.000000000000000020e+30 1.000000000000000020e+30 1.000000000000000020e+30 1.000000000000000020e+30 1.000000000000000020e+30 1.000000000000000020e+30 1.000000000000000020e+30 1.000000000000000020e+30 1.000000000000000020e+30 8.216321885285656990e+00 8.156238781765148715e+00 8.060285507918488079e+00 7.977208572827171551e+00 7.980787385900378617e+00 8.003289330453862149e+00 7.977035283479573913e+00 7.800204597511657845e+00 7.299002796243249769e+00 6.220790967089757650e+00 4.331606052597089196e+00 1.000000000000000020e+30 1.000000000000000020e+30 1.000000000000000020e+30 1.000000000000000020e+30 1.000000000000000020e+30 1.000000000000000020e+30 1.000000000000000020e+30 1.000000000000000020e+30 1.000000000000000020e+30 1.000000000000000020e+30 1.000000000000000020e+30 1.000000000000000020e+30 1.000000000000000020e+30 1.000000000000000020e+30 1.000000000000000020e+30 1.000000000000000020e+30 1.000000000000000020e+30 1.000000000000000020e+30
1.000000000000000020e+30 1.000000000000000020e+30 9.161091410754112374e+00 8.874691965932035131e+00 8.491488788440559432e+00 7.874579327310502030e+00 6.814364807571706706e+00 4.838384283707195088e+00 3.565208846778345375e+00 4.412094369211987832e+00 4.318196006897303540e+00 5.188946052980456969e+00 1.000000000000000020e+30 1.000000000000000020e+30 1.000000000000000020e+30 1.000000000000000020e+30 1.000000000000000020e+30 1.000000000000000020e+30 1.000000000000000020e+30 1.000000000000000020e+30 1.000000000000000020e+30 1.000000000000000020e+30 1.000000000000000020e+30 1.000000000000000020e+30 1.000000000000000020e+30 1.000000000000000020e+30 1.000000000000000020e+30 1.000000000000000020e+30 1.000000000000000020e+30 1.000000000000000020e+30 8.191296284199244937e+00 8.121726428294577360e+00 8.123719702686923227e+00 8.136297607105905882e+00 8.102774006424644071e+00 7.934296844662606318e+00 7.458221336365198795e+00 6.390990275064306836e+00 4.418874188950340454e+00 1.000000000000000020e+30 1.000000000000000020e+30 1.000000000000000020e+30 1.000000000000000020e+30 1.000000000000000020e+30 1.000000000000000020e+30 1.000000000000000020e+30 1.000000000000000020e+30 1.000000000000000020e+30 1.000000000000000020e+30 1.000000000000000020e+30 1.000000000000000020e+30 1.000000000000000020e+30 1.000000000000000020e+30 1.000000000000000020e+30 1.000000000000000020e+30 1.000000000000000020e+30 1.000000000000000020e+30
1.000000000000000020e+30 1.000000000000000020e+30 8.849477551719903801e+00 8.167886128644006760e+00 7.613140253054660356e+00 6.598626810660681130e+00 4.780579246363132029e+00 5.300033300002906067e+00 5.245579663003410609e+00 5.500897806298381099e+00 1.000000000000000020e+30 1.000000000000000020e+30 1.000000000000000020e+30 1.000000000000000020e+30 1.000000000000000020e+30 1.000000000000000020e+30 1.000000000000000020e+30 1.000000000000000020e+30 1.000000000000000020e+30 1.000000000000000020e+30 1.000000000000000020e+30 1.000000000000000020e+30 1.000000000000000020e+30 1.000000000000000020e+30 1.000000000000000020e+30 1.000000000000000020e+30 1.000000000000000020e+30 1.000000000000000020e+30 1.000000000000000020e+30 1.000000000000000020e+30 1.000000000000000020e+30 8.232363039152806650e+00 8.217005359920968033e+00 8.220200394319014947e+00 8.184882529575924437e+00 8.019545530495804542e+00 7.539666375612954496e+00 6.454196208205764229e+00 4.455715949170888202e+00 1.000000000000000020e+30 1.000000000000000020e+30 1.000000000000000020e+30 1.000000000000000020e+30 1.000000000000000020e+30 1.000000000000000020e+30 1.000000000000000020e+30 1.000000000000000020e+30 1.000000000000000020e+30 1.000000000000000020e+30 1.000000000000000020e+30 1.000000000000000020e+30 1.000000000000000020e+30 1.000000000000000020e+30 1.000000000000000020e+30 1.000000000000000020e+30 1.000000000000000020e+30 1.000000000000000020e+30
1.000000000000000020e+30 1.000000000000000020e+30 1.000000000000000020e+30 6.375485451811353066e+00 5.881221046147182108e+00 4.086886011552716802e+00 5.154449188875295462e+00 6.015128948637448403e+00 6.394624766156050022e+00 1.000000000000000020e+30 1.000000000000000020e+30 1.000000000000000020e+30 1.000000000000000020e+30 1.000000000000000020e+30 1.000000000000000020e+30 1.000000000000000020e+30 1.000000000000000020e+30 1.000000000000000020e+30 1.000000000000000020e+30 1.000000000000000020e+30 1.000000000000000020e+30 1.000000000000000020e+30 1.000000000000000020e+30 1.000000000000000020e+30 1.000000000000000020e+30 1.000000000000000020e+30 1.000000000000000020e+30 1.000000000000000020e+30 1.000000000000000020e+30 1.000000000000000020e+30 1.000000000000000020e+30 1.000000000000000020e+30 8.318004166325701831e+00 8.291409245598268640e+00 8.234139581890422832e+00 8.054158837015522820e+00 7.542809890279958296e+00 6.397214664217149682e+00 4.420961138511304789e+00 1.000000000000000020e+30 1.000000000000000020e+30 1.000000000000000020e+30 1.000000000000000020e+30 1.000000000000000020e+30 1.000000000000000020e+30 1.000000000000000020e+30 1.000000000000000020e+30 1.000000000000000020e+30 1.000000000000000020e+30 1.000000000000000020e+30 1.000000000000000020e+30 1.000000000000000020e+30 1.000000000000000020e+30 1.000000000000000020e+30 1.000000000000000020e+30 1.000000000000000020e+30 1.000000000000000020e+30
1.000000000000000020e+30 1.000000000000000020e+30 1.000000000000000020e+30 3.245362566008231919e+00 2.872652466987880793e+00 4.647771930687353503e+00 6.028017433283326731e+00 6.738536171478784809e+00 1.000000000000000020e+30 1.000000000000000020e+30 1.000000000000000020e+30 1.000000000000000020e+30 1.000000000000000020e+30 1.000000000000000020e+30 1.000000000000000020e+30 1.000000000000000020e+30 1.000000000000000020e+30 1.000000000000000020e+30 1.000000000000000020e+30 1.000000000000000020e+30 1.000000000000000020e+30 1.000000000000000020e+30 1.000000000000000020e+30 1.000000000000000020e+30 1.000000000000000020e+30 1.000000000000000020e+30 1.000000000000000020e+30 1.000000000000000020e+30 1.000000000000000020e+30 1.000000000000000020e+30 1.000000000000000020e+30 1.000000000000000020e+30 1.000000000000000020e+30 8.377655058108997466e+00 8.262594917820392126e+00 8.022095809476089912e+00 7.425854937350879759e+00 6.064008414493232912e+00 4.253071900155781293e+00 1.000000000000000020e+30 1.000000000000000020e+30 1.000000000000000020e+30 1.000000000000000020e+30 1.000000000000000020e+30 1.000000000000000020e+30 1.000000000000000020e+30 1.000000000000000020e+30 1.000000000000000020e+30 1.000000000000000020e+30 1.000000000000000020e+30 1.000000000000000020e+30 1.000000000000000020e+30 1.000000000000000020e+30 1.000000000000000020e+30 1.000000000000000020e+30 1.000000000000000020e+30 1.000000000000000020e+30
1.000000000000000020e+30 1.000000000000000020e+30 1.000000000000000020e+30 1.000000000000000020e+30 5.669484042749795449e+00 6.203496158072339561e+00 6.843521553962154336e+00 1.000000000000000020e+30 1.000000000000000020e+30 1.000000000000000020e+30 1.000000000000000020e+30 1.000000000000000020e+30 1.000000000000000020e+30 1.000000000000000020e+30 1.000000000000000020e+30 1.000000000000000020e+30 1.000000000000000020e+30 1.000000000000000020e+30 1.000000000000000020e+30 1.000000000000000020e+30 1.000000000000000020e+30 1.000000000000000020e+30 1.000000000000000020e+30 1.000000000000000020e+30 1.000000000000000020e+30 1.000000000000000020e+30 1.000000000000000020e+30 1.000000000000000020e+30 1.000000000000000020e+30 1.000000000000000020e+30 1.000000000000000020e+30 1.000000000000000020e+30 1.000000000000000020e+30 1.000000000000000020e+30 8.288179873980178414e+00 7.997459838623141692e+00 7.278060040205317272e+00 4.998335944156345967e+00 3.924864084876407588e+00 1.000000000000000020e+30 1.000000000000000020e+30 1.000000000000000020e+30 1.000000000000000020e+30 1.000000000000000020e+30 1.000000000000000020e+30 1.000000000000000020e+30 1.000000000000000020e+30 1.000000000000000020e+30 1.000000000000000020e+30 1.000000000000000020e+30 1.000000000000000020e+30 1.000000000000000020e+30 1.000000000000000020e+30 1.000000000000000020e+30 1.000000000000000020e+30 1.000000000000000020e+30 1.000000000000000020e+30
1.000000000000000020e+30 1.000000000000000020e+30 1.000000000000000020e+30 1.000000000000000020e+30 7.683268858097311416e+00 1.000000000000000020e+30 1.000000000000000020e+30 1.000000000000000020e+30 1.000000000000000020e+30 1.000000000000000020e+30 1.000000000000000020e+30 1.000000000000000020e+30 1.000000000000000020e+30 1.000000000000000020e+30 1.000000000000000020e+30 1.000000000000000020e+30 1.000000000000000020e+30 1.000000000000000020e+30 1.000000000000000020e+30 1.000000000000000020e+30 1.000000000000000020e+30 1.000000000000000020e+30 1.000000000000000020e+30 1.000000000000000020e+30 1.000000000000000020e+30 1.000000000000000020e+30 1.000000000000000020e+30 1.000000000000000020e+30 1.000000000000000020e+30 1.000000000000000020e+30 1.000000000000000020e+30 1.000000000000000020e+30 1.000000000000000020e+30 1.000000000000000020e+30 1.000000000000000020e+30 8.236908984013584956e+00 8.038337053570664636e+00 1.000000000000000020e+30 1.000000000000000020e+30 1.000000000000000020e+30 1.000000000000000020e+30 1.000000000000000020e+30 1.000000000000000020e+30 1.000000000000000020e+30 1.000000000000000020e+30 1.000000000000000020e+30 1.000000000000000020e+30 1.000000000000000020e+30 1.000000000000000020e+30 1.000000000000000020e+30 1.000000000000000020e+30 1.000000000000000020e+30 1.000000000000000020e+30 1.000000000000000020e+30 1.000000000000000020e+30 1.000000000000000020e+30 1.000000000000000020e+30
