1.000000000000000020e+30 1.000000000000000020e+30 1.000000000000000020e+30 1.000000000000000020e+30 1.000000000000000020e+30 1.000000000000000020e+30 1.000000000000000020e+30 1.000000000000000020e+30 1.000000000000000020e+30 1.000000000000000020e+30 1.000000000000000020e+30 1.000000000000000020e+30 1.000000000000000020e+30 1.000000000000000020e+30 1.000000000000000020e+30 1.000000000000000020e+30 1.000000000000000020e+30 1.000000000000000020e+30 1.000000000000000020e+30 1.000000000000000020e+30 1.000000000000000020e+30 1.000000000000000020e+30 1.000000000000000020e+30 1.000000000000000020e+30 1.000000000000000020e+30 1.000000000000000020e+30 1.000000000000000020e+30 1.000000000000000020e+30 1.000000000000000020e+30 1.000000000000000020e+30 1.000000000000000020e+30 1.000000000000000020e+30 1.000000000000000020e+30 1.000000000000000020e+30 1.000000000000000020e+30 1.000000000000000020e+30 1.000000000000000020e+30 1.000000000000000020e+30 1.000000000000000020e+30 1.000000000000000020e+30 1.000000000000000020e+30 1.000000000000000020e+30 1.000000000000000020e+30 1.000000000000000020e+30 1.000000000000000020e+30 1.000000000000000020e+30 1.000000000000000020e+30 1.000000000000000020e+30 1.000000000000000020e+30 1.000000000000000020e+30 1.000000000000000020e+30 1.000000000000000020e+30 1.000000000000000020e+30 1.000000000000000020e+30 1.000000000000000020e+30 1.000000000000000020e+30 1.000000000000000020e+30
1.000000000000000020e+30 1.000000000000000020e+30 1.000000000000000020e+30 1.000000000000000020e+30 1.000000000000000020e+30 1.000000000000000020e+30 1.000000000000000020e+30 1.000000000000000020e+30 1.000000000000000020e+30 1.000000000000000020e+30 1.000000000000000020e+30 1.000000000000000020e+30 1.000000000000000020e+30 1.000000000000000020e+30 1.000000000000000020e+30 1.000000000000000020e+30 1.000000000000000020e+30 1.000000000000000020e+30 1.000000000000000020e+30 1.000000000000000020e+30 1.000000000000000020e+30 1.000000000000000020e+30 1.000000000000000020e+30 1.000000000000000020e+30 1.000000000000000020e+30 1.000000000000000020e+30 1.000000000000000020e+30 1.504973784143924753e+01 1.504973784143926707e+01 1.504973784143926707e+01 1.504973784143926707e+01 1.504973784143926707e+01 1.504973784143926707e+01 1.504973784143926707e+01 1.504973784143926707e+01 1.504973784143926707e+01 1.504973784143926707e+01 1.504973784143926707e+01 1.504973784143926707e+01 1.504973784143926707e+01 1.504973784143926707e+01 1.504973784143926707e+01 1.504973784143924753e+01 1.000000000000000020e+30 1.000000000000000020e+30 1.000000000000000020e+30 1.000000000000000020e+30 1.000000000000000020e+30 1.000000000000000020e+30 1.000000000000000020e+30 1.000000000000000020e+30 1.000000000000000020e+30 1.000000000000000020e+30 1.000000000000000020e+30 1.000000000000000020e+30 1.000000000000000020e+30 1.000000000000000020e+30
1.000000000000000020e+30 1.000000000000000020e+30 1.000000000000000020e+30 1.000000000000000020e+30 1.000000000000000020e+30 1.000000000000000020e+30 1.000000000000000020e+30 1.000000000000000020e+30 1.000000000000000020e+30 1.000000000000000020e+30 1.000000000000000020e+30 1.000000000000000020e+30 1.000000000000000020e+30 1.000000000000000020e+30 1.000000000000000020e+30 1.000000000000000020e+30 1.000000000000000020e+30 1.000000000000000020e+30 1.000000000000000020e+30 1.000000000000000020e+30 1.000000000000000020e+30 1.000000000000000020e+30 1.000000000000000020e+30 1.000000000000000020e+30 1.504973784143924753e+01 1.504973784143926707e+01 1.504973784143927062e+01 1.504973784143928839e+01 1.504973784143929905e+01 1.504973784143929905e+01 1.504973784143929905e+01 1.504973784143929905e+01 1.504973784143929905e+01 1.504973784143929905e+01 1.504973784143929905e+01 1.504973784143929905e+01 1.504973784143929905e+01 1.504973784143929905e+01 1.504973784143929905e+01 1.504973784143929905e+01 1.504973784143929905e+01 1.504973784143929905e+01 1.504973784143928839e+01 1.504973784143927062e+01 1.504973784143926707e+01 1.504973784143926707e+01 1.504973784143926707e+01 1.504973784143924753e+01 1.000000000000000020e+30 1.000000000000000020e+30 1.000000000000000020e+30 1.000000000000000020e+30 1.000000000000000020e+30 1.000000000000000020e+30 1.000000000000000020e+30 1.000000000000000020e+30 1.000000000000000020e+30
1.000000000000000020e+30 1.000000000000000020e+30 1.000000000000000020e+30 1.000000000000000020e+30 1.000000000000000020e+30 1.000000000000000020e+30 1.000000000000000020e+30 1.000000000000000020e+30 1.000000000000000020e+30 1.000000000000000020e+30 1.000000000000000020e+30 1.000000000000000020e+30 1.000000000000000020e+30 1.000000000000000020e+30 1.000000000000000020e+30 1.000000000000000020e+30 1.000000000000000020e+30 1.000000000000000020e+30 1.000000000000000020e+30 1.000000000000000020e+30 1.000000000000000020e+30 1.504973784143924753e+01 1.504973784143926707e+01 1.504973784143927062e+01 1.504973784143928839e+01 1.504973784143929905e+01 1.504973784143929905e+01 1.504973784143930260e+01 1.504973784143930260e+01 1.504973784143930260e+01 1.504973784143930260e+01 1.504973784143930260e+01 1.504973784143930260e+01 1.504973784143930260e+01 1.504973784143930260e+01 1.504973784143930260e+01 1.504973784143930260e+01 1.504973784143930260e+01 1.504973784143930260e+01 1.504973784143930260e+01 1.504973784143930260e+01 1.504973784143930260e+01 1.504973784143930260e+01 1.504973784143929905e+01 1.504973784143929905e+01 1.504973784143929905e+01 1.504973784143929905e+01 1.504973784143928484e+01 1.504973784143925108e+01 1.000000000000000020e+30 1.000000000000000020e+30 1.000000000000000020e+30 1.000000000000000020e+30 1.000000000000000020e+30 1.000000000000000020e+30 1.000000000000000020e+30 1.000000000000000020e+30
1.000000000000000020e+30 1.000000000000000020e+30 1.000000000000000020e+30 1.000000000000000020e+30 1.000000000000000020e+30 1.000000000000000020e+30 1.000000000000000020e+30 1.000000000000000020e+30 1.000000000000000020e+30 1.000000000000000020e+30 1.000000000000000020e+30 1.000000000000000020e+30 1.000000000000000020e+30 1.000000000000000020e+30 1.000000000000000020e+30 1.000000000000000020e+30 1.000000000000000020e+30 1.000000000000000020e+30 1.504973784143924753e+01 1.504973784143926707e+01 1.504973784143927062e+01 1.504973784143928839e+01 1.504973784143929905e+01 1.504973784143929905e+01 1.504973784143930260e+01 1.504973784143930260e+01 1.504973784143930260e+01 1.504973784143930260e+01 1.504973784143930260e+01 1.504973784143930260e+01 1.504973784143930260e+01 1.504973784143930260e+01 1.504973784143930260e+01 1.504973784143930260e+01 1.504973784143930260e+01 1.504973784143930260e+01 1.504973784143930260e+01 1.504973784143930260e+01 1.504973784143930260e+01 1.504973784143930260e+01 1.504973784143930260e+01 1.504973784143930260e+01 1.504973784143930260e+01 1.504973784143930260e+01 1.504973784143930260e+01 1.504973784143930260e+01 1.504973784143930260e+01 1.504973784143930260e+01 1.504973784143928484e+01 1.504973784143925108e+01 1.000000000000000020e+30 1.000000000000000020e+30 1.000000000000000020e+30 1.000000000000000020e+30 1.000000000000000020e+30 1.000000000000000020e+30 1.000000000000000020e+30
1.000000000000000020e+30 1.000000000000000020e+30 1.000000000000000020e+30 1.000000000000000020e+30 1.000000000000000020e+30 1.000000000000000020e+30 1.000000000000000020e+30 1.000000000000000020e+30 1.000000000000000020e+30 1.000000000000000020e+30 1.000000000000000020e+30 1.000000000000000020e+30 1.000000000000000020e+30 1.000000000000000020e+30 1.000000000000000020e+30 1.000000000000000020e+30 1.504973784143924753e+01 1.504973784143926707e+01 1.504973784143928839e+01 1.504973784143929905e+01 1.504973784143929905e+01 1.504973784143930260e+01 1.504973784143930260e+01 1.504973784143930260e+01 1.504973784143930260e+01 1.504973784143930260e+01 1.504973784143930260e+01 1.504973784143930260e+01 1.504973784143930260e+01 1.504973784143930260e+01 1.504973784143930260e+01 1.504973784143930260e+01 1.504973784143930260e+01 1.504973784143930260e+01 1.504973784143930260e+01 1.504973784143930260e+01 1.504973784143930260e+01 1.504973784143930260e+01 1.504973784143930260e+01 1.504973784143930260e+01 1.504973784143930260e+01 1.504973784143930260e+01 1.504973784143930260e+01 1.504973784143930260e+01 1.504973784143930260e+01 1.504973784143930260e+01 1.504973784143930260e+01 1.504973784143930260e+01 1.504973784143930260e+01 1.504973784143928839e+01 1.504973784143926707e+01 1.504973784143924753e+01 1.000000000000000020e+30 1.000000000000000020e+30 1.000000000000000020e+30 1.000000000000000020e+30 1.000000000000000020e+30
1.000000000000000020e+30 1.000000000000000020e+30 1.000000000000000020e+30 1.000000000000000020e+30 1.000000000000000020e+30 1.000000000000000020e+30 1.000000000000000020e+30 1.000000000000000020e+30 1.000000000000000020e+30 1.000000000000000020e+30 1.000000000000000020e+30 1.000000000000000020e+30 1.000000000000000020e+30 1.000000000000000020e+30 1.000000000000000020e+30 1.504973784143925108e+01 1.504973784143928484e+01 1.504973784143929905e+01 1.504973784143930260e+01 1.504973784143930260e+01 1.504973784143930260e+01 1.504973784143930260e+01 1.504973784143930260e+01 1.504973784143930260e+01 1.504973784143930260e+01 1.504973784143930260e+01 1.504973784143930260e+01 1.504973784143930260e+01 1.504973784143930260e+01 1.504973784143930260e+01 1.504973784143930260e+01 1.504973784143930260e+01 1.504973784143930260e+01 1.504973784143930260e+01 1.504973784143930260e+01 1.504973784143930260e+01 1.504973784143930260e+01 1.504973784143930260e+01 1.504973784143930260e+01 1.504973784143930260e+01 1.504973784143930260e+01 1.504973784143930260e+01 1.504973784143930260e+01 1.504973784143930260e+01 1.504973784143930260e+01 1.504973784143930260e+01 1.504973784143930260e+01 1.504973784143930260e+01 1.504973784143930260e+01 1.504973784143930260e+01 1.504973784143929905e+01 1.504973784143928484e+01 1.504973784143925108e+01 1.000000000000000020e+30 1.000000000000000020e+30 1.000000000000000020e+30 1.000000000000000020e+30
1.000000000000000020e+30 1.000000000000000020e+30 1.000000000000000020e+30 1.000000000000000020e+30 1.000000000000000020e+30 1.000000000000000020e+30 1.000000000000000020e+30 1.000000000000000020e+30 1.000000000000000020e+30 1.000000000000000020e+30 1.000000000000000020e+30 1.000000000000000020e+30 1.000000000000000020e+30 1.000000000000000020e+30 1.504973784143925108e+01 1.504973784143928484e+01 1.504973784143930260e+01 1.504973784143930260e+01 1.504973784143930260e+01 1.504973784143930260e+01 1.504973784143930260e+01 1.504973784143930260e+01 1.504973784143930260e+01 1.504973784143930260e+01 1.504973784143930260e+01 1.504973784143930260e+01 1.504973784143930260e+01 1.504973784143930260e+01 1.504973784143930260e+01 1.504973784143930260e+01 1.504973784143930260e+01 1.504973784143930260e+01 1.504973784143930260e+01 1.504973784143930260e+01 1.504973784143930260e+01 1.504973784143930260e+01 1.504973784143930260e+01 1.504973784143930260e+01 1.504973784143930260e+01 1.504973784143930260e+01 1.504973784143930260e+01 1.504973784143930260e+01 1.504973784143930260e+01 1.504973784143930260e+01 1.504973784143930260e+01 1.504973784143930260e+01 1.504973784143930260e+01 1.504973784143930260e+01 1.504973784143930260e+01 1.504973784143930260e+01 1.504973784143930260e+01 1.504973784143930260e+01 1.504973784143928484e+01 1.504973784143925108e+01 1.000000000000000020e+30 1.000000000000000020e+30 1.000000000000000020e+30
1.000000000000000020e+30 1.000000000000000020e+30 1.000000000000000020e+30 1.000000000000000020e+30 1.000000000000000020e+30 1.000000000000000020e+30 1.000000000000000020e+30 1.000000000000000020e+30 1.000000000000000020e+30 1.000000000000000020e+30 1.000000000000000020e+30 1.000000000000000020e+30 1.000000000000000020e+30 1.504973784143925108e+01 1.504973784143928484e+01 1.504973784143930260e+01 1.504973784143930260e+01 1.504973784143930260e+01 1.504973784143930260e+01 1.504973784143930260e+01 1.504973784143930260e+01 1.504973784143930260e+01 1.504973784143930260e+01 1.504973784143930260e+01 1.504973784143930260e+01 1.504973784143930260e+01 1.504973784143930260e+01 1.504973784143930260e+01 1.504973784143930260e+01 1.504973784143930260e+01 1.504973784143930260e+01 1.504973784143930260e+01 1.504973784143930260e+01 1.504973784143930260e+01 1.504973784143930260e+01 1.504973784143930260e+01 1.504973784143930260e+01 1.504973784143930260e+01 1.504973784143930260e+01 1.504973784143930260e+01 1.504973784143930260e+01 1.504973784143930260e+01 1.504973784143930260e+01 1.504973784143930260e+01 1.504973784143930260e+01 1.504973784143930260e+01 1.504973784143930260e+01 1.504973784143930260e+01 1.504973784143930260e+01 1.504973784143930260e+01 1.504973784143930260e+01 1.504973784143930260e+01 1.504973784143930260e+01 1.504973784143925108e+01 1.504973784139462190e+01 1.000000000000000020e+30 1.000000000000000020e+30
1.000000000000000020e+30 1.000000000000000020e+30 1.000000000000000020e+30 1.000000000000000020e+30 1.000000000000000020e+30 1.000000000000000020e+30 1.000000000000000020e+30 1.000000000000000020e+30 1.000000000000000020e+30 1.000000000000000020e+30 1.000000000000000020e+30 1.000000000000000020e+30 1.504973784143925108e+01 1.504973784143928484e+01 1.504973784143930260e+01 1.504973784143930260e+01 1.504973784143930260e+01 1.504973784143930260e+01 1.504973784143930260e+01 1.504973784143930260e+01 1.504973784143930260e+01 1.504973784143930260e+01 1.504973784143930260e+01 1.504973784143930260e+01 1.504973784143930260e+01 1.504973784143930260e+01 1.504973784143930260e+01 1.504973784143930260e+01 1.504973784143930260e+01 1.504973784143930260e+01 1.504973784143930260e+01 1.504973784143930260e+01 1.504973784143930260e+01 1.504973784143930260e+01 1.504973784143930260e+01 1.504973784143930260e+01 1.504973784143930260e+01 1.504973784143930260e+01 1.504973784143930260e+01 1.504973784143930260e+01 1.504973784143930260e+01 1.504973784143930260e+01 1.504973784143930260e+01 1.504973784143930260e+01 1.504973784143930260e+01 1.504973784143930260e+01 1.504973784143930260e+01 1.504973784143930260e+01 1.504973784143930260e+01 1.504973784143930260e+01 1.504973784143930260e+01 1.504973784143930260e+01 1.504973784143924043e+01 1.504973784130751646e+01 1.504973754367487260e+01 1.000000000000000020e+30 1.000000000000000020e+30
1.000000000000000020e+30 1.000000000000000020e+30 1.000000000000000020e+30 1.000000000000000020e+30 1.000000000000000020e+30 1.000000000000000020e+30 1.000000000000000020e+30 1.000000000000000020e+30 1.000000000000000020e+30 1.000000000000000020e+30 1.000000000000000020e+30 1.504973784143923687e+01 1.504973784143927773e+01 1.504973784143929194e+01 1.504973784143929194e+01 1.504973784143929194e+01 1.504973784143930260e+01 1.504973784143930260e+01 1.504973784143930260e+01 1.504973784143930260e+01 1.504973784143930260e+01 1.504973784143930260e+01 1.504973784143930260e+01 1.504973784143930260e+01 1.504973784143930260e+01 1.504973784143930260e+01 1.504973784143930260e+01 1.504973784143930260e+01 1.504973784143930260e+01 1.504973784143930260e+01 1.504973784143930260e+01 1.504973784143930260e+01 1.504973784143930260e+01 1.504973784143930260e+01 1.504973784143930260e+01 1.504973784143930260e+01 1.504973784143930260e+01 1.504973784143930260e+01 1.504973784143930260e+01 1.504973784143930260e+01 1.504973784143930260e+01 1.504973784143930260e+01 1.504973784143930260e+01 1.504973784143930260e+01 1.504973784143930260e+01 1.504973784143930260e+01 1.504973784143930260e+01 1.504973784143930260e+01 1.504973784143930260e+01 1.504973784143930260e+01 1.504973784143930260e+01 1.504973784143924043e+01 1.504973784126407210e+01 1.504973725967857590e+01 1.504768287421439865e+01 2.682163903835332319e-01 1.000000000000000020e+30
1.000000000000000020e+30 1.000000000000000020e+30 1.000000000000000020e+30 1.000000000000000020e+30 1.000000000000000020e+30 1.000000000000000020e+30 1.000000000000000020e+30 1.000000000000000020e+30 1.000000000000000020e+30 1.000000000000000020e+30 1.504973769793163640e+01 1.504973784137427195e+01 1.504973784141890469e+01 1.504973784141952642e+01 1.504973784141883542e+01 1.504973784141953708e+01 1.504973784143928306e+01 1.504973784143930260e+01 1.504973784143930260e+01 1.504973784143930260e+01 1.504973784143930260e+01 1.504973784143930260e+01 1.504973784143930260e+01 1.504973784143930260e+01 1.504973784143930260e+01 1.504973784143930260e+01 1.504973784143930260e+01 1.504973784143930260e+01 1.504973784143930260e+01 1.504973784143930260e+01 1.504973784143930260e+01 1.504973784143930260e+01 1.504973784143930260e+01 1.504973784143930260e+01 1.504973784143930260e+01 1.504973784143930260e+01 1.504973784143930260e+01 1.504973784143930260e+01 1.504973784143930260e+01 1.504973784143930260e+01 1.504973784143930260e+01 1.504973784143930260e+01 1.504973784143930260e+01 1.504973784143930260e+01 1.504973784143930260e+01 1.504973784143929194e+01 1.504973784143929194e+01 1.504973784143929194e+01 1.504973784143929549e+01 1.504973784143929549e+01 1.504973784143925819e+01 1.504973784127993497e+01 1.504973725356047964e+01 1.504777166984301928e+01 2.600059714653409904e-01 1.504768257649457297e+01 1.000000000000000020e+30
1.000000000000000020e+30 1.000000000000000020e+30 1.000000000000000020e+30 1.000000000000000020e+30 1.000000000000000020e+30 1.000000000000000020e+30 1.000000000000000020e+30 1.000000000000000020e+30 1.000000000000000020e+30 2.708115370788418130e-01 1.504874537296592329e+01 1.504973755109470801e+01 1.504973770536742528e+01 1.504973770950447687e+01 1.504973770479663919e+01 1.504973770954541124e+01 1.504973784136028137e+01 1.504973784143926174e+01 1.504973784143929194e+01 1.504973784143930260e+01 1.504973784143930260e+01 1.504973784143930260e+01 1.504973784143930260e+01 1.504973784143930260e+01 1.504973784143930260e+01 1.504973784143930260e+01 1.504973784143930260e+01 1.504973784143930260e+01 1.504973784143930260e+01 1.504973784143930260e+01 1.504973784143930260e+01 1.504973784143930260e+01 1.504973784143930260e+01 1.504973784143930260e+01 1.504973784143930260e+01 1.504973784143930260e+01 1.504973784143930260e+01 1.504973784143930260e+01 1.504973784143930260e+01 1.504973784143930260e+01 1.504973784143930260e+01 1.504973784143930260e+01 1.504973784143930260e+01 1.504973784143930260e+01 1.504973784143928306e+01 1.504973784141939852e+01 1.504973784141952642e+01 1.504973784141952464e+01 1.504973784141716031e+01 1.504973784141292192e+01 1.504973784132010195e+01 1.504973736557526642e+01 1.504764315903263849e+01 2.852139952651230326e-01 1.504777166984299441e+01 1.504973725954677732e+01 1.000000000000000020e+30
1.000000000000000020e+30 1.000000000000000020e+30 1.000000000000000020e+30 1.000000000000000020e+30 1.000000000000000020e+30 1.000000000000000020e+30 1.000000000000000020e+30 1.000000000000000020e+30 1.504871946621761403e+01 2.659068515039683112e-01 1.504774540255237625e+01 1.504872333084073688e+01 1.504879377361439730e+01 1.504882048368323844e+01 1.504878991459024995e+01 1.504882062101647833e+01 1.504973744586020068e+01 1.504973784129795611e+01 1.504973784141905391e+01 1.504973784143928306e+01 1.504973784143930260e+01 1.504973784143930260e+01 1.504973784143930260e+01 1.504973784143930260e+01 1.504973784143930260e+01 1.504973784143930260e+01 1.504973784143930260e+01 1.504973784143930260e+01 1.504973784143930260e+01 1.504973784143930260e+01 1.504973784143930260e+01 1.504973784143930260e+01 1.504973784143930260e+01 1.504973784143930260e+01 1.504973784143930260e+01 1.504973784143930260e+01 1.504973784143930260e+01 1.504973784143930260e+01 1.504973784143930260e+01 1.504973784143930260e+01 1.504973784143930260e+01 1.504973784143930260e+01 1.504973784143930260e+01 1.504973784143928306e+01 1.504973784137959569e+01 1.504973770859550974e+01 1.504973770950686252e+01 1.504973770950235590e+01 1.504973769367568082e+01 1.504973766553665548e+01 1.504973752172114843e+01 1.504855996731409107e+01 2.354449608337545186e-01 1.504764301684957140e+01 1.504973725351788438e+01 1.504973784126396552e+01 1.000000000000000020e+30
1.000000000000000020e+30 1.000000000000000020e+30 1.000000000000000020e+30 1.000000000000000020e+30 1.000000000000000020e+30 1.000000000000000020e+30 1.000000000000000020e+30 1.504973784137398418e+01 1.504973740594111753e+01 1.504774569274711560e+01 2.743113552456197812e-01 2.666489993386044755e-01 2.800729911258937888e-01 2.851724154626888441e-01 2.793333029316958926e-01 2.851932035329106108e-01 1.504790367520624983e+01 1.504973729350289346e+01 1.504973770644773978e+01 1.504973784135667181e+01 1.504973784143926174e+01 1.504973784143930260e+01 1.504973784143930260e+01 1.504973784143930260e+01 1.504973784143930260e+01 1.504973784143930260e+01 1.504973784143930260e+01 1.504973784143930260e+01 1.504973784143930260e+01 1.504973784143930260e+01 1.504973784143930260e+01 1.504973784143930260e+01 1.504973784143930260e+01 1.504973784143930260e+01 1.504973784143930260e+01 1.504973784143930260e+01 1.504973784143930260e+01 1.504973784143930260e+01 1.504973784143930260e+01 1.504973784143930260e+01 1.504973784143930260e+01 1.504973784143930260e+01 1.504973784143928306e+01 1.504973784137958326e+01 1.504973757576566129e+01 1.504881445025626796e+01 1.504882049165229319e+01 1.504882047661668132e+01 1.504871776505380865e+01 1.504853525734508679e+01 1.504871809795071869e+01 1.504783612782995306e+01 2.723557045322783088e-01 1.504875322885696143e+01 1.504973769909683412e+01 1.504973784141790993e+01 1.000000000000000020e+30
1.000000000000000020e+30 1.000000000000000020e+30 1.000000000000000020e+30 1.000000000000000020e+30 1.000000000000000020e+30 1.000000000000000020e+30 1.504973784143925108e+01 1.504973784143925108e+01 1.504973784130983816e+01 1.504973741274329413e+01 1.504876362619915220e+01 1.504872347829501500e+01 1.504879377363648274e+01 1.504882048366348535e+01 1.504878978273750434e+01 1.504790353864261299e+01 2.852139960426013920e-01 1.504777056533137092e+01 1.504880090857869490e+01 1.504973742481099741e+01 1.504973784128987546e+01 1.504973784143924043e+01 1.504973784143930260e+01 1.504973784143930260e+01 1.504973784143930260e+01 1.504973784143930260e+01 1.504973784143930260e+01 1.504973784143930260e+01 1.504973784143930260e+01 1.504973784143930260e+01 1.504973784143930260e+01 1.504973784143930260e+01 1.504973784143930260e+01 1.504973784143930260e+01 1.504973784143930260e+01 1.504973784143930260e+01 1.504973784143930260e+01 1.504973784143930260e+01 1.504973784143930260e+01 1.504973784143930260e+01 1.504973784143930260e+01 1.504973784143929194e+01 1.504973784141936832e+01 1.504973770851871784e+01 1.504881427942323668e+01 2.839934623686105053e-01 2.851724779506846219e-01 2.851723587565169749e-01 2.655637361484302073e-01 2.307097554822391816e-01 2.656544670966267119e-01 2.851722849913801427e-01 1.504783630674704220e+01 1.504973742508077272e+01 1.504973784135560244e+01 1.504973784143924753e+01 1.000000000000000020e+30
1.000000000000000020e+30 1.000000000000000020e+30 1.000000000000000020e+30 1.000000000000000020e+30 1.000000000000000020e+30 1.504973784143924753e+01 1.504973784143928484e+01 1.504973784143930260e+01 1.504973784143926174e+01 1.504973784135400550e+01 1.504973770076394857e+01 1.504973769456033672e+01 1.504973770538892630e+01 1.504973770950446443e+01 1.504973770471455374e+01 1.504973729350238365e+01 1.504777070017541796e+01 2.598002818130248359e-01 2.814570021676826017e-01 1.504778674366226099e+01 1.504973726070656248e+01 1.504973784126303293e+01 1.504973784143924043e+01 1.504973784143930260e+01 1.504973784143930260e+01 1.504973784143930260e+01 1.504973784143930260e+01 1.504973784143930260e+01 1.504973784143930260e+01 1.504973784143930260e+01 1.504973784143930260e+01 1.504973784143930260e+01 1.504973784143930260e+01 1.504973784143930260e+01 1.504973784143930260e+01 1.504973784143930260e+01 1.504973784143930260e+01 1.504973784143930260e+01 1.504973784143930260e+01 1.504973784143930260e+01 1.504973784143930260e+01 1.504973784143926174e+01 1.504973784132261905e+01 1.504973736782084259e+01 1.504765037417753071e+01 2.851932305376306265e-01 1.504790354064647140e+01 1.504882034478360531e+01 1.504871776501299330e+01 1.504853511671488242e+01 1.504774404455407044e+01 2.742619624392419464e-01 1.504876323982390041e+01 1.504973770066459515e+01 1.504973784141819060e+01 1.504973784143925464e+01 1.000000000000000020e+30
1.000000000000000020e+30 1.000000000000000020e+30 1.000000000000000020e+30 1.000000000000000020e+30 1.000000000000000020e+30 1.504973784143926707e+01 1.504973784143929905e+01 1.504973784143930260e+01 1.504973784143930260e+01 1.504973784143928306e+01 1.504973784141822257e+01 1.504973784141728643e+01 1.504973784141891002e+01 1.504973784141952642e+01 1.504973784141879989e+01 1.504973784129180281e+01 1.504973740486919631e+01 1.504868750084406059e+01 1.504778659134489338e+01 2.666208332337366427e-01 1.504767447363969701e+01 1.504973724565357429e+01 1.504973784126290504e+01 1.504973784143924043e+01 1.504973784143929194e+01 1.504973784143930260e+01 1.504973784143930260e+01 1.504973784143930260e+01 1.504973784143930260e+01 1.504973784143930260e+01 1.504973784143930260e+01 1.504973784143930260e+01 1.504973784143930260e+01 1.504973784143930260e+01 1.504973784143930260e+01 1.504973784143930260e+01 1.504973784143930260e+01 1.504973784143930260e+01 1.504973784143930260e+01 1.504973784143930260e+01 1.504973784143927418e+01 1.504973784135335535e+01 1.504973753631188416e+01 1.504856745872007195e+01 2.368689375984850964e-01 1.504671502375412295e+01 1.504973700561307481e+01 1.504973770935697885e+01 1.504973769367564174e+01 1.504973766549922232e+01 1.504973741244586449e+01 1.504876351384271693e+01 1.504973756005570884e+01 1.504973784137605897e+01 1.504973784143927951e+01 1.504973784143926707e+01 1.000000000000000020e+30
1.000000000000000020e+30 1.000000000000000020e+30 1.000000000000000020e+30 1.000000000000000020e+30 1.504973784139972359e+01 1.504973784143927418e+01 1.504973784143930260e+01 1.504973784143930260e+01 1.504973784143930260e+01 1.504973784143930260e+01 1.504973784143929194e+01 1.504973784143929549e+01 1.504973784143929194e+01 1.504973784143929194e+01 1.504973784143929194e+01 1.504973784143926174e+01 1.504973784135105497e+01 1.504973768897249897e+01 1.504973726066090833e+01 1.504767447363967570e+01 2.600385311861821980e-01 1.504768902792701724e+01 1.504973725984210553e+01 1.504973784126599057e+01 1.504973784141950510e+01 1.504973784143928306e+01 1.504973784143930260e+01 1.504973784143930260e+01 1.504973784143930260e+01 1.504973784143930260e+01 1.504973784143930260e+01 1.504973784143930260e+01 1.504973784143930260e+01 1.504973784143930260e+01 1.504973784143930260e+01 1.504973784143930260e+01 1.504973784143930260e+01 1.504973784143930260e+01 1.504973784143929194e+01 1.504973784143928306e+01 1.504973784137894377e+01 1.504973757290392555e+01 1.504880516338392482e+01 1.504882000323869562e+01 1.504664675737364377e+01 2.817001614655514352e-01 1.504880235801346089e+01 1.504973770673211853e+01 1.504973784139697202e+01 1.504973784141292192e+01 1.504973784135395753e+01 1.504973770076801109e+01 1.504973784137607673e+01 1.504973784143928306e+01 1.504973784143929905e+01 1.504973784143926707e+01 1.000000000000000020e+30
1.000000000000000020e+30 1.000000000000000020e+30 1.000000000000000020e+30 1.000000000000000020e+30 1.504973757769329268e+01 1.504973784134053716e+01 1.504973784143926174e+01 1.504973784143930260e+01 1.504973784143930260e+01 1.504973784143930260e+01 1.504973784143930260e+01 1.504973784143930260e+01 1.504973784143930260e+01 1.504973784143930260e+01 1.504973784143930260e+01 1.504973784143930260e+01 1.504973784143928306e+01 1.504973784141643556e+01 1.504973784126302050e+01 1.504973724565357429e+01 1.504768902792701724e+01 2.694001222542994900e-01 1.504776657788729999e+01 1.504973726625363284e+01 1.504973770945666800e+01 1.504973784135825632e+01 1.504973784143926174e+01 1.504973784143930260e+01 1.504973784143930260e+01 1.504973784143930260e+01 1.504973784143930260e+01 1.504973784143930260e+01 1.504973784143930260e+01 1.504973784143930260e+01 1.504973784143930260e+01 1.504973784143930260e+01 1.504973784143930260e+01 1.504973784143928306e+01 1.504973784141953885e+01 1.504973784139939141e+01 1.504973770706191516e+01 1.504880498933252042e+01 2.822200567982436903e-01 2.851723812775673328e-01 2.721822553342357898e-01 1.504781713985164870e+01 1.504973742971557016e+01 1.504973784135743919e+01 1.504973784143928306e+01 1.504973784143929549e+01 1.504973784143928306e+01 1.504973784141823501e+01 1.504973784143928306e+01 1.504973784143930260e+01 1.504973784143929905e+01 1.504973784143926707e+01 1.000000000000000020e+30
1.000000000000000020e+30 1.000000000000000020e+30 1.000000000000000020e+30 2.851517281470910548e-01 1.504790366991830908e+01 1.504973744584019180e+01 1.504973784136027071e+01 1.504973784143928306e+01 1.504973784143930260e+01 1.504973784143930260e+01 1.504973784143930260e+01 1.504973784143930260e+01 1.504973784143930260e+01 1.504973784143930260e+01 1.504973784143930260e+01 1.504973784143930260e+01 1.504973784143930260e+01 1.504973784143929549e+01 1.504973784143924043e+01 1.504973784126290504e+01 1.504973725984210553e+01 1.504776657788729999e+01 2.748474836778366237e-01 1.504773077258835734e+01 1.504882046714532429e+01 1.504973743242189421e+01 1.504973784129179215e+01 1.504973784143924043e+01 1.504973784143929194e+01 1.504973784143930260e+01 1.504973784143930260e+01 1.504973784143930260e+01 1.504973784143930260e+01 1.504973784143930260e+01 1.504973784143930260e+01 1.504973784143929194e+01 1.504973784143926174e+01 1.504973784136028137e+01 1.504973770954681278e+01 1.504973770939916378e+01 1.504973719635242269e+01 1.504762884076157547e+01 2.848121222022779730e-01 1.504790153438881184e+01 1.504875235907591424e+01 1.504973742201441134e+01 1.504973784131477110e+01 1.504973784143925819e+01 1.504973784143930260e+01 1.504973784143930260e+01 1.504973784143930260e+01 1.504973784143929194e+01 1.504973784143930260e+01 1.504973784144193338e+01 1.504973784143929905e+01 1.504973784143926707e+01 1.000000000000000020e+30
1.000000000000000020e+30 1.000000000000000020e+30 1.000000000000000020e+30 2.851309720581571838e-01 2.851724855801121006e-01 1.504882049259512478e+01 1.504973770946762812e+01 1.504973784139975024e+01 1.504973784143928306e+01 1.504973784143929194e+01 1.504973784143929194e+01 1.504973784143930260e+01 1.504973784143930260e+01 1.504973784143930260e+01 1.504973784143930260e+01 1.504973784143930260e+01 1.504973784143930260e+01 1.504973784143930260e+01 1.504973784143930260e+01 1.504973784143924043e+01 1.504973784126600478e+01 1.504973726629313369e+01 1.504773090441882566e+01 2.625674093146997956e-01 2.851930935061159911e-01 1.504781659073835165e+01 1.504973726586059790e+01 1.504973784126294234e+01 1.504973784141949444e+01 1.504973784143928306e+01 1.504973784143929194e+01 1.504973784143930260e+01 1.504973784143930260e+01 1.504973784143930260e+01 1.504973784143928306e+01 1.504973784141950510e+01 1.504973784130102565e+01 1.504973744586090945e+01 1.504882062574171009e+01 1.504882028518057346e+01 1.504741487558949764e+01 2.331175314049728775e-01 1.504762866898476048e+01 1.504973727122895077e+01 1.504973769894393953e+01 1.504973784135506776e+01 1.504973784143922622e+01 1.504973784143927062e+01 1.504973784143928839e+01 1.504973784143929905e+01 1.504973784143930260e+01 1.504973784143930615e+01 1.504973784144719673e+01 1.504973785898846472e+01 1.504973784144981686e+01 1.504973784143926885e+01 1.000000000000000020e+30
1.000000000000000020e+30 1.000000000000000020e+30 1.000000000000000020e+30 2.851309720030941741e-01 2.851517281469059806e-01 1.504790353804526504e+01 1.504973731394735914e+01 1.504973770946762812e+01 1.504973784136026005e+01 1.504973784141950865e+01 1.504973784141953708e+01 1.504973784143928306e+01 1.504973784143929194e+01 1.504973784143930260e+01 1.504973784143930260e+01 1.504973784143930260e+01 1.504973784143930260e+01 1.504973784143930260e+01 1.504973784143930260e+01 1.504973784143930260e+01 1.504973784143924043e+01 1.504973784128714875e+01 1.504973740097164381e+01 1.504870199594510360e+01 1.504781644065276858e+01 2.685843580711217982e-01 1.504767808373352267e+01 1.504973723987683698e+01 1.504973770945079714e+01 1.504973784135971115e+01 1.504973784141951576e+01 1.504973784143928306e+01 1.504973784143929549e+01 1.504973784143926174e+01 1.504973784136026005e+01 1.504973770946784484e+01 1.504973731398843384e+01 1.504790367525520089e+01 2.851932417233309369e-01 2.851722174759775408e-01 2.439321575969130018e-01 1.000000000000000020e+30 1.000000000000000020e+30 1.000000000000000020e+30 1.000000000000000020e+30 1.000000000000000020e+30 1.000000000000000020e+30 1.000000000000000020e+30 1.504973784143924753e+01 1.504973784143926707e+01 1.504973784143928839e+01 1.504973784144718962e+01 1.504973787654024342e+01 1.504985490602141240e+01 1.504973789409203100e+01 1.504973784145242632e+01 1.000000000000000020e+30
1.000000000000000020e+30 1.000000000000000020e+30 2.851309719755453775e-01 2.851309719755499850e-01 2.851309720581886586e-01 2.851724842080962663e-01 1.504790353804526504e+01 1.504882049259512300e+01 1.504973744580068384e+01 1.504973770944770095e+01 1.504973770954662449e+01 1.504973784136027604e+01 1.504973784141951576e+01 1.504973784143928306e+01 1.504973784143930260e+01 1.504973784143930260e+01 1.504973784143930260e+01 1.504973784143930260e+01 1.504973784143930260e+01 1.504973784143930260e+01 1.504973784143930260e+01 1.504973784143926174e+01 1.504973784135080805e+01 1.504973769120620375e+01 1.504973726581563120e+01 1.504767808373351556e+01 2.587643904435804609e-01 1.504764804288761404e+01 1.504882045440465355e+01 1.504973744222244214e+01 1.504973770948650014e+01 1.504973784135870041e+01 1.504973784141375326e+01 1.504973784130102210e+01 1.504973744584117590e+01 1.504882049394000099e+01 1.504790354342211067e+01 2.852139964415496554e-01 1.504790363605468073e+01 1.504893742928177858e+01 1.504860434975840455e+01 1.000000000000000020e+30 1.000000000000000020e+30 1.000000000000000020e+30 1.000000000000000020e+30 1.000000000000000020e+30 1.000000000000000020e+30 1.000000000000000020e+30 1.000000000000000020e+30 1.000000000000000020e+30 1.504973784144187832e+01 1.504973785899367478e+01 1.504985492356526500e+01 1.583063789987282100e+01 1.504997200568897497e+01 1.504973787655335116e+01 1.000000000000000020e+30
1.000000000000000020e+30 1.000000000000000020e+30 2.851309719755477090e-01 2.851309719755655281e-01 2.851309719755737437e-01 2.851309720581886586e-01 2.851517281469138632e-01 2.851724855799240288e-01 1.504790353804526148e+01 1.504882035943739460e+01 1.504882062440874613e+01 1.504973744582044048e+01 1.504973770948739364e+01 1.504973784138002380e+01 1.504973784143928306e+01 1.504973784143930260e+01 1.504973784143930260e+01 1.504973784143930260e+01 1.504973784143930260e+01 1.504973784143930260e+01 1.504973784143930260e+01 1.504973784143930260e+01 1.504973784143928306e+01 1.504973784141677307e+01 1.504973784126294234e+01 1.504973723991634493e+01 1.504764817471812322e+01 2.628524261812999474e-01 2.851930955614836449e-01 1.504788034737486946e+01 1.504882049033035862e+01 1.504973743540894127e+01 1.504973767123805928e+01 1.504973731397691239e+01 1.504790367525520089e+01 2.851932417518350804e-01 2.851932423120164262e-01 1.504790392475302596e+01 1.505023830022294717e+01 1.583088839461638564e+01 1.000000000000000020e+30 1.000000000000000020e+30 1.000000000000000020e+30 1.000000000000000020e+30 1.000000000000000020e+30 1.000000000000000020e+30 1.000000000000000020e+30 1.000000000000000020e+30 1.000000000000000020e+30 1.000000000000000020e+30 1.000000000000000020e+30 1.000000000000000020e+30 1.000000000000000020e+30 5.565844769282613925e+03 1.583087206627033616e+01 1.000000000000000020e+30 1.000000000000000020e+30
1.000000000000000020e+30 2.851309719755453775e-01 2.851309719755498184e-01 2.851309719755734662e-01 2.851309719755734662e-01 2.851309719755735772e-01 2.851309720031121597e-01 2.851309720581908791e-01 2.851517281193753361e-01 2.851517295185437284e-01 2.851724855801219816e-01 1.504790353806521530e+01 1.504882049261508570e+01 1.504973757765401565e+01 1.504973784138002380e+01 1.504973784143928306e+01 1.504973784143930260e+01 1.504973784143930260e+01 1.504973784143930260e+01 1.504973784143930260e+01 1.504973784143930260e+01 1.504973784143930260e+01 1.504973784143930260e+01 1.504973784143929549e+01 1.504973784143924043e+01 1.504973784128131875e+01 1.504973738845865583e+01 1.504870349833273480e+01 1.504788032935186948e+01 2.807640073497185695e-01 2.851932125798788409e-01 1.504783611914420227e+01 1.504857271415833431e+01 1.504790350488183215e+01 2.852139964420168372e-01 1.504790378366206482e+01 1.504919767599573177e+01 1.505090077587930963e+01 1.761050333023304049e+01 5.225566786183644581e+03 1.000000000000000020e+30 1.000000000000000020e+30 1.000000000000000020e+30 1.000000000000000020e+30 1.000000000000000020e+30 1.000000000000000020e+30 1.000000000000000020e+30 1.000000000000000020e+30 1.000000000000000020e+30 1.000000000000000020e+30 1.000000000000000020e+30 1.000000000000000020e+30 1.000000000000000020e+30 1.000000000000000020e+30 1.000000000000000020e+30 1.000000000000000020e+30 1.000000000000000020e+30
1.000000000000000020e+30 2.851309719755477090e-01 2.851309719755655281e-01 2.851309719755734662e-01 2.851309719755734662e-01 2.851309719755734662e-01 2.851309719755734662e-01 2.851309719755735772e-01 2.851309720031121042e-01 2.851309720031141581e-01 2.851309720581907126e-01 2.851517281469156395e-01 2.851724869517517913e-01 1.504882049261508570e+01 1.504973770948739364e+01 1.504973784141951576e+01 1.504973784143929194e+01 1.504973784143930260e+01 1.504973784143930260e+01 1.504973784143930260e+01 1.504973784143930260e+01 1.504973784143930260e+01 1.504973784143930260e+01 1.504973784143930260e+01 1.504973784143930260e+01 1.504973784143926174e+01 1.504973784134898018e+01 1.504973769146350016e+01 1.504973743864831626e+01 1.504879728901047997e+01 1.504783615371409233e+01 2.723251993584389075e-01 2.378883166901145652e-01 2.851929296807140246e-01 1.504790412993214055e+01 1.505096269321563263e+01 1.756463135207981807e+01 2.024878759826759378e+01 1.188754996996419140e+04 1.000000000000000020e+30 1.000000000000000020e+30 1.000000000000000020e+30 1.000000000000000020e+30 1.000000000000000020e+30 1.000000000000000020e+30 1.000000000000000020e+30 1.000000000000000020e+30 1.000000000000000020e+30 1.000000000000000020e+30 1.000000000000000020e+30 1.000000000000000020e+30 1.000000000000000020e+30 1.000000000000000020e+30 1.000000000000000020e+30 1.000000000000000020e+30 1.000000000000000020e+30 1.000000000000000020e+30
2.851309719755453775e-01 2.851309719755498184e-01 2.851309719755734662e-01 2.851309719755734662e-01 2.851309719755734662e-01 2.851309719755734662e-01 2.851309719755734662e-01 2.851309719755734662e-01 2.851309719755734662e-01 2.851309719755734662e-01 2.851309719755736327e-01 2.851309720306504092e-01 2.851517281469156395e-01 1.504790353806521530e+01 1.504973744582044226e+01 1.504973784136027604e+01 1.504973784143928306e+01 1.504973784143930260e+01 1.504973784143930260e+01 1.504973784143930260e+01 1.504973784143930260e+01 1.504973784143930260e+01 1.504973784143930260e+01 1.504973784143930260e+01 1.504973784143930260e+01 1.504973784143930260e+01 1.504973784143928306e+01 1.504973784141683701e+01 1.504973784135865245e+01 1.504973770588692972e+01 1.504973727230458458e+01 1.504770092698226769e+01 2.593833004046519064e-01 1.504685181447543485e+01 1.505154754102407111e+01 2.070894420990464724e+01 1.678636925868840262e+04 2.311949231977263844e+04 2.744679980015958790e+04 1.000000000000000020e+30 1.000000000000000020e+30 1.000000000000000020e+30 1.000000000000000020e+30 1.000000000000000020e+30 1.000000000000000020e+30 1.000000000000000020e+30 1.000000000000000020e+30 1.000000000000000020e+30 1.000000000000000020e+30 1.000000000000000020e+30 1.000000000000000020e+30 1.000000000000000020e+30 1.000000000000000020e+30 1.000000000000000020e+30 1.000000000000000020e+30 1.000000000000000020e+30 1.000000000000000020e+30
2.851309719755397154e-01 2.851309719755655281e-01 2.851309719755734662e-01 2.851309719755734662e-01 2.851309719755734662e-01 2.851309719755734662e-01 2.851309719755734662e-01 2.851309719755734662e-01 2.851309719755734662e-01 2.851309719755734662e-01 2.851309719755734662e-01 2.851309719755736327e-01 2.851309720581907126e-01 2.851724855801219816e-01 1.504882062442851165e+01 1.504973770954662982e+01 1.504973784141953708e+01 1.504973784143929194e+01 1.504973784143930260e+01 1.504973784143930260e+01 1.504973784143930260e+01 1.504973784143930260e+01 1.504973784143930260e+01 1.504973784143930260e+01 1.504973784143930260e+01 1.504973784143930260e+01 1.504973784143930260e+01 1.504973784143929549e+01 1.504973784143926174e+01 1.504973784132525161e+01 1.504973737216420027e+01 1.504758445516036325e+01 2.545363687090423932e-01 2.852116784522910065e-01 2.146693820382862228e+01 2.099541242096363203e+04 3.685679334809694410e+04 5.014172903956496157e+04 8.811751541005255422e+04 1.000000000000000020e+30 1.000000000000000020e+30 1.000000000000000020e+30 1.000000000000000020e+30 1.000000000000000020e+30 1.000000000000000020e+30 1.000000000000000020e+30 1.000000000000000020e+30 1.000000000000000020e+30 1.000000000000000020e+30 1.000000000000000020e+30 1.000000000000000020e+30 1.000000000000000020e+30 1.000000000000000020e+30 1.000000000000000020e+30 1.000000000000000020e+30 1.000000000000000020e+30 1.000000000000000020e+30
2.851309719755477090e-01 2.851309719755655281e-01 2.851309719755734662e-01 2.851309719755734662e-01 2.851309719755734662e-01 2.851309719755734662e-01 2.851309719755734662e-01 2.851309719755734662e-01 2.851309719755734662e-01 2.851309719755734662e-01 2.851309719755734662e-01 2.851309719755734662e-01 2.851309720031141581e-01 2.851517295187416812e-01 1.504882049125103727e+01 1.504973770950694600e+01 1.504973784141952642e+01 1.504973784143929194e+01 1.504973784143930260e+01 1.504973784143930260e+01 1.504973784143930260e+01 1.504973784143930260e+01 1.504973784143930260e+01 1.504973784143930260e+01 1.504973784143930260e+01 1.504973784143930260e+01 1.504973784143930615e+01 1.504973784144404725e+01 1.504973784142164028e+01 1.504973768507161758e+01 1.504866198806805855e+01 2.549276686001844539e-01 1.504922565527861700e+01 2.117989869727525232e+01 2.184881329494239981e+04 4.020931533842633507e+04 5.741318691167220823e+04 7.559011402057550731e+04 1.000000000000000020e+30 1.000000000000000020e+30 1.000000000000000020e+30 1.000000000000000020e+30 1.000000000000000020e+30 1.000000000000000020e+30 1.000000000000000020e+30 1.000000000000000020e+30 1.000000000000000020e+30 1.000000000000000020e+30 1.000000000000000020e+30 1.000000000000000020e+30 1.000000000000000020e+30 1.000000000000000020e+30 1.000000000000000020e+30 1.000000000000000020e+30 1.000000000000000020e+30 1.000000000000000020e+30 1.000000000000000020e+30
2.851309719755477090e-01 2.851309719755655281e-01 2.851309719755734662e-01 2.851309719755734662e-01 2.851309719755734662e-01 2.851309719755734662e-01 2.851309719755734662e-01 2.851309719755734662e-01 2.851309719755734662e-01 2.851309719755734662e-01 2.851309719755734662e-01 2.851309719755734662e-01 2.851309720031141026e-01 2.851517294910054789e-01 1.504882035941747276e+01 1.504973770944768496e+01 1.504973784141950865e+01 1.504973784143929194e+01 1.504973784143930260e+01 1.504973784143930260e+01 1.504973784143930260e+01 1.504973784144149640e+01 1.504973784144256399e+01 1.504973784144227089e+01 1.504973784144230642e+01 1.504973784144276827e+01 1.504973784146350191e+01 1.504973787300949084e+01 1.504973787996330437e+01 1.504973745638345406e+01 1.504780861679647330e+01 2.726645593176642568e-01 1.986544053670662890e+01 1.908066980819825039e+04 3.769194096759497188e+04 5.478616301551244396e+04 7.104937806033996458e+04 8.494482334389508469e+04 1.000000000000000020e+30 1.000000000000000020e+30 1.000000000000000020e+30 1.000000000000000020e+30 1.000000000000000020e+30 1.000000000000000020e+30 1.000000000000000020e+30 1.000000000000000020e+30 1.000000000000000020e+30 1.000000000000000020e+30 1.000000000000000020e+30 1.000000000000000020e+30 1.000000000000000020e+30 1.000000000000000020e+30 1.000000000000000020e+30 1.000000000000000020e+30 1.000000000000000020e+30 1.000000000000000020e+30 1.000000000000000020e+30
2.851309719755477090e-01 2.851309719755655281e-01 2.851309719755734662e-01 2.851309719755734662e-01 2.851309719755734662e-01 2.851309719755734662e-01 2.851309719755734662e-01 2.851309719755734662e-01 2.851309719755734662e-01 2.851309719755734662e-01 2.851309719755734662e-01 2.851309719755734662e-01 2.851309720031119932e-01 2.851517281193753361e-01 1.504790353804525971e+01 1.504973744580068384e+01 1.504973784136026005e+01 1.504973784143928306e+01 1.504973784144069171e+01 1.504973784143930260e+01 1.504973784144807070e+01 1.504973785605797865e+01 1.504973786315709283e+01 1.504973786118436152e+01 1.504973786142820735e+01 1.504973786452176121e+01 1.504973797120434575e+01 1.504994839712018440e+01 1.504999517521440922e+01 1.504898942116062344e+01 2.796145291622907370e-01 1.789815047905165457e+01 1.308093911155201386e+04 2.817200067828061947e+04 4.543565252080527716e+04 6.140762227531951066e+04 7.480325469496715232e+04 8.635758191396151960e+04 1.000000000000000020e+30 1.000000000000000020e+30 1.000000000000000020e+30 1.000000000000000020e+30 1.000000000000000020e+30 1.000000000000000020e+30 1.000000000000000020e+30 1.000000000000000020e+30 1.000000000000000020e+30 1.000000000000000020e+30 1.000000000000000020e+30 1.000000000000000020e+30 1.000000000000000020e+30 1.000000000000000020e+30 1.000000000000000020e+30 1.000000000000000020e+30 1.000000000000000020e+30 1.000000000000000020e+30 1.000000000000000020e+30
2.851309719755477090e-01 2.851309719755655281e-01 2.851309719755734662e-01 2.851309719755734662e-01 2.851309719755734662e-01 2.851309719755734662e-01 2.851309719755734662e-01 2.851309719755734662e-01 2.851309719755734662e-01 2.851309719755734662e-01 2.851309719755734662e-01 2.851309719755734662e-01 2.851309719755735772e-01 2.851309720581907126e-01 2.851724855799240288e-01 1.504882049259512300e+01 1.504973770946763700e+01 1.504973784142504378e+01 1.504973785066680669e+01 1.504973784143756177e+01 1.504973788525702183e+01 1.504983533600660550e+01 1.504988267914503197e+01 1.504986951236523396e+01 1.504987113787920450e+01 1.504989166703196091e+01 1.505039288200624803e+01 1.645402855058275549e+01 1.676682820069976287e+01 1.636956200761500924e+01 2.623942214645141324e-01 6.116192787461971420e+03 1.372229905832443364e+04 2.452552966538529654e+04 4.456683540153080685e+04 6.037820239954539284e+04 6.931493261038471246e+04 1.000000000000000020e+30 1.000000000000000020e+30 1.000000000000000020e+30 1.000000000000000020e+30 1.000000000000000020e+30 1.000000000000000020e+30 1.000000000000000020e+30 1.000000000000000020e+30 1.000000000000000020e+30 1.000000000000000020e+30 1.000000000000000020e+30 1.000000000000000020e+30 1.000000000000000020e+30 1.000000000000000020e+30 1.000000000000000020e+30 1.000000000000000020e+30 1.000000000000000020e+30 1.000000000000000020e+30 1.000000000000000020e+30 1.000000000000000020e+30
2.851309719755477090e-01 2.851309719755655281e-01 2.851309719755734662e-01 2.851309719755734662e-01 2.851309719755734662e-01 2.851309719755734662e-01 2.851309719755734662e-01 2.851309719755734662e-01 2.851309719755734662e-01 2.851309719755734662e-01 2.851309719755734662e-01 2.851309719755734662e-01 2.851309719755734662e-01 2.851309720031121597e-01 2.851517281469138632e-01 1.504790353804527925e+01 1.504973731399398851e+01 1.504973786896550436e+01 1.504979939504243092e+01 1.504973777655198219e+01 1.504993264012010634e+01 1.569994813785007715e+01 1.601567411919198136e+01 1.592779394701449824e+01 1.593862983973854242e+01 1.607507012471295127e+01 1.801485472173707336e+01 9.410837887856076122e+03 1.162632981365109663e+04 9.046440540212950509e+03 2.221178632645935958e-01 2.146514489371123546e-01 2.121940443815175659e-01 2.626138853661971750e-01 3.561744057291747595e+04 5.447411858168375329e+04 6.248337986386009288e+04 1.000000000000000020e+30 1.000000000000000020e+30 1.000000000000000020e+30 1.000000000000000020e+30 1.000000000000000020e+30 1.000000000000000020e+30 1.000000000000000020e+30 1.000000000000000020e+30 1.000000000000000020e+30 1.000000000000000020e+30 1.000000000000000020e+30 1.000000000000000020e+30 1.000000000000000020e+30 1.000000000000000020e+30 1.000000000000000020e+30 1.000000000000000020e+30 1.000000000000000020e+30 1.000000000000000020e+30 1.000000000000000020e+30 1.000000000000000020e+30
2.851309719755477090e-01 2.851309719755655281e-01 2.851309719755734662e-01 2.851309719755734662e-01 2.851309719755734662e-01 2.851309719755734662e-01 2.851309719755734662e-01 2.851309719755734662e-01 2.851309719755734662e-01 2.851309719755734662e-01 2.851309719755734662e-01 2.851309719755734662e-01 2.851309719755734662e-01 2.851309719755735772e-01 2.851309720581886586e-01 2.851724842083215306e-01 1.504790368974128256e+01 1.504986043263729201e+01 1.546034281924922027e+01 1.504901303289417314e+01 1.569893261362946646e+01 4.396164640196809160e+03 6.629938050449003640e+03 6.055004365210093965e+03 6.157656969186757124e+03 7.131765044157878947e+03 1.089856908415182806e+04 1.582452284517832595e+04 1.762923985354860997e+04 1.374494635596361877e+04 2.716861817608799967e-01 2.585920944485678441e-01 4.228453419553022286e+03 3.182356826664644589e-01 3.075439394180144518e+04 4.797532059912215482e+04 5.324442173284511227e+04 4.892055932750214561e+04 1.000000000000000020e+30 1.000000000000000020e+30 1.000000000000000020e+30 1.000000000000000020e+30 1.000000000000000020e+30 1.000000000000000020e+30 1.000000000000000020e+30 1.000000000000000020e+30 1.000000000000000020e+30 1.000000000000000020e+30 1.000000000000000020e+30 1.000000000000000020e+30 1.000000000000000020e+30 1.000000000000000020e+30 1.000000000000000020e+30 1.000000000000000020e+30 1.000000000000000020e+30 1.000000000000000020e+30 1.000000000000000020e+30
2.851309719755477090e-01 2.851309719755655281e-01 2.851309719755734662e-01 2.851309719755734662e-01 2.851309719755734662e-01 2.851309719755734662e-01 2.851309719755734662e-01 2.851309719755734662e-01 2.851309719755734662e-01 2.851309719755734662e-01 2.851309719755734662e-01 2.851309719755734662e-01 2.851309719755734662e-01 2.851309719755850125e-01 2.851309719752052607e-01 2.851309720854278695e-01 2.851729714993546105e-01 1.545858633500619561e+01 2.884495605902577609e+03 2.200540585508326263e-01 1.978454730155475849e-01 1.840906332788842525e-01 5.141465750472400941e+03 1.354935029654399381e-01 1.616774111984966011e-01 1.856895495045476352e-01 9.665673897411097641e+03 1.421395280967250619e+04 1.823580373435695947e+04 1.723625374009230291e+04 1.213672071700028209e+04 9.098831864974723430e+03 5.942812657869396389e+03 3.276174107305879768e-01 2.907814257855151664e+04 4.301168143564475031e+04 4.318176047422963893e+04 3.418003025446956599e+04 1.000000000000000020e+30 1.000000000000000020e+30 1.000000000000000020e+30 1.000000000000000020e+30 1.000000000000000020e+30 1.000000000000000020e+30 1.000000000000000020e+30 1.000000000000000020e+30 1.000000000000000020e+30 1.000000000000000020e+30 1.000000000000000020e+30 1.000000000000000020e+30 1.000000000000000020e+30 1.000000000000000020e+30 1.000000000000000020e+30 1.000000000000000020e+30 1.000000000000000020e+30 1.000000000000000020e+30 1.000000000000000020e+30
2.851309719755477090e-01 2.851309719755655281e-01 2.851309719755734662e-01 2.851309719755734662e-01 2.851309719755734662e-01 2.851309719755734662e-01 2.851309719755734662e-01 2.851309719755734662e-01 2.851309719755734662e-01 2.851309719755734662e-01 2.851309719752150307e-01 2.851309719749349769e-01 2.851309719747103233e-01 2.851309861346140173e-01 2.851307779202287285e-01 2.851304681816485553e-01 2.396471573599674998e-01 1.625335602032459414e-01 1.614574328504060352e-01 2.345228492483411173e+04 3.076741096134737381e+04 2.710117162812199967e+04 1.303209458710328505e-01 1.313405996715060753e-01 2.349621547071000532e+04 2.157451352353793845e+04 1.582243073800354560e-01 1.766976890140005141e-01 1.178352520421661757e+04 1.344165509532743999e+04 1.124605489766198298e+04 7.700681092498482030e+03 2.988479360822308140e-01 3.713190284980727451e-01 3.212075141342589632e+04 4.139483538668430992e+04 3.187424180524553230e+04 2.075119951372958127e+01 1.000000000000000020e+30 1.000000000000000020e+30 1.000000000000000020e+30 1.000000000000000020e+30 1.000000000000000020e+30 1.000000000000000020e+30 1.000000000000000020e+30 1.000000000000000020e+30 1.000000000000000020e+30 1.000000000000000020e+30 1.000000000000000020e+30 1.000000000000000020e+30 1.000000000000000020e+30 1.000000000000000020e+30 1.000000000000000020e+30 1.000000000000000020e+30 1.000000000000000020e+30 1.000000000000000020e+30 1.000000000000000020e+30
2.851309719755397154e-01 2.851309719755655281e-01 2.851309719755734662e-01 2.851309719755734662e-01 2.851309719755734662e-01 2.851309719755734662e-01 2.851309719755734662e-01 2.851309719755734662e-01 2.851309719753294392e-01 2.851309719738938653e-01 2.851307831287475669e-01 2.851306379790489731e-01 2.851305316966961101e-01 2.925093132852174538e-01 2.121628877098950539e-01 1.404723247981770340e-01 1.117494068121674955e-01 1.091288713051020015e-01 3.505657384717874811e+04 5.903633552043508826e+04 6.984775292941649968e+04 7.729451908747098059e+04 7.306519117151673709e+04 7.325664379425636434e+04 7.810630331520132313e+04 6.768698616057938489e+04 4.732450233467623184e+04 2.763189774206000948e+04 9.377167828847651765e-02 1.357756095437882837e-01 2.163589364536371018e-01 3.452148673864902650e-01 4.184331285213497287e-01 3.099795261345033214e+04 4.758418805429866916e+04 4.815600018718291540e+04 3.248260039839084857e+04 1.572159490870982346e+01 1.000000000000000020e+30 1.000000000000000020e+30 1.000000000000000020e+30 1.000000000000000020e+30 1.000000000000000020e+30 1.000000000000000020e+30 1.000000000000000020e+30 1.000000000000000020e+30 1.000000000000000020e+30 1.000000000000000020e+30 1.000000000000000020e+30 1.000000000000000020e+30 1.000000000000000020e+30 1.000000000000000020e+30 1.000000000000000020e+30 1.000000000000000020e+30 1.000000000000000020e+30 1.000000000000000020e+30 1.000000000000000020e+30
2.851309719755453775e-01 2.851309719755498184e-01 2.851309719755734662e-01 2.851309719755734662e-01 2.851309719755734662e-01 2.851309719755734662e-01 2.851309719755734662e-01 2.851309719746765170e-01 2.851308447562244108e-01 2.851302939279250492e-01 2.141643281150591716e-01 1.585194035520935962e-01 1.123882513118299870e-01 7.613210789974411696e-02 6.959734002898312899e-02 8.288681727756046225e-02 3.329312753285839426e+04 5.076780568780966860e+04 9.770935931192978751e+04 1.365351199390412949e+05 1.700611033373930550e+05 2.348570906089048367e+05 2.498866197959257697e+05 2.512601179020726995e+05 2.399347582083139278e+05 1.799530010648096213e+05 1.482475668597388722e+05 1.266488323209450609e+05 1.209510994812835415e+05 6.568240227677313669e+04 5.615250304912382853e+04 5.494612482773437659e+04 5.756883891993386351e+04 6.597226122159739316e+04 6.864538122253784968e+04 6.074571024166941061e+04 3.946741824169952451e+04 2.050951354652761438e+01 1.000000000000000020e+30 1.000000000000000020e+30 1.000000000000000020e+30 1.000000000000000020e+30 1.000000000000000020e+30 1.000000000000000020e+30 1.000000000000000020e+30 1.000000000000000020e+30 1.000000000000000020e+30 1.000000000000000020e+30 1.000000000000000020e+30 1.000000000000000020e+30 1.000000000000000020e+30 1.000000000000000020e+30 1.000000000000000020e+30 1.000000000000000020e+30 1.000000000000000020e+30 1.000000000000000020e+30 1.000000000000000020e+30
1.000000000000000020e+30 2.851309719755477090e-01 2.851309719755655281e-01 2.851309719755734662e-01 2.851309719755734662e-01 2.851309719754980265e-01 2.851309719740187099e-01 2.851306292672544096e-01 2.378792253479150576e-01 9.898996060789944096e-02 3.396063120310636313e-02 2.489512100758263513e-02 3.194643405437822686e-02 4.913838230046148337e-02 3.386783331663309946e+04 7.426968682350135350e+04 1.260297940316849708e+05 4.096949864839224610e+05 2.304163669701030594e+05 2.429326219117281726e+05 1.000000000000000020e+30 3.964895367099232972e+05 4.018719828109221999e+05 4.029897919268322294e+05 3.995872750675163115e+05 1.000000000000000020e+30 1.000000000000000020e+30 1.000000000000000020e+30 2.871815947131814319e+05 2.038728890827168943e+05 1.167605264989351563e+05 1.031337335861104220e+05 9.865279781800205819e+04 9.626020534843078349e+04 8.986269870587279729e+04 7.629737464713133522e+04 5.420383305031109921e+04 2.497488897693868057e+04 1.459436560171898911e+01 1.000000000000000020e+30 1.000000000000000020e+30 1.000000000000000020e+30 1.000000000000000020e+30 1.000000000000000020e+30 1.000000000000000020e+30 1.000000000000000020e+30 1.000000000000000020e+30 1.000000000000000020e+30 1.000000000000000020e+30 1.000000000000000020e+30 1.000000000000000020e+30 1.000000000000000020e+30 1.000000000000000020e+30 1.000000000000000020e+30 1.000000000000000020e+30 1.000000000000000020e+30 1.000000000000000020e+30
1.000000000000000020e+30 2.851309719755453775e-01 2.851309719755498184e-01 2.851309719753428729e-01 2.851309719747077143e-01 2.851309375465055362e-01 2.851304969958051716e-01 2.039295889558210284e-01 6.302670630638555760e-02 1.829958191852425545e-02 2.569055171864187068e-02 3.746999663685085524e-02 5.261514543152420083e+04 1.069588974102826905e+05 3.974125390584896086e+05 2.139136381209846586e+05 2.354691034511532926e+05 1.000000000000000020e+30 1.000000000000000020e+30 1.000000000000000020e+30 1.000000000000000020e+30 1.000000000000000020e+30 1.000000000000000020e+30 1.000000000000000020e+30 1.000000000000000020e+30 1.000000000000000020e+30 1.000000000000000020e+30 1.000000000000000020e+30 3.893233070720413816e+05 3.352150194306890480e+05 2.371764539031040622e+05 1.427177992385121179e+05 1.290359306123716378e+05 1.201363969812887808e+05 1.078311669381913525e+05 8.996058992305396532e+04 6.565898366469562461e+04 3.524324611994964653e+04 1.613403122621704000e+01 1.000000000000000020e+30 1.000000000000000020e+30 1.000000000000000020e+30 1.000000000000000020e+30 1.000000000000000020e+30 1.000000000000000020e+30 1.000000000000000020e+30 1.000000000000000020e+30 1.000000000000000020e+30 1.000000000000000020e+30 1.000000000000000020e+30 1.000000000000000020e+30 1.000000000000000020e+30 1.000000000000000020e+30 1.000000000000000020e+30 1.000000000000000020e+30 1.000000000000000020e+30 1.000000000000000020e+30
1.000000000000000020e+30 1.000000000000000020e+30 2.851309719750865224e-01 2.851308521048125377e-01 2.851305654054811511e-01 2.736991390631388077e-01 1.870505936515130807e-01 5.160018845683559535e-02 3.003305789006611298e-02 3.725344137648768650e-02 6.904908457500529767e+04 9.600255569335479231e+04 1.000000000000000020e+30 1.000000000000000020e+30 1.000000000000000020e+30 1.000000000000000020e+30 1.000000000000000020e+30 1.000000000000000020e+30 1.000000000000000020e+30 1.000000000000000020e+30 1.000000000000000020e+30 1.000000000000000020e+30 1.000000000000000020e+30 1.000000000000000020e+30 1.000000000000000020e+30 1.000000000000000020e+30 1.000000000000000020e+30 1.000000000000000020e+30 1.000000000000000020e+30 1.000000000000000020e+30 2.658204383620576118e+05 1.815716969661566545e+05 1.520818233130995650e+05 1.372532761223637208e+05 1.209483154748138186e+05 9.963816777403627930e+04 7.281159889653509890e+04 3.990595804065511766e+04 1.683338190750049534e+01 1.000000000000000020e+30 1.000000000000000020e+30 1.000000000000000020e+30 1.000000000000000020e+30 1.000000000000000020e+30 1.000000000000000020e+30 1.000000000000000020e+30 1.000000000000000020e+30 1.000000000000000020e+30 1.000000000000000020e+30 1.000000000000000020e+30 1.000000000000000020e+30 1.000000000000000020e+30 1.000000000000000020e+30 1.000000000000000020e+30 1.000000000000000020e+30 1.000000000000000020e+30 1.000000000000000020e+30
1.000000000000000020e+30 1.000000000000000020e+30 2.851308521051278411e-01 2.407108535534297489e-01 1.439243732456244040e-01 7.561156810907138093e-02 3.364033362032206598e-02 4.643540012033573611e-02 8.780580477894259093e+04 1.117938888700985699e+05 1.000000000000000020e+30 1.000000000000000020e+30 1.000000000000000020e+30 1.000000000000000020e+30 1.000000000000000020e+30 1.000000000000000020e+30 1.000000000000000020e+30 1.000000000000000020e+30 1.000000000000000020e+30 1.000000000000000020e+30 1.000000000000000020e+30 1.000000000000000020e+30 1.000000000000000020e+30 1.000000000000000020e+30 1.000000000000000020e+30 1.000000000000000020e+30 1.000000000000000020e+30 1.000000000000000020e+30 1.000000000000000020e+30 1.000000000000000020e+30 1.000000000000000020e+30 2.256991233176284586e+05 1.737870594225627428e+05 1.496279379549250880e+05 1.286539843972217786e+05 1.044155001336156129e+05 7.562661943773472740e+04 4.113513399888703862e+04 1.701772262094403843e+01 1.000000000000000020e+30 1.000000000000000020e+30 1.000000000000000020e+30 1.000000000000000020e+30 1.000000000000000020e+30 1.000000000000000020e+30 1.000000000000000020e+30 1.000000000000000020e+30 1.000000000000000020e+30 1.000000000000000020e+30 1.000000000000000020e+30 1.000000000000000020e+30 1.000000000000000020e+30 1.000000000000000020e+30 1.000000000000000020e+30 1.000000000000000020e+30 1.000000000000000020e+30 1.000000000000000020e+30
1.000000000000000020e+30 1.000000000000000020e+30 1.000000000000000020e+30 9.648815304423478956e-02 3.675077170648961139e-02 4.087048247487878871e-02 5.820413858553462327e-02 1.072043961130258249e+05 1.783277752200440154e+05 1.000000000000000020e+30 1.000000000000000020e+30 1.000000000000000020e+30 1.000000000000000020e+30 1.000000000000000020e+30 1.000000000000000020e+30 1.000000000000000020e+30 1.000000000000000020e+30 1.000000000000000020e+30 1.000000000000000020e+30 1.000000000000000020e+30 1.000000000000000020e+30 1.000000000000000020e+30 1.000000000000000020e+30 1.000000000000000020e+30 1.000000000000000020e+30 1.000000000000000020e+30 1.000000000000000020e+30 1.000000000000000020e+30 1.000000000000000020e+30 1.000000000000000020e+30 1.000000000000000020e+30 1.000000000000000020e+30 2.172461733754395682e+05 1.659496048596439941e+05 1.331665467594527581e+05 1.033265622584062658e+05 7.372757805332946009e+04 3.857392102935178991e+04 1.663352577712777602e+01 1.000000000000000020e+30 1.000000000000000020e+30 1.000000000000000020e+30 1.000000000000000020e+30 1.000000000000000020e+30 1.000000000000000020e+30 1.000000000000000020e+30 1.000000000000000020e+30 1.000000000000000020e+30 1.000000000000000020e+30 1.000000000000000020e+30 1.000000000000000020e+30 1.000000000000000020e+30 1.000000000000000020e+30 1.000000000000000020e+30 1.000000000000000020e+30 1.000000000000000020e+30 1.000000000000000020e+30
1.000000000000000020e+30 1.000000000000000020e+30 1.000000000000000020e+30 2.908883070235493765e-02 6.455853310404935375e-02 1.052690939873204334e+05 1.729723365575323696e+05 2.182133664533134142e+05 1.000000000000000020e+30 1.000000000000000020e+30 1.000000000000000020e+30 1.000000000000000020e+30 1.000000000000000020e+30 1.000000000000000020e+30 1.000000000000000020e+30 1.000000000000000020e+30 1.000000000000000020e+30 1.000000000000000020e+30 1.000000000000000020e+30 1.000000000000000020e+30 1.000000000000000020e+30 1.000000000000000020e+30 1.000000000000000020e+30 1.000000000000000020e+30 1.000000000000000020e+30 1.000000000000000020e+30 1.000000000000000020e+30 1.000000000000000020e+30 1.000000000000000020e+30 1.000000000000000020e+30 1.000000000000000020e+30 1.000000000000000020e+30 1.000000000000000020e+30 2.067751506912987388e+05 1.456580531867796672e+05 9.698143089750318904e+04 6.696654282010799216e+04 2.899931877378512218e+04 1.519727245298281915e+01 1.000000000000000020e+30 1.000000000000000020e+30 1.000000000000000020e+30 1.000000000000000020e+30 1.000000000000000020e+30 1.000000000000000020e+30 1.000000000000000020e+30 1.000000000000000020e+30 1.000000000000000020e+30 1.000000000000000020e+30 1.000000000000000020e+30 1.000000000000000020e+30 1.000000000000000020e+30 1.000000000000000020e+30 1.000000000000000020e+30 1.000000000000000020e+30 1.000000000000000020e+30 1.000000000000000020e+30
1.000000000000000020e+30 1.000000000000000020e+30 1.000000000000000020e+30 1.000000000000000020e+30 3.826553988420227543e+05 2.958660800374146202e+05 3.125442083361757104e+05 1.000000000000000020e+30 1.000000000000000020e+30 1.000000000000000020e+30 1.000000000000000020e+30 1.000000000000000020e+30 1.000000000000000020e+30 1.000000000000000020e+30 1.000000000000000020e+30 1.000000000000000020e+30 1.000000000000000020e+30 1.000000000000000020e+30 1.000000000000000020e+30 1.000000000000000020e+30 1.000000000000000020e+30 1.000000000000000020e+30 1.000000000000000020e+30 1.000000000000000020e+30 1.000000000000000020e+30 1.000000000000000020e+30 1.000000000000000020e+30 1.000000000000000020e+30 1.000000000000000020e+30 1.000000000000000020e+30 1.000000000000000020e+30 1.000000000000000020e+30 1.000000000000000020e+30 1.000000000000000020e+30 1.640240787942741008e+05 9.212003879944399523e+04 6.033639808238053229e+04 2.424111545247189881e+01 1.085280233198004574e+01 1.000000000000000020e+30 1.000000000000000020e+30 1.000000000000000020e+30 1.000000000000000020e+30 1.000000000000000020e+30 1.000000000000000020e+30 1.000000000000000020e+30 1.000000000000000020e+30 1.000000000000000020e+30 1.000000000000000020e+30 1.000000000000000020e+30 1.000000000000000020e+30 1.000000000000000020e+30 1.000000000000000020e+30 1.000000000000000020e+30 1.000000000000000020e+30 1.000000000000000020e+30 1.000000000000000020e+30
1.000000000000000020e+30 1.000000000000000020e+30 1.000000000000000020e+30 1.000000000000000020e+30 6.691137322791315382e+05 1.000000000000000020e+30 1.000000000000000020e+30 1.000000000000000020e+30 1.000000000000000020e+30 1.000000000000000020e+30 1.000000000000000020e+30 1.000000000000000020e+30 1.000000000000000020e+30 1.000000000000000020e+30 1.000000000000000020e+30 1.000000000000000020e+30 1.000000000000000020e+30 1.000000000000000020e+30 1.000000000000000020e+30 1.000000000000000020e+30 1.000000000000000020e+30 1.000000000000000020e+30 1.000000000000000020e+30 1.000000000000000020e+30 1.000000000000000020e+30 1.000000000000000020e+30 1.000000000000000020e+30 1.000000000000000020e+30 1.000000000000000020e+30 1.000000000000000020e+30 1.000000000000000020e+30 1.000000000000000020e+30 1.000000000000000020e+30 1.000000000000000020e+30 1.000000000000000020e+30 9.470558220128621906e+04 7.985699490083362616e+04 1.000000000000000020e+30 1.000000000000000020e+30 1.000000000000000020e+30 1.000000000000000020e+30 1.000000000000000020e+30 1.000000000000000020e+30 1.000000000000000020e+30 1.000000000000000020e+30 1.000000000000000020e+30 1.000000000000000020e+30 1.000000000000000020e+30 1.000000000000000020e+30 1.000000000000000020e+30 1.000000000000000020e+30 1.000000000000000020e+30 1.000000000000000020e+30 1.000000000000000020e+30 1.000000000000000020e+30 1.000000000000000020e+30 1.000000000000000020e+30
