1.000000000000000020e+30 1.000000000000000020e+30 1.000000000000000020e+30 1.000000000000000020e+30 1.000000000000000020e+30 1.000000000000000020e+30 1.000000000000000020e+30 1.000000000000000020e+30 1.000000000000000020e+30 1.000000000000000020e+30 1.000000000000000020e+30 1.000000000000000020e+30 1.000000000000000020e+30 1.000000000000000020e+30 1.000000000000000020e+30 1.000000000000000020e+30 1.000000000000000020e+30 1.000000000000000020e+30 1.000000000000000020e+30 1.000000000000000020e+30 1.000000000000000020e+30 1.000000000000000020e+30 1.000000000000000020e+30 1.000000000000000020e+30 1.000000000000000020e+30 1.000000000000000020e+30 1.000000000000000020e+30 1.000000000000000020e+30 1.000000000000000020e+30 1.000000000000000020e+30 1.000000000000000020e+30 1.000000000000000020e+30 1.000000000000000020e+30 1.000000000000000020e+30 1.000000000000000020e+30 1.000000000000000020e+30 1.000000000000000020e+30 1.000000000000000020e+30 1.000000000000000020e+30 1.000000000000000020e+30 1.000000000000000020e+30 1.000000000000000020e+30 1.000000000000000020e+30 1.000000000000000020e+30 1.000000000000000020e+30 1.000000000000000020e+30 1.000000000000000020e+30 1.000000000000000020e+30 1.000000000000000020e+30 1.000000000000000020e+30 1.000000000000000020e+30 1.000000000000000020e+30 1.000000000000000020e+30 1.000000000000000020e+30 1.000000000000000020e+30 1.000000000000000020e+30 1.000000000000000020e+30
1.000000000000000020e+30 1.000000000000000020e+30 1.000000000000000020e+30 1.000000000000000020e+30 1.000000000000000020e+30 1.000000000000000020e+30 1.000000000000000020e+30 1.000000000000000020e+30 1.000000000000000020e+30 1.000000000000000020e+30 1.000000000000000020e+30 1.000000000000000020e+30 1.000000000000000020e+30 1.000000000000000020e+30 1.000000000000000020e+30 1.000000000000000020e+30 1.000000000000000020e+30 1.000000000000000020e+30 1.000000000000000020e+30 1.000000000000000020e+30 1.000000000000000020e+30 1.000000000000000020e+30 1.000000000000000020e+30 1.000000000000000020e+30 1.000000000000000020e+30 1.000000000000000020e+30 1.000000000000000020e+30 1.410041157112522647e+00 1.410287846356106378e+00 1.410620936996822561e+00 1.410985865368612924e+00 1.411360491326100197e+00 1.411733930265413717e+00 1.412099826579200412e+00 1.412453934462525318e+00 1.412793105239089853e+00 1.413114777313939863e+00 1.413416615086955819e+00 1.413696145041885011e+00 1.413950247343091160e+00 1.414174157889257266e+00 1.414358837423300264e+00 1.414482730225002705e+00 1.000000000000000020e+30 1.000000000000000020e+30 1.000000000000000020e+30 1.000000000000000020e+30 1.000000000000000020e+30 1.000000000000000020e+30 1.000000000000000020e+30 1.000000000000000020e+30 1.000000000000000020e+30 1.000000000000000020e+30 1.000000000000000020e+30 1.000000000000000020e+30 1.000000000000000020e+30 1.000000000000000020e+30
1.000000000000000020e+30 1.000000000000000020e+30 1.000000000000000020e+30 1.000000000000000020e+30 1.000000000000000020e+30 1.000000000000000020e+30 1.000000000000000020e+30 1.000000000000000020e+30 1.000000000000000020e+30 1.000000000000000020e+30 1.000000000000000020e+30 1.000000000000000020e+30 1.000000000000000020e+30 1.000000000000000020e+30 1.000000000000000020e+30 1.000000000000000020e+30 1.000000000000000020e+30 1.000000000000000020e+30 1.000000000000000020e+30 1.000000000000000020e+30 1.000000000000000020e+30 1.000000000000000020e+30 1.000000000000000020e+30 1.000000000000000020e+30 1.408447233742759597e+00 1.408762223065800567e+00 1.409211393228795073e+00 1.409756401787753077e+00 1.410163395185713098e+00 1.410551071966865466e+00 1.410938197175972908e+00 1.411323731211159727e+00 1.411703551015964342e+00 1.412073754780470258e+00 1.412431095908686540e+00 1.412772917253738214e+00 1.413096983092559045e+00 1.413401292180195723e+00 1.413683882466060693e+00 1.413942661358439157e+00 1.414175533470020119e+00 1.414381732085524312e+00 1.414568919249511891e+00 1.414783977696435713e+00 1.414960044483002388e+00 1.415101697779994394e+00 1.415207454531858255e+00 1.415270063556547164e+00 1.000000000000000020e+30 1.000000000000000020e+30 1.000000000000000020e+30 1.000000000000000020e+30 1.000000000000000020e+30 1.000000000000000020e+30 1.000000000000000020e+30 1.000000000000000020e+30 1.000000000000000020e+30
1.000000000000000020e+30 1.000000000000000020e+30 1.000000000000000020e+30 1.000000000000000020e+30 1.000000000000000020e+30 1.000000000000000020e+30 1.000000000000000020e+30 1.000000000000000020e+30 1.000000000000000020e+30 1.000000000000000020e+30 1.000000000000000020e+30 1.000000000000000020e+30 1.000000000000000020e+30 1.000000000000000020e+30 1.000000000000000020e+30 1.000000000000000020e+30 1.000000000000000020e+30 1.000000000000000020e+30 1.000000000000000020e+30 1.000000000000000020e+30 1.000000000000000020e+30 1.406569395549706947e+00 1.406925899396946456e+00 1.407445801796917362e+00 1.408094081147975185e+00 1.408589897654380474e+00 1.409077437174122593e+00 1.409571725551269639e+00 1.410020435262828942e+00 1.410444074293668137e+00 1.410854558324709407e+00 1.411255118891318272e+00 1.411645149825605294e+00 1.412022795923288498e+00 1.412385952223240260e+00 1.412732635123479019e+00 1.413061094005068075e+00 1.413369801277486459e+00 1.413657402075056524e+00 1.413922735698466493e+00 1.414165185264436797e+00 1.414385760747204124e+00 1.414589379750670561e+00 1.414785261221436663e+00 1.414956747878739041e+00 1.415099748051102724e+00 1.415212501326023942e+00 1.415295054615617776e+00 1.415354715222984394e+00 1.000000000000000020e+30 1.000000000000000020e+30 1.000000000000000020e+30 1.000000000000000020e+30 1.000000000000000020e+30 1.000000000000000020e+30 1.000000000000000020e+30 1.000000000000000020e+30
1.000000000000000020e+30 1.000000000000000020e+30 1.000000000000000020e+30 1.000000000000000020e+30 1.000000000000000020e+30 1.000000000000000020e+30 1.000000000000000020e+30 1.000000000000000020e+30 1.000000000000000020e+30 1.000000000000000020e+30 1.000000000000000020e+30 1.000000000000000020e+30 1.000000000000000020e+30 1.000000000000000020e+30 1.000000000000000020e+30 1.000000000000000020e+30 1.000000000000000020e+30 1.000000000000000020e+30 1.404565904166255708e+00 1.404926760671072028e+00 1.405472291115437589e+00 1.406174623257613332e+00 1.406724251941879000e+00 1.407279204612875478e+00 1.407855326771241922e+00 1.408387921120021202e+00 1.408898866286634632e+00 1.409394879570152082e+00 1.409864867879273120e+00 1.410312668487326615e+00 1.410743373181096549e+00 1.411159530171126830e+00 1.411561539959234279e+00 1.411948623134966052e+00 1.412319499571547565e+00 1.412672785370806539e+00 1.413007205264305677e+00 1.413321679865180203e+00 1.413615337438234532e+00 1.413887555089559989e+00 1.414138143852579743e+00 1.414367835598730583e+00 1.414578576874653271e+00 1.414772011399682228e+00 1.414943286072769091e+00 1.415089549007916281e+00 1.415209662636800703e+00 1.415304278285755446e+00 1.415376770217822378e+00 1.415429571694050592e+00 1.000000000000000020e+30 1.000000000000000020e+30 1.000000000000000020e+30 1.000000000000000020e+30 1.000000000000000020e+30 1.000000000000000020e+30 1.000000000000000020e+30
1.000000000000000020e+30 1.000000000000000020e+30 1.000000000000000020e+30 1.000000000000000020e+30 1.000000000000000020e+30 1.000000000000000020e+30 1.000000000000000020e+30 1.000000000000000020e+30 1.000000000000000020e+30 1.000000000000000020e+30 1.000000000000000020e+30 1.000000000000000020e+30 1.000000000000000020e+30 1.000000000000000020e+30 1.000000000000000020e+30 1.000000000000000020e+30 1.403152121381527451e+00 1.403533510535993623e+00 1.404166674721641694e+00 1.404703732103707470e+00 1.405277162781771283e+00 1.405894127948576156e+00 1.406478935620709692e+00 1.407053251523744830e+00 1.407622195873234894e+00 1.408169833480419575e+00 1.408697482553731950e+00 1.409206312333071587e+00 1.409693778505056949e+00 1.410160718837430327e+00 1.410609153924560433e+00 1.411040501602973896e+00 1.411455187299771818e+00 1.411852862615009085e+00 1.412232740630083416e+00 1.412593885235082336e+00 1.412935415949174711e+00 1.413256606616591249e+00 1.413556910775580100e+00 1.413835969634328560e+00 1.414093649010660814e+00 1.414330249201137368e+00 1.414546394119091222e+00 1.414742257904544109e+00 1.414916229830374350e+00 1.415066944854232345e+00 1.415193847105473468e+00 1.415297520753767913e+00 1.415380031849998055e+00 1.415444780365940902e+00 1.415498124191238105e+00 1.415526201795203054e+00 1.000000000000000020e+30 1.000000000000000020e+30 1.000000000000000020e+30 1.000000000000000020e+30 1.000000000000000020e+30
1.000000000000000020e+30 1.000000000000000020e+30 1.000000000000000020e+30 1.000000000000000020e+30 1.000000000000000020e+30 1.000000000000000020e+30 1.000000000000000020e+30 1.000000000000000020e+30 1.000000000000000020e+30 1.000000000000000020e+30 1.000000000000000020e+30 1.000000000000000020e+30 1.000000000000000020e+30 1.000000000000000020e+30 1.000000000000000020e+30 1.402230646556219540e+00 1.402732289964387702e+00 1.403243311381690672e+00 1.403825027533040171e+00 1.404405644196702774e+00 1.404999983653150597e+00 1.405607224153478718e+00 1.406205855623214651e+00 1.406794660511375694e+00 1.407372528237095244e+00 1.407933931762478830e+00 1.408477097082964757e+00 1.409001270159972341e+00 1.409505394068552908e+00 1.409989501917927601e+00 1.410454291907111690e+00 1.410900397736766898e+00 1.411328035985891960e+00 1.411736984425577379e+00 1.412126722314053451e+00 1.412496614358822233e+00 1.412846066213758744e+00 1.413174608514955466e+00 1.413481902803420898e+00 1.413767726741625541e+00 1.414031974725241891e+00 1.414274698274191611e+00 1.414496029210386308e+00 1.414695990728197073e+00 1.414874043126832293e+00 1.415029671282212131e+00 1.415162687263223695e+00 1.415273478206451996e+00 1.415363123864437078e+00 1.415433286630311649e+00 1.415485415566846816e+00 1.415516703788509689e+00 1.415528103981268826e+00 1.000000000000000020e+30 1.000000000000000020e+30 1.000000000000000020e+30 1.000000000000000020e+30
1.000000000000000020e+30 1.000000000000000020e+30 1.000000000000000020e+30 1.000000000000000020e+30 1.000000000000000020e+30 1.000000000000000020e+30 1.000000000000000020e+30 1.000000000000000020e+30 1.000000000000000020e+30 1.000000000000000020e+30 1.000000000000000020e+30 1.000000000000000020e+30 1.000000000000000020e+30 1.000000000000000020e+30 1.401106178804756519e+00 1.401690516515204044e+00 1.402264478440591544e+00 1.402843825599740413e+00 1.403445591107252755e+00 1.404055250671748301e+00 1.404671390868574177e+00 1.405290578466329210e+00 1.405904450160686991e+00 1.406508996884829443e+00 1.407101384357573481e+00 1.407678337008333225e+00 1.408237753624547839e+00 1.408778315399654701e+00 1.409299082891421140e+00 1.409799704512945784e+00 1.410280252928965083e+00 1.410740891672738639e+00 1.411181637180333404e+00 1.411602282857170154e+00 1.412002448876116256e+00 1.412381693474710875e+00 1.412739620995568712e+00 1.413075939020957739e+00 1.413390452582001355e+00 1.413683031987958749e+00 1.413953593741238857e+00 1.414202131469848078e+00 1.414428704395820358e+00 1.414633364796160864e+00 1.414816031240152538e+00 1.414976666851046394e+00 1.415115251347051961e+00 1.415231966798108809e+00 1.415327251471223180e+00 1.415401711366254256e+00 1.415455784967857289e+00 1.415489025580062954e+00 1.415501933403731094e+00 1.415495072336754978e+00 1.000000000000000020e+30 1.000000000000000020e+30 1.000000000000000020e+30
1.000000000000000020e+30 1.000000000000000020e+30 1.000000000000000020e+30 1.000000000000000020e+30 1.000000000000000020e+30 1.000000000000000020e+30 1.000000000000000020e+30 1.000000000000000020e+30 1.000000000000000020e+30 1.000000000000000020e+30 1.000000000000000020e+30 1.000000000000000020e+30 1.000000000000000020e+30 1.399829774332732812e+00 1.400483300868103465e+00 1.401122037314363356e+00 1.401752518759971311e+00 1.402382846266117644e+00 1.403019510844875528e+00 1.403659734329369302e+00 1.404301271819879737e+00 1.404940950082770978e+00 1.405574195974972795e+00 1.406197388042702556e+00 1.406807600332870001e+00 1.407402204865947581e+00 1.407979182768809956e+00 1.408537076533776133e+00 1.409074871048648481e+00 1.409591986433324839e+00 1.410088171998070239e+00 1.410563322868855440e+00 1.411017319326007158e+00 1.411449948427787371e+00 1.411860914387009114e+00 1.412249905696837171e+00 1.412616667857669706e+00 1.412961037069706105e+00 1.413282921474656062e+00 1.413582263720689847e+00 1.413859027188826722e+00 1.414113229267350613e+00 1.414344973780759629e+00 1.414554456162807172e+00 1.414741896063594018e+00 1.414907488453538864e+00 1.415051348176102897e+00 1.415173469996492406e+00 1.415273836305753541e+00 1.415352422874197380e+00 1.415409164231592243e+00 1.415443999175284961e+00 1.415457415119209417e+00 1.415450642782235313e+00 1.415425617463238694e+00 1.000000000000000020e+30 1.000000000000000020e+30
1.000000000000000020e+30 1.000000000000000020e+30 1.000000000000000020e+30 1.000000000000000020e+30 1.000000000000000020e+30 1.000000000000000020e+30 1.000000000000000020e+30 1.000000000000000020e+30 1.000000000000000020e+30 1.000000000000000020e+30 1.000000000000000020e+30 1.000000000000000020e+30 1.398422760640927409e+00 1.399137646695770343e+00 1.399836374065448030e+00 1.400522868293730294e+00 1.401201443148340609e+00 1.401876591183101040e+00 1.402551046648624622e+00 1.403224257000919906e+00 1.403894552738207180e+00 1.404559420393520330e+00 1.405215732658189554e+00 1.405860535845371073e+00 1.406491221513676448e+00 1.407105504304279719e+00 1.407701507119437423e+00 1.408277769883912844e+00 1.408833220141488152e+00 1.409367147139537702e+00 1.409879129621241178e+00 1.410368919270987620e+00 1.410836324609107129e+00 1.411281139795295347e+00 1.411703137024654886e+00 1.412102107142652052e+00 1.412477907750324446e+00 1.412830478624129471e+00 1.413159813439939905e+00 1.413465919252374192e+00 1.413748807542093644e+00 1.414008542127767054e+00 1.414245311627213564e+00 1.414459473723054250e+00 1.414651520967261877e+00 1.414821935855705926e+00 1.414970968308896238e+00 1.415098450268500674e+00 1.415203958854250876e+00 1.415286895901326503e+00 1.415346635664373576e+00 1.415382727995490697e+00 1.415395347669698545e+00 1.415386159114067954e+00 1.415363022863485698e+00 1.000000000000000020e+30 1.000000000000000020e+30
1.000000000000000020e+30 1.000000000000000020e+30 1.000000000000000020e+30 1.000000000000000020e+30 1.000000000000000020e+30 1.000000000000000020e+30 1.000000000000000020e+30 1.000000000000000020e+30 1.000000000000000020e+30 1.000000000000000020e+30 1.000000000000000020e+30 1.396898518567042169e+00 1.397669205782369861e+00 1.398422698986497403e+00 1.399162525685237801e+00 1.399892117787290502e+00 1.400614654355802458e+00 1.401332014492801203e+00 1.402044995150131257e+00 1.402753057854248864e+00 1.403454760734434537e+00 1.404148025747204098e+00 1.404830410987732536e+00 1.405499473237034724e+00 1.406152946185302621e+00 1.406788803773203478e+00 1.407405311510307566e+00 1.408001052094843608e+00 1.408574932434154325e+00 1.409126175062611397e+00 1.409654274663135531e+00 1.410158918520557192e+00 1.410639896421389095e+00 1.411097035552964840e+00 1.411530182973774972e+00 1.411939229028144061e+00 1.412324137977243543e+00 1.412684949012946722e+00 1.413021737782972576e+00 1.413334569165571875e+00 1.413623489974709990e+00 1.413888591790090521e+00 1.414130127196665532e+00 1.414348617716804091e+00 1.414544867712593801e+00 1.414719782284420413e+00 1.414873962232788829e+00 1.415007186278656626e+00 1.415118460873977524e+00 1.415206493578259561e+00 1.415269855726590587e+00 1.415307145222544527e+00 1.415317125817068922e+00 1.415297643270174266e+00 1.415239665515682255e+00 1.415106598736940446e+00 1.000000000000000020e+30
1.000000000000000020e+30 1.000000000000000020e+30 1.000000000000000020e+30 1.000000000000000020e+30 1.000000000000000020e+30 1.000000000000000020e+30 1.000000000000000020e+30 1.000000000000000020e+30 1.000000000000000020e+30 1.000000000000000020e+30 1.395262598555369049e+00 1.396089088218816610e+00 1.396893719759556118e+00 1.397682064524028211e+00 1.398459128080786318e+00 1.399229051741709196e+00 1.399993841709284315e+00 1.400752806565621400e+00 1.401505045644056313e+00 1.402249541477912143e+00 1.402984818901288788e+00 1.403708990136726786e+00 1.404419952336878774e+00 1.405115595620843427e+00 1.405793926301417862e+00 1.406453124534693400e+00 1.407091582569555577e+00 1.407707937097873563e+00 1.408301096909291283e+00 1.408870256069626015e+00 1.409414875616960661e+00 1.409934628949950364e+00 1.410429328155147433e+00 1.410898862557551148e+00 1.411343174118314892e+00 1.411762268202746196e+00 1.412156230271091495e+00 1.412525212855989309e+00 1.412869382477088820e+00 1.413188857382063013e+00 1.413483691685991861e+00 1.413753949583266278e+00 1.413999871571818945e+00 1.414222083981616640e+00 1.414421761940246824e+00 1.414600553271626149e+00 1.414759893368732646e+00 1.414899573744760497e+00 1.415017947429929812e+00 1.415112637667934825e+00 1.415181214179569880e+00 1.415221157496087567e+00 1.415230586186282613e+00 1.415209757127138701e+00 1.415152750387321356e+00 1.415171798512840473e+00 1.000000000000000020e+30
1.000000000000000020e+30 1.000000000000000020e+30 1.000000000000000020e+30 1.000000000000000020e+30 1.000000000000000020e+30 1.000000000000000020e+30 1.000000000000000020e+30 1.000000000000000020e+30 1.000000000000000020e+30 1.393450146945054646e+00 1.394397284667149295e+00 1.395262271207939664e+00 1.396095028957170081e+00 1.396912613856433172e+00 1.397723229432551006e+00 1.398531722247846387e+00 1.399339677153027317e+00 1.400141342338658612e+00 1.400933989934589619e+00 1.401716481567477413e+00 1.402487293255073375e+00 1.403244548973139327e+00 1.403986280497813377e+00 1.404710577813684802e+00 1.405415647900378762e+00 1.406099833906806262e+00 1.406761633773906395e+00 1.407399733542515019e+00 1.408013050601257588e+00 1.408600768502583644e+00 1.409162341675907815e+00 1.409697460600140895e+00 1.410205990101879081e+00 1.410687910231485986e+00 1.411143286068515135e+00 1.411572268280450126e+00 1.411975096925685014e+00 1.412352071796663777e+00 1.412703476310995798e+00 1.413029485746074343e+00 1.413330123662431825e+00 1.413605328327236066e+00 1.413855159915197612e+00 1.414080152958409275e+00 1.414281809917186106e+00 1.414463062271250848e+00 1.414627577552793669e+00 1.414775013471521792e+00 1.414902584485924875e+00 1.415006620939637916e+00 1.415083115529814251e+00 1.415127705411333814e+00 1.415136255441742374e+00 1.415119568775871528e+00 1.415187307615352719e+00 1.415218365208001261e+00 1.000000000000000020e+30
1.000000000000000020e+30 1.000000000000000020e+30 1.000000000000000020e+30 1.000000000000000020e+30 1.000000000000000020e+30 1.000000000000000020e+30 1.000000000000000020e+30 1.000000000000000020e+30 1.391976083455392033e+00 1.392696334201155572e+00 1.393574792493183390e+00 1.394428115444048100e+00 1.395271147081080354e+00 1.396110199570784971e+00 1.396949815901749936e+00 1.397795575554705128e+00 1.398652670582728241e+00 1.399499893846807952e+00 1.400334164272020177e+00 1.401156238846284374e+00 1.401964534905776549e+00 1.402756938161503264e+00 1.403531458530776099e+00 1.404286306881788127e+00 1.405019849829295842e+00 1.405730567070962111e+00 1.406417042494445102e+00 1.407077997462360175e+00 1.407712350926893174e+00 1.408319277414166626e+00 1.408898234382024439e+00 1.409448945287548494e+00 1.409971348451327877e+00 1.410465540700772902e+00 1.410931743713556896e+00 1.411370296843287520e+00 1.411781648718945625e+00 1.412166307013719146e+00 1.412524727511406120e+00 1.412857171119946242e+00 1.413163600132773645e+00 1.413443692598168822e+00 1.413697030663239484e+00 1.413923541533945505e+00 1.414124483778361752e+00 1.414304611345182705e+00 1.414474465181657425e+00 1.414632079720011371e+00 1.414772122898449558e+00 1.414889357193279462e+00 1.414978625750042074e+00 1.415032199990395867e+00 1.415029033209574960e+00 1.415142261378489197e+00 1.415220231890355729e+00 1.415258296068276689e+00 1.000000000000000020e+30
1.000000000000000020e+30 1.000000000000000020e+30 1.000000000000000020e+30 1.000000000000000020e+30 1.000000000000000020e+30 1.000000000000000020e+30 1.000000000000000020e+30 1.390449725692124883e+00 1.391216845645321998e+00 1.391977027048003857e+00 1.392737796861823751e+00 1.393563796890316286e+00 1.394411080316781515e+00 1.395267275622873226e+00 1.396130654113544534e+00 1.397008789357399472e+00 1.397936399801865681e+00 1.398832336987979374e+00 1.399707520768258329e+00 1.400570818071240842e+00 1.401418797445194375e+00 1.402248455182999898e+00 1.403057689005277275e+00 1.403844846793653733e+00 1.404608468824316336e+00 1.405347169835934995e+00 1.406059602331410918e+00 1.406744498875133420e+00 1.407400758751086389e+00 1.408027534095757538e+00 1.408624280529002792e+00 1.409190757303620201e+00 1.409726986982369867e+00 1.410233204219867531e+00 1.410709822869903540e+00 1.411157425933899479e+00 1.411576748196988973e+00 1.411968603264775579e+00 1.412333724914318189e+00 1.412672544381718298e+00 1.412984981590539757e+00 1.413270342437953797e+00 1.413527355598866553e+00 1.413754348000632266e+00 1.413950070470209708e+00 1.414118657640185628e+00 1.414295686633656235e+00 1.414468413923136936e+00 1.414625708138260496e+00 1.414761083127672237e+00 1.414871351840792935e+00 1.414955211954102010e+00 1.415003042193590632e+00 1.415161646342985913e+00 1.415254775262752673e+00 1.415298608446051043e+00 1.000000000000000020e+30
1.000000000000000020e+30 1.000000000000000020e+30 1.000000000000000020e+30 1.000000000000000020e+30 1.000000000000000020e+30 1.000000000000000020e+30 1.388864480667260093e+00 1.389643544267223918e+00 1.390425027579972772e+00 1.391217312742859091e+00 1.392027401649964968e+00 1.392870273644374546e+00 1.393734278212851008e+00 1.394609754868747720e+00 1.395489847951999707e+00 1.396366047683251344e+00 1.397212616163365118e+00 1.398146401905987268e+00 1.399053674309706619e+00 1.399961686578891529e+00 1.400852449409765832e+00 1.401721599369878835e+00 1.402567354201978755e+00 1.403388420178385942e+00 1.404183594599800022e+00 1.404951650979233468e+00 1.405691286125206441e+00 1.406401199809593328e+00 1.407080231678525140e+00 1.407727483569873872e+00 1.408342391887107858e+00 1.408924742227904092e+00 1.409474640291821235e+00 1.409992470101071538e+00 1.410478869504618205e+00 1.410934727163001945e+00 1.411361166354146102e+00 1.411759454639989420e+00 1.412130788119349889e+00 1.412475953886870750e+00 1.412794961948684369e+00 1.413086787337330952e+00 1.413349203917890762e+00 1.413578120258988990e+00 1.413764734917330568e+00 1.413886353193079204e+00 1.414083203241195630e+00 1.414281782076498351e+00 1.414462346350597421e+00 1.414618821748166555e+00 1.414751890521020794e+00 1.414875952991559771e+00 1.415063887426751155e+00 1.415208024518857410e+00 1.415300413156048487e+00 1.415345093307811553e+00 1.000000000000000020e+30
1.000000000000000020e+30 1.000000000000000020e+30 1.000000000000000020e+30 1.000000000000000020e+30 1.000000000000000020e+30 1.387340922277414679e+00 1.388046275899576187e+00 1.388795173327284305e+00 1.389582188373223781e+00 1.390399680050017128e+00 1.391244301675663264e+00 1.392115348218557092e+00 1.393005758951780360e+00 1.393907672202596038e+00 1.394813344519216347e+00 1.395713567050723025e+00 1.396595219708614222e+00 1.397447779532000611e+00 1.398359941811998741e+00 1.399330729386645267e+00 1.400268745807312643e+00 1.401179317649032363e+00 1.402063053546242832e+00 1.402919374329418378e+00 1.403747409725773165e+00 1.404546129288311018e+00 1.405314213825586966e+00 1.406050242194939681e+00 1.406752927651195639e+00 1.407421281513683953e+00 1.408054694972031839e+00 1.408652959215288103e+00 1.409216246593433031e+00 1.409745084521474290e+00 1.410240351485334553e+00 1.410703298779627302e+00 1.411135558559733827e+00 1.411539059793174955e+00 1.411915760407903120e+00 1.412267145461441942e+00 1.412593599445723713e+00 1.412894010800046507e+00 1.413165942722843571e+00 1.413405749832451264e+00 1.413606190152312925e+00 1.413776421581752984e+00 1.414066568046531858e+00 1.414310427743435072e+00 1.414519943643130384e+00 1.414696635975851269e+00 1.414838305548457686e+00 1.414930373752897097e+00 1.415130441393655847e+00 1.415267828788356663e+00 1.415355699636625442e+00 1.415398626207267752e+00 1.000000000000000020e+30
1.000000000000000020e+30 1.000000000000000020e+30 1.000000000000000020e+30 1.000000000000000020e+30 1.000000000000000020e+30 1.386596348886222518e+00 1.387144421923366844e+00 1.387867965676507609e+00 1.388668552002431555e+00 1.389515031525199174e+00 1.390394841472256671e+00 1.391300713877035689e+00 1.392225488981470471e+00 1.393161906993080512e+00 1.394102658263385308e+00 1.395040206271296990e+00 1.395967576977559910e+00 1.396883205187064769e+00 1.397801461038594040e+00 1.398693445375956301e+00 1.399673502031971717e+00 1.400625037578946186e+00 1.401547500049167727e+00 1.402440084560738764e+00 1.403302079353948351e+00 1.404132760160763604e+00 1.404930624957888119e+00 1.405693949431059853e+00 1.406421221373394426e+00 1.407111321795704084e+00 1.407763572242854533e+00 1.408377739876145007e+00 1.408954026428072437e+00 1.409493066586520849e+00 1.409995961211630844e+00 1.410464350385865817e+00 1.410900488002809983e+00 1.411307226577623197e+00 1.411687752731730860e+00 1.412044852161094211e+00 1.412379704410495096e+00 1.412691016929837895e+00 1.412976107818777916e+00 1.413234194050378756e+00 1.413439537302465299e+00 1.413744073686771019e+00 1.414058089388855466e+00 1.414335026369514470e+00 1.414571588701894145e+00 1.414770505112416421e+00 1.414935568288403278e+00 1.415074539625712280e+00 1.415221814169549175e+00 1.415339061415908484e+00 1.415418048406348328e+00 1.415457486720188784e+00 1.000000000000000020e+30
1.000000000000000020e+30 1.000000000000000020e+30 1.000000000000000020e+30 1.000000000000000020e+30 1.384347180030319535e+00 1.385264137556852182e+00 1.386027255534815650e+00 1.386823268279045562e+00 1.387669094924347091e+00 1.388557254478596903e+00 1.389479025846074967e+00 1.390426726954760106e+00 1.391393312634700230e+00 1.392371860499887593e+00 1.393355466051285685e+00 1.394337475354046729e+00 1.395312263437116895e+00 1.396276709182826536e+00 1.397230057420078220e+00 1.398162100217348769e+00 1.399067788994538208e+00 1.400060983557029681e+00 1.401023132070133626e+00 1.401952815083551629e+00 1.402849539965527637e+00 1.403713632786408372e+00 1.404542873015849569e+00 1.405334857082860101e+00 1.406087739009827420e+00 1.406800273957296010e+00 1.407471712259486418e+00 1.408101762214545971e+00 1.408690588863494630e+00 1.409238850676410637e+00 1.409747789015900921e+00 1.410219382634880336e+00 1.410656547366764269e+00 1.411063320720200354e+00 1.411444824809976240e+00 1.411806332882928228e+00 1.412150713229179511e+00 1.412475483876282079e+00 1.412774509426258485e+00 1.413076754620233411e+00 1.413370877783943547e+00 1.413664086173385348e+00 1.414048591022665002e+00 1.414361718931798295e+00 1.414622280269602461e+00 1.414839488935643264e+00 1.415020434979877617e+00 1.415172590720608081e+00 1.415305622751966474e+00 1.415410699604181533e+00 1.415482222351609920e+00 1.415518216125457140e+00 1.000000000000000020e+30
1.000000000000000020e+30 1.000000000000000020e+30 1.000000000000000020e+30 1.000000000000000020e+30 1.383390843037375140e+00 1.384045139111986122e+00 1.384836258807818909e+00 1.385688376225379548e+00 1.386587368726100111e+00 1.387525843068780906e+00 1.388496731178808119e+00 1.389493300949893984e+00 1.390508888380880492e+00 1.391536743814315136e+00 1.392570055747278435e+00 1.393602312976506497e+00 1.394627807006500797e+00 1.395641984505918920e+00 1.396640760257709779e+00 1.397618010469470651e+00 1.398568749731045502e+00 1.399489102556359388e+00 1.400492487627500227e+00 1.401459859566364985e+00 1.402391007812963553e+00 1.403290650803513451e+00 1.404153504786402662e+00 1.404975807358064710e+00 1.405755414650682322e+00 1.406491122402443006e+00 1.407182158075694023e+00 1.407828129568222231e+00 1.408429057222772673e+00 1.408985473405464317e+00 1.409498583015802886e+00 1.409970515792614121e+00 1.410404683174121931e+00 1.410806343506633143e+00 1.411183469939260915e+00 1.411546375153974742e+00 1.411902599104589484e+00 1.412246847556155815e+00 1.412530849691452595e+00 1.412888752731109365e+00 1.413264712155653857e+00 1.413690254321271267e+00 1.414072435593232369e+00 1.414402831438453134e+00 1.414677920923527621e+00 1.414906237872993078e+00 1.415095863186365932e+00 1.415252180185009090e+00 1.415379989990529053e+00 1.415478151720684918e+00 1.415544264337579294e+00 1.415577383919992105e+00 1.000000000000000020e+30
1.000000000000000020e+30 1.000000000000000020e+30 1.000000000000000020e+30 1.380583613486209504e+00 1.381740447991240739e+00 1.382649261450564770e+00 1.383543546648404066e+00 1.384466462158350453e+00 1.385426179789988055e+00 1.386421513678414597e+00 1.387448002724576135e+00 1.388500204008670691e+00 1.389571830857625923e+00 1.390656040599695942e+00 1.391745748401201244e+00 1.392834143684543724e+00 1.393915105585659564e+00 1.394983299477644767e+00 1.396033780104778854e+00 1.397061329756622561e+00 1.398061080823049585e+00 1.399028510099205480e+00 1.399959025622490305e+00 1.400964362022249166e+00 1.401925205217008585e+00 1.402865572619486967e+00 1.403765610608484149e+00 1.404620162445842313e+00 1.405427548669810012e+00 1.406187180159253147e+00 1.406898329943301773e+00 1.407560433529622124e+00 1.408173192857115730e+00 1.408736784519440732e+00 1.409252089447711409e+00 1.409721030257716556e+00 1.410146957664943690e+00 1.410535481298065719e+00 1.410897794822723705e+00 1.411254380053460045e+00 1.411627566919401167e+00 1.412039468354418403e+00 1.412409761218067716e+00 1.412879421968207261e+00 1.413306055684845575e+00 1.413721639615603598e+00 1.414110088971314294e+00 1.414461201203370155e+00 1.414742057983396473e+00 1.414973327242073697e+00 1.415166504909562750e+00 1.415322747924071090e+00 1.415446599975733299e+00 1.415539801568262313e+00 1.415601549453117558e+00 1.415632105547540709e+00 1.000000000000000020e+30
1.000000000000000020e+30 1.000000000000000020e+30 1.000000000000000020e+30 1.379617286975472368e+00 1.380297264898609155e+00 1.381226794973157590e+00 1.382181406419473513e+00 1.383167497169841553e+00 1.384189187562862466e+00 1.385245280204683294e+00 1.386332689342413271e+00 1.387446955922781777e+00 1.388581716687484313e+00 1.389729554602236572e+00 1.390882637370875807e+00 1.392033503855302445e+00 1.393175520750446372e+00 1.394302914856032860e+00 1.395410495402165996e+00 1.396493319689311008e+00 1.397546668641968415e+00 1.398565815875881801e+00 1.399545099633515255e+00 1.400474415848919296e+00 1.401440899258558304e+00 1.402441718037866769e+00 1.403383893770456359e+00 1.404272154384737403e+00 1.405107755176651096e+00 1.405892019302494189e+00 1.406623985164287438e+00 1.407302773545635155e+00 1.407927484134074758e+00 1.408497633894057355e+00 1.409013399200356176e+00 1.409476097488386648e+00 1.409888186266670562e+00 1.410252295186657179e+00 1.410579138807518618e+00 1.410906851528416217e+00 1.411274701996308334e+00 1.411834514678460772e+00 1.412385620952373300e+00 1.412874292798264708e+00 1.413319977733851873e+00 1.413742030516019987e+00 1.414147131485245179e+00 1.414551806295883507e+00 1.414817519950618774e+00 1.415040164992888982e+00 1.415235952233096395e+00 1.415387986779080620e+00 1.415506211606323506e+00 1.415594740791676465e+00 1.415652098604115450e+00 1.415679792586514774e+00 1.000000000000000020e+30
1.000000000000000020e+30 1.000000000000000020e+30 1.000000000000000020e+30 1.378160945308695817e+00 1.378794314648635000e+00 1.379738318737830038e+00 1.380746976115681202e+00 1.381792516149143557e+00 1.382877321136982474e+00 1.383996816208270975e+00 1.385149582622672959e+00 1.386332452706945828e+00 1.387537936574993136e+00 1.388757368987667107e+00 1.389981452406236606e+00 1.391201664903885860e+00 1.392410800507300150e+00 1.393602857714584475e+00 1.394772677010235773e+00 1.395915597377945128e+00 1.397027302754972444e+00 1.398103832358297716e+00 1.399141986143532579e+00 1.400141542763161162e+00 1.401116600171047333e+00 1.402037147514252347e+00 1.403016540236760479e+00 1.403937050673234932e+00 1.404799407272570910e+00 1.405609264396262104e+00 1.406363077943268758e+00 1.407059719103833872e+00 1.407697171849759288e+00 1.408273978444832597e+00 1.408789086612488139e+00 1.409243194604691940e+00 1.409638823445922728e+00 1.409967694283097650e+00 1.410220715362845212e+00 1.410480026668353704e+00 1.410690524686294189e+00 1.000000000000000020e+30 1.000000000000000020e+30 1.000000000000000020e+30 1.000000000000000020e+30 1.000000000000000020e+30 1.000000000000000020e+30 1.414743875035489262e+00 1.414898244395381699e+00 1.415095668757986980e+00 1.415310879953253220e+00 1.415448981438394593e+00 1.415557367936255195e+00 1.415642262911182225e+00 1.415694261192022907e+00 1.415717564732078548e+00 1.000000000000000020e+30
1.000000000000000020e+30 1.000000000000000020e+30 1.375087195092128622e+00 1.376260870711434547e+00 1.377170324643182342e+00 1.378144453160953464e+00 1.379234789817685769e+00 1.380337650020458495e+00 1.381489849444202944e+00 1.382674027060036615e+00 1.383895398074325822e+00 1.385154513429114553e+00 1.386439481603659152e+00 1.387739896707145926e+00 1.389043669823081473e+00 1.390340699477030428e+00 1.391623274246767794e+00 1.392885451522826390e+00 1.394122379035858783e+00 1.395329802860022506e+00 1.396503821640165510e+00 1.397640885833693281e+00 1.398738080539525530e+00 1.399793731926512574e+00 1.400807304366191941e+00 1.401767776720355352e+00 1.402668279711460686e+00 1.403620146176987937e+00 1.404503504678236370e+00 1.405342524543180316e+00 1.406119480046614800e+00 1.406836255636283672e+00 1.407488201892057145e+00 1.408072975104462277e+00 1.408586918607339422e+00 1.409030030268595413e+00 1.409417498837534533e+00 1.409720122503882012e+00 1.410052090446855644e+00 1.410298296805019946e+00 1.410513284799776557e+00 1.000000000000000020e+30 1.000000000000000020e+30 1.000000000000000020e+30 1.000000000000000020e+30 1.000000000000000020e+30 1.000000000000000020e+30 1.000000000000000020e+30 1.000000000000000020e+30 1.000000000000000020e+30 1.415425120854016505e+00 1.415501708621756505e+00 1.415593429659695035e+00 1.415683545217228279e+00 1.415726916750568387e+00 1.415741005276948572e+00 1.000000000000000020e+30
1.000000000000000020e+30 1.000000000000000020e+30 1.374102805479111789e+00 1.374813601981524469e+00 1.375670231658954634e+00 1.376622655806605255e+00 1.377669147210952794e+00 1.378792560559464198e+00 1.380029245291220619e+00 1.381272915704230053e+00 1.382562480237555569e+00 1.383909816810742210e+00 1.385284700907104094e+00 1.386678249831024834e+00 1.388071984763609601e+00 1.389453822225779955e+00 1.390816114412041893e+00 1.392153577051429059e+00 1.393462080651793444e+00 1.394737985705612360e+00 1.395977826676127798e+00 1.397178243801760589e+00 1.398336059275261167e+00 1.399448270214078471e+00 1.400511312851227652e+00 1.401518489125585409e+00 1.402462427004510959e+00 1.403331632205602419e+00 1.404211772039541062e+00 1.405097739445264393e+00 1.405896128778728382e+00 1.406637939536003579e+00 1.407306981410252122e+00 1.407903594562529559e+00 1.408416540400215800e+00 1.408833590754173803e+00 1.409242159397320338e+00 1.409639293972459129e+00 1.409930387722805767e+00 1.410109398606552933e+00 1.000000000000000020e+30 1.000000000000000020e+30 1.000000000000000020e+30 1.000000000000000020e+30 1.000000000000000020e+30 1.000000000000000020e+30 1.000000000000000020e+30 1.000000000000000020e+30 1.000000000000000020e+30 1.000000000000000020e+30 1.000000000000000020e+30 1.000000000000000020e+30 1.000000000000000020e+30 1.415737346967747667e+00 1.415751325547698558e+00 1.000000000000000020e+30 1.000000000000000020e+30
1.000000000000000020e+30 1.371630900475065085e+00 1.372596478695607525e+00 1.373409310630412161e+00 1.374262880602387105e+00 1.375194840566543952e+00 1.376215140012471583e+00 1.377322715444626811e+00 1.378520325318766782e+00 1.379784722966161281e+00 1.381130749968646043e+00 1.382596555936806304e+00 1.384070213557839768e+00 1.385575421859011946e+00 1.387071374227373477e+00 1.388545950482099389e+00 1.389993585217134120e+00 1.391410782076411223e+00 1.392794715545662365e+00 1.394142628676210638e+00 1.395451578218682709e+00 1.396718388377195863e+00 1.397939699491989263e+00 1.399111950303087548e+00 1.400231110920120869e+00 1.401292314875950851e+00 1.402291120615087427e+00 1.403225830836393184e+00 1.404108008082725734e+00 1.404900391461784137e+00 1.405689402304517444e+00 1.406472668673239390e+00 1.407158673203082522e+00 1.407778520143498691e+00 1.408302845698102379e+00 1.408841383733306030e+00 1.409274202406557430e+00 1.409625624615628681e+00 1.409882378069398312e+00 1.410061751922315532e+00 1.000000000000000020e+30 1.000000000000000020e+30 1.000000000000000020e+30 1.000000000000000020e+30 1.000000000000000020e+30 1.000000000000000020e+30 1.000000000000000020e+30 1.000000000000000020e+30 1.000000000000000020e+30 1.000000000000000020e+30 1.000000000000000020e+30 1.000000000000000020e+30 1.000000000000000020e+30 1.000000000000000020e+30 1.000000000000000020e+30 1.000000000000000020e+30 1.000000000000000020e+30
1.000000000000000020e+30 1.370853840519616007e+00 1.371430775096744936e+00 1.372152088022019045e+00 1.372964511568404600e+00 1.373866681580956151e+00 1.374862004051754960e+00 1.375950859393864301e+00 1.377132902590128660e+00 1.378403619782023082e+00 1.379768306396738087e+00 1.381234300102244683e+00 1.382782976176436751e+00 1.384440686805267662e+00 1.386051143184547252e+00 1.387624298981431581e+00 1.389161107432628661e+00 1.390661181994469198e+00 1.392123514665009942e+00 1.393546429423606181e+00 1.394927566685192133e+00 1.396263962867268393e+00 1.397552181254669845e+00 1.398788416541829616e+00 1.399968535355376353e+00 1.401088208251485723e+00 1.402143581268787020e+00 1.403132246989368781e+00 1.404053780925371031e+00 1.404900438284232944e+00 1.405682768014883566e+00 1.406364924918167336e+00 1.407036929036969752e+00 1.407709492135895468e+00 1.408370355393995466e+00 1.408915807144973664e+00 1.409348656185186233e+00 1.409667660560320668e+00 1.409873321056090534e+00 1.000000000000000020e+30 1.000000000000000020e+30 1.000000000000000020e+30 1.000000000000000020e+30 1.000000000000000020e+30 1.000000000000000020e+30 1.000000000000000020e+30 1.000000000000000020e+30 1.000000000000000020e+30 1.000000000000000020e+30 1.000000000000000020e+30 1.000000000000000020e+30 1.000000000000000020e+30 1.000000000000000020e+30 1.000000000000000020e+30 1.000000000000000020e+30 1.000000000000000020e+30 1.000000000000000020e+30
1.368969867550490438e+00 1.369687982997925157e+00 1.370308750359519490e+00 1.370991515288518592e+00 1.371763751389030395e+00 1.372633228996180010e+00 1.373602937429151183e+00 1.374673391063944372e+00 1.375844705216227037e+00 1.377116924912993312e+00 1.378493278348387863e+00 1.379978288149356302e+00 1.381575820749181727e+00 1.383311889818944929e+00 1.385027049173479297e+00 1.386698087015678205e+00 1.388324774296874287e+00 1.389909045566334544e+00 1.391451664861201420e+00 1.392951987784744050e+00 1.394408169040962875e+00 1.395817406686385764e+00 1.397176179280604336e+00 1.398480454634576375e+00 1.399725864191115665e+00 1.400907909530256568e+00 1.402022322330297444e+00 1.403065446199219801e+00 1.404034194502933541e+00 1.404924739340732476e+00 1.405736419721946850e+00 1.406461989309821803e+00 1.407109492220370850e+00 1.407847280961824543e+00 1.408513987677000534e+00 1.409063804314550694e+00 1.409498031869977908e+00 1.409786226867681957e+00 1.409949125815974869e+00 1.000000000000000020e+30 1.000000000000000020e+30 1.000000000000000020e+30 1.000000000000000020e+30 1.000000000000000020e+30 1.000000000000000020e+30 1.000000000000000020e+30 1.000000000000000020e+30 1.000000000000000020e+30 1.000000000000000020e+30 1.000000000000000020e+30 1.000000000000000020e+30 1.000000000000000020e+30 1.000000000000000020e+30 1.000000000000000020e+30 1.000000000000000020e+30 1.000000000000000020e+30 1.000000000000000020e+30
1.368439680167283345e+00 1.368806398626333021e+00 1.369311393407302901e+00 1.369928038320697317e+00 1.370653164340750463e+00 1.371487205201970871e+00 1.372430354494604376e+00 1.373482248291584495e+00 1.374643119650738710e+00 1.375914110913084798e+00 1.377297967052765415e+00 1.378798340020114477e+00 1.380418916404464014e+00 1.382162550608429186e+00 1.384005756064642378e+00 1.385775131552880346e+00 1.387490057799728893e+00 1.389158062665494908e+00 1.390781826482713202e+00 1.392361455592629360e+00 1.393895377942160119e+00 1.395380796509325005e+00 1.396814000087402752e+00 1.398190621736142614e+00 1.399505857116165597e+00 1.400754643601370919e+00 1.401931878012568022e+00 1.403032681991305042e+00 1.404052625113112240e+00 1.404987889718497307e+00 1.405836327602371982e+00 1.406597383512387278e+00 1.407286665764243772e+00 1.408016739155955044e+00 1.408735375875528995e+00 1.409288417172389618e+00 1.409695826516223160e+00 1.410023063988740111e+00 1.410608163313688879e+00 1.000000000000000020e+30 1.000000000000000020e+30 1.000000000000000020e+30 1.000000000000000020e+30 1.000000000000000020e+30 1.000000000000000020e+30 1.000000000000000020e+30 1.000000000000000020e+30 1.000000000000000020e+30 1.000000000000000020e+30 1.000000000000000020e+30 1.000000000000000020e+30 1.000000000000000020e+30 1.000000000000000020e+30 1.000000000000000020e+30 1.000000000000000020e+30 1.000000000000000020e+30 1.000000000000000020e+30
1.367730247131178078e+00 1.367973754995412961e+00 1.368388978989654836e+00 1.368942506149718019e+00 1.369620942872872504e+00 1.370419500038467131e+00 1.371335950435144557e+00 1.372368962425082772e+00 1.373518564549532028e+00 1.374786086423979370e+00 1.376174172100868232e+00 1.377686458056361252e+00 1.379327438564020181e+00 1.381102427033747970e+00 1.383016827358865442e+00 1.384865352162370611e+00 1.386661256459944536e+00 1.388410604681704630e+00 1.390115625794016374e+00 1.391776199523360624e+00 1.393390568579578881e+00 1.394955708362742408e+00 1.396467567761201289e+00 1.397921300849419124e+00 1.399311499493884003e+00 1.400632282136238915e+00 1.401877396498155903e+00 1.403040487838858930e+00 1.404115607543413802e+00 1.405097885027941640e+00 1.405983750083560579e+00 1.406764791066875464e+00 1.407618035249504462e+00 1.408393087034895741e+00 1.409083377388098857e+00 1.409607798945464729e+00 1.410028020683948613e+00 1.410385166210800456e+00 1.000000000000000020e+30 1.000000000000000020e+30 1.000000000000000020e+30 1.000000000000000020e+30 1.000000000000000020e+30 1.000000000000000020e+30 1.000000000000000020e+30 1.000000000000000020e+30 1.000000000000000020e+30 1.000000000000000020e+30 1.000000000000000020e+30 1.000000000000000020e+30 1.000000000000000020e+30 1.000000000000000020e+30 1.000000000000000020e+30 1.000000000000000020e+30 1.000000000000000020e+30 1.000000000000000020e+30 1.000000000000000020e+30
1.366964541581239700e+00 1.367156453761813717e+00 1.367514672399648967e+00 1.368018374441763108e+00 1.368655686000961103e+00 1.369421081246943173e+00 1.370311621325888574e+00 1.371325594511970225e+00 1.372462893995471722e+00 1.373724810221605530e+00 1.375113890101673064e+00 1.376633858091629969e+00 1.378290160066179215e+00 1.380091397783350438e+00 1.382052177776454505e+00 1.383966754918717124e+00 1.385837812936254521e+00 1.387666556049489852e+00 1.389453181535412529e+00 1.391196541505838047e+00 1.392894311136513963e+00 1.394543072891448743e+00 1.396138315189756174e+00 1.397674560114456899e+00 1.399145721101075379e+00 1.400544953712286489e+00 1.401864526140089495e+00 1.403096047981447159e+00 1.404231353525968728e+00 1.405264291376481678e+00 1.406196049026863015e+00 1.407054667685267768e+00 1.407988115288385966e+00 1.408815085862715755e+00 1.409492051640504728e+00 1.410020924254060226e+00 1.410429456901723055e+00 1.410673928727746329e+00 1.000000000000000020e+30 1.000000000000000020e+30 1.000000000000000020e+30 1.000000000000000020e+30 1.000000000000000020e+30 1.000000000000000020e+30 1.000000000000000020e+30 1.000000000000000020e+30 1.000000000000000020e+30 1.000000000000000020e+30 1.000000000000000020e+30 1.000000000000000020e+30 1.000000000000000020e+30 1.000000000000000020e+30 1.000000000000000020e+30 1.000000000000000020e+30 1.000000000000000020e+30 1.000000000000000020e+30 1.000000000000000020e+30
1.366193984309686194e+00 1.366359722096412987e+00 1.366681082929924740e+00 1.367146792919172515e+00 1.367749221060372111e+00 1.368484455229955987e+00 1.369350221533640610e+00 1.370345101400374688e+00 1.371469085975993041e+00 1.372723362390464219e+00 1.374110135485196338e+00 1.375632627714617362e+00 1.377295892667580235e+00 1.379109066945248818e+00 1.381092013845628852e+00 1.383070090450431389e+00 1.385015318062965628e+00 1.386923532647582169e+00 1.388793144244205191e+00 1.390621716971415234e+00 1.392406257834753802e+00 1.394143031327427895e+00 1.395827049347034388e+00 1.397451925001986117e+00 1.399011055190177100e+00 1.400496713586726338e+00 1.401899383515633479e+00 1.403207684523512855e+00 1.404409399993415963e+00 1.405491790379516770e+00 1.406441433802142038e+00 1.407464316128554715e+00 1.408425145668360745e+00 1.409253976794993646e+00 1.409941331707979195e+00 1.410476925735895115e+00 1.410817411642299346e+00 1.410846337912173176e+00 1.000000000000000020e+30 1.000000000000000020e+30 1.000000000000000020e+30 1.000000000000000020e+30 1.000000000000000020e+30 1.000000000000000020e+30 1.000000000000000020e+30 1.000000000000000020e+30 1.000000000000000020e+30 1.000000000000000020e+30 1.000000000000000020e+30 1.000000000000000020e+30 1.000000000000000020e+30 1.000000000000000020e+30 1.000000000000000020e+30 1.000000000000000020e+30 1.000000000000000020e+30 1.000000000000000020e+30 1.000000000000000020e+30
1.365444580624454396e+00 1.365594059976982688e+00 1.365889128834515631e+00 1.366324493200071988e+00 1.366896623272906286e+00 1.367604009076062610e+00 1.368445808777452033e+00 1.369421410352878565e+00 1.370531154490483239e+00 1.371776106969096798e+00 1.373157796715919199e+00 1.374678067297657513e+00 1.376339406220676187e+00 1.378144937588496433e+00 1.380094882530351397e+00 1.382164555368524006e+00 1.384188329643746940e+00 1.386177877408057313e+00 1.388133148029832009e+00 1.390050039827735784e+00 1.391925063796956907e+00 1.393754750767792094e+00 1.395533890758752005e+00 1.397254079791274473e+00 1.398909110030058578e+00 1.400490983289425451e+00 1.401988382458981608e+00 1.403385821599688832e+00 1.404666675230045181e+00 1.405811846065119664e+00 1.406811432513855653e+00 1.407907033457660884e+00 1.408878977045713521e+00 1.409730186087262860e+00 1.410464116451118244e+00 1.411008431368932170e+00 1.411303721876292494e+00 1.000000000000000020e+30 1.000000000000000020e+30 1.000000000000000020e+30 1.000000000000000020e+30 1.000000000000000020e+30 1.000000000000000020e+30 1.000000000000000020e+30 1.000000000000000020e+30 1.000000000000000020e+30 1.000000000000000020e+30 1.000000000000000020e+30 1.000000000000000020e+30 1.000000000000000020e+30 1.000000000000000020e+30 1.000000000000000020e+30 1.000000000000000020e+30 1.000000000000000020e+30 1.000000000000000020e+30 1.000000000000000020e+30 1.000000000000000020e+30
1.364732417857135838e+00 1.364869315921382942e+00 1.365142642176513377e+00 1.365551268075805957e+00 1.366095253357330730e+00 1.366775653602563922e+00 1.367593440973860375e+00 1.368549191223185302e+00 1.369643872471126400e+00 1.370878504772124140e+00 1.372253739000986350e+00 1.373769623717744581e+00 1.375426154053184913e+00 1.377224086456228180e+00 1.379166067133803963e+00 1.381263072876225628e+00 1.383353945278841479e+00 1.385425151862406778e+00 1.387470416399505968e+00 1.389479230925992681e+00 1.391448202668362999e+00 1.393375967179400154e+00 1.395258645573652867e+00 1.397080485902755242e+00 1.398839653244791759e+00 1.400529340936015332e+00 1.402137185738783876e+00 1.403641278771349032e+00 1.405024393759801482e+00 1.406257855984076377e+00 1.407326560707633512e+00 1.408384550872795016e+00 1.409362105985724423e+00 1.410226183729303528e+00 1.411043480322840216e+00 1.411596827501175655e+00 1.411908041970642236e+00 1.000000000000000020e+30 1.000000000000000020e+30 1.000000000000000020e+30 1.000000000000000020e+30 1.000000000000000020e+30 1.000000000000000020e+30 1.000000000000000020e+30 1.000000000000000020e+30 1.000000000000000020e+30 1.000000000000000020e+30 1.000000000000000020e+30 1.000000000000000020e+30 1.000000000000000020e+30 1.000000000000000020e+30 1.000000000000000020e+30 1.000000000000000020e+30 1.000000000000000020e+30 1.000000000000000020e+30 1.000000000000000020e+30 1.000000000000000020e+30
1.364069904487059448e+00 1.364194462488012904e+00 1.364446383619590142e+00 1.364828356230487483e+00 1.365343769235870974e+00 1.365996222646591374e+00 1.366788707895971733e+00 1.367723357124508210e+00 1.368802172922665594e+00 1.370026381642253988e+00 1.371395616951942120e+00 1.372907461411218444e+00 1.374558654393447377e+00 1.376346581020960969e+00 1.378269966511937783e+00 1.380325750867794410e+00 1.382497504779128361e+00 1.384656928540529242e+00 1.386802913908386836e+00 1.388907146735413711e+00 1.390971438903543023e+00 1.392997331895194923e+00 1.394996351496140319e+00 1.396923919215321996e+00 1.398797597550091698e+00 1.400612494634109639e+00 1.402364142749373599e+00 1.404011379219988864e+00 1.405536016879623151e+00 1.406869360677617031e+00 1.407993165546734593e+00 1.409066922463881211e+00 1.410068257952515447e+00 1.410861227121609662e+00 1.411659095301773581e+00 1.412241057914453313e+00 1.412691964867028860e+00 1.413191802866102798e+00 1.000000000000000020e+30 1.000000000000000020e+30 1.000000000000000020e+30 1.000000000000000020e+30 1.000000000000000020e+30 1.000000000000000020e+30 1.000000000000000020e+30 1.000000000000000020e+30 1.000000000000000020e+30 1.000000000000000020e+30 1.000000000000000020e+30 1.000000000000000020e+30 1.000000000000000020e+30 1.000000000000000020e+30 1.000000000000000020e+30 1.000000000000000020e+30 1.000000000000000020e+30 1.000000000000000020e+30 1.000000000000000020e+30
1.363469206727182081e+00 1.363578369857120665e+00 1.363805342523655595e+00 1.364157481427745067e+00 1.364641355237395937e+00 1.365262890337975321e+00 1.366027174458671167e+00 1.366938378077505067e+00 1.368000276460923592e+00 1.369214985230436277e+00 1.370581190241471070e+00 1.372092623282043400e+00 1.373741305032493587e+00 1.375520705303135527e+00 1.377428894936168158e+00 1.379460409612711214e+00 1.381611582075676248e+00 1.383860618688150579e+00 1.386104176717695813e+00 1.388294633453207361e+00 1.390470678050933495e+00 1.392616758577867708e+00 1.394774825590844536e+00 1.396777431573664519e+00 1.398784978237349153e+00 1.400742210380883312e+00 1.402682668961037438e+00 1.404487133058099912e+00 1.406116109516690749e+00 1.407555652248471345e+00 1.408801737796137044e+00 1.409880359618427725e+00 1.410790765445944173e+00 1.411541178179355427e+00 1.412311428563022497e+00 1.412883598193678258e+00 1.413293025974621475e+00 1.413560216096428013e+00 1.000000000000000020e+30 1.000000000000000020e+30 1.000000000000000020e+30 1.000000000000000020e+30 1.000000000000000020e+30 1.000000000000000020e+30 1.000000000000000020e+30 1.000000000000000020e+30 1.000000000000000020e+30 1.000000000000000020e+30 1.000000000000000020e+30 1.000000000000000020e+30 1.000000000000000020e+30 1.000000000000000020e+30 1.000000000000000020e+30 1.000000000000000020e+30 1.000000000000000020e+30 1.000000000000000020e+30 1.000000000000000020e+30
1.362945547457038442e+00 1.363030392069019658e+00 1.363224120439084475e+00 1.363540102610128812e+00 1.363987174145232073e+00 1.364572773719579413e+00 1.365303907895285773e+00 1.366187482140364784e+00 1.367230447744664179e+00 1.368437513375651227e+00 1.369807563866948685e+00 1.371326974352079064e+00 1.372979872386385525e+00 1.374752837568049113e+00 1.376651630398319393e+00 1.378663016185126322e+00 1.380790720038356900e+00 1.383060079806867959e+00 1.385459053508637739e+00 1.387916584839848477e+00 1.390243804692575580e+00 1.392492243581243905e+00 1.394650013069599348e+00 1.396841800137459400e+00 1.399067399209986906e+00 1.401144856067356059e+00 1.403088407906406543e+00 1.404963015986087305e+00 1.406714359966671601e+00 1.408260247004704757e+00 1.409582479627164542e+00 1.410672244708094381e+00 1.411521795966236059e+00 1.412297076651462424e+00 1.413027470917856965e+00 1.413554424083381722e+00 1.413903164144053592e+00 1.414064165985988941e+00 1.000000000000000020e+30 1.000000000000000020e+30 1.000000000000000020e+30 1.000000000000000020e+30 1.000000000000000020e+30 1.000000000000000020e+30 1.000000000000000020e+30 1.000000000000000020e+30 1.000000000000000020e+30 1.000000000000000020e+30 1.000000000000000020e+30 1.000000000000000020e+30 1.000000000000000020e+30 1.000000000000000020e+30 1.000000000000000020e+30 1.000000000000000020e+30 1.000000000000000020e+30 1.000000000000000020e+30 1.000000000000000020e+30
1.362523085034178294e+00 1.362559262745762334e+00 1.362705343611826603e+00 1.362976547820683670e+00 1.363380091794384352e+00 1.363922940075464885e+00 1.364613352062211238e+00 1.365461862356152967e+00 1.366481169681599273e+00 1.367682183952701802e+00 1.369070368556708939e+00 1.370614082396719446e+00 1.372284796962627951e+00 1.374045405487378968e+00 1.375912431203425879e+00 1.377923393023200216e+00 1.380098170685775560e+00 1.382456489910740993e+00 1.385069225619197875e+00 1.387622249121063689e+00 1.390086382767650841e+00 1.392482716376644447e+00 1.394851326828897564e+00 1.397216484320573660e+00 1.399560207182436455e+00 1.401851785094575309e+00 1.403972445923363122e+00 1.405828328345046563e+00 1.407397733643170001e+00 1.409055745344442334e+00 1.410439305940841326e+00 1.411547685270871932e+00 1.412427591875584865e+00 1.413198997203003238e+00 1.413812897677094726e+00 1.414269407680772694e+00 1.414568187586437320e+00 1.414691744114142447e+00 1.000000000000000020e+30 1.000000000000000020e+30 1.000000000000000020e+30 1.000000000000000020e+30 1.000000000000000020e+30 1.000000000000000020e+30 1.000000000000000020e+30 1.000000000000000020e+30 1.000000000000000020e+30 1.000000000000000020e+30 1.000000000000000020e+30 1.000000000000000020e+30 1.000000000000000020e+30 1.000000000000000020e+30 1.000000000000000020e+30 1.000000000000000020e+30 1.000000000000000020e+30 1.000000000000000020e+30 1.000000000000000020e+30
1.362250358701947661e+00 1.362163803724894207e+00 1.362245907227384256e+00 1.362465175762962888e+00 1.362818975128945453e+00 1.363311192118132009e+00 1.363950114098866795e+00 1.364750202332632112e+00 1.365734777965056823e+00 1.366924660541066538e+00 1.368327976342528451e+00 1.369895487524666500e+00 1.371592103270286689e+00 1.373385774435330164e+00 1.375282421204113259e+00 1.377290008228610363e+00 1.379572600359653789e+00 1.382095280259299841e+00 1.384825838942605580e+00 1.387390682910106143e+00 1.390245761698209126e+00 1.393109547248519320e+00 1.395804647411834853e+00 1.398565552017271951e+00 1.401454320897232542e+00 1.403915316496010979e+00 1.406107346400676805e+00 1.408044244204463613e+00 1.409740695652570652e+00 1.410699621016606509e+00 1.411802311630866003e+00 1.412771460203862794e+00 1.413527326434160569e+00 1.414124407502109326e+00 1.414622007361032496e+00 1.415008535266429002e+00 1.415275929730992477e+00 1.415405612363368482e+00 1.000000000000000020e+30 1.000000000000000020e+30 1.000000000000000020e+30 1.000000000000000020e+30 1.000000000000000020e+30 1.000000000000000020e+30 1.000000000000000020e+30 1.000000000000000020e+30 1.000000000000000020e+30 1.000000000000000020e+30 1.000000000000000020e+30 1.000000000000000020e+30 1.000000000000000020e+30 1.000000000000000020e+30 1.000000000000000020e+30 1.000000000000000020e+30 1.000000000000000020e+30 1.000000000000000020e+30 1.000000000000000020e+30
1.000000000000000020e+30 1.361785679051501052e+00 1.361834793966396395e+00 1.362004107934027486e+00 1.362304340810431835e+00 1.362738262729083383e+00 1.363311293558622461e+00 1.364038866352427659e+00 1.364942405400205283e+00 1.366075156002130253e+00 1.367522379251967957e+00 1.369159420501633084e+00 1.370946334679704171e+00 1.372807910736045800e+00 1.374892846113922484e+00 1.376858587932213052e+00 1.378603871023866612e+00 1.383274234894508847e+00 1.386211967253863753e+00 1.388274951287451930e+00 1.390960468677864714e+00 1.393798340886574394e+00 1.396758773990730562e+00 1.400110075321618686e+00 1.403045873687856160e+00 1.405613293909564909e+00 1.407918831882216226e+00 1.410075915705607530e+00 1.412304786991148697e+00 1.412973670614442234e+00 1.413273117854845218e+00 1.414030210448582459e+00 1.414572226406363153e+00 1.415015793285389289e+00 1.415408977653482614e+00 1.415733569194333574e+00 1.415989167008879557e+00 1.416211998421776697e+00 1.416559094647843464e+00 1.000000000000000020e+30 1.000000000000000020e+30 1.000000000000000020e+30 1.000000000000000020e+30 1.000000000000000020e+30 1.000000000000000020e+30 1.000000000000000020e+30 1.000000000000000020e+30 1.000000000000000020e+30 1.000000000000000020e+30 1.000000000000000020e+30 1.000000000000000020e+30 1.000000000000000020e+30 1.000000000000000020e+30 1.000000000000000020e+30 1.000000000000000020e+30 1.000000000000000020e+30 1.000000000000000020e+30
1.000000000000000020e+30 1.361544331968000732e+00 1.361489076322420333e+00 1.361596737987736061e+00 1.361840612592938982e+00 1.362211574289215354e+00 1.362703374741292661e+00 1.363326899942487680e+00 1.364109230667541306e+00 1.365106482020020717e+00 1.366416981877125902e+00 1.368054136586795977e+00 1.370371966120713880e+00 1.372285774147822712e+00 1.375989580327488193e+00 1.377592323511247718e+00 1.378411014890107200e+00 1.000000000000000020e+30 1.000000000000000020e+30 1.000000000000000020e+30 1.000000000000000020e+30 1.000000000000000020e+30 1.000000000000000020e+30 1.000000000000000020e+30 1.000000000000000020e+30 1.000000000000000020e+30 1.000000000000000020e+30 1.000000000000000020e+30 1.414605143753928873e+00 1.414945600088979072e+00 1.415382674898099324e+00 1.415205060732299680e+00 1.415494907712000039e+00 1.415824632118426019e+00 1.416131757431769334e+00 1.416394833318743718e+00 1.416603108175369163e+00 1.416761317209997317e+00 1.416869244667977146e+00 1.000000000000000020e+30 1.000000000000000020e+30 1.000000000000000020e+30 1.000000000000000020e+30 1.000000000000000020e+30 1.000000000000000020e+30 1.000000000000000020e+30 1.000000000000000020e+30 1.000000000000000020e+30 1.000000000000000020e+30 1.000000000000000020e+30 1.000000000000000020e+30 1.000000000000000020e+30 1.000000000000000020e+30 1.000000000000000020e+30 1.000000000000000020e+30 1.000000000000000020e+30 1.000000000000000020e+30
1.000000000000000020e+30 1.000000000000000020e+30 1.361166392855695184e+00 1.361238719079073123e+00 1.361434809220194664e+00 1.361744040476840167e+00 1.362146167434404642e+00 1.362659190407902621e+00 1.363324349557180071e+00 1.364183025665629101e+00 1.366006358611978611e+00 1.367433774247625689e+00 1.000000000000000020e+30 1.000000000000000020e+30 1.000000000000000020e+30 1.000000000000000020e+30 1.000000000000000020e+30 1.000000000000000020e+30 1.000000000000000020e+30 1.000000000000000020e+30 1.000000000000000020e+30 1.000000000000000020e+30 1.000000000000000020e+30 1.000000000000000020e+30 1.000000000000000020e+30 1.000000000000000020e+30 1.000000000000000020e+30 1.000000000000000020e+30 1.000000000000000020e+30 1.000000000000000020e+30 1.416735032228854108e+00 1.416184683656785737e+00 1.416267528213647431e+00 1.416513902393692570e+00 1.416765760396573981e+00 1.416977776280406331e+00 1.417133607201293000e+00 1.417228379049885190e+00 1.417250239819840107e+00 1.000000000000000020e+30 1.000000000000000020e+30 1.000000000000000020e+30 1.000000000000000020e+30 1.000000000000000020e+30 1.000000000000000020e+30 1.000000000000000020e+30 1.000000000000000020e+30 1.000000000000000020e+30 1.000000000000000020e+30 1.000000000000000020e+30 1.000000000000000020e+30 1.000000000000000020e+30 1.000000000000000020e+30 1.000000000000000020e+30 1.000000000000000020e+30 1.000000000000000020e+30 1.000000000000000020e+30
1.000000000000000020e+30 1.000000000000000020e+30 1.360957161468268950e+00 1.360933172860034013e+00 1.361065399950963872e+00 1.361317244082453692e+00 1.361648163765427633e+00 1.362086184677858691e+00 1.363241800903702838e+00 1.364531510137239501e+00 1.365565930595448396e+00 1.000000000000000020e+30 1.000000000000000020e+30 1.000000000000000020e+30 1.000000000000000020e+30 1.000000000000000020e+30 1.000000000000000020e+30 1.000000000000000020e+30 1.000000000000000020e+30 1.000000000000000020e+30 1.000000000000000020e+30 1.000000000000000020e+30 1.000000000000000020e+30 1.000000000000000020e+30 1.000000000000000020e+30 1.000000000000000020e+30 1.000000000000000020e+30 1.000000000000000020e+30 1.000000000000000020e+30 1.000000000000000020e+30 1.000000000000000020e+30 1.417196835256941512e+00 1.416980509868786431e+00 1.417112933029976540e+00 1.417306722440244693e+00 1.417483498403592890e+00 1.417591103014866460e+00 1.417635407445258178e+00 1.417615938725160118e+00 1.000000000000000020e+30 1.000000000000000020e+30 1.000000000000000020e+30 1.000000000000000020e+30 1.000000000000000020e+30 1.000000000000000020e+30 1.000000000000000020e+30 1.000000000000000020e+30 1.000000000000000020e+30 1.000000000000000020e+30 1.000000000000000020e+30 1.000000000000000020e+30 1.000000000000000020e+30 1.000000000000000020e+30 1.000000000000000020e+30 1.000000000000000020e+30 1.000000000000000020e+30 1.000000000000000020e+30
1.000000000000000020e+30 1.000000000000000020e+30 1.000000000000000020e+30 1.360630113181368284e+00 1.360737375335129506e+00 1.360971279157986658e+00 1.361262637112466312e+00 1.362177968669242567e+00 1.363000990848294069e+00 1.000000000000000020e+30 1.000000000000000020e+30 1.000000000000000020e+30 1.000000000000000020e+30 1.000000000000000020e+30 1.000000000000000020e+30 1.000000000000000020e+30 1.000000000000000020e+30 1.000000000000000020e+30 1.000000000000000020e+30 1.000000000000000020e+30 1.000000000000000020e+30 1.000000000000000020e+30 1.000000000000000020e+30 1.000000000000000020e+30 1.000000000000000020e+30 1.000000000000000020e+30 1.000000000000000020e+30 1.000000000000000020e+30 1.000000000000000020e+30 1.000000000000000020e+30 1.000000000000000020e+30 1.000000000000000020e+30 1.417960016853703431e+00 1.417759177887793820e+00 1.417802435532485417e+00 1.417925031317879059e+00 1.417977452604226363e+00 1.417972843973730024e+00 1.417924973765714469e+00 1.000000000000000020e+30 1.000000000000000020e+30 1.000000000000000020e+30 1.000000000000000020e+30 1.000000000000000020e+30 1.000000000000000020e+30 1.000000000000000020e+30 1.000000000000000020e+30 1.000000000000000020e+30 1.000000000000000020e+30 1.000000000000000020e+30 1.000000000000000020e+30 1.000000000000000020e+30 1.000000000000000020e+30 1.000000000000000020e+30 1.000000000000000020e+30 1.000000000000000020e+30 1.000000000000000020e+30
1.000000000000000020e+30 1.000000000000000020e+30 1.000000000000000020e+30 1.360413981973422670e+00 1.360559769333002711e+00 1.361260270835246144e+00 1.361814299767877490e+00 1.362294776118125439e+00 1.000000000000000020e+30 1.000000000000000020e+30 1.000000000000000020e+30 1.000000000000000020e+30 1.000000000000000020e+30 1.000000000000000020e+30 1.000000000000000020e+30 1.000000000000000020e+30 1.000000000000000020e+30 1.000000000000000020e+30 1.000000000000000020e+30 1.000000000000000020e+30 1.000000000000000020e+30 1.000000000000000020e+30 1.000000000000000020e+30 1.000000000000000020e+30 1.000000000000000020e+30 1.000000000000000020e+30 1.000000000000000020e+30 1.000000000000000020e+30 1.000000000000000020e+30 1.000000000000000020e+30 1.000000000000000020e+30 1.000000000000000020e+30 1.000000000000000020e+30 1.418716397097993021e+00 1.418445927662040029e+00 1.418312147887656360e+00 1.418287054395007463e+00 1.418220901377233112e+00 1.418149100522442030e+00 1.000000000000000020e+30 1.000000000000000020e+30 1.000000000000000020e+30 1.000000000000000020e+30 1.000000000000000020e+30 1.000000000000000020e+30 1.000000000000000020e+30 1.000000000000000020e+30 1.000000000000000020e+30 1.000000000000000020e+30 1.000000000000000020e+30 1.000000000000000020e+30 1.000000000000000020e+30 1.000000000000000020e+30 1.000000000000000020e+30 1.000000000000000020e+30 1.000000000000000020e+30 1.000000000000000020e+30
1.000000000000000020e+30 1.000000000000000020e+30 1.000000000000000020e+30 1.000000000000000020e+30 1.362165333754798535e+00 1.362017569293494379e+00 1.362214610358134292e+00 1.000000000000000020e+30 1.000000000000000020e+30 1.000000000000000020e+30 1.000000000000000020e+30 1.000000000000000020e+30 1.000000000000000020e+30 1.000000000000000020e+30 1.000000000000000020e+30 1.000000000000000020e+30 1.000000000000000020e+30 1.000000000000000020e+30 1.000000000000000020e+30 1.000000000000000020e+30 1.000000000000000020e+30 1.000000000000000020e+30 1.000000000000000020e+30 1.000000000000000020e+30 1.000000000000000020e+30 1.000000000000000020e+30 1.000000000000000020e+30 1.000000000000000020e+30 1.000000000000000020e+30 1.000000000000000020e+30 1.000000000000000020e+30 1.000000000000000020e+30 1.000000000000000020e+30 1.000000000000000020e+30 1.419133769373761789e+00 1.418604581587843194e+00 1.418507196589900543e+00 1.418343155856188531e+00 1.418264543826647461e+00 1.000000000000000020e+30 1.000000000000000020e+30 1.000000000000000020e+30 1.000000000000000020e+30 1.000000000000000020e+30 1.000000000000000020e+30 1.000000000000000020e+30 1.000000000000000020e+30 1.000000000000000020e+30 1.000000000000000020e+30 1.000000000000000020e+30 1.000000000000000020e+30 1.000000000000000020e+30 1.000000000000000020e+30 1.000000000000000020e+30 1.000000000000000020e+30 1.000000000000000020e+30 1.000000000000000020e+30
1.000000000000000020e+30 1.000000000000000020e+30 1.000000000000000020e+30 1.000000000000000020e+30 1.363258566451145404e+00 1.000000000000000020e+30 1.000000000000000020e+30 1.000000000000000020e+30 1.000000000000000020e+30 1.000000000000000020e+30 1.000000000000000020e+30 1.000000000000000020e+30 1.000000000000000020e+30 1.000000000000000020e+30 1.000000000000000020e+30 1.000000000000000020e+30 1.000000000000000020e+30 1.000000000000000020e+30 1.000000000000000020e+30 1.000000000000000020e+30 1.000000000000000020e+30 1.000000000000000020e+30 1.000000000000000020e+30 1.000000000000000020e+30 1.000000000000000020e+30 1.000000000000000020e+30 1.000000000000000020e+30 1.000000000000000020e+30 1.000000000000000020e+30 1.000000000000000020e+30 1.000000000000000020e+30 1.000000000000000020e+30 1.000000000000000020e+30 1.000000000000000020e+30 1.000000000000000020e+30 1.418766619880822422e+00 1.418687245042764333e+00 1.000000000000000020e+30 1.000000000000000020e+30 1.000000000000000020e+30 1.000000000000000020e+30 1.000000000000000020e+30 1.000000000000000020e+30 1.000000000000000020e+30 1.000000000000000020e+30 1.000000000000000020e+30 1.000000000000000020e+30 1.000000000000000020e+30 1.000000000000000020e+30 1.000000000000000020e+30 1.000000000000000020e+30 1.000000000000000020e+30 1.000000000000000020e+30 1.000000000000000020e+30 1.000000000000000020e+30 1.000000000000000020e+30 1.000000000000000020e+30
