1.000000000000000020e+30 1.000000000000000020e+30 1.000000000000000020e+30 1.000000000000000020e+30 1.000000000000000020e+30 1.000000000000000020e+30 1.000000000000000020e+30 1.000000000000000020e+30 1.000000000000000020e+30 1.000000000000000020e+30 1.000000000000000020e+30 1.000000000000000020e+30 1.000000000000000020e+30 1.000000000000000020e+30 1.000000000000000020e+30 1.000000000000000020e+30 1.000000000000000020e+30 1.000000000000000020e+30 1.000000000000000020e+30 1.000000000000000020e+30 1.000000000000000020e+30 1.000000000000000020e+30 1.000000000000000020e+30 1.000000000000000020e+30 1.000000000000000020e+30 1.000000000000000020e+30 1.000000000000000020e+30 1.000000000000000020e+30 1.000000000000000020e+30 1.000000000000000020e+30 1.000000000000000020e+30 1.000000000000000020e+30 1.000000000000000020e+30 1.000000000000000020e+30 1.000000000000000020e+30 1.000000000000000020e+30 1.000000000000000020e+30 1.000000000000000020e+30 1.000000000000000020e+30 1.000000000000000020e+30 1.000000000000000020e+30 1.000000000000000020e+30 1.000000000000000020e+30 1.000000000000000020e+30 1.000000000000000020e+30 1.000000000000000020e+30 1.000000000000000020e+30 1.000000000000000020e+30 1.000000000000000020e+30 1.000000000000000020e+30 1.000000000000000020e+30 1.000000000000000020e+30 1.000000000000000020e+30 1.000000000000000020e+30 1.000000000000000020e+30 1.000000000000000020e+30 1.000000000000000020e+30
1.000000000000000020e+30 1.000000000000000020e+30 1.000000000000000020e+30 1.000000000000000020e+30 1.000000000000000020e+30 1.000000000000000020e+30 1.000000000000000020e+30 1.000000000000000020e+30 1.000000000000000020e+30 1.000000000000000020e+30 1.000000000000000020e+30 1.000000000000000020e+30 1.000000000000000020e+30 1.000000000000000020e+30 1.000000000000000020e+30 1.000000000000000020e+30 1.000000000000000020e+30 1.000000000000000020e+30 1.000000000000000020e+30 1.000000000000000020e+30 1.000000000000000020e+30 1.000000000000000020e+30 1.000000000000000020e+30 1.000000000000000020e+30 1.000000000000000020e+30 1.000000000000000020e+30 1.000000000000000020e+30 8.100558494439802359e-01 8.059303384168411410e-01 7.984529385223623210e-01 7.878705748041738843e-01 7.742568468910561164e-01 7.576240386071377841e-01 7.379658483587787643e-01 7.152795916036044366e-01 6.895836698655224417e-01 6.609377772135912599e-01 6.294733445155199503e-01 5.954487764376107384e-01 5.593672859407313736e-01 5.222695204188220197e-01 4.865674176480012103e-01 4.587199327817166328e-01 1.000000000000000020e+30 1.000000000000000020e+30 1.000000000000000020e+30 1.000000000000000020e+30 1.000000000000000020e+30 1.000000000000000020e+30 1.000000000000000020e+30 1.000000000000000020e+30 1.000000000000000020e+30 1.000000000000000020e+30 1.000000000000000020e+30 1.000000000000000020e+30 1.000000000000000020e+30 1.000000000000000020e+30
1.000000000000000020e+30 1.000000000000000020e+30 1.000000000000000020e+30 1.000000000000000020e+30 1.000000000000000020e+30 1.000000000000000020e+30 1.000000000000000020e+30 1.000000000000000020e+30 1.000000000000000020e+30 1.000000000000000020e+30 1.000000000000000020e+30 1.000000000000000020e+30 1.000000000000000020e+30 1.000000000000000020e+30 1.000000000000000020e+30 1.000000000000000020e+30 1.000000000000000020e+30 1.000000000000000020e+30 1.000000000000000020e+30 1.000000000000000020e+30 1.000000000000000020e+30 1.000000000000000020e+30 1.000000000000000020e+30 1.000000000000000020e+30 8.122534536277784545e-01 8.126225834367436507e-01 8.117277234439760347e-01 8.091634653465408222e-01 8.042368425296136936e-01 7.964626930652023429e-01 7.857361660969596207e-01 7.720194432450031563e-01 7.552820907501788250e-01 7.354955749773209872e-01 7.126397401751515259e-01 6.867128964471281849e-01 6.577446862374362047e-01 6.258121763500049672e-01 5.910576573606208806e-01 5.536950688404315146e-01 5.139381375527991569e-01 4.715391499646240936e-01 4.235132629244247049e-01 3.534674933281538589e-01 2.869144640564478266e-01 2.198376786685347362e-01 1.486165169254276275e-01 1.656595484563825049e-01 1.000000000000000020e+30 1.000000000000000020e+30 1.000000000000000020e+30 1.000000000000000020e+30 1.000000000000000020e+30 1.000000000000000020e+30 1.000000000000000020e+30 1.000000000000000020e+30 1.000000000000000020e+30
1.000000000000000020e+30 1.000000000000000020e+30 1.000000000000000020e+30 1.000000000000000020e+30 1.000000000000000020e+30 1.000000000000000020e+30 1.000000000000000020e+30 1.000000000000000020e+30 1.000000000000000020e+30 1.000000000000000020e+30 1.000000000000000020e+30 1.000000000000000020e+30 1.000000000000000020e+30 1.000000000000000020e+30 1.000000000000000020e+30 1.000000000000000020e+30 1.000000000000000020e+30 1.000000000000000020e+30 1.000000000000000020e+30 1.000000000000000020e+30 1.000000000000000020e+30 7.905518561799544930e-01 7.952503010805687111e-01 8.009325560464036764e-01 8.068810725258672711e-01 8.088857811572993661e-01 8.083903661793442330e-01 8.056094144273741042e-01 8.003340269460064160e-01 7.923161747988246573e-01 7.814117910028910430e-01 7.675311088994426489e-01 7.506062086770453057e-01 7.305796719016327545e-01 7.074036503180908264e-01 6.810434841129283656e-01 6.514828685042627354e-01 6.187272210625017754e-01 5.827972400987224688e-01 5.436908507730169315e-01 5.012575340147834568e-01 4.548639517278097455e-01 4.027325535041260118e-01 3.419140349832942016e-01 2.789339493452668850e-01 2.150307182191074362e-01 1.500039529063666166e-01 1.733901757373451369e-01 1.887526477664361324e-01 1.000000000000000020e+30 1.000000000000000020e+30 1.000000000000000020e+30 1.000000000000000020e+30 1.000000000000000020e+30 1.000000000000000020e+30 1.000000000000000020e+30 1.000000000000000020e+30
1.000000000000000020e+30 1.000000000000000020e+30 1.000000000000000020e+30 1.000000000000000020e+30 1.000000000000000020e+30 1.000000000000000020e+30 1.000000000000000020e+30 1.000000000000000020e+30 1.000000000000000020e+30 1.000000000000000020e+30 1.000000000000000020e+30 1.000000000000000020e+30 1.000000000000000020e+30 1.000000000000000020e+30 1.000000000000000020e+30 1.000000000000000020e+30 1.000000000000000020e+30 1.000000000000000020e+30 7.476485176758357332e-01 7.557502925085802792e-01 7.670337886884122103e-01 7.807055588920411848e-01 7.891499448999955701e-01 7.955876096290159794e-01 8.004132505074248449e-01 8.026232314560185488e-01 8.023093482908856267e-01 7.995020533838317345e-01 7.940907859314936257e-01 7.859198623481632451e-01 7.748547351481338552e-01 7.607855247141046551e-01 7.436177210590546593e-01 7.232655675588312016e-01 6.996495890205264301e-01 6.726967584844748549e-01 6.423413480213223670e-01 6.085236025117560787e-01 5.711808113152863076e-01 5.302205386537239828e-01 4.854613901379546959e-01 4.365415761428397268e-01 3.829065557558672395e-01 3.243843997247048416e-01 2.633191007989254540e-01 2.023639050867423739e-01 1.535642369882157243e-01 1.798836662779510764e-01 1.949566793594738889e-01 2.037535173032781755e-01 1.000000000000000020e+30 1.000000000000000020e+30 1.000000000000000020e+30 1.000000000000000020e+30 1.000000000000000020e+30 1.000000000000000020e+30 1.000000000000000020e+30
1.000000000000000020e+30 1.000000000000000020e+30 1.000000000000000020e+30 1.000000000000000020e+30 1.000000000000000020e+30 1.000000000000000020e+30 1.000000000000000020e+30 1.000000000000000020e+30 1.000000000000000020e+30 1.000000000000000020e+30 1.000000000000000020e+30 1.000000000000000020e+30 1.000000000000000020e+30 1.000000000000000020e+30 1.000000000000000020e+30 1.000000000000000020e+30 7.050942335652183868e-01 7.162190243748874918e-01 7.341130111470113295e-01 7.471888247617897161e-01 7.593409535494898277e-01 7.708730513471968582e-01 7.798989427910343331e-01 7.867401797459979695e-01 7.914787208503218929e-01 7.938169018262849486e-01 7.936520182896547038e-01 7.909102400412298950e-01 7.854827274761111422e-01 7.772388427311470727e-01 7.660491287156402374e-01 7.517921591041329954e-01 7.343528185783928519e-01 7.136189117124132064e-01 6.894786400190290321e-01 6.618192725931657527e-01 6.305265473100785112e-01 5.954840664961879027e-01 5.565720498755121204e-01 5.136663266095072844e-01 4.666448487148245894e-01 4.154273211517371389e-01 3.601031546186685417e-01 3.011433454330310622e-01 2.389326067415789290e-01 1.684737560403707368e-01 1.749885318051180028e-01 1.884059911114903119e-01 1.983197971600465237e-01 2.034919355825373088e-01 2.037635614587602617e-01 2.019649120919216057e-01 1.000000000000000020e+30 1.000000000000000020e+30 1.000000000000000020e+30 1.000000000000000020e+30 1.000000000000000020e+30
1.000000000000000020e+30 1.000000000000000020e+30 1.000000000000000020e+30 1.000000000000000020e+30 1.000000000000000020e+30 1.000000000000000020e+30 1.000000000000000020e+30 1.000000000000000020e+30 1.000000000000000020e+30 1.000000000000000020e+30 1.000000000000000020e+30 1.000000000000000020e+30 1.000000000000000020e+30 1.000000000000000020e+30 1.000000000000000020e+30 6.709315489300671231e-01 6.882521455235789398e-01 7.038066624106047442e-01 7.198715926092406070e-01 7.341142162418234918e-01 7.469122279948032794e-01 7.582675861694344599e-01 7.676135417833543917e-01 7.748219813843770787e-01 7.798026683798893188e-01 7.823873468487611005e-01 7.824442047430913982e-01 7.798585203106910280e-01 7.745092415631661398e-01 7.662669273655909885e-01 7.549994980746457252e-01 7.405748907590475882e-01 7.228600077232089083e-01 7.017179890253448793e-01 6.770052966065392974e-01 6.485693428560387330e-01 6.162471750475274623e-01 5.798662229600384244e-01 5.392498438438702024e-01 4.942347883019831967e-01 4.447179031087992729e-01 3.907719125145499017e-01 3.329188892749990192e-01 2.727437678342880534e-01 2.139701486702351718e-01 1.606321298244637596e-01 1.802599156167150884e-01 1.912712134325266766e-01 1.973299277608545621e-01 1.990707005676784214e-01 1.967755016581384242e-01 1.910959507311190964e-01 1.813443742026543126e-01 1.000000000000000020e+30 1.000000000000000020e+30 1.000000000000000020e+30 1.000000000000000020e+30
1.000000000000000020e+30 1.000000000000000020e+30 1.000000000000000020e+30 1.000000000000000020e+30 1.000000000000000020e+30 1.000000000000000020e+30 1.000000000000000020e+30 1.000000000000000020e+30 1.000000000000000020e+30 1.000000000000000020e+30 1.000000000000000020e+30 1.000000000000000020e+30 1.000000000000000020e+30 1.000000000000000020e+30 6.254128222069653686e-01 6.476659996150258003e-01 6.673465379449338153e-01 6.851578668901797675e-01 7.018336105860208951e-01 7.169601946426328309e-01 7.304873526245421189e-01 7.423083611541669846e-01 7.521647698310182095e-01 7.598786874792612389e-01 7.653029718172216223e-01 7.682831906365853447e-01 7.686768979810358893e-01 7.663511362285602146e-01 7.611738939799967962e-01 7.530103139571271420e-01 7.417221584029503045e-01 7.271668986638818444e-01 7.091952943355768202e-01 6.876478238536312126e-01 6.623506237215539549e-01 6.331115477531940039e-01 5.997171185041424435e-01 5.619318966912700830e-01 5.195037328694415146e-01 4.721825060937003271e-01 4.197674876708632485e-01 3.622114329368805730e-01 2.998590451963730752e-01 2.343439578844806193e-01 1.745816399995258339e-01 1.775668399847616652e-01 1.849327078190151352e-01 1.899473681639569089e-01 1.915567560521684587e-01 1.895958150536172226e-01 1.840668782117969582e-01 1.751562456669083778e-01 1.623850343590525491e-01 1.460611379796792064e-01 1.000000000000000020e+30 1.000000000000000020e+30 1.000000000000000020e+30
1.000000000000000020e+30 1.000000000000000020e+30 1.000000000000000020e+30 1.000000000000000020e+30 1.000000000000000020e+30 1.000000000000000020e+30 1.000000000000000020e+30 1.000000000000000020e+30 1.000000000000000020e+30 1.000000000000000020e+30 1.000000000000000020e+30 1.000000000000000020e+30 1.000000000000000020e+30 5.700369166854418745e-01 5.969113544783006819e-01 6.208730175930347039e-01 6.423411541065588981e-01 6.617944660808520174e-01 6.796056657660316525e-01 6.957672280223597960e-01 7.102203773349251570e-01 7.228442514797090990e-01 7.334546841201452505e-01 7.418726281407826972e-01 7.479310922485329360e-01 7.514691622022775519e-01 7.523353063373945382e-01 7.503859870591238490e-01 7.454811460727102101e-01 7.374801459118426328e-01 7.262385796777133251e-01 7.116049235220125446e-01 6.934163684465017852e-01 6.714937281119672807e-01 6.456355948592965577e-01 6.156120311526159794e-01 5.811582417744551865e-01 5.419690962750992602e-01 4.976965178688729230e-01 4.479544814834318656e-01 3.923392518824473374e-01 3.304448361772697185e-01 2.615438849243748032e-01 1.813367107849669091e-01 1.795803904653068550e-01 1.808878342877988099e-01 1.827727854532724405e-01 1.828783240444854796e-01 1.802141884097443469e-01 1.745361444399219086e-01 1.655503254701848059e-01 1.538280974485043417e-01 1.376442261636738607e-01 1.202942773829925593e-01 8.913057669438215203e-02 1.000000000000000020e+30 1.000000000000000020e+30
1.000000000000000020e+30 1.000000000000000020e+30 1.000000000000000020e+30 1.000000000000000020e+30 1.000000000000000020e+30 1.000000000000000020e+30 1.000000000000000020e+30 1.000000000000000020e+30 1.000000000000000020e+30 1.000000000000000020e+30 1.000000000000000020e+30 1.000000000000000020e+30 5.049289450992116013e-01 5.365451529013874898e-01 5.648843700596938300e-01 5.902949040485406806e-01 6.132150764356564254e-01 6.340672489971050929e-01 6.531400814942798227e-01 6.705030786415602240e-01 6.860993880119387045e-01 6.997944146182175640e-01 7.114086242948061134e-01 7.207536836168038086e-01 7.276476177657463795e-01 7.319186523521634680e-01 7.334065484769302090e-01 7.319607466657422901e-01 7.274362667844262997e-01 7.196889440976946828e-01 7.085705874475093369e-01 6.939238357208022956e-01 6.755763178528676471e-01 6.533338317749570745e-01 6.269723911196154464e-01 5.962290614454195392e-01 5.607914414153644111e-01 5.202852854343319455e-01 4.742592697268376289e-01 4.221686524343705171e-01 3.633885475630883599e-01 2.974706080738447334e-01 2.258615624012473289e-01 1.615617773860943129e-01 1.722957333936828428e-01 1.744204190882820416e-01 1.731939636590735243e-01 1.693813638401808208e-01 1.626701972710468957e-01 1.535310807437578473e-01 1.404571224045843558e-01 1.275703979162606250e-01 1.045704167497886611e-01 9.872643289935062461e-02 1.075647804937835822e-01 1.000000000000000020e+30 1.000000000000000020e+30
1.000000000000000020e+30 1.000000000000000020e+30 1.000000000000000020e+30 1.000000000000000020e+30 1.000000000000000020e+30 1.000000000000000020e+30 1.000000000000000020e+30 1.000000000000000020e+30 1.000000000000000020e+30 1.000000000000000020e+30 1.000000000000000020e+30 4.290986993161401974e-01 4.662615064744726756e-01 4.994898040990902732e-01 5.291343136564070626e-01 5.557247894690907630e-01 5.798273413753557426e-01 6.019286430380800246e-01 6.223206900708836420e-01 6.410576738884081749e-01 6.580356676951858441e-01 6.730726422856221358e-01 6.859563590986174075e-01 6.964727853454752982e-01 7.044199080146430481e-01 7.096126126609887397e-01 7.118827412555267520e-01 7.110758090796682751e-01 7.070457118112314365e-01 6.996486383295238420e-01 6.887367688443568614e-01 6.741516958007132132e-01 6.557171577638563065e-01 6.332305952539658556e-01 6.064531133666455354e-01 5.750975462003138361e-01 5.388141802776610367e-01 4.971723927817945921e-01 4.496309428219437687e-01 3.954694655160403416e-01 3.335810770789139346e-01 2.617535522957558092e-01 1.739587707615374568e-01 1.651211859130551074e-01 1.643521566410285351e-01 1.620501429525841863e-01 1.569391282915529318e-01 1.494954142548576281e-01 1.382218784226745545e-01 1.270676700849656393e-01 1.056963513250086251e-01 1.018597209592460168e-01 1.143346665235035614e-01 1.185353684201476548e-01 1.251377460414314080e-01 1.344511063151170305e-01 1.000000000000000020e+30
1.000000000000000020e+30 1.000000000000000020e+30 1.000000000000000020e+30 1.000000000000000020e+30 1.000000000000000020e+30 1.000000000000000020e+30 1.000000000000000020e+30 1.000000000000000020e+30 1.000000000000000020e+30 1.000000000000000020e+30 3.390370859095082068e-01 3.843792825625080289e-01 4.242196064099398867e-01 4.589306901754924284e-01 4.895483288399796185e-01 5.169298162190759660e-01 5.418886765790570381e-01 5.650943866686642947e-01 5.868873450846727735e-01 6.072271030127788238e-01 6.258819506012190947e-01 6.425733183259842995e-01 6.570264337327875737e-01 6.689863242435352131e-01 6.782247135099406243e-01 6.845418554845029702e-01 6.877638354377989538e-01 6.877365067362489759e-01 6.843177542560439086e-01 6.773694637372869032e-01 6.667497803958852831e-01 6.523054602045682548e-01 6.338636202659782004e-01 6.112220304200319809e-01 5.841372298259805973e-01 5.523101827453401613e-01 5.153698930546193324e-01 4.728561973560552745e-01 4.242028339352260646e-01 3.687164076411461600e-01 3.055194841234184500e-01 2.333317657199067419e-01 1.498141439752977977e-01 1.512960127498255980e-01 1.486204354414492890e-01 1.431524158810085490e-01 1.336464854191820040e-01 1.240191752273231002e-01 1.041589831383076398e-01 1.012517754169105222e-01 1.141530714742586272e-01 1.180063230513506423e-01 1.227187040295629195e-01 1.263161786312144430e-01 1.304172968917246822e-01 1.342441252440450816e-01 1.000000000000000020e+30
1.000000000000000020e+30 1.000000000000000020e+30 1.000000000000000020e+30 1.000000000000000020e+30 1.000000000000000020e+30 1.000000000000000020e+30 1.000000000000000020e+30 1.000000000000000020e+30 1.000000000000000020e+30 2.172009032507397075e-01 2.855380326402749414e-01 3.373070528531343371e-01 3.797177606615701473e-01 4.151071826164478562e-01 4.460446860285151582e-01 4.735861267170077271e-01 4.988981461766418546e-01 5.230225107246200267e-01 5.464020588891350672e-01 5.687118463559801551e-01 5.894464352871440216e-01 6.081782030256137617e-01 6.245520093303028597e-01 6.382633461427311694e-01 6.490543182675531098e-01 6.567119158657267475e-01 6.610613717457282101e-01 6.619555866391653165e-01 6.592635180318311416e-01 6.528595692348548862e-01 6.426145534793596958e-01 6.283876181719383336e-01 6.100178146297625670e-01 5.873137770027470062e-01 5.600401993249015664e-01 5.279005673574097557e-01 4.905173348717296600e-01 4.474146596178657509e-01 3.980185177598336566e-01 3.417147688422660368e-01 2.780684058876541909e-01 2.073784660762157117e-01 1.311280458014422168e-01 1.322201148903642265e-01 1.262551726699013277e-01 1.188301843161229943e-01 1.009494530701452453e-01 9.918588682258207279e-02 1.128601127123718545e-01 1.173868765352394233e-01 1.220021646437775553e-01 1.236638168296008561e-01 1.226190886461772656e-01 1.240187720145577849e-01 1.264239042575223682e-01 1.283422525728571129e-01 1.000000000000000020e+30
1.000000000000000020e+30 1.000000000000000020e+30 1.000000000000000020e+30 1.000000000000000020e+30 1.000000000000000020e+30 1.000000000000000020e+30 1.000000000000000020e+30 1.000000000000000020e+30 3.416383894790126496e-01 2.846954652187058676e-01 2.400936335591240256e-01 2.914247008516717696e-01 3.343514466633053517e-01 3.680856740982708097e-01 3.984933518567442268e-01 4.252116499952460216e-01 4.500037518400880066e-01 4.747647045698288326e-01 5.002115943519880314e-01 5.251455276264671568e-01 5.485256620464965538e-01 5.697778053775269802e-01 5.884859331252423331e-01 6.042979914651389617e-01 6.169264749316208940e-01 6.261503331196647260e-01 6.318033565074610003e-01 6.337561240351263780e-01 6.318984032698268249e-01 6.261253137408473446e-01 6.163275511699626286e-01 6.023841455496220521e-01 5.841553303407767128e-01 5.614728509566054848e-01 5.341252553966907568e-01 5.018363971931741885e-01 4.642369258061299075e-01 4.208320316122596272e-01 3.709780359207071609e-01 3.139167112379043223e-01 2.490976689356497187e-01 1.779512534529425760e-01 1.129755351049240020e-01 1.106659124856846782e-01 9.577489726983921814e-02 9.533915896458702854e-02 1.096911699535434853e-01 1.152832656699279146e-01 1.210444061206665117e-01 1.237993390805425670e-01 1.232015525439517645e-01 1.224354316839177254e-01 1.104758410814813685e-01 1.111260296008924342e-01 1.133434420263783465e-01 1.147976646964955910e-01 1.000000000000000020e+30
1.000000000000000020e+30 1.000000000000000020e+30 1.000000000000000020e+30 1.000000000000000020e+30 1.000000000000000020e+30 1.000000000000000020e+30 1.000000000000000020e+30 4.408009222041079367e-01 3.904418711861032953e-01 3.313299079697082927e-01 2.499623940124204025e-01 2.454724818293170796e-01 2.899895333909554562e-01 3.164274036786899891e-01 3.468707340803598993e-01 3.711807707390999411e-01 3.937231352570436660e-01 4.185686078012539335e-01 4.474513227058325993e-01 4.762164155131518584e-01 5.029721039319557940e-01 5.273022829825189106e-01 5.488214684286139011e-01 5.671271362888598011e-01 5.818983477435292206e-01 5.929161531413839059e-01 6.000398455562327982e-01 6.031744194227859346e-01 6.022435542618905790e-01 5.971721624146361096e-01 5.878773352942634478e-01 5.742643097146679088e-01 5.562232608545250034e-01 5.336226328129721752e-01 5.062949144984977279e-01 4.740109949963102753e-01 4.364395106665658330e-01 3.930867939910735465e-01 3.432008996348240859e-01 2.855520736218901678e-01 2.176979831411769151e-01 1.331228157390533517e-01 9.781034392152938850e-02 9.201412027989513964e-02 1.049110469930179812e-01 1.108387048501744548e-01 1.175073687500251540e-01 1.215634539996192504e-01 1.226251746174629037e-01 1.239731600426001445e-01 1.149739331366851081e-01 1.228000710584224997e-01 1.496932033336089152e-01 1.610742478208927464e-01 1.669274111328854782e-01 1.695877181722010851e-01 1.000000000000000020e+30
1.000000000000000020e+30 1.000000000000000020e+30 1.000000000000000020e+30 1.000000000000000020e+30 1.000000000000000020e+30 1.000000000000000020e+30 5.231633831131596857e-01 4.836815147880866306e-01 4.401841140878712255e-01 3.920117163693510598e-01 3.408446829221963847e-01 3.053811580767691880e-01 2.552230045102443778e-01 2.524560681014635932e-01 2.932767009432011851e-01 3.109748715755059068e-01 3.273469543097756729e-01 3.507083962893955409e-01 3.873742944799696275e-01 4.220540383799781248e-01 4.527797026929475943e-01 4.807355546164407412e-01 5.056117416854155611e-01 5.268539616132086323e-01 5.440852988959807846e-01 5.571111925876212068e-01 5.658480421496197010e-01 5.702616404388339832e-01 5.703265224153498680e-01 5.660059464149517217e-01 5.572468804742121140e-01 5.439833434007459445e-01 5.261413891854888059e-01 5.036395073942485645e-01 4.763786551986304296e-01 4.442158817000335658e-01 4.069156505954392711e-01 3.640781176615881520e-01 3.150575891467517486e-01 2.588793602850990028e-01 1.940537737352105163e-01 1.182509031554422330e-01 1.085711180777411411e-01 1.062086241981014534e-01 1.112991523443190439e-01 1.159194581903895266e-01 1.183028248468429716e-01 1.212317331428027362e-01 1.143204888639175881e-01 1.249039952922855606e-01 1.569200500949949340e-01 1.763664191796167902e-01 1.950039299142578841e-01 2.072074976889264064e-01 2.144004074690907535e-01 2.177519854087749951e-01 1.000000000000000020e+30
1.000000000000000020e+30 1.000000000000000020e+30 1.000000000000000020e+30 1.000000000000000020e+30 1.000000000000000020e+30 5.834583477098549409e-01 5.557157863529381681e-01 5.233849874657737766e-01 4.871187530458462311e-01 4.478846043241891395e-01 4.078787675611509900e-01 3.716033121594565225e-01 3.344984091125538517e-01 3.044672339905345471e-01 2.543432328188739433e-01 2.437511165239382716e-01 2.457465812215098855e-01 2.614645891776856690e-01 3.214486558886447409e-01 3.642421115951222643e-01 3.979582653258668112e-01 4.300359617420014269e-01 4.589892483661218714e-01 4.836865128485466903e-01 5.036873828084741378e-01 5.188917841781885976e-01 5.293342326913811347e-01 5.350817424723103288e-01 5.361795529225321655e-01 5.326340371277246133e-01 5.244183451231421156e-01 5.114898532998884972e-01 4.938096008889879540e-01 4.713555471413145015e-01 4.441228322183471411e-01 4.121023883354585360e-01 3.752246569906128593e-01 3.332624916576225060e-01 2.857553083076104783e-01 2.321628983360304044e-01 1.722636629608166603e-01 1.064614001433709517e-01 1.023216611897047740e-01 1.032414359246148355e-01 1.084827588687315020e-01 1.135932401026836930e-01 1.089247262995299698e-01 1.211316851696839364e-01 1.550801639245126540e-01 1.780876243399603931e-01 2.020653051934976907e-01 2.215007214537349778e-01 2.376319460833666852e-01 2.493161097168835327e-01 2.567273908667755400e-01 2.603028301721110882e-01 1.000000000000000020e+30
1.000000000000000020e+30 1.000000000000000020e+30 1.000000000000000020e+30 1.000000000000000020e+30 1.000000000000000020e+30 6.046733403620377922e-01 5.861439126354252016e-01 5.600958577265207072e-01 5.298517177719006543e-01 4.970980145966041319e-01 4.634845765813245255e-01 4.307151678004893514e-01 3.985129997775244126e-01 3.681839607971565953e-01 3.367186596865161530e-01 3.176485420280928396e-01 3.054760260633749835e-01 2.935905119366729044e-01 2.644394926629994869e-01 3.075185693999765713e-01 3.370110820316902234e-01 3.749103683593959513e-01 4.092653375075265276e-01 4.380226256442437682e-01 4.610264090134362225e-01 4.784761420601503779e-01 4.906267786354327476e-01 4.977012729525508994e-01 4.998329622145927242e-01 4.970657334948495598e-01 4.893812903763585798e-01 4.767406460691323011e-01 4.591263079086896903e-01 4.365752965935222329e-01 4.091982909259756496e-01 3.771763270904123777e-01 3.407024558956964766e-01 2.997965622495649129e-01 2.540262899843259703e-01 2.028840928745802019e-01 1.471081629131445190e-01 9.427662343690000613e-02 8.127810039801584840e-02 8.622425763454640013e-02 9.610371812936691072e-02 1.113866070498894661e-01 1.455971148713717522e-01 1.704354336154916827e-01 1.973980403190848942e-01 2.210715999286627376e-01 2.426832438141685866e-01 2.609992048212078641e-01 2.758745551045847511e-01 2.869430309701784809e-01 2.941850490466990653e-01 2.977477841220463328e-01 1.000000000000000020e+30
1.000000000000000020e+30 1.000000000000000020e+30 1.000000000000000020e+30 1.000000000000000020e+30 6.604601086195510673e-01 6.380315880778947291e-01 6.175809744078500918e-01 5.943194712612650532e-01 5.682094868671273558e-01 5.400679936146743909e-01 5.109190702981869503e-01 4.817140441604894630e-01 4.528940755719813027e-01 4.250744085660064786e-01 3.985266319776525346e-01 3.763489796180466418e-01 3.565379405916899724e-01 3.345221743507080792e-01 3.028391385880711550e-01 2.560146279149674853e-01 2.594867262794193219e-01 3.154112950220874789e-01 3.574502865327282564e-01 3.906150915642978005e-01 4.165756556256445253e-01 4.361320726537492032e-01 4.498489319404029851e-01 4.581642305539949112e-01 4.613001253953895042e-01 4.593110433116274760e-01 4.521456262684971916e-01 4.397260798139920324e-01 4.220232433309945574e-01 3.991143005625061302e-01 3.712295065585461962e-01 3.387995494088173465e-01 3.024665544964130759e-01 2.627766446555099278e-01 2.189457599331252891e-01 1.691747058654443359e-01 1.095721898368275382e-01 9.532168428513582148e-02 8.660040077502455247e-02 1.119147418872168814e-01 1.326143926006840834e-01 1.548359813596109635e-01 1.821956511825185421e-01 2.083344428073215238e-01 2.339042639342698571e-01 2.571746158782628466e-01 2.777980685845649611e-01 2.952616098985060833e-01 3.093465195900727549e-01 3.198926814970977639e-01 3.268665390502380474e-01 3.303237743002520044e-01 1.000000000000000020e+30
1.000000000000000020e+30 1.000000000000000020e+30 1.000000000000000020e+30 1.000000000000000020e+30 6.768743093108924302e-01 6.632480694785763964e-01 6.455287370808422409e-01 6.249365346056093840e-01 6.019696328133983254e-01 5.772286263429133868e-01 5.513985407529765626e-01 5.251220570735011250e-01 4.988769472007346106e-01 4.731096371285045676e-01 4.482041999526623632e-01 4.247746976301857158e-01 4.017644227212073815e-01 3.769341930628312687e-01 3.479821557564803380e-01 3.161802669139465172e-01 2.938139555692325100e-01 2.614834552730611605e-01 3.064752768554253604e-01 3.425987012423600819e-01 3.708889818585193177e-01 3.921178406171318964e-01 4.070543538228518221e-01 4.164437275446865039e-01 4.205503079987843451e-01 4.193774793434106862e-01 4.127611310289494018e-01 4.005090720672168092e-01 3.825225688285713299e-01 3.588727552131603660e-01 3.298636347111260081e-01 2.961674123312755258e-01 2.591870061580151541e-01 2.212325966655862841e-01 1.808481469553259169e-01 1.360077850323257176e-01 9.004605656981848338e-02 8.105627477744367648e-02 1.057813093638054897e-01 1.325493152468218416e-01 1.580705294827349783e-01 1.837628221152360630e-01 2.108130126088137157e-01 2.377746294102281999e-01 2.638526299500610350e-01 2.872223407996155053e-01 3.075081053470773984e-01 3.244543723389607393e-01 3.380028582190590103e-01 3.481305712042045419e-01 3.548270753766291641e-01 3.581424726595059393e-01 1.000000000000000020e+30
1.000000000000000020e+30 1.000000000000000020e+30 1.000000000000000020e+30 7.167598622567781241e-01 7.010098230817124465e-01 6.865618786253009365e-01 6.702354651486499559e-01 6.516773368668498101e-01 6.310997454608918700e-01 6.089092161139679771e-01 5.855830875815737357e-01 5.615822254996726270e-01 5.372906198463998084e-01 5.130198505603698056e-01 4.889766892347108262e-01 4.651958769566308383e-01 4.410721725271979365e-01 4.155638256260563157e-01 3.878778473083654421e-01 3.586011692806710949e-01 3.296471222429830372e-01 2.958818308165838684e-01 2.559947825273790611e-01 2.942823438121298096e-01 3.243191811905726807e-01 3.465929002380666590e-01 3.621034181353388615e-01 3.723651073916056098e-01 3.774663662052838986e-01 3.772660902145575368e-01 3.713469081289180740e-01 3.592794135006732725e-01 3.408182312598543318e-01 3.159659171563892754e-01 2.849669167536262315e-01 2.483769195776461824e-01 2.081924367276655474e-01 1.731765849352333297e-01 1.379952636854505643e-01 9.445216589597486834e-02 8.376225728599576148e-02 7.723723324663382683e-02 1.132077535973123189e-01 1.448976438043170223e-01 1.739926956673410186e-01 2.021401570087549837e-01 2.305076763082376801e-01 2.592669063262672546e-01 2.878516138698635762e-01 3.118521391395938092e-01 3.321910065008560897e-01 3.487912595744390165e-01 3.619166380008484452e-01 3.717038568442403990e-01 3.781175453624329164e-01 3.812474980192231411e-01 1.000000000000000020e+30
1.000000000000000020e+30 1.000000000000000020e+30 1.000000000000000020e+30 7.268708393541963853e-01 7.180991520050949983e-01 7.059137475173732357e-01 6.912249041807425609e-01 6.743648345768125107e-01 6.556328010425540587e-01 6.353674327004509292e-01 6.139288976065319092e-01 5.916596930123737552e-01 5.688481076788144408e-01 5.457053420998956295e-01 5.223294640713197490e-01 4.986440766457885809e-01 4.742878982259379206e-01 4.487243970319447772e-01 4.215330036177908357e-01 3.926730602378646351e-01 3.620721537195432660e-01 3.279575127056035266e-01 2.892925334636394230e-01 2.457615791557183627e-01 2.772575730492137236e-01 2.997246977101561960e-01 3.143982309890775428e-01 3.255122375516706912e-01 3.317832854566326040e-01 3.329716041900417922e-01 3.281395470081833743e-01 3.164215632062575834e-01 2.973601011318932619e-01 2.708951959878552196e-01 2.371440099787648914e-01 1.954198419332053571e-01 1.430003184541436823e-01 1.160237284196748847e-01 9.400734167738811209e-02 7.322441192084624961e-02 6.345527325928829177e-02 7.251235372313023786e-02 1.152528492786271674e-01 1.503900987025275360e-01 1.816057088734414904e-01 2.112283423457474441e-01 2.409306564148618324e-01 2.722454623066739021e-01 3.079371021760025084e-01 3.318059217290179053e-01 3.524104420314571051e-01 3.685116118987352141e-01 3.811646717036389909e-01 3.907120160139055942e-01 3.967958478040463088e-01 3.996074383777246108e-01 1.000000000000000020e+30
1.000000000000000020e+30 1.000000000000000020e+30 1.000000000000000020e+30 7.401818201423839838e-01 7.329720328094089243e-01 7.220576329295000928e-01 7.085764549525385148e-01 6.930027224645965989e-01 6.756526981096964146e-01 6.568171901174288951e-01 6.367808440060580555e-01 6.158065816484203925e-01 5.941117788205625416e-01 5.718447033720527317e-01 5.490567034380570144e-01 5.256701546356006283e-01 5.014556926459655672e-01 4.760872155803882455e-01 4.492498213686496045e-01 4.206866593483868377e-01 3.900076933497771403e-01 3.563529098207697254e-01 3.189679060747405703e-01 2.772763941786324238e-01 2.306562462768878552e-01 2.522312514902644853e-01 2.619315417441245852e-01 2.752553792147587886e-01 2.829777891606619078e-01 2.865002750989211755e-01 2.835886909713339343e-01 2.725996688828967174e-01 2.528708428670609631e-01 2.244997872407714368e-01 1.884581518135252931e-01 1.440440739935650860e-01 1.382353587519233318e-01 1.216165540757664365e-01 1.016675056487051088e-01 7.987059312187427818e-02 5.663192422478997151e-02 1.000000000000000020e+30 1.000000000000000020e+30 1.000000000000000020e+30 1.000000000000000020e+30 1.000000000000000020e+30 1.000000000000000020e+30 1.000000000000000020e+30 3.314816339105147724e-01 3.468193530340005215e-01 3.690659424989390369e-01 3.837201355320118412e-01 3.956428368883317392e-01 4.053717533292943709e-01 4.109750112077387163e-01 4.130263307132379658e-01 1.000000000000000020e+30
1.000000000000000020e+30 1.000000000000000020e+30 7.653942168582202887e-01 7.552196247077608282e-01 7.460184962371598782e-01 7.351644813076602114e-01 7.223270738690905635e-01 7.076195245302832060e-01 6.912449879036542955e-01 6.734291227569504379e-01 6.543984935739188824e-01 6.343620066949868797e-01 6.134911262209219451e-01 5.918999844472438987e-01 5.696256044372948191e-01 5.466113845939682969e-01 5.227033468317477949e-01 4.976757079277243090e-01 4.712702823156914578e-01 4.432035515686134630e-01 4.131020489663441153e-01 3.804371985163146896e-01 3.446592625076380645e-01 3.051514161851396900e-01 2.607514050031782271e-01 2.078771388872987236e-01 1.971705804977235410e-01 2.220180367661854781e-01 2.298417824486888306e-01 2.379560654280786225e-01 2.385889190554916495e-01 2.289179809206093874e-01 2.082927165079294374e-01 1.768547548363829658e-01 1.389842970433800562e-01 1.406358405140947510e-01 1.347852926582457089e-01 1.209336550854168690e-01 1.014365913496022564e-01 7.807429397921861192e-02 5.428537700908965535e-02 1.000000000000000020e+30 1.000000000000000020e+30 1.000000000000000020e+30 1.000000000000000020e+30 1.000000000000000020e+30 1.000000000000000020e+30 1.000000000000000020e+30 1.000000000000000020e+30 1.000000000000000020e+30 3.853575893507656946e-01 3.938015974689166310e-01 4.045357220949552524e-01 4.164429479157638059e-01 4.210292612897025277e-01 4.208333628553355132e-01 1.000000000000000020e+30
1.000000000000000020e+30 1.000000000000000020e+30 7.702539133996391119e-01 7.639012023645836980e-01 7.552737361521677517e-01 7.447384813428832295e-01 7.323459555272369137e-01 7.182033341231173207e-01 7.024694257169838973e-01 6.853278784783249922e-01 6.669672213001395233e-01 6.475635079210484424e-01 6.272633176925798137e-01 6.061671840780487042e-01 5.843145674357844710e-01 5.616732638698752611e-01 5.381380839390296211e-01 5.135426550752225650e-01 4.876767172810786422e-01 4.602928095780948747e-01 4.310967065437163459e-01 3.997537991797665557e-01 3.659612759098309631e-01 3.295360033283228351e-01 2.906422598459413309e-01 2.509090665630626105e-01 2.192002795762395539e-01 1.768676541841999461e-01 1.675306403163377422e-01 1.880627773058751728e-01 1.950666536593653466e-01 1.872998738023878840e-01 1.654990636568456075e-01 1.264044428504779716e-01 1.331544335346017682e-01 1.352505126942930846e-01 1.298181378963208232e-01 1.162856743357850026e-01 9.533043822875070239e-02 6.680840822711114901e-02 1.000000000000000020e+30 1.000000000000000020e+30 1.000000000000000020e+30 1.000000000000000020e+30 1.000000000000000020e+30 1.000000000000000020e+30 1.000000000000000020e+30 1.000000000000000020e+30 1.000000000000000020e+30 1.000000000000000020e+30 1.000000000000000020e+30 1.000000000000000020e+30 1.000000000000000020e+30 4.278989338391848141e-01 4.282558953433003857e-01 1.000000000000000020e+30 1.000000000000000020e+30
1.000000000000000020e+30 7.816878509139871811e-01 7.761838032053492986e-01 7.695326592644350372e-01 7.610543456646305938e-01 7.507173197808583165e-01 7.385797983166885183e-01 7.247489542754675940e-01 7.093671258534401947e-01 6.925971136952169260e-01 6.746080069773889853e-01 6.555611692736083018e-01 6.355958404509771675e-01 6.148146521086714777e-01 5.932703565750077068e-01 5.709562547310759184e-01 5.478034423085256233e-01 5.236865524848975939e-01 4.984351624118045776e-01 4.718457820159327465e-01 4.436950847628315375e-01 4.137680174359195662e-01 3.819187954960275855e-01 3.481690230088130278e-01 3.128932732468336919e-01 2.771724450797074524e-01 2.428983089448749633e-01 2.073957360020935448e-01 1.777375090730581586e-01 1.425346838690812190e-01 1.571986681082615800e-01 1.505476517744490095e-01 1.306857592186605466e-01 1.048050907512076552e-01 1.224494310589014368e-01 1.278785690043640344e-01 1.233997953067693804e-01 1.094189839826157640e-01 8.700990784490343632e-02 6.158812696824164656e-02 1.000000000000000020e+30 1.000000000000000020e+30 1.000000000000000020e+30 1.000000000000000020e+30 1.000000000000000020e+30 1.000000000000000020e+30 1.000000000000000020e+30 1.000000000000000020e+30 1.000000000000000020e+30 1.000000000000000020e+30 1.000000000000000020e+30 1.000000000000000020e+30 1.000000000000000020e+30 1.000000000000000020e+30 1.000000000000000020e+30 1.000000000000000020e+30 1.000000000000000020e+30
1.000000000000000020e+30 7.819856100841470203e-01 7.780177608716047910e-01 7.717039041709737868e-01 7.633500204325924798e-01 7.530840246852427144e-01 7.410133529764364457e-01 7.272596937203900103e-01 7.119646053190294976e-01 6.952852692891532405e-01 6.773864608395911979e-01 6.584303201896131164e-01 6.385641582397350025e-01 6.179066600024506473e-01 5.965337942565228646e-01 5.744670761794800073e-01 5.516676848743466977e-01 5.280390168585609167e-01 5.034373612443377999e-01 4.776886112355244740e-01 4.506107403380488763e-01 4.220458219479778506e-01 3.919060069753441122e-01 3.602322003492796632e-01 3.272584103322719318e-01 2.934200731931443928e-01 2.590272536219588306e-01 2.230452960685981312e-01 1.842571008056672066e-01 1.326963667548942960e-01 1.312768984795255611e-01 1.175931889999942137e-01 9.234571913768577223e-02 9.983276461061078855e-02 1.143592334558341111e-01 1.208503370450396130e-01 1.168894379350468166e-01 1.012933096738376088e-01 7.186544966715317784e-02 1.000000000000000020e+30 1.000000000000000020e+30 1.000000000000000020e+30 1.000000000000000020e+30 1.000000000000000020e+30 1.000000000000000020e+30 1.000000000000000020e+30 1.000000000000000020e+30 1.000000000000000020e+30 1.000000000000000020e+30 1.000000000000000020e+30 1.000000000000000020e+30 1.000000000000000020e+30 1.000000000000000020e+30 1.000000000000000020e+30 1.000000000000000020e+30 1.000000000000000020e+30 1.000000000000000020e+30
7.827842199316438210e-01 7.810469003220570361e-01 7.769669435632156063e-01 7.706422682658818912e-01 7.622294654344329290e-01 7.518585227093873558e-01 7.396524672030774239e-01 7.257427235339231064e-01 7.102752419552824659e-01 6.934106458549639251e-01 6.753207105004341848e-01 6.561816225364558441e-01 6.361635409112723627e-01 6.154160859848830656e-01 5.940506875254515373e-01 5.721231013844502167e-01 5.496217778553136313e-01 5.264675574622339482e-01 5.025257714661085506e-01 4.776280591545173926e-01 4.516004607292147255e-01 4.242951455874977018e-01 3.956229378591566981e-01 3.655799664348682865e-01 3.342529096927566723e-01 3.017614434496915798e-01 2.680553421924202762e-01 2.325712509618955148e-01 1.943608295220123350e-01 1.516489214145587960e-01 1.080778033291827367e-01 8.656970599618307727e-02 7.303389864431530931e-02 7.806985458023575630e-02 1.046500835956870740e-01 1.146630660991216771e-01 1.123768654854778171e-01 9.720533518098517511e-02 6.359644618992324472e-02 1.000000000000000020e+30 1.000000000000000020e+30 1.000000000000000020e+30 1.000000000000000020e+30 1.000000000000000020e+30 1.000000000000000020e+30 1.000000000000000020e+30 1.000000000000000020e+30 1.000000000000000020e+30 1.000000000000000020e+30 1.000000000000000020e+30 1.000000000000000020e+30 1.000000000000000020e+30 1.000000000000000020e+30 1.000000000000000020e+30 1.000000000000000020e+30 1.000000000000000020e+30 1.000000000000000020e+30
7.793225666993216505e-01 7.772402158530892224e-01 7.729230159844945325e-01 7.663890624368310256e-01 7.577311973667825162e-01 7.470630707250519587e-01 7.345087629626444459e-01 7.202042417220796411e-01 7.043006466411781963e-01 6.869666213703804480e-01 6.683888145777266976e-01 6.487690679639828151e-01 6.283160324521521733e-01 6.072289136969394319e-01 5.856728293906356964e-01 5.637497798603501309e-01 5.414757138906916012e-01 5.187762876323751549e-01 4.955031591741397845e-01 4.714644983457012550e-01 4.464615238191644297e-01 4.203229897710537011e-01 3.929311488772671557e-01 3.642320832359557392e-01 3.342232709609030405e-01 3.029123237506538002e-01 2.702316196219460287e-01 2.359572046923791855e-01 1.998450061795518096e-01 1.620549299514013331e-01 1.251713519125866592e-01 9.544749319666541443e-02 7.390977532082414203e-02 7.691301237460868023e-02 1.017891479174653779e-01 1.111226979097289236e-01 1.097120678539820066e-01 9.544587230502610264e-02 3.078537353597045681e-02 1.000000000000000020e+30 1.000000000000000020e+30 1.000000000000000020e+30 1.000000000000000020e+30 1.000000000000000020e+30 1.000000000000000020e+30 1.000000000000000020e+30 1.000000000000000020e+30 1.000000000000000020e+30 1.000000000000000020e+30 1.000000000000000020e+30 1.000000000000000020e+30 1.000000000000000020e+30 1.000000000000000020e+30 1.000000000000000020e+30 1.000000000000000020e+30 1.000000000000000020e+30 1.000000000000000020e+30
7.727212036115297389e-01 7.704324210147099894e-01 7.658310619854520329e-01 7.589517254706319438e-01 7.498773449763453947e-01 7.387167733173282125e-01 7.255944853133399208e-01 7.106486743266703376e-01 6.940343191123568012e-01 6.759286936582866723e-01 6.565373642122657172e-01 6.360975519604630257e-01 6.148740439515889555e-01 5.931416023204475474e-01 5.711491635784200493e-01 5.490685871245498673e-01 5.269476677195999992e-01 5.047000868082487379e-01 4.821323303544315930e-01 4.589912825610941716e-01 4.350175285318352847e-01 4.099893024579869261e-01 3.837491695287201798e-01 3.562052388248883594e-01 3.273070335365572681e-01 2.970355190356255282e-01 2.653863244670620070e-01 2.323371911393958822e-01 1.979225891213696742e-01 1.622180607563772081e-01 1.255229340940271221e-01 8.635875120994039589e-02 8.959392053751047413e-02 9.525467850498438305e-02 1.047326999419118249e-01 1.074935285050657580e-01 9.926732611128780137e-02 5.411239299748888537e-02 1.000000000000000020e+30 1.000000000000000020e+30 1.000000000000000020e+30 1.000000000000000020e+30 1.000000000000000020e+30 1.000000000000000020e+30 1.000000000000000020e+30 1.000000000000000020e+30 1.000000000000000020e+30 1.000000000000000020e+30 1.000000000000000020e+30 1.000000000000000020e+30 1.000000000000000020e+30 1.000000000000000020e+30 1.000000000000000020e+30 1.000000000000000020e+30 1.000000000000000020e+30 1.000000000000000020e+30 1.000000000000000020e+30
7.631425637165318854e-01 7.606558739940899594e-01 7.557050414636106161e-01 7.483518032546637722e-01 7.386914873745769050e-01 7.268395390894587527e-01 7.129235352753012789e-01 6.970818093728812226e-01 6.794686793444300044e-01 6.602652216569853127e-01 6.396939160038209726e-01 6.180330285860626827e-01 5.956228371668086385e-01 5.728512931560704180e-01 5.501040635483955832e-01 5.276710004088910333e-01 5.056421118307273810e-01 4.838916111642218576e-01 4.621319283104127207e-01 4.399936716292112138e-01 4.171111149259978390e-01 3.931838119501346318e-01 3.680123778259156153e-01 3.414904656370831848e-01 3.135292788551095056e-01 2.840997878391292031e-01 2.532933952365773456e-01 2.212147726054829455e-01 1.881928192218268181e-01 1.540365042333769474e-01 1.187636746775933561e-01 8.260218609371769438e-02 9.303307902315005595e-02 9.999742374489611896e-02 1.041220628895020844e-01 1.014067561318532235e-01 8.683227917130013906e-02 5.005264803340161994e-02 1.000000000000000020e+30 1.000000000000000020e+30 1.000000000000000020e+30 1.000000000000000020e+30 1.000000000000000020e+30 1.000000000000000020e+30 1.000000000000000020e+30 1.000000000000000020e+30 1.000000000000000020e+30 1.000000000000000020e+30 1.000000000000000020e+30 1.000000000000000020e+30 1.000000000000000020e+30 1.000000000000000020e+30 1.000000000000000020e+30 1.000000000000000020e+30 1.000000000000000020e+30 1.000000000000000020e+30 1.000000000000000020e+30
7.507207167731630992e-01 7.479969852776793271e-01 7.426018979464138470e-01 7.346306718733723873e-01 7.242045103800568429e-01 7.114545477962512798e-01 6.965136653474385264e-01 6.795160889958891115e-01 6.606057092324458813e-01 6.399539554210957881e-01 6.177873090789202104e-01 5.944207064886756209e-01 5.702865210193153178e-01 5.459384379207514737e-01 5.219949567087376341e-01 4.989698837026331768e-01 4.770119911668158630e-01 4.559011744702644031e-01 4.351739284275996655e-01 4.142566359795709086e-01 3.926132069306297323e-01 3.698267300960838000e-01 3.456625645999348295e-01 3.200746859745727257e-01 2.928931693345624976e-01 2.640181309105003593e-01 2.337445193818552258e-01 2.020936754568052607e-01 1.704352782870059702e-01 1.375816426589613339e-01 1.032681223123539938e-01 7.745535341822948339e-02 9.014231799112314147e-02 9.716318849297432558e-02 9.979722934138650359e-02 9.395782416190383290e-02 7.659053471240095945e-02 4.955653268323891719e-02 1.000000000000000020e+30 1.000000000000000020e+30 1.000000000000000020e+30 1.000000000000000020e+30 1.000000000000000020e+30 1.000000000000000020e+30 1.000000000000000020e+30 1.000000000000000020e+30 1.000000000000000020e+30 1.000000000000000020e+30 1.000000000000000020e+30 1.000000000000000020e+30 1.000000000000000020e+30 1.000000000000000020e+30 1.000000000000000020e+30 1.000000000000000020e+30 1.000000000000000020e+30 1.000000000000000020e+30 1.000000000000000020e+30
7.356099176855146471e-01 7.325786013831503407e-01 7.266080381233613883e-01 7.178447333993772661e-01 7.064520265454580228e-01 6.925861250621255794e-01 6.763864801608594490e-01 6.579758415146914619e-01 6.374707368002802133e-01 6.150065664233046459e-01 5.907819099006149655e-01 5.651214859710667060e-01 5.385487696607413888e-01 5.118433688332868492e-01 4.860302464347538987e-01 4.621109292201942553e-01 4.402977882421441613e-01 4.201494573190964754e-01 4.008901177315005726e-01 3.815904643953325071e-01 3.614588171147518070e-01 3.398959289978356613e-01 3.166239926714286557e-01 2.919695159396641371e-01 2.654863710839802660e-01 2.366783628397641781e-01 2.067143923333481514e-01 1.739106651531577841e-01 1.445924742019966680e-01 1.130871592536449172e-01 6.920675719251481728e-02 7.549643073850721697e-02 8.217811714155118241e-02 8.777692400904592296e-02 9.280108612440267357e-02 8.605539029713972499e-02 6.406267283045836980e-02 1.000000000000000020e+30 1.000000000000000020e+30 1.000000000000000020e+30 1.000000000000000020e+30 1.000000000000000020e+30 1.000000000000000020e+30 1.000000000000000020e+30 1.000000000000000020e+30 1.000000000000000020e+30 1.000000000000000020e+30 1.000000000000000020e+30 1.000000000000000020e+30 1.000000000000000020e+30 1.000000000000000020e+30 1.000000000000000020e+30 1.000000000000000020e+30 1.000000000000000020e+30 1.000000000000000020e+30 1.000000000000000020e+30 1.000000000000000020e+30
7.180170419913380897e-01 7.145658544624672315e-01 7.078334716910869018e-01 6.980565739161386229e-01 6.854651089813543763e-01 6.702513381567349882e-01 6.525621355004698199e-01 6.324991671696728046e-01 6.101272608038699197e-01 5.855023733046293977e-01 5.587335353901763391e-01 5.300847912769186543e-01 5.001168291959756651e-01 4.698511543868537643e-01 4.409948172404905553e-01 4.158094607608687765e-01 3.944370520172597594e-01 3.758927365747348204e-01 3.589022445667975902e-01 3.418832768786410070e-01 3.237284772553779555e-01 3.035232618432007756e-01 2.806619289569923237e-01 2.572226457512164499e-01 2.317575394997230254e-01 2.016556315640518071e-01 1.734853594275765909e-01 1.328560881219921497e-01 1.110232004214155160e-01 9.031201490711615598e-02 6.775667179161108666e-02 6.208452097205840320e-02 6.362905311227161353e-02 6.678099108631382896e-02 8.552720119048345948e-02 8.338561585795749298e-02 6.345701401409130360e-02 1.000000000000000020e+30 1.000000000000000020e+30 1.000000000000000020e+30 1.000000000000000020e+30 1.000000000000000020e+30 1.000000000000000020e+30 1.000000000000000020e+30 1.000000000000000020e+30 1.000000000000000020e+30 1.000000000000000020e+30 1.000000000000000020e+30 1.000000000000000020e+30 1.000000000000000020e+30 1.000000000000000020e+30 1.000000000000000020e+30 1.000000000000000020e+30 1.000000000000000020e+30 1.000000000000000020e+30 1.000000000000000020e+30 1.000000000000000020e+30
6.982447077529264634e-01 6.941806415964684174e-01 6.864048451474252799e-01 6.753194687134284058e-01 6.612529908100200915e-01 6.444430152020622637e-01 6.250446165955712008e-01 6.031307377846580886e-01 5.786869522186735004e-01 5.516281916654339756e-01 5.218727153699196375e-01 4.894840183404525757e-01 4.548995651293761822e-01 4.191648395099932256e-01 3.848113111364725447e-01 3.580500837647900836e-01 3.379608123834798583e-01 3.221711836062282064e-01 3.089185964245516614e-01 2.951742381733542531e-01 2.797898649634065205e-01 2.609836559140291112e-01 2.355557211657461347e-01 2.144971195564354949e-01 1.924197589241334050e-01 1.537404977179609444e-01 1.419644714749771219e-01 1.518836994526059359e-01 1.415489711873040291e-01 1.210177658100579645e-01 8.636105518537021131e-02 7.475972120487324457e-02 7.834689508502189204e-02 6.868522811503950665e-02 8.736589080807280472e-02 8.830595730334128701e-02 7.481075845808456137e-02 5.358151535853138137e-02 1.000000000000000020e+30 1.000000000000000020e+30 1.000000000000000020e+30 1.000000000000000020e+30 1.000000000000000020e+30 1.000000000000000020e+30 1.000000000000000020e+30 1.000000000000000020e+30 1.000000000000000020e+30 1.000000000000000020e+30 1.000000000000000020e+30 1.000000000000000020e+30 1.000000000000000020e+30 1.000000000000000020e+30 1.000000000000000020e+30 1.000000000000000020e+30 1.000000000000000020e+30 1.000000000000000020e+30 1.000000000000000020e+30
6.767740132684041399e-01 6.717176330702848697e-01 6.624444061757921443e-01 6.496484078999805734e-01 6.337754892990259403e-01 6.151021352756803617e-01 5.937922353423432664e-01 5.698957819444907535e-01 5.433022528077880997e-01 5.137110091782102206e-01 4.807070767142143652e-01 4.439250865318218886e-01 4.034481444058846678e-01 3.594747148632406186e-01 3.131839131548689314e-01 2.855887891852474936e-01 2.690210703949122428e-01 2.576434908512373889e-01 2.483246186813981293e-01 2.380072242083311473e-01 2.260711572087049093e-01 2.085359964937421318e-01 1.668938278541039488e-01 1.551458525685908696e-01 1.539446441556937828e-01 1.780608008485507210e-01 1.813710477826831480e-01 1.818049169341436899e-01 1.726679242946833615e-01 1.555806331588222569e-01 1.324337020377716057e-01 1.127756352354029046e-01 9.479108096972770070e-02 7.792533478779695155e-02 9.626954433513132403e-02 9.724489248766794713e-02 8.348187678351387531e-02 5.765661381779733224e-02 1.000000000000000020e+30 1.000000000000000020e+30 1.000000000000000020e+30 1.000000000000000020e+30 1.000000000000000020e+30 1.000000000000000020e+30 1.000000000000000020e+30 1.000000000000000020e+30 1.000000000000000020e+30 1.000000000000000020e+30 1.000000000000000020e+30 1.000000000000000020e+30 1.000000000000000020e+30 1.000000000000000020e+30 1.000000000000000020e+30 1.000000000000000020e+30 1.000000000000000020e+30 1.000000000000000020e+30 1.000000000000000020e+30
6.544541714601177507e-01 6.475322307688248236e-01 6.360056533090104880e-01 6.209681115150296193e-01 6.029064032614290802e-01 5.820812643511519280e-01 5.586677693728018257e-01 5.327399570234323534e-01 5.041200583233151900e-01 4.722140713363054410e-01 4.361070731894572949e-01 3.946035219716447773e-01 3.477658327607237032e-01 2.940814810752800934e-01 2.145318034604927482e-01 1.935871229209082944e-01 1.836267337207745098e-01 1.747254971315378991e-01 1.656663060877823501e-01 1.582027073692666153e-01 1.525825601593866210e-01 1.553270658857371367e-01 1.927455797302770890e-01 2.024932750307772977e-01 2.070104272845773585e-01 2.145743687297240465e-01 2.152718561640727946e-01 2.117315401090331395e-01 2.019390372321598348e-01 1.861985107218526447e-01 1.646791980151732504e-01 1.383256509070339979e-01 9.954075607776266543e-02 9.341921366580534236e-02 1.121253882420697040e-01 1.105055209350289946e-01 9.379857254247105092e-02 6.392752334114028268e-02 1.000000000000000020e+30 1.000000000000000020e+30 1.000000000000000020e+30 1.000000000000000020e+30 1.000000000000000020e+30 1.000000000000000020e+30 1.000000000000000020e+30 1.000000000000000020e+30 1.000000000000000020e+30 1.000000000000000020e+30 1.000000000000000020e+30 1.000000000000000020e+30 1.000000000000000020e+30 1.000000000000000020e+30 1.000000000000000020e+30 1.000000000000000020e+30 1.000000000000000020e+30 1.000000000000000020e+30 1.000000000000000020e+30
6.330019809763817173e-01 6.218510292595461619e-01 6.069005679377355023e-01 5.890346704017720425e-01 5.684029831665470267e-01 5.451121289969322881e-01 5.193648819727864074e-01 4.914106292199473258e-01 4.611675862417609073e-01 4.276491102766427632e-01 3.893939231846088034e-01 3.428297591058543925e-01 2.908316529540977413e-01 2.460771962814630176e-01 1.901139989590150958e-01 2.122187596495295758e-01 2.177026773545478744e-01 2.167744519182837892e-01 2.156997825483068232e-01 2.125325306574505357e-01 2.105988805406529274e-01 2.247777989882296379e-01 2.505016003942952540e-01 2.637548720724212648e-01 2.677956119372451593e-01 2.650888051337312867e-01 2.582624440756708384e-01 2.457898855926499149e-01 2.320463127491259603e-01 2.161254190990440360e-01 1.942353463711163075e-01 1.670436760239106255e-01 1.275709109382438811e-01 1.359481810051998141e-01 1.378906035055878498e-01 1.284365603752120888e-01 1.068626996666352108e-01 7.252906420182096692e-02 1.000000000000000020e+30 1.000000000000000020e+30 1.000000000000000020e+30 1.000000000000000020e+30 1.000000000000000020e+30 1.000000000000000020e+30 1.000000000000000020e+30 1.000000000000000020e+30 1.000000000000000020e+30 1.000000000000000020e+30 1.000000000000000020e+30 1.000000000000000020e+30 1.000000000000000020e+30 1.000000000000000020e+30 1.000000000000000020e+30 1.000000000000000020e+30 1.000000000000000020e+30 1.000000000000000020e+30 1.000000000000000020e+30
6.165034732475993540e-01 5.936977353969722371e-01 5.743396393517928855e-01 5.533768698260005392e-01 5.299309951127029183e-01 5.038163689836144821e-01 4.753143225494352864e-01 4.452290417758547059e-01 4.141478936212756867e-01 3.802547845637844204e-01 3.408595432504845646e-01 2.829440276929836573e-01 2.066297336344766478e-01 1.845964462358875846e-01 2.190422056345434076e-01 2.458972768519961105e-01 2.599559691975656950e-01 2.638987573341768922e-01 2.860632851262391307e-01 3.038531134781414789e-01 3.239519541497559163e-01 3.933862996685613123e-01 4.241240249112196992e-01 4.361299397083086005e-01 4.295130017492835850e-01 3.781167519983634207e-01 3.562491324531751324e-01 3.396479948345059174e-01 3.301945044450176336e-01 2.605145363611249820e-01 2.291098822859821971e-01 2.040211469552910550e-01 1.830847100660546456e-01 1.744953249341909263e-01 1.646356139367037563e-01 1.480707475653517680e-01 1.222699323925388049e-01 8.473301080667416940e-02 1.000000000000000020e+30 1.000000000000000020e+30 1.000000000000000020e+30 1.000000000000000020e+30 1.000000000000000020e+30 1.000000000000000020e+30 1.000000000000000020e+30 1.000000000000000020e+30 1.000000000000000020e+30 1.000000000000000020e+30 1.000000000000000020e+30 1.000000000000000020e+30 1.000000000000000020e+30 1.000000000000000020e+30 1.000000000000000020e+30 1.000000000000000020e+30 1.000000000000000020e+30 1.000000000000000020e+30 1.000000000000000020e+30
1.000000000000000020e+30 5.556375567684542771e-01 5.367950957145338764e-01 5.134741439350466452e-01 4.872436012840827280e-01 4.578497678463848142e-01 4.255987181640669137e-01 3.925944545787513063e-01 3.605675940353343378e-01 3.192356395395175017e-01 2.765654409217994103e-01 1.939996194265542762e-01 2.246508522008035247e-01 2.361091930294398067e-01 2.630658409521293151e-01 3.107186158664307363e-01 3.567640792786729853e-01 6.195648954490166060e-01 4.151746260140631306e-01 4.176691623110552753e-01 1.000000000000000020e+30 5.627460118291787161e-01 5.758556583715476185e-01 5.844468750160908277e-01 5.851049666710940178e-01 1.000000000000000020e+30 1.000000000000000020e+30 1.000000000000000020e+30 4.747820442169854993e-01 3.794673452364153987e-01 2.714745917282298526e-01 2.376427936345383851e-01 2.180538539165158274e-01 2.038961233561998876e-01 1.876691092946660422e-01 1.665242139489641893e-01 1.389966026480536077e-01 1.054720414667335848e-01 7.170422440646226359e-02 1.000000000000000020e+30 1.000000000000000020e+30 1.000000000000000020e+30 1.000000000000000020e+30 1.000000000000000020e+30 1.000000000000000020e+30 1.000000000000000020e+30 1.000000000000000020e+30 1.000000000000000020e+30 1.000000000000000020e+30 1.000000000000000020e+30 1.000000000000000020e+30 1.000000000000000020e+30 1.000000000000000020e+30 1.000000000000000020e+30 1.000000000000000020e+30 1.000000000000000020e+30 1.000000000000000020e+30
1.000000000000000020e+30 5.297069166255641282e-01 4.968905195921476947e-01 4.694870177404771860e-01 4.405508257367793945e-01 4.073757374566333578e-01 3.690566772202125145e-01 3.265428677663124724e-01 2.834335244222764838e-01 1.861152116752675389e-01 1.338607375636664543e-01 2.312102415516738840e-01 2.811185606894276434e-01 3.397975990784312117e-01 6.295771688291540436e-01 4.486118312774878825e-01 4.679803673940271525e-01 1.000000000000000020e+30 1.000000000000000020e+30 1.000000000000000020e+30 1.000000000000000020e+30 1.000000000000000020e+30 1.000000000000000020e+30 1.000000000000000020e+30 1.000000000000000020e+30 1.000000000000000020e+30 1.000000000000000020e+30 1.000000000000000020e+30 5.661341931276012707e-01 5.012363260654281172e-01 3.779328762246417228e-01 2.649241522756144440e-01 2.419830469870497824e-01 2.249495334938346469e-01 2.052038156936245306e-01 1.809437269122758929e-01 1.513035540729828488e-01 1.160376599008839105e-01 7.532255593897098367e-02 1.000000000000000020e+30 1.000000000000000020e+30 1.000000000000000020e+30 1.000000000000000020e+30 1.000000000000000020e+30 1.000000000000000020e+30 1.000000000000000020e+30 1.000000000000000020e+30 1.000000000000000020e+30 1.000000000000000020e+30 1.000000000000000020e+30 1.000000000000000020e+30 1.000000000000000020e+30 1.000000000000000020e+30 1.000000000000000020e+30 1.000000000000000020e+30 1.000000000000000020e+30 1.000000000000000020e+30
1.000000000000000020e+30 1.000000000000000020e+30 4.444685499612761048e-01 4.197454119485679591e-01 3.906168895797938467e-01 3.537689348705737036e-01 3.019191191306628275e-01 2.162110586382771926e-01 1.672322046495896830e-01 2.404643745839490365e-01 2.597134631759107082e-01 3.099312263515748289e-01 1.000000000000000020e+30 1.000000000000000020e+30 1.000000000000000020e+30 1.000000000000000020e+30 1.000000000000000020e+30 1.000000000000000020e+30 1.000000000000000020e+30 1.000000000000000020e+30 1.000000000000000020e+30 1.000000000000000020e+30 1.000000000000000020e+30 1.000000000000000020e+30 1.000000000000000020e+30 1.000000000000000020e+30 1.000000000000000020e+30 1.000000000000000020e+30 1.000000000000000020e+30 1.000000000000000020e+30 3.894497829937764166e-01 2.964677154360310651e-01 2.596748226158825945e-01 2.387801439627647293e-01 2.168362229253976980e-01 1.903266548783841272e-01 1.588195582913145276e-01 1.216358201250454241e-01 7.802415317563710095e-02 1.000000000000000020e+30 1.000000000000000020e+30 1.000000000000000020e+30 1.000000000000000020e+30 1.000000000000000020e+30 1.000000000000000020e+30 1.000000000000000020e+30 1.000000000000000020e+30 1.000000000000000020e+30 1.000000000000000020e+30 1.000000000000000020e+30 1.000000000000000020e+30 1.000000000000000020e+30 1.000000000000000020e+30 1.000000000000000020e+30 1.000000000000000020e+30 1.000000000000000020e+30 1.000000000000000020e+30
1.000000000000000020e+30 1.000000000000000020e+30 4.093158044817404861e-01 3.651378327638449828e-01 3.343598115338833332e-01 2.891119256025496687e-01 2.137989571851334758e-01 2.493658550417927888e-01 3.044239075009826934e-01 3.417561752625766225e-01 1.000000000000000020e+30 1.000000000000000020e+30 1.000000000000000020e+30 1.000000000000000020e+30 1.000000000000000020e+30 1.000000000000000020e+30 1.000000000000000020e+30 1.000000000000000020e+30 1.000000000000000020e+30 1.000000000000000020e+30 1.000000000000000020e+30 1.000000000000000020e+30 1.000000000000000020e+30 1.000000000000000020e+30 1.000000000000000020e+30 1.000000000000000020e+30 1.000000000000000020e+30 1.000000000000000020e+30 1.000000000000000020e+30 1.000000000000000020e+30 1.000000000000000020e+30 3.345742600623877183e-01 2.769510281466890933e-01 2.479533852525643289e-01 2.226176068966511656e-01 1.942904423408624848e-01 1.615955357655002034e-01 1.232452412893599164e-01 7.871351801708355300e-02 1.000000000000000020e+30 1.000000000000000020e+30 1.000000000000000020e+30 1.000000000000000020e+30 1.000000000000000020e+30 1.000000000000000020e+30 1.000000000000000020e+30 1.000000000000000020e+30 1.000000000000000020e+30 1.000000000000000020e+30 1.000000000000000020e+30 1.000000000000000020e+30 1.000000000000000020e+30 1.000000000000000020e+30 1.000000000000000020e+30 1.000000000000000020e+30 1.000000000000000020e+30 1.000000000000000020e+30
1.000000000000000020e+30 1.000000000000000020e+30 1.000000000000000020e+30 2.685107736295150316e-01 2.525584624901565656e-01 1.869782894440938648e-01 2.592908500449134790e-01 3.529541558737691043e-01 4.099591888581977650e-01 1.000000000000000020e+30 1.000000000000000020e+30 1.000000000000000020e+30 1.000000000000000020e+30 1.000000000000000020e+30 1.000000000000000020e+30 1.000000000000000020e+30 1.000000000000000020e+30 1.000000000000000020e+30 1.000000000000000020e+30 1.000000000000000020e+30 1.000000000000000020e+30 1.000000000000000020e+30 1.000000000000000020e+30 1.000000000000000020e+30 1.000000000000000020e+30 1.000000000000000020e+30 1.000000000000000020e+30 1.000000000000000020e+30 1.000000000000000020e+30 1.000000000000000020e+30 1.000000000000000020e+30 1.000000000000000020e+30 3.165768624488340399e-01 2.613718763715794924e-01 2.251801006731162236e-01 1.922053026292774303e-01 1.596102328979878415e-01 1.206194235681179033e-01 7.693017078285152577e-02 1.000000000000000020e+30 1.000000000000000020e+30 1.000000000000000020e+30 1.000000000000000020e+30 1.000000000000000020e+30 1.000000000000000020e+30 1.000000000000000020e+30 1.000000000000000020e+30 1.000000000000000020e+30 1.000000000000000020e+30 1.000000000000000020e+30 1.000000000000000020e+30 1.000000000000000020e+30 1.000000000000000020e+30 1.000000000000000020e+30 1.000000000000000020e+30 1.000000000000000020e+30 1.000000000000000020e+30
1.000000000000000020e+30 1.000000000000000020e+30 1.000000000000000020e+30 1.366164941900436525e-01 1.390968987937277468e-01 2.821596205373102517e-01 3.940272701749785167e-01 4.516157765349790298e-01 1.000000000000000020e+30 1.000000000000000020e+30 1.000000000000000020e+30 1.000000000000000020e+30 1.000000000000000020e+30 1.000000000000000020e+30 1.000000000000000020e+30 1.000000000000000020e+30 1.000000000000000020e+30 1.000000000000000020e+30 1.000000000000000020e+30 1.000000000000000020e+30 1.000000000000000020e+30 1.000000000000000020e+30 1.000000000000000020e+30 1.000000000000000020e+30 1.000000000000000020e+30 1.000000000000000020e+30 1.000000000000000020e+30 1.000000000000000020e+30 1.000000000000000020e+30 1.000000000000000020e+30 1.000000000000000020e+30 1.000000000000000020e+30 1.000000000000000020e+30 2.998346392437045149e-01 2.360815186109408992e-01 1.853020660585749657e-01 1.536040013001838400e-01 1.122753816026498125e-01 7.232768388536217619e-02 1.000000000000000020e+30 1.000000000000000020e+30 1.000000000000000020e+30 1.000000000000000020e+30 1.000000000000000020e+30 1.000000000000000020e+30 1.000000000000000020e+30 1.000000000000000020e+30 1.000000000000000020e+30 1.000000000000000020e+30 1.000000000000000020e+30 1.000000000000000020e+30 1.000000000000000020e+30 1.000000000000000020e+30 1.000000000000000020e+30 1.000000000000000020e+30 1.000000000000000020e+30 1.000000000000000020e+30
1.000000000000000020e+30 1.000000000000000020e+30 1.000000000000000020e+30 1.000000000000000020e+30 5.407613566287374773e-01 4.781339567868084783e-01 5.142056689697970251e-01 1.000000000000000020e+30 1.000000000000000020e+30 1.000000000000000020e+30 1.000000000000000020e+30 1.000000000000000020e+30 1.000000000000000020e+30 1.000000000000000020e+30 1.000000000000000020e+30 1.000000000000000020e+30 1.000000000000000020e+30 1.000000000000000020e+30 1.000000000000000020e+30 1.000000000000000020e+30 1.000000000000000020e+30 1.000000000000000020e+30 1.000000000000000020e+30 1.000000000000000020e+30 1.000000000000000020e+30 1.000000000000000020e+30 1.000000000000000020e+30 1.000000000000000020e+30 1.000000000000000020e+30 1.000000000000000020e+30 1.000000000000000020e+30 1.000000000000000020e+30 1.000000000000000020e+30 1.000000000000000020e+30 2.536022538643876167e-01 1.810098626834032165e-01 1.495524128877532277e-01 9.213374995556510016e-02 6.557928789224741484e-02 1.000000000000000020e+30 1.000000000000000020e+30 1.000000000000000020e+30 1.000000000000000020e+30 1.000000000000000020e+30 1.000000000000000020e+30 1.000000000000000020e+30 1.000000000000000020e+30 1.000000000000000020e+30 1.000000000000000020e+30 1.000000000000000020e+30 1.000000000000000020e+30 1.000000000000000020e+30 1.000000000000000020e+30 1.000000000000000020e+30 1.000000000000000020e+30 1.000000000000000020e+30 1.000000000000000020e+30
1.000000000000000020e+30 1.000000000000000020e+30 1.000000000000000020e+30 1.000000000000000020e+30 8.272198567382753609e-01 1.000000000000000020e+30 1.000000000000000020e+30 1.000000000000000020e+30 1.000000000000000020e+30 1.000000000000000020e+30 1.000000000000000020e+30 1.000000000000000020e+30 1.000000000000000020e+30 1.000000000000000020e+30 1.000000000000000020e+30 1.000000000000000020e+30 1.000000000000000020e+30 1.000000000000000020e+30 1.000000000000000020e+30 1.000000000000000020e+30 1.000000000000000020e+30 1.000000000000000020e+30 1.000000000000000020e+30 1.000000000000000020e+30 1.000000000000000020e+30 1.000000000000000020e+30 1.000000000000000020e+30 1.000000000000000020e+30 1.000000000000000020e+30 1.000000000000000020e+30 1.000000000000000020e+30 1.000000000000000020e+30 1.000000000000000020e+30 1.000000000000000020e+30 1.000000000000000020e+30 1.837350546860242462e-01 1.690021091071666481e-01 1.000000000000000020e+30 1.000000000000000020e+30 1.000000000000000020e+30 1.000000000000000020e+30 1.000000000000000020e+30 1.000000000000000020e+30 1.000000000000000020e+30 1.000000000000000020e+30 1.000000000000000020e+30 1.000000000000000020e+30 1.000000000000000020e+30 1.000000000000000020e+30 1.000000000000000020e+30 1.000000000000000020e+30 1.000000000000000020e+30 1.000000000000000020e+30 1.000000000000000020e+30 1.000000000000000020e+30 1.000000000000000020e+30 1.000000000000000020e+30
