1.000000000000000020e+30 1.000000000000000020e+30 1.000000000000000020e+30 1.000000000000000020e+30 1.000000000000000020e+30 1.000000000000000020e+30 1.000000000000000020e+30 1.000000000000000020e+30 1.000000000000000020e+30 1.000000000000000020e+30 1.000000000000000020e+30 1.000000000000000020e+30 1.000000000000000020e+30 1.000000000000000020e+30 1.000000000000000020e+30 1.000000000000000020e+30 1.000000000000000020e+30 1.000000000000000020e+30 1.000000000000000020e+30 1.000000000000000020e+30 1.000000000000000020e+30 1.000000000000000020e+30 1.000000000000000020e+30 1.000000000000000020e+30 1.000000000000000020e+30 1.000000000000000020e+30 1.000000000000000020e+30 1.000000000000000020e+30 1.000000000000000020e+30 1.000000000000000020e+30 1.000000000000000020e+30 1.000000000000000020e+30 1.000000000000000020e+30 1.000000000000000020e+30 1.000000000000000020e+30 1.000000000000000020e+30 1.000000000000000020e+30 1.000000000000000020e+30 1.000000000000000020e+30 1.000000000000000020e+30 1.000000000000000020e+30 1.000000000000000020e+30 1.000000000000000020e+30 1.000000000000000020e+30 1.000000000000000020e+30 1.000000000000000020e+30 1.000000000000000020e+30 1.000000000000000020e+30 1.000000000000000020e+30 1.000000000000000020e+30 1.000000000000000020e+30 1.000000000000000020e+30 1.000000000000000020e+30 1.000000000000000020e+30 1.000000000000000020e+30 1.000000000000000020e+30 1.000000000000000020e+30
1.000000000000000020e+30 1.000000000000000020e+30 1.000000000000000020e+30 1.000000000000000020e+30 1.000000000000000020e+30 1.000000000000000020e+30 1.000000000000000020e+30 1.000000000000000020e+30 1.000000000000000020e+30 1.000000000000000020e+30 1.000000000000000020e+30 1.000000000000000020e+30 1.000000000000000020e+30 1.000000000000000020e+30 1.000000000000000020e+30 1.000000000000000020e+30 1.000000000000000020e+30 1.000000000000000020e+30 1.000000000000000020e+30 1.000000000000000020e+30 1.000000000000000020e+30 1.000000000000000020e+30 1.000000000000000020e+30 1.000000000000000020e+30 1.000000000000000020e+30 1.000000000000000020e+30 1.000000000000000020e+30 2.590224543015387404e+00 2.588784843500119948e+00 2.586154360559740795e+00 2.582355313211271763e+00 2.577322940928931772e+00 2.570948226716771146e+00 2.563093344316472955e+00 2.553599244969448456e+00 2.542291887489175117e+00 2.528990730051602576e+00 2.513524232454676710e+00 2.495763054229744426e+00 2.475700198137765984e+00 2.453666870505801789e+00 2.430977444339806670e+00 2.412052717531702140e+00 1.000000000000000020e+30 1.000000000000000020e+30 1.000000000000000020e+30 1.000000000000000020e+30 1.000000000000000020e+30 1.000000000000000020e+30 1.000000000000000020e+30 1.000000000000000020e+30 1.000000000000000020e+30 1.000000000000000020e+30 1.000000000000000020e+30 1.000000000000000020e+30 1.000000000000000020e+30 1.000000000000000020e+30
1.000000000000000020e+30 1.000000000000000020e+30 1.000000000000000020e+30 1.000000000000000020e+30 1.000000000000000020e+30 1.000000000000000020e+30 1.000000000000000020e+30 1.000000000000000020e+30 1.000000000000000020e+30 1.000000000000000020e+30 1.000000000000000020e+30 1.000000000000000020e+30 1.000000000000000020e+30 1.000000000000000020e+30 1.000000000000000020e+30 1.000000000000000020e+30 1.000000000000000020e+30 1.000000000000000020e+30 1.000000000000000020e+30 1.000000000000000020e+30 1.000000000000000020e+30 1.000000000000000020e+30 1.000000000000000020e+30 1.000000000000000020e+30 2.591380290234445827e+00 2.591439824097874212e+00 2.591054464631396659e+00 2.590067436726813277e+00 2.588314326768823559e+00 2.585548012319724531e+00 2.581654310805382657e+00 2.576524821351545924e+00 2.570032184984536450e+00 2.562026793700208582e+00 2.552338059011522553e+00 2.540777064374598826e+00 2.527140377322824261e+00 2.511215171081351727e+00 2.492784168198859174e+00 2.471619937751690976e+00 2.447415992656302830e+00 2.419409367659985488e+00 2.384562400244635505e+00 2.329032322556759294e+00 2.271027784018437856e+00 2.205126535591479531e+00 2.124746803279361718e+00 2.159297230453240068e+00 1.000000000000000020e+30 1.000000000000000020e+30 1.000000000000000020e+30 1.000000000000000020e+30 1.000000000000000020e+30 1.000000000000000020e+30 1.000000000000000020e+30 1.000000000000000020e+30 1.000000000000000020e+30
1.000000000000000020e+30 1.000000000000000020e+30 1.000000000000000020e+30 1.000000000000000020e+30 1.000000000000000020e+30 1.000000000000000020e+30 1.000000000000000020e+30 1.000000000000000020e+30 1.000000000000000020e+30 1.000000000000000020e+30 1.000000000000000020e+30 1.000000000000000020e+30 1.000000000000000020e+30 1.000000000000000020e+30 1.000000000000000020e+30 1.000000000000000020e+30 1.000000000000000020e+30 1.000000000000000020e+30 1.000000000000000020e+30 1.000000000000000020e+30 1.000000000000000020e+30 2.584777716275041826e+00 2.586276863637647860e+00 2.588043066784468049e+00 2.589822571226254144e+00 2.590379053358382144e+00 2.590121040804555186e+00 2.589084573234473829e+00 2.587183382694387301e+00 2.584275130886174221e+00 2.580231907947960313e+00 2.574923075420043173e+00 2.568202365431841550e+00 2.559902343217299148e+00 2.549832368824394457e+00 2.537777757698736369e+00 2.523498625137619467e+00 2.506725982487950866e+00 2.487148712625628644e+00 2.464373914506742036e+00 2.437815225948382736e+00 2.406408967785142128e+00 2.368048619082548711e+00 2.319450395890970906e+00 2.264319816834457377e+00 2.201975410115556642e+00 2.129973152037437867e+00 2.174247496461564122e+00 2.202465460472234682e+00 1.000000000000000020e+30 1.000000000000000020e+30 1.000000000000000020e+30 1.000000000000000020e+30 1.000000000000000020e+30 1.000000000000000020e+30 1.000000000000000020e+30 1.000000000000000020e+30
1.000000000000000020e+30 1.000000000000000020e+30 1.000000000000000020e+30 1.000000000000000020e+30 1.000000000000000020e+30 1.000000000000000020e+30 1.000000000000000020e+30 1.000000000000000020e+30 1.000000000000000020e+30 1.000000000000000020e+30 1.000000000000000020e+30 1.000000000000000020e+30 1.000000000000000020e+30 1.000000000000000020e+30 1.000000000000000020e+30 1.000000000000000020e+30 1.000000000000000020e+30 1.000000000000000020e+30 2.570328651973331269e+00 2.573172699912401828e+00 2.577029044800471347e+00 2.581582283218359031e+00 2.584361009284251942e+00 2.586434133230116394e+00 2.587941671564434998e+00 2.588593193828459871e+00 2.588401346669760628e+00 2.587345678638869106e+00 2.585350600568177004e+00 2.582302256779390515e+00 2.578071448878848759e+00 2.572513857822915639e+00 2.565465093066582991e+00 2.556736310154792413e+00 2.546110843107960431e+00 2.533341082534648070e+00 2.518144421832996471e+00 2.500196179426234178e+00 2.479115177150475802e+00 2.454433437228098480e+00 2.425536730672087860e+00 2.391571224951613228e+00 2.351392901734195906e+00 2.303950658137890350e+00 2.249944485091353918e+00 2.190741858216479265e+00 2.139737834824499529e+00 2.186477472010054601e+00 2.213434487171866749e+00 2.229080714838278077e+00 1.000000000000000020e+30 1.000000000000000020e+30 1.000000000000000020e+30 1.000000000000000020e+30 1.000000000000000020e+30 1.000000000000000020e+30 1.000000000000000020e+30
1.000000000000000020e+30 1.000000000000000020e+30 1.000000000000000020e+30 1.000000000000000020e+30 1.000000000000000020e+30 1.000000000000000020e+30 1.000000000000000020e+30 1.000000000000000020e+30 1.000000000000000020e+30 1.000000000000000020e+30 1.000000000000000020e+30 1.000000000000000020e+30 1.000000000000000020e+30 1.000000000000000020e+30 1.000000000000000020e+30 1.000000000000000020e+30 2.554326045023897152e+00 2.558600509477683360e+00 2.565299706335144148e+00 2.570072692060679564e+00 2.574375151148370566e+00 2.578357142958764392e+00 2.581437237606507562e+00 2.583741277976426609e+00 2.585308895894610437e+00 2.586052488280409012e+00 2.585924641191055251e+00 2.584869506343034917e+00 2.582803055136253967e+00 2.579612936590705896e+00 2.575163941347023311e+00 2.569298153826984787e+00 2.561831886220688581e+00 2.552551629728988747e+00 2.541209744894898481e+00 2.527519814408866861e+00 2.511151274118462950e+00 2.491722801602464621e+00 2.468794015489302218e+00 2.441856085384402242e+00 2.410326294971417926e+00 2.373564009665260155e+00 2.330941017525069547e+00 2.281915169886270522e+00 2.225265956725433369e+00 2.153087814981291537e+00 2.173796850843009221e+00 2.200408147609297593e+00 2.219098271084255281e+00 2.228983546010669059e+00 2.230407172279769590e+00 2.227919441935688472e+00 1.000000000000000020e+30 1.000000000000000020e+30 1.000000000000000020e+30 1.000000000000000020e+30 1.000000000000000020e+30
1.000000000000000020e+30 1.000000000000000020e+30 1.000000000000000020e+30 1.000000000000000020e+30 1.000000000000000020e+30 1.000000000000000020e+30 1.000000000000000020e+30 1.000000000000000020e+30 1.000000000000000020e+30 1.000000000000000020e+30 1.000000000000000020e+30 1.000000000000000020e+30 1.000000000000000020e+30 1.000000000000000020e+30 1.000000000000000020e+30 2.540084428572351172e+00 2.547309925478792536e+00 2.553583450831123702e+00 2.559837263285705600e+00 2.565248058296480504e+00 2.569993441767406850e+00 2.574119820808303594e+00 2.577476936917992845e+00 2.580044808989936378e+00 2.581804651024583563e+00 2.582701083758353722e+00 2.582673278113468918e+00 2.581647648101170756e+00 2.579529030009542367e+00 2.576197257053870260e+00 2.571506335013262312e+00 2.565282419278585468e+00 2.557320158901467355e+00 2.547377902021872309e+00 2.535172085471184555e+00 2.520370933315295048e+00 2.502587689463612097e+00 2.481374213027749853e+00 2.456217391400420169e+00 2.426544769551080449e+00 2.391755031355565109e+00 2.351310622974277287e+00 2.304982551770451860e+00 2.253457188785507714e+00 2.199511485120280163e+00 2.146064873553819474e+00 2.183189088500856467e+00 2.204981540056922817e+00 2.217331850583428743e+00 2.221699845251697170e+00 2.218849152362592392e+00 2.209897500211502663e+00 2.193764718851113571e+00 1.000000000000000020e+30 1.000000000000000020e+30 1.000000000000000020e+30 1.000000000000000020e+30
1.000000000000000020e+30 1.000000000000000020e+30 1.000000000000000020e+30 1.000000000000000020e+30 1.000000000000000020e+30 1.000000000000000020e+30 1.000000000000000020e+30 1.000000000000000020e+30 1.000000000000000020e+30 1.000000000000000020e+30 1.000000000000000020e+30 1.000000000000000020e+30 1.000000000000000020e+30 1.000000000000000020e+30 2.519497015473799451e+00 2.529607358842143938e+00 2.538252629836692087e+00 2.545815076610822292e+00 2.552666081967356781e+00 2.558725420136699569e+00 2.564031026115020762e+00 2.568592672619881778e+00 2.572358989827549625e+00 2.575292214236889698e+00 2.577351944079498747e+00 2.578481722317264691e+00 2.578612291030913273e+00 2.577658495271662797e+00 2.575514181587527762e+00 2.572048080431969197e+00 2.567100423056491554e+00 2.560479026193354102e+00 2.551954266204689681e+00 2.541252808280709097e+00 2.528050051721276503e+00 2.511961322726270485e+00 2.492532157543623228e+00 2.469228877016219847e+00 2.441432623153009907e+00 2.408444089666957666e+00 2.369513540743189761e+00 2.323924010861501355e+00 2.271212284881961363e+00 2.212132590043169422e+00 2.155524033443060983e+00 2.171316520093885760e+00 2.189758797011605918e+00 2.202070114082888441e+00 2.207336257471115282e+00 2.205724404615388767e+00 2.197420971979078264e+00 2.182711697027527098e+00 2.160562586114162631e+00 2.131298982974852763e+00 1.000000000000000020e+30 1.000000000000000020e+30 1.000000000000000020e+30
1.000000000000000020e+30 1.000000000000000020e+30 1.000000000000000020e+30 1.000000000000000020e+30 1.000000000000000020e+30 1.000000000000000020e+30 1.000000000000000020e+30 1.000000000000000020e+30 1.000000000000000020e+30 1.000000000000000020e+30 1.000000000000000020e+30 1.000000000000000020e+30 1.000000000000000020e+30 2.491867173313432104e+00 2.505375390998864749e+00 2.516957107712136210e+00 2.526954709571135105e+00 2.535706891864213386e+00 2.543479395191516890e+00 2.550363463828690946e+00 2.556405433395077864e+00 2.561611862082263436e+00 2.565953649678450077e+00 2.569389966267966230e+00 2.571870571819696583e+00 2.573332526290125433e+00 2.573698701022615332e+00 2.572874464813206696e+00 2.570743126116172839e+00 2.567161175170999510e+00 2.561953415565713765e+00 2.554907476213048145e+00 2.545767180931666207e+00 2.534224340804098752e+00 2.519908581603841125e+00 2.502374896870636967e+00 2.481088851325120803e+00 2.455409952622027436e+00 2.424575143375090835e+00 2.387687543344601870e+00 2.343718805610221168e+00 2.291501631961104124e+00 2.229332447277077467e+00 2.151179890838137876e+00 2.163065067554526433e+00 2.175168507629542169e+00 2.184798770895695519e+00 2.189273829995390663e+00 2.187636455090316900e+00 2.179848930488359482e+00 2.165460043625587971e+00 2.145359549710949221e+00 2.115832459211886452e+00 2.082004053513876407e+00 2.016408206280439153e+00 1.000000000000000020e+30 1.000000000000000020e+30
1.000000000000000020e+30 1.000000000000000020e+30 1.000000000000000020e+30 1.000000000000000020e+30 1.000000000000000020e+30 1.000000000000000020e+30 1.000000000000000020e+30 1.000000000000000020e+30 1.000000000000000020e+30 1.000000000000000020e+30 1.000000000000000020e+30 1.000000000000000020e+30 2.455348215825013281e+00 2.473283644017714167e+00 2.488625517298121093e+00 2.501774503159452934e+00 2.513158135681209604e+00 2.523156062071092887e+00 2.532041554163315666e+00 2.539952359642428270e+00 2.546940426314801442e+00 2.553005485728322643e+00 2.558115798192351686e+00 2.562223638366794010e+00 2.565270353143180859e+00 2.567185728086075258e+00 2.567885351042215714e+00 2.567266386980863402e+00 2.565202337607074501e+00 2.561537328660829616e+00 2.556079997307256768e+00 2.548596608425041321e+00 2.538802790891427907e+00 2.526353163764789578e+00 2.510828052143281752e+00 2.491716458453260508e+00 2.468394420378988041e+00 2.440097763812813181e+00 2.405888327475213195e+00 2.364616883602618458e+00 2.314920373773264650e+00 2.255502248515387720e+00 2.187099851322758415e+00 2.123588585039828835e+00 2.151238181945070771e+00 2.163144469980458950e+00 2.167262480180866646e+00 2.165176197870798180e+00 2.156659303156807539e+00 2.142813480014334360e+00 2.120780104524913501e+00 2.098047293710504135e+00 2.054582609390385617e+00 2.042002835554481699e+00 2.059462167704927182e+00 1.000000000000000020e+30 1.000000000000000020e+30
1.000000000000000020e+30 1.000000000000000020e+30 1.000000000000000020e+30 1.000000000000000020e+30 1.000000000000000020e+30 1.000000000000000020e+30 1.000000000000000020e+30 1.000000000000000020e+30 1.000000000000000020e+30 1.000000000000000020e+30 1.000000000000000020e+30 2.406475209792992676e+00 2.430852170498690956e+00 2.451463985185486472e+00 2.468849800855699606e+00 2.483651028690454954e+00 2.496476663862218448e+00 2.507824185075813173e+00 2.518016555830707492e+00 2.527195109592372368e+00 2.535386618705755435e+00 2.542563655199015393e+00 2.548675405186796361e+00 2.553660579673983300e+00 2.557450733924583997e+00 2.559968617348711284e+00 2.561123890697396099e+00 2.560807253806877348e+00 2.558883756279629385e+00 2.555185783886538609e+00 2.549505740138518384e+00 2.541587952052505095e+00 2.531118943601916360e+00 2.517714948642357786e+00 2.500905358640873821e+00 2.480110688122361573e+00 2.454613422055550220e+00 2.423518982911339936e+00 2.385698870707472885e+00 2.339687188328101630e+00 2.283422548009936826e+00 2.213425149852125795e+00 2.121778605235050907e+00 2.125258577254380832e+00 2.135647725417014975e+00 2.140166118813303875e+00 2.137503529698988824e+00 2.129048405922878473e+00 2.112169662440932516e+00 2.094463600842860096e+00 2.056215187501372554e+00 2.049765875442734586e+00 2.075528875673772422e+00 2.083606891140996620e+00 2.096428170625620258e+00 2.115170363058233249e+00 1.000000000000000020e+30
1.000000000000000020e+30 1.000000000000000020e+30 1.000000000000000020e+30 1.000000000000000020e+30 1.000000000000000020e+30 1.000000000000000020e+30 1.000000000000000020e+30 1.000000000000000020e+30 1.000000000000000020e+30 1.000000000000000020e+30 2.338028055978416564e+00 2.373418401235703357e+00 2.402502445621516269e+00 2.426125038997820393e+00 2.445630869834761967e+00 2.462071332458978468e+00 2.476347450612260914e+00 2.489162609218792177e+00 2.500912768920264817e+00 2.511683166218290353e+00 2.521416989086453064e+00 2.530028307579979430e+00 2.537432795943185937e+00 2.543550354757637688e+00 2.548302231527563411e+00 2.551605963583470249e+00 2.553368235434466449e+00 2.553476341537033623e+00 2.551789258925534654e+00 2.548128974383216949e+00 2.542272034929050850e+00 2.533940606880370705e+00 2.522791766892509280e+00 2.508403330478706561e+00 2.490254261587926177e+00 2.467697678121025362e+00 2.439924852189803595e+00 2.405919562218370888e+00 2.364403046426050370e+00 2.313765622947214773e+00 2.251948738284730744e+00 2.176104990934219163e+00 2.081545880672277526e+00 2.099243644315719415e+00 2.105879972566162994e+00 2.104680597713437518e+00 2.093793657670209640e+00 2.081217762879561839e+00 2.047546018536277490e+00 2.044808330241664862e+00 2.073129600457990662e+00 2.081807621881530679e+00 2.091395392734895609e+00 2.098131007020029859e+00 2.105797775053231291e+00 2.113181214369504790e+00 1.000000000000000020e+30
1.000000000000000020e+30 1.000000000000000020e+30 1.000000000000000020e+30 1.000000000000000020e+30 1.000000000000000020e+30 1.000000000000000020e+30 1.000000000000000020e+30 1.000000000000000020e+30 1.000000000000000020e+30 2.223845842032670550e+00 2.290778842437314999e+00 2.336461118088933642e+00 2.370728258850538062e+00 2.397058083535891004e+00 2.418467500210015775e+00 2.436331203548035340e+00 2.451936411830305307e+00 2.466338253752361709e+00 2.480029482134872509e+00 2.492875783161911496e+00 2.504622253409999999e+00 2.515090899492031351e+00 2.524158605552443202e+00 2.531726954285131281e+00 2.537709674263916249e+00 2.542023854379206416e+00 2.544578936924066337e+00 2.545264135267341743e+00 2.543936219210749972e+00 2.540408794110270208e+00 2.534442979513652716e+00 2.525738354142216036e+00 2.513922246086995660e+00 2.498534849504425281e+00 2.479007209037381809e+00 2.454628982994241593e+00 2.424503733979560760e+00 2.387493219632342178e+00 2.342164174456168979e+00 2.286786371273667573e+00 2.219519490550898588e+00 2.139026689922239211e+00 2.044834210403543295e+00 2.062465207560440827e+00 2.062629191756307989e+00 2.057600479706751528e+00 2.029980665302155263e+00 2.032062695193364465e+00 2.064329114039965773e+00 2.076099422706000563e+00 2.086820664937129699e+00 2.090500787643316816e+00 2.088150202498260555e+00 2.090088215372482239e+00 2.094191210349334309e+00 2.097679889072482595e+00 1.000000000000000020e+30
1.000000000000000020e+30 1.000000000000000020e+30 1.000000000000000020e+30 1.000000000000000020e+30 1.000000000000000020e+30 1.000000000000000020e+30 1.000000000000000020e+30 1.000000000000000020e+30 2.335802444884664819e+00 2.287641250417691730e+00 2.250590606279324390e+00 2.298948517937788427e+00 2.336538028983129678e+00 2.363761887756164803e+00 2.386650569702382096e+00 2.405421182465010244e+00 2.421958853169290826e+00 2.438055026382295765e+00 2.454389956670719908e+00 2.470098366354557040e+00 2.484519148433617097e+00 2.497397631067713064e+00 2.508598182283757971e+00 2.518013909243189019e+00 2.525557656952901020e+00 2.531155063085454238e+00 2.534728535619272805e+00 2.536178111059799178e+00 2.535364265197327605e+00 2.532094720229449258e+00 2.526114883410776280e+00 2.517100039426085178e+00 2.504646427723818736e+00 2.488257561507743798e+00 2.467321349414069331e+00 2.441072678154818210e+00 2.408535519397437152e+00 2.368439881458369811e+00 2.319117686583924254e+00 2.258428082566731110e+00 2.184018925637698061e+00 2.095604086419045942e+00 2.008045921860827310e+00 2.019714065289781146e+00 2.001268981777268863e+00 2.009609892192063985e+00 2.046875107213047773e+00 2.063355488434087448e+00 2.078396281302192783e+00 2.085777748392303899e+00 2.085383296410284970e+00 2.083186426112128231e+00 2.058404824508160313e+00 2.057724875892045890e+00 2.061221123763704366e+00 2.063849401690512675e+00 1.000000000000000020e+30
1.000000000000000020e+30 1.000000000000000020e+30 1.000000000000000020e+30 1.000000000000000020e+30 1.000000000000000020e+30 1.000000000000000020e+30 1.000000000000000020e+30 2.408471894016801951e+00 2.371909576714525958e+00 2.325934545802656128e+00 2.258795105648851553e+00 2.258385882516197984e+00 2.300728209612254549e+00 2.324102138284147578e+00 2.349307640335750236e+00 2.367939926127649031e+00 2.384341735252367922e+00 2.402150084490193294e+00 2.422703177409285313e+00 2.442614481437313856e+00 2.460584541709768036e+00 2.476559855505726659e+00 2.490478845673406383e+00 2.502232705630543563e+00 2.511738726206715455e+00 2.518945982069857426e+00 2.523807579558364100e+00 2.526248994779840995e+00 2.526143068569776773e+00 2.523294071980231479e+00 2.517429267591696718e+00 2.508194708963633168e+00 2.495151086473893276e+00 2.477764675526376692e+00 2.455387334066239546e+00 2.427217351825619929e+00 2.392229336017720698e+00 2.349054499487350345e+00 2.295768473362927775e+00 2.229431551733086270e+00 2.144756355308586659e+00 2.029374757019744013e+00 1.979720003233280234e+00 1.981684926976242211e+00 2.020275087923125934e+00 2.040845974793377593e+00 2.060623620478982954e+00 2.072932664324680374e+00 2.077647603632196027e+00 2.081032197349215629e+00 2.063423048695836037e+00 2.075919915445652020e+00 2.117880421003426772e+00 2.134358039825623887e+00 2.142655494853388465e+00 2.146468146595619242e+00 1.000000000000000020e+30
1.000000000000000020e+30 1.000000000000000020e+30 1.000000000000000020e+30 1.000000000000000020e+30 1.000000000000000020e+30 1.000000000000000020e+30 2.461384317835105140e+00 2.436297637241116920e+00 2.407018891025491492e+00 2.372795097901774231e+00 2.334951027893822584e+00 2.309739704556455830e+00 2.270129279188349614e+00 2.269994410084641867e+00 2.307133943554683597e+00 2.322151727773689611e+00 2.335524153823052007e+00 2.354511808382694582e+00 2.383606555683665196e+00 2.409922515920897457e+00 2.432302336209415383e+00 2.452149255896574065e+00 2.469515761083018290e+00 2.484216074460545709e+00 2.496165536139261398e+00 2.505364967049862113e+00 2.511830310593717641e+00 2.515536386646950895e+00 2.516380489047544078e+00 2.514164524206286888e+00 2.508590492155777341e+00 2.499263741601167155e+00 2.485698080257947140e+00 2.467316593983113648e+00 2.443441224525372046e+00 2.413261087838674879e+00 2.375764398329875071e+00 2.329617812102157348e+00 2.272989001877432358e+00 2.203301275333263032e+00 2.116763936645012834e+00 2.007654462548226437e+00 2.004378340408627945e+00 2.011997135987049212e+00 2.032188939103995562e+00 2.048782224735304691e+00 2.058671475825073038e+00 2.067437965540163347e+00 2.055655695043853814e+00 2.074724307152312264e+00 2.125296321302474478e+00 2.154463319337310612e+00 2.181754600174446335e+00 2.198834827986441809e+00 2.208595938988166640e+00 2.213081702728446842e+00 1.000000000000000020e+30
1.000000000000000020e+30 1.000000000000000020e+30 1.000000000000000020e+30 1.000000000000000020e+30 1.000000000000000020e+30 2.495729912073985091e+00 2.480014837058997390e+00 2.460779782927120518e+00 2.438234532611420313e+00 2.412863446127686551e+00 2.386273923314698564e+00 2.362104160442886069e+00 2.336053322806193933e+00 2.314611266379623000e+00 2.273617345991429062e+00 2.265272920738664375e+00 2.268983965624307153e+00 2.285555455091995647e+00 2.337471172420817922e+00 2.372594819812228639e+00 2.399026985819150859e+00 2.423614772393089645e+00 2.445419745942463585e+00 2.463835164021712654e+00 2.478790085481838545e+00 2.490411203006597241e+00 2.498837564043081994e+00 2.504131314999340052e+00 2.506229497775549486e+00 2.504928621591177684e+00 2.499889366272460389e+00 2.490653223252206061e+00 2.476663002848201067e+00 2.457280122288598267e+00 2.431792734204891282e+00 2.399404381319938828e+00 2.359179850968569081e+00 2.309920535901679894e+00 2.250022466110996877e+00 2.177587076484461370e+00 2.090811201629133809e+00 1.988060538583068304e+00 1.992284525850346766e+00 2.004342806917430497e+00 2.023320400462525370e+00 2.039790997748520240e+00 2.034560240120806274e+00 2.059469559980006359e+00 2.116011376387757714e+00 2.152153053070153366e+00 2.187900435846909630e+00 2.215520209649390893e+00 2.237719586929362681e+00 2.253262506701760426e+00 2.262859521724771117e+00 2.267416098654425838e+00 1.000000000000000020e+30
1.000000000000000020e+30 1.000000000000000020e+30 1.000000000000000020e+30 1.000000000000000020e+30 1.000000000000000020e+30 2.506382630428668712e+00 2.496465082465552765e+00 2.482066852693721959e+00 2.464799990519454198e+00 2.445552397766913799e+00 2.425378565502009920e+00 2.405448858996651396e+00 2.385244924733332716e+00 2.365640914703027953e+00 2.343857230788776391e+00 2.331788205331940755e+00 2.325468645755554675e+00 2.319063639656148368e+00 2.296154939716633869e+00 2.333710727672509311e+00 2.358627419540450632e+00 2.390079402893714011e+00 2.417978724477627850e+00 2.441069104498706732e+00 2.459633301964506913e+00 2.474120003165780179e+00 2.484891277886602801e+00 2.492150999394822541e+00 2.495890869484281183e+00 2.495889376983218444e+00 2.491734111516087147e+00 2.482860521592871184e+00 2.468595626617731575e+00 2.448198148141127461e+00 2.420895352853384974e+00 2.385914105641869121e+00 2.342464750765940185e+00 2.289551898176680922e+00 2.225589194618899924e+00 2.148843746899051776e+00 2.059299642036600098e+00 1.967403341564593067e+00 1.946077221373577082e+00 1.964113879373996285e+00 1.992183539882857346e+00 2.028399941243562488e+00 2.091339365655097815e+00 2.133587657775295021e+00 2.175835454803788593e+00 2.210635113548536701e+00 2.240876007296864536e+00 2.265435277217216825e+00 2.284730725462644774e+00 2.298678992363970330e+00 2.307601303586698460e+00 2.311929539685640744e+00 1.000000000000000020e+30
1.000000000000000020e+30 1.000000000000000020e+30 1.000000000000000020e+30 1.000000000000000020e+30 2.532794830037704337e+00 2.522293994945844275e+00 2.512343785058996914e+00 2.500586740389096452e+00 2.486994460926397199e+00 2.472000702520986692e+00 2.456202920094006092e+00 2.440161765539781147e+00 2.424031333595267235e+00 2.408159175987825140e+00 2.392678202657293696e+00 2.380308953097813873e+00 2.369525932693129278e+00 2.356274405584336762e+00 2.333508276259762759e+00 2.295426153856186868e+00 2.300900939705242010e+00 2.350874720808254548e+00 2.387513376399171605e+00 2.416148486786773741e+00 2.438810699598380705e+00 2.456551226117828168e+00 2.470049183255921044e+00 2.479717759364517882e+00 2.485606668302442923e+00 2.487445144920408691e+00 2.484689855922108226e+00 2.476599008592857754e+00 2.462309649722690619e+00 2.440901885742543520e+00 2.411468203868559090e+00 2.373229178970343245e+00 2.325679666149651492e+00 2.268347208412364591e+00 2.199116624833315825e+00 2.114439979015182214e+00 2.007306423417496433e+00 1.979891982105833836e+00 1.961733001429231793e+00 2.017136726038405214e+00 2.059332866709593368e+00 2.100757983242349525e+00 2.147014347318131122e+00 2.187763490967442603e+00 2.225007870814323496e+00 2.257046418214974537e+00 2.284165996699553336e+00 2.306254999168099840e+00 2.323512536336445056e+00 2.336102586605133702e+00 2.344269948270173209e+00 2.348272831710325192e+00 1.000000000000000020e+30
1.000000000000000020e+30 1.000000000000000020e+30 1.000000000000000020e+30 1.000000000000000020e+30 2.539609831456830502e+00 2.533583340193919842e+00 2.525581744952843266e+00 2.516037719340661116e+00 2.505147064440001348e+00 2.493204266898175980e+00 2.480574989194823221e+00 2.467604013789675310e+00 2.454523036714427953e+00 2.441577093153372235e+00 2.429015141792532084e+00 2.417354124682948857e+00 2.405715262938225241e+00 2.392082545491558854e+00 2.374188565834566944e+00 2.352759509532250881e+00 2.338539505716000111e+00 2.314039252028636806e+00 2.355963304495138466e+00 2.389585740107295742e+00 2.416474867734548226e+00 2.437736684308122292e+00 2.454300362006049063e+00 2.466910519412590652e+00 2.475637253889037659e+00 2.480101167504662918e+00 2.479527945857469717e+00 2.472884319289283539e+00 2.459008716171529940e+00 2.436684094852336724e+00 2.404701324507733329e+00 2.362080639338589361e+00 2.308805203030393827e+00 2.246559879685523065e+00 2.172358040137507107e+00 2.082651068772092273e+00 1.984195771832997668e+00 1.956570720781476425e+00 2.007052693747908290e+00 2.058530049364877712e+00 2.104342597895983324e+00 2.147188724410689087e+00 2.189118439851159170e+00 2.228075498168410551e+00 2.263546812449666934e+00 2.293823030666711116e+00 2.319004423911609880e+00 2.339284730756444386e+00 2.355005211752867478e+00 2.366471925824725098e+00 2.373934132653153561e+00 2.377599913582068236e+00 1.000000000000000020e+30
1.000000000000000020e+30 1.000000000000000020e+30 1.000000000000000020e+30 2.555085413578602971e+00 2.549000828105993932e+00 2.543181394032970832e+00 2.536404161783847311e+00 2.528522755737717898e+00 2.519627735189533091e+00 2.509912909975080098e+00 2.499619023837086118e+00 2.488981620434745246e+00 2.478193213957823993e+00 2.467416842825107981e+00 2.456765367960381585e+00 2.446241753676470232e+00 2.435311857847241690e+00 2.423011600527322784e+00 2.408491763229064109e+00 2.392013826139882227e+00 2.374982044870268094e+00 2.352424744774568754e+00 2.322302973737764731e+00 2.361126542650390014e+00 2.392579299148240857e+00 2.417600672238513049e+00 2.437430495651734752e+00 2.453676737708171185e+00 2.466211448319257649e+00 2.474475046880813434e+00 2.477288362512046760e+00 2.473143740696901016e+00 2.460447733552518113e+00 2.437557249571510987e+00 2.402671961381679822e+00 2.353818063788787995e+00 2.290713473540900935e+00 2.223642407603072968e+00 2.144456229106333378e+00 2.038517994334178685e+00 1.996424272459082161e+00 1.958012261064233872e+00 2.026301485299954575e+00 2.082933526966870730e+00 2.131700955662713337e+00 2.175737989669514594e+00 2.217128366660956917e+00 2.256364047766977521e+00 2.293155770884592215e+00 2.322727903562665119e+00 2.346726248852414098e+00 2.365611451590686087e+00 2.380068177312955946e+00 2.390581167378587946e+00 2.397400471593152727e+00 2.400730455878169689e+00 1.000000000000000020e+30
1.000000000000000020e+30 1.000000000000000020e+30 1.000000000000000020e+30 2.558237466099499979e+00 2.554991461323202984e+00 2.550403431262320275e+00 2.544761009274485453e+00 2.538172970069464629e+00 2.530761496718505477e+00 2.522683582492857735e+00 2.514117044534682766e+00 2.505235990251538425e+00 2.496188592260108141e+00 2.487084104553185959e+00 2.477964536062284395e+00 2.468746555996932379e+00 2.459107331652546247e+00 2.448541862454426621e+00 2.436579654889928115e+00 2.422995533401131052e+00 2.407438610157801584e+00 2.387888440888686681e+00 2.362652768441487972e+00 2.330293279620021085e+00 2.367107621794792838e+00 2.396061525838254269e+00 2.418707743239691066e+00 2.439708440693413305e+00 2.457430027110986348e+00 2.471294683643864953e+00 2.479368464161713526e+00 2.479349581975649475e+00 2.469093153837939258e+00 2.446548996646822349e+00 2.409241554996665258e+00 2.352223912890430757e+00 2.266043001164648185e+00 2.199098240115944236e+00 2.125681819622645019e+00 2.043439885361518105e+00 1.979813375766470429e+00 1.955977255245908042e+00 2.033225194943097058e+00 2.093833450743625146e+00 2.144551131717832515e+00 2.189524064650544055e+00 2.231534639131840247e+00 2.272852275010208700e+00 2.317125438034532969e+00 2.345440515797373227e+00 2.368667936943523067e+00 2.386152357678508196e+00 2.399376021528160763e+00 2.409057358450807929e+00 2.415268473684882178e+00 2.418218975433140905e+00 1.000000000000000020e+30
1.000000000000000020e+30 1.000000000000000020e+30 1.000000000000000020e+30 2.561799952088412713e+00 2.559383214105045212e+00 2.555588676688772765e+00 2.550785337021511889e+00 2.545148167794845318e+00 2.538814112582379323e+00 2.531923709346641349e+00 2.524623966276506870e+00 2.517057501629035521e+00 2.509347990885681945e+00 2.501584610588763802e+00 2.493799061392063532e+00 2.485932394649807975e+00 2.477800402760240051e+00 2.469115669152371240e+00 2.459551524419393953e+00 2.448753857662242517e+00 2.436139157695062618e+00 2.420532969880027974e+00 2.400569532537380812e+00 2.374647038945362443e+00 2.340593073412398972e+00 2.373607076278475336e+00 2.395766725385341633e+00 2.424438201365341605e+00 2.449050185742360775e+00 2.471392086002414779e+00 2.487688987036763333e+00 2.494201604579536102e+00 2.488182973904666362e+00 2.467584814673684512e+00 2.431165249893551650e+00 2.372767502322842503e+00 2.361963582623807234e+00 2.313142356864141380e+00 2.239307828266989819e+00 2.143634443296392522e+00 2.029680513776517703e+00 1.000000000000000020e+30 1.000000000000000020e+30 1.000000000000000020e+30 1.000000000000000020e+30 1.000000000000000020e+30 1.000000000000000020e+30 1.000000000000000020e+30 2.345164593504648121e+00 2.362378926807358059e+00 2.386317271958631636e+00 2.401534191344072422e+00 2.413269263858770053e+00 2.422384324066712669e+00 2.427990034157451849e+00 2.430349311478468888e+00 1.000000000000000020e+30
1.000000000000000020e+30 1.000000000000000020e+30 2.567541658472930255e+00 2.565046843425662360e+00 2.562346870904373741e+00 2.558859624172400427e+00 2.554570623375942873e+00 2.549570946153888684e+00 2.543976052642141994e+00 2.537913208055818881e+00 2.531516166334078388e+00 2.524917411133202005e+00 2.518237903768380193e+00 2.511574609923185708e+00 2.504984465082113587e+00 2.498465601637936295e+00 2.491942256069351824e+00 2.485267029652586501e+00 2.478228913778922848e+00 2.470527885503461363e+00 2.461677356100586689e+00 2.450885476374878635e+00 2.437081333716333287e+00 2.418741866689713582e+00 2.393195424144525241e+00 2.354120554816619748e+00 2.359828402526661151e+00 2.408477461421000498e+00 2.439718211715575347e+00 2.475729651837517586e+00 2.505102030101086008e+00 2.521507699988800866e+00 2.521745824806998826e+00 2.503549467773104276e+00 2.472557339835036228e+00 2.498605096837962503e+00 2.490296356650127940e+00 2.444239428309860518e+00 2.363081174642720494e+00 2.245455870806059906e+00 2.078228337709000950e+00 1.000000000000000020e+30 1.000000000000000020e+30 1.000000000000000020e+30 1.000000000000000020e+30 1.000000000000000020e+30 1.000000000000000020e+30 1.000000000000000020e+30 1.000000000000000020e+30 1.000000000000000020e+30 2.403316769405552389e+00 2.411558088737612682e+00 2.421353516012943352e+00 2.431113805392314919e+00 2.436038020526568371e+00 2.436989958439626403e+00 1.000000000000000020e+30
1.000000000000000020e+30 1.000000000000000020e+30 2.567455127347250787e+00 2.565852326873660605e+00 2.563376449468013352e+00 2.560111190646684243e+00 2.556121314579693049e+00 2.551499156176245453e+00 2.546356413219717396e+00 2.540818360846895718e+00 2.535019824078902584e+00 2.529100212312864748e+00 2.523196811050600008e+00 2.517436112851349161e+00 2.511923064605341871e+00 2.506729241292770638e+00 2.501882659343146909e+00 2.497361665865569957e+00 2.493086269949277956e+00 2.488892587349796237e+00 2.484483407921429965e+00 2.479379834847691200e+00 2.472918758912504344e+00 2.464265803807443422e+00 2.452601687697253396e+00 2.438399451652554006e+00 2.430503001324516354e+00 2.404994327487467221e+00 2.422609663839171201e+00 2.485871792081838283e+00 2.536471931410806846e+00 2.567118283679516111e+00 2.576178129507777470e+00 2.554066678789039369e+00 2.622135365040530797e+00 2.660803722434956775e+00 2.658140887275156405e+00 2.609920920772353714e+00 2.518608901884793472e+00 2.385960768833799150e+00 1.000000000000000020e+30 1.000000000000000020e+30 1.000000000000000020e+30 1.000000000000000020e+30 1.000000000000000020e+30 1.000000000000000020e+30 1.000000000000000020e+30 1.000000000000000020e+30 1.000000000000000020e+30 1.000000000000000020e+30 1.000000000000000020e+30 1.000000000000000020e+30 1.000000000000000020e+30 2.437312829932100300e+00 2.440462798451760396e+00 1.000000000000000020e+30 1.000000000000000020e+30
1.000000000000000020e+30 2.566725170362947672e+00 2.566376475882947705e+00 2.564896800671417232e+00 2.562497842434046103e+00 2.559303697425153512e+00 2.555414570514143779e+00 2.550936486998216957e+00 2.545988514221507515e+00 2.540704218985875951e+00 2.535231461394420904e+00 2.529730805015653949e+00 2.524372253314574266e+00 2.519330074490142124e+00 2.514775749475152811e+00 2.510869703371737760e+00 2.507752926164545038e+00 2.505538588059194272e+00 2.504300274440577567e+00 2.504051646862192726e+00 2.504717311192704798e+00 2.506107123770126677e+00 2.507914602805489501e+00 2.509758053902085617e+00 2.511341458319930275e+00 2.512865727215710443e+00 2.515285054044224200e+00 2.514266175695321515e+00 2.518184723628898780e+00 2.509148098452596010e+00 2.591242693320833457e+00 2.639676110416235844e+00 2.667904715360491785e+00 2.689888741570702901e+00 2.810171203481533375e+00 2.875628561349659051e+00 2.882839046115521331e+00 2.827522817107483988e+00 2.719473733057240050e+00 2.549772766437572447e+00 1.000000000000000020e+30 1.000000000000000020e+30 1.000000000000000020e+30 1.000000000000000020e+30 1.000000000000000020e+30 1.000000000000000020e+30 1.000000000000000020e+30 1.000000000000000020e+30 1.000000000000000020e+30 1.000000000000000020e+30 1.000000000000000020e+30 1.000000000000000020e+30 1.000000000000000020e+30 1.000000000000000020e+30 1.000000000000000020e+30 1.000000000000000020e+30 1.000000000000000020e+30
1.000000000000000020e+30 2.564423059156832885e+00 2.563783336953295855e+00 2.562185465782379268e+00 2.559683717500542244e+00 2.556383509554226219e+00 2.552394966656715170e+00 2.547835486853892384e+00 2.542835910831709345e+00 2.537545170077875500e+00 2.532133613174834874e+00 2.526795012865013401e+00 2.521746833377032981e+00 2.517228256615723581e+00 2.513495793737043016e+00 2.510816988847070164e+00 2.509463199219811536e+00 2.509701702148638969e+00 2.511785181926854182e+00 2.515935490325480473e+00 2.522320746622683796e+00 2.531029910857306220e+00 2.542052957828473403e+00 2.555274778514120992e+00 2.570487952689216815e+00 2.587364592631666405e+00 2.605046950016558949e+00 2.620553273679658179e+00 2.629300644470999426e+00 2.611057563837487994e+00 2.686852486105406612e+00 2.742495993202417548e+00 2.777714404830241346e+00 2.919993770797368882e+00 3.072896500283402332e+00 3.172203905210532859e+00 3.194055919858463710e+00 3.118937947238373809e+00 2.997237378724277868e+00 1.000000000000000020e+30 1.000000000000000020e+30 1.000000000000000020e+30 1.000000000000000020e+30 1.000000000000000020e+30 1.000000000000000020e+30 1.000000000000000020e+30 1.000000000000000020e+30 1.000000000000000020e+30 1.000000000000000020e+30 1.000000000000000020e+30 1.000000000000000020e+30 1.000000000000000020e+30 1.000000000000000020e+30 1.000000000000000020e+30 1.000000000000000020e+30 1.000000000000000020e+30 1.000000000000000020e+30
2.558860390541854990e+00 2.560033161397551993e+00 2.559414379440862586e+00 2.557613880219684610e+00 2.554850587477484503e+00 2.551261285391048350e+00 2.546967974889808417e+00 2.542098650948737770e+00 2.536797727170755135e+00 2.531233847660503855e+00 2.525606887535627898e+00 2.520154077551726601e+00 2.515154327400688228e+00 2.510929537167842618e+00 2.507842139260016534e+00 2.506289434531796978e+00 2.506696829864930809e+00 2.509511834231168859e+00 2.515197154365895305e+00 2.524218379758610187e+00 2.537021665799759074e+00 2.553998736753784637e+00 2.575439223177338643e+00 2.601471433521630683e+00 2.631987116668996762e+00 2.666512607672208990e+00 2.703916130184125244e+00 2.741875596487729272e+00 2.776638391770819503e+00 2.801704214181766961e+00 2.815733883944167015e+00 2.882158758071355464e+00 2.984223822506479884e+00 3.165906941708112488e+00 3.424020115778310558e+00 3.586501668752492211e+00 3.643781485305476409e+00 3.499372131821391285e+00 3.215697582218700390e+00 1.000000000000000020e+30 1.000000000000000020e+30 1.000000000000000020e+30 1.000000000000000020e+30 1.000000000000000020e+30 1.000000000000000020e+30 1.000000000000000020e+30 1.000000000000000020e+30 1.000000000000000020e+30 1.000000000000000020e+30 1.000000000000000020e+30 1.000000000000000020e+30 1.000000000000000020e+30 1.000000000000000020e+30 1.000000000000000020e+30 1.000000000000000020e+30 1.000000000000000020e+30 1.000000000000000020e+30
2.554771383438709353e+00 2.554566797810238654e+00 2.553357530832458089e+00 2.551103728700598872e+00 2.547887040328752573e+00 2.543813029947913584e+00 2.538999731767566104e+00 2.533581098348977712e+00 2.527714316541952666e+00 2.521589304561353106e+00 2.515439772876999935e+00 2.509554696457259038e+00 2.504288138362283256e+00 2.500064696744817461e+00 2.497378311192538280e+00 2.496784835173934791e+00 2.498893483930199277e+00 2.504363964199600723e+00 2.513907153341063072e+00 2.528280409037051868e+00 2.548267034602489378e+00 2.574629497176193382e+00 2.608029919237031535e+00 2.648918634852344134e+00 2.697404237608162614e+00 2.753127281485475475e+00 2.815144541629170494e+00 2.881899112052290768e+00 2.951571754900334632e+00 3.023119597591714669e+00 3.100838322609734909e+00 3.203144392930052931e+00 3.340655777247136360e+00 3.587043978161035707e+00 3.925463238151867706e+00 4.169622754383678576e+00 4.207268703702879975e+00 4.040995566044686349e+00 3.222354193020507740e+00 1.000000000000000020e+30 1.000000000000000020e+30 1.000000000000000020e+30 1.000000000000000020e+30 1.000000000000000020e+30 1.000000000000000020e+30 1.000000000000000020e+30 1.000000000000000020e+30 1.000000000000000020e+30 1.000000000000000020e+30 1.000000000000000020e+30 1.000000000000000020e+30 1.000000000000000020e+30 1.000000000000000020e+30 1.000000000000000020e+30 1.000000000000000020e+30 1.000000000000000020e+30 1.000000000000000020e+30
2.547854130965710340e+00 2.547077398813171634e+00 2.545300737450638895e+00 2.542471526592701370e+00 2.538634178164080435e+00 2.533878200863944219e+00 2.528318932314119749e+00 2.522094876427795285e+00 2.515373930295920157e+00 2.508365624628454249e+00 2.501337931759986422e+00 2.494636725402731070e+00 2.488704358408821538e+00 2.484091839114657141e+00 2.481458497779704508e+00 2.481557355545376709e+00 2.485217544939383849e+00 2.493346499046716236e+00 2.506947021258599584e+00 2.527130213979656759e+00 2.555105747032696328e+00 2.592126961401501006e+00 2.639374140692899662e+00 2.697771114660525438e+00 2.767771150227488874e+00 2.849219298934722477e+00 2.941331968979592038e+00 3.042872063946881589e+00 3.152804068277500260e+00 3.270907831177657155e+00 3.398542655878922680e+00 3.532009605791166962e+00 3.861740040693976805e+00 4.219673561375846482e+00 4.604106501081612457e+00 4.817873222365560260e+00 4.870202886396442388e+00 4.556623868177749337e+00 1.000000000000000020e+30 1.000000000000000020e+30 1.000000000000000020e+30 1.000000000000000020e+30 1.000000000000000020e+30 1.000000000000000020e+30 1.000000000000000020e+30 1.000000000000000020e+30 1.000000000000000020e+30 1.000000000000000020e+30 1.000000000000000020e+30 1.000000000000000020e+30 1.000000000000000020e+30 1.000000000000000020e+30 1.000000000000000020e+30 1.000000000000000020e+30 1.000000000000000020e+30 1.000000000000000020e+30 1.000000000000000020e+30
2.538490942069473455e+00 2.537353999321277698e+00 2.535032159807334207e+00 2.531531265190806401e+00 2.526911510823983686e+00 2.521268594348176961e+00 2.514722199822502890e+00 2.507414979702812019e+00 2.499520920458558670e+00 2.491262376286470737e+00 2.482935370022545385e+00 2.474941564630304125e+00 2.467822105473297611e+00 2.462283348307116260e+00 2.459199279187641807e+00 2.459577697882917136e+00 2.464510062723894279e+00 2.475183745599952356e+00 2.492935291837531153e+00 2.519299935249386113e+00 2.556034353607899323e+00 2.605067108889957073e+00 2.668342984947467578e+00 2.747521483760908545e+00 2.843559481896062557e+00 2.956513678078200424e+00 3.085535518961599166e+00 3.228975782058459476e+00 3.385899683654738812e+00 3.556117381813421296e+00 3.744745022202384366e+00 3.962029880506794832e+00 4.434808345565844689e+00 4.925711915092485071e+00 5.278830256762207185e+00 5.477455977337688964e+00 5.501428759866047180e+00 5.203518035964544985e+00 1.000000000000000020e+30 1.000000000000000020e+30 1.000000000000000020e+30 1.000000000000000020e+30 1.000000000000000020e+30 1.000000000000000020e+30 1.000000000000000020e+30 1.000000000000000020e+30 1.000000000000000020e+30 1.000000000000000020e+30 1.000000000000000020e+30 1.000000000000000020e+30 1.000000000000000020e+30 1.000000000000000020e+30 1.000000000000000020e+30 1.000000000000000020e+30 1.000000000000000020e+30 1.000000000000000020e+30 1.000000000000000020e+30
2.526795259480156375e+00 2.525326062840253183e+00 2.522411069898413238e+00 2.518113422523858169e+00 2.512529214276820078e+00 2.505774609533242270e+00 2.497978727798582543e+00 2.489285514892074058e+00 2.479865428879801659e+00 2.469938505913995996e+00 2.459810998276202643e+00 2.449926282175796999e+00 2.440925744172323775e+00 2.433704723187589014e+00 2.429430948746135410e+00 2.429470109984323223e+00 2.435221931397976380e+00 2.448164635960710989e+00 2.469991859023770164e+00 2.502724125977045411e+00 2.548810493707084568e+00 2.611115259176638226e+00 2.692754536005452337e+00 2.796630026737327857e+00 2.924449750315212704e+00 3.076486900524702417e+00 3.251671817335829662e+00 3.446329290196195494e+00 3.659530903856671458e+00 3.886528757594708949e+00 4.136632723627109876e+00 4.487261621089898789e+00 5.102449713028263112e+00 5.580938479308201750e+00 5.926669728383018310e+00 6.107393647278371418e+00 6.039926066558646056e+00 5.549373892192872582e+00 1.000000000000000020e+30 1.000000000000000020e+30 1.000000000000000020e+30 1.000000000000000020e+30 1.000000000000000020e+30 1.000000000000000020e+30 1.000000000000000020e+30 1.000000000000000020e+30 1.000000000000000020e+30 1.000000000000000020e+30 1.000000000000000020e+30 1.000000000000000020e+30 1.000000000000000020e+30 1.000000000000000020e+30 1.000000000000000020e+30 1.000000000000000020e+30 1.000000000000000020e+30 1.000000000000000020e+30 1.000000000000000020e+30
2.512803561627302784e+00 2.510951706589386045e+00 2.507326373678516962e+00 2.502055604305028602e+00 2.495286109520073570e+00 2.487164403620902409e+00 2.477830855132241439e+00 2.467423852842497656e+00 2.456093834526554609e+00 2.444031288170569916e+00 2.431515812145029987e+00 2.418992823137085857e+00 2.407179618272901056e+00 2.397187208404439218e+00 2.390611449952035006e+00 2.389411117991613764e+00 2.395323992689511794e+00 2.410062064949297422e+00 2.435657153039972211e+00 2.474624352106964853e+00 2.530252425783893422e+00 2.606661354035952449e+00 2.708775086926289877e+00 2.841875219202522729e+00 3.008754504061855073e+00 3.209824533259212131e+00 3.444996558921245899e+00 3.703008966179214490e+00 3.989443232298613751e+00 4.276837039591691259e+00 4.529013169222913859e+00 5.181157867806930994e+00 5.743408282937114251e+00 6.210970477787823185e+00 6.592532217852489218e+00 6.769445795127154497e+00 6.661860944107747429e+00 1.000000000000000020e+30 1.000000000000000020e+30 1.000000000000000020e+30 1.000000000000000020e+30 1.000000000000000020e+30 1.000000000000000020e+30 1.000000000000000020e+30 1.000000000000000020e+30 1.000000000000000020e+30 1.000000000000000020e+30 1.000000000000000020e+30 1.000000000000000020e+30 1.000000000000000020e+30 1.000000000000000020e+30 1.000000000000000020e+30 1.000000000000000020e+30 1.000000000000000020e+30 1.000000000000000020e+30 1.000000000000000020e+30 1.000000000000000020e+30
2.496558680801348462e+00 2.494211072776016724e+00 2.489679135528547693e+00 2.483188876650457733e+00 2.474959028903876312e+00 2.465175206245058703e+00 2.453987948336219027e+00 2.441519690175522062e+00 2.427877628138020771e+00 2.413180821690390054e+00 2.397617421557039386e+00 2.381549316067508748e+00 2.365682510247466563e+00 2.351308005819383151e+00 2.340653342825099070e+00 2.336956375041825851e+00 2.342189652517500331e+00 2.358046062059996562e+00 2.386843923847297599e+00 2.431441827901992703e+00 2.496091135021845542e+00 2.586420608229015539e+00 2.709879006853590067e+00 2.877265211199189654e+00 3.092501671858295165e+00 3.354282010176214968e+00 3.674170408532351662e+00 4.005629299698455270e+00 4.413915869656149127e+00 4.824289092500737119e+00 5.296879514955079138e+00 5.817821087202381669e+00 6.322925348200843843e+00 6.762226260624180973e+00 7.278148721642558883e+00 7.472272207156381185e+00 7.372508821599639717e+00 1.000000000000000020e+30 1.000000000000000020e+30 1.000000000000000020e+30 1.000000000000000020e+30 1.000000000000000020e+30 1.000000000000000020e+30 1.000000000000000020e+30 1.000000000000000020e+30 1.000000000000000020e+30 1.000000000000000020e+30 1.000000000000000020e+30 1.000000000000000020e+30 1.000000000000000020e+30 1.000000000000000020e+30 1.000000000000000020e+30 1.000000000000000020e+30 1.000000000000000020e+30 1.000000000000000020e+30 1.000000000000000020e+30 1.000000000000000020e+30
2.478176342125000264e+00 2.475124790817253562e+00 2.469373281114647156e+00 2.461319577465850283e+00 2.451283752680510020e+00 2.439495285231341182e+00 2.426110129109027458e+00 2.411223703588938339e+00 2.394874625807116963e+00 2.377056079684980450e+00 2.357766536609557040e+00 2.337129194112398167e+00 2.315630768987820165e+00 2.294454399048665660e+00 2.276499535171212951e+00 2.268728449810291981e+00 2.272466765354693052e+00 2.288575788412252621e+00 2.319874142873226575e+00 2.368873350172052472e+00 2.441035569602158173e+00 2.542925236533808420e+00 2.684041347568058899e+00 2.892699696125963005e+00 3.172309824577913329e+00 3.501192825848327139e+00 3.978937884924624413e+00 4.622440154624423592e+00 5.294811931782620107e+00 5.830031002963550257e+00 6.225144471422999537e+00 6.692675371754583935e+00 7.206611974316118108e+00 7.494459132412954361e+00 7.998020906553598763e+00 8.223614899182228655e+00 8.265021083545518010e+00 8.318526420592423420e+00 1.000000000000000020e+30 1.000000000000000020e+30 1.000000000000000020e+30 1.000000000000000020e+30 1.000000000000000020e+30 1.000000000000000020e+30 1.000000000000000020e+30 1.000000000000000020e+30 1.000000000000000020e+30 1.000000000000000020e+30 1.000000000000000020e+30 1.000000000000000020e+30 1.000000000000000020e+30 1.000000000000000020e+30 1.000000000000000020e+30 1.000000000000000020e+30 1.000000000000000020e+30 1.000000000000000020e+30 1.000000000000000020e+30
2.457944109784209630e+00 2.453776998247025887e+00 2.446294680652443265e+00 2.436197414317846643e+00 2.423924348008566820e+00 2.409734493558491231e+00 2.393777299207772380e+00 2.376116910838951934e+00 2.356709529172546613e+00 2.335367394411784314e+00 2.311775711192155303e+00 2.285581934951286698e+00 2.256740416286153295e+00 2.225362804541718642e+00 2.192822124527053163e+00 2.179874265141263923e+00 2.182093203350720767e+00 2.197137208744682990e+00 2.226516216067446763e+00 2.276054600662410721e+00 2.353408014468330478e+00 2.466337858593385501e+00 2.606344482868107715e+00 2.872048445212886048e+00 3.267519148213520186e+00 3.857782498526693526e+00 4.557126123998123113e+00 5.405984238296447586e+00 6.157196032585887657e+00 6.794848948514995435e+00 7.310320005045594982e+00 7.736474583829464180e+00 8.051827510346157624e+00 8.254185805685258615e+00 8.731335570818334446e+00 8.942465285987687196e+00 8.928901855836134160e+00 8.710743537528763625e+00 1.000000000000000020e+30 1.000000000000000020e+30 1.000000000000000020e+30 1.000000000000000020e+30 1.000000000000000020e+30 1.000000000000000020e+30 1.000000000000000020e+30 1.000000000000000020e+30 1.000000000000000020e+30 1.000000000000000020e+30 1.000000000000000020e+30 1.000000000000000020e+30 1.000000000000000020e+30 1.000000000000000020e+30 1.000000000000000020e+30 1.000000000000000020e+30 1.000000000000000020e+30 1.000000000000000020e+30 1.000000000000000020e+30
2.436530405316581938e+00 2.430310873513009007e+00 2.420244493461459090e+00 2.407456076550947621e+00 2.392429268029708567e+00 2.375384267719984344e+00 2.356439466312153286e+00 2.335647606524841269e+00 2.312911309022215534e+00 2.287830828728609323e+00 2.259667837832071591e+00 2.227225270573014893e+00 2.190064082982924987e+00 2.146117139007021279e+00 2.077171828439118961e+00 2.063460442865477695e+00 2.063625378287885059e+00 2.071652533421830533e+00 2.091316554004238881e+00 2.135694921929911949e+00 2.217075247070862343e+00 2.363853705079309364e+00 2.651240251534345838e+00 3.020358854927143621e+00 3.541916254974362133e+00 4.269665485000198046e+00 5.204199973468287332e+00 6.113538053805780415e+00 6.942119067795498033e+00 7.671374321055598244e+00 8.246929596093455217e+00 8.641449142893700142e+00 8.781379257417803785e+00 9.068593918322180869e+00 9.510964367333235359e+00 9.664474320007338193e+00 9.576427396723991237e+00 9.247262955117873773e+00 1.000000000000000020e+30 1.000000000000000020e+30 1.000000000000000020e+30 1.000000000000000020e+30 1.000000000000000020e+30 1.000000000000000020e+30 1.000000000000000020e+30 1.000000000000000020e+30 1.000000000000000020e+30 1.000000000000000020e+30 1.000000000000000020e+30 1.000000000000000020e+30 1.000000000000000020e+30 1.000000000000000020e+30 1.000000000000000020e+30 1.000000000000000020e+30 1.000000000000000020e+30 1.000000000000000020e+30 1.000000000000000020e+30
2.415521385909489727e+00 2.404744829287208230e+00 2.390755164164741320e+00 2.374515931447536587e+00 2.356183708537288535e+00 2.335778289959370646e+00 2.313348957881386170e+00 2.289018052136945425e+00 2.262776811491779672e+00 2.234024588316695148e+00 2.201676496401221872e+00 2.162405598730742007e+00 2.117729560797215083e+00 2.077769924599486284e+00 2.025144818996035045e+00 2.052477948496380655e+00 2.064697836806774767e+00 2.076756978248285979e+00 2.097659549213058749e+00 2.142280529129882094e+00 2.229677292182535631e+00 2.387882148908533342e+00 2.675003603320675882e+00 3.132497110115685768e+00 3.843356559249301974e+00 4.897174171241150731e+00 5.915501196707386278e+00 6.848587261854727437e+00 7.720073263549975806e+00 8.558271091330194480e+00 9.179054024532860012e+00 9.583715054874344830e+00 9.730983645884668576e+00 1.011173075535685051e+01 1.035462720131898884e+01 1.040201403476839026e+01 1.024028022772903412e+01 9.849844741115552083e+00 1.000000000000000020e+30 1.000000000000000020e+30 1.000000000000000020e+30 1.000000000000000020e+30 1.000000000000000020e+30 1.000000000000000020e+30 1.000000000000000020e+30 1.000000000000000020e+30 1.000000000000000020e+30 1.000000000000000020e+30 1.000000000000000020e+30 1.000000000000000020e+30 1.000000000000000020e+30 1.000000000000000020e+30 1.000000000000000020e+30 1.000000000000000020e+30 1.000000000000000020e+30 1.000000000000000020e+30 1.000000000000000020e+30
2.399018410432156578e+00 2.375884596147928463e+00 2.356697412439045181e+00 2.336482704790428411e+00 2.314397380702212015e+00 2.290088110528275323e+00 2.263487403201180026e+00 2.234991800030779796e+00 2.205136731283313445e+00 2.172977954076478202e+00 2.135638811337142062e+00 2.082611177347716946e+00 2.011293939995308033e+00 1.986191054313965809e+00 2.019774901101341058e+00 2.040954312798214598e+00 2.053573691224310771e+00 2.065271700131511512e+00 2.073786561369444392e+00 2.096052249372495346e+00 2.164476099384588625e+00 2.334618519810686799e+00 2.689585535511383352e+00 3.502559513975124439e+00 5.149016653702772395e+00 6.140457167854524556e+00 7.172613889685629296e+00 8.262134732767059120e+00 9.701422431373885047e+00 9.839033495395783646e+00 1.026073655396315054e+01 1.062749096160998974e+01 1.086859388962123951e+01 1.106463761976573146e+01 1.116363863268947121e+01 1.111840015969612594e+01 1.090449006847038049e+01 1.049432268286261305e+01 1.000000000000000020e+30 1.000000000000000020e+30 1.000000000000000020e+30 1.000000000000000020e+30 1.000000000000000020e+30 1.000000000000000020e+30 1.000000000000000020e+30 1.000000000000000020e+30 1.000000000000000020e+30 1.000000000000000020e+30 1.000000000000000020e+30 1.000000000000000020e+30 1.000000000000000020e+30 1.000000000000000020e+30 1.000000000000000020e+30 1.000000000000000020e+30 1.000000000000000020e+30 1.000000000000000020e+30 1.000000000000000020e+30
1.000000000000000020e+30 2.335926860945490624e+00 2.316071725738046538e+00 2.292241208747217929e+00 2.266207751959313565e+00 2.237429029855180218e+00 2.205533763458695340e+00 2.171532372810024647e+00 2.135929290767396349e+00 2.089964973277508076e+00 2.041955196478572265e+00 1.962452190142739417e+00 1.993442858478794877e+00 1.998376121196044020e+00 2.014268452628412032e+00 2.022266748601412978e+00 2.022218869392003349e+00 1.988437371005217891e+00 2.031371101391652001e+00 2.038327058787535506e+00 1.000000000000000020e+30 2.424573244089560209e+00 2.972706550314084595e+00 4.807701978204675264e+00 5.970481862234472636e+00 1.000000000000000020e+30 1.000000000000000020e+30 1.000000000000000020e+30 1.265703874194133149e+01 1.203529937760754542e+01 1.143718450534803566e+01 1.164453585231096611e+01 1.179327320611552921e+01 1.188043133902755955e+01 1.188207358235468369e+01 1.176946050415063993e+01 1.153342351844447755e+01 1.120095153579194402e+01 1.091415518506660831e+01 1.000000000000000020e+30 1.000000000000000020e+30 1.000000000000000020e+30 1.000000000000000020e+30 1.000000000000000020e+30 1.000000000000000020e+30 1.000000000000000020e+30 1.000000000000000020e+30 1.000000000000000020e+30 1.000000000000000020e+30 1.000000000000000020e+30 1.000000000000000020e+30 1.000000000000000020e+30 1.000000000000000020e+30 1.000000000000000020e+30 1.000000000000000020e+30 1.000000000000000020e+30 1.000000000000000020e+30
1.000000000000000020e+30 2.307760886398237510e+00 2.270862937278469662e+00 2.241036539533041161e+00 2.210907747730818773e+00 2.177220328453219889e+00 2.138062045351569296e+00 2.091467831146366141e+00 2.037250179844702469e+00 1.923178540420779736e+00 1.821117999777048801e+00 1.928004196048846319e+00 1.970607108430614485e+00 1.980871148572000306e+00 1.973187806652657805e+00 1.998340020115212834e+00 1.997589960336930925e+00 1.000000000000000020e+30 1.000000000000000020e+30 1.000000000000000020e+30 1.000000000000000020e+30 1.000000000000000020e+30 1.000000000000000020e+30 1.000000000000000020e+30 1.000000000000000020e+30 1.000000000000000020e+30 1.000000000000000020e+30 1.000000000000000020e+30 1.433966422396323459e+01 1.396461093944048315e+01 1.333687958523093720e+01 1.253815204385587911e+01 1.253114904645742911e+01 1.254308147169888166e+01 1.247635793898033185e+01 1.230701609978049937e+01 1.202461260976740043e+01 1.163157214526188277e+01 1.112877823361952245e+01 1.000000000000000020e+30 1.000000000000000020e+30 1.000000000000000020e+30 1.000000000000000020e+30 1.000000000000000020e+30 1.000000000000000020e+30 1.000000000000000020e+30 1.000000000000000020e+30 1.000000000000000020e+30 1.000000000000000020e+30 1.000000000000000020e+30 1.000000000000000020e+30 1.000000000000000020e+30 1.000000000000000020e+30 1.000000000000000020e+30 1.000000000000000020e+30 1.000000000000000020e+30 1.000000000000000020e+30
1.000000000000000020e+30 1.000000000000000020e+30 2.208886169860913906e+00 2.179630068105750329e+00 2.147818423817940303e+00 2.109382966212823618e+00 2.056310622974332425e+00 1.965891233578931585e+00 1.887512935510618606e+00 1.919350717727657862e+00 1.902132102857801321e+00 1.932238571641481162e+00 1.000000000000000020e+30 1.000000000000000020e+30 1.000000000000000020e+30 1.000000000000000020e+30 1.000000000000000020e+30 1.000000000000000020e+30 1.000000000000000020e+30 1.000000000000000020e+30 1.000000000000000020e+30 1.000000000000000020e+30 1.000000000000000020e+30 1.000000000000000020e+30 1.000000000000000020e+30 1.000000000000000020e+30 1.000000000000000020e+30 1.000000000000000020e+30 1.000000000000000020e+30 1.000000000000000020e+30 1.418492338626230520e+01 1.330750734897556598e+01 1.309970847026528240e+01 1.304238001834692184e+01 1.293245637963788397e+01 1.271879227522142841e+01 1.239066760890701069e+01 1.194028091992981722e+01 1.135589088138110547e+01 1.000000000000000020e+30 1.000000000000000020e+30 1.000000000000000020e+30 1.000000000000000020e+30 1.000000000000000020e+30 1.000000000000000020e+30 1.000000000000000020e+30 1.000000000000000020e+30 1.000000000000000020e+30 1.000000000000000020e+30 1.000000000000000020e+30 1.000000000000000020e+30 1.000000000000000020e+30 1.000000000000000020e+30 1.000000000000000020e+30 1.000000000000000020e+30 1.000000000000000020e+30 1.000000000000000020e+30
1.000000000000000020e+30 1.000000000000000020e+30 2.164807277073720559e+00 2.106326085140282522e+00 2.069683390415463453e+00 2.022390596909550364e+00 1.946687651068191194e+00 1.959218060729525090e+00 1.938224320023532066e+00 1.940485378137069894e+00 1.000000000000000020e+30 1.000000000000000020e+30 1.000000000000000020e+30 1.000000000000000020e+30 1.000000000000000020e+30 1.000000000000000020e+30 1.000000000000000020e+30 1.000000000000000020e+30 1.000000000000000020e+30 1.000000000000000020e+30 1.000000000000000020e+30 1.000000000000000020e+30 1.000000000000000020e+30 1.000000000000000020e+30 1.000000000000000020e+30 1.000000000000000020e+30 1.000000000000000020e+30 1.000000000000000020e+30 1.000000000000000020e+30 1.000000000000000020e+30 1.000000000000000020e+30 1.409133313494802664e+01 1.359095051830010270e+01 1.341450911636835386e+01 1.325026727364544676e+01 1.300530733206490730e+01 1.264258455797899749e+01 1.215092286822844869e+01 1.152892488681891692e+01 1.000000000000000020e+30 1.000000000000000020e+30 1.000000000000000020e+30 1.000000000000000020e+30 1.000000000000000020e+30 1.000000000000000020e+30 1.000000000000000020e+30 1.000000000000000020e+30 1.000000000000000020e+30 1.000000000000000020e+30 1.000000000000000020e+30 1.000000000000000020e+30 1.000000000000000020e+30 1.000000000000000020e+30 1.000000000000000020e+30 1.000000000000000020e+30 1.000000000000000020e+30 1.000000000000000020e+30
1.000000000000000020e+30 1.000000000000000020e+30 1.000000000000000020e+30 1.973683938676559446e+00 1.951573445639572801e+00 1.881536646741773566e+00 1.928783093841797802e+00 1.950466716485688368e+00 1.951966146665450985e+00 1.000000000000000020e+30 1.000000000000000020e+30 1.000000000000000020e+30 1.000000000000000020e+30 1.000000000000000020e+30 1.000000000000000020e+30 1.000000000000000020e+30 1.000000000000000020e+30 1.000000000000000020e+30 1.000000000000000020e+30 1.000000000000000020e+30 1.000000000000000020e+30 1.000000000000000020e+30 1.000000000000000020e+30 1.000000000000000020e+30 1.000000000000000020e+30 1.000000000000000020e+30 1.000000000000000020e+30 1.000000000000000020e+30 1.000000000000000020e+30 1.000000000000000020e+30 1.000000000000000020e+30 1.000000000000000020e+30 1.431998238118443112e+01 1.379503867737614797e+01 1.347549428936721583e+01 1.316995317779724495e+01 1.278725256966970569e+01 1.226015090129051543e+01 1.162219883538283938e+01 1.000000000000000020e+30 1.000000000000000020e+30 1.000000000000000020e+30 1.000000000000000020e+30 1.000000000000000020e+30 1.000000000000000020e+30 1.000000000000000020e+30 1.000000000000000020e+30 1.000000000000000020e+30 1.000000000000000020e+30 1.000000000000000020e+30 1.000000000000000020e+30 1.000000000000000020e+30 1.000000000000000020e+30 1.000000000000000020e+30 1.000000000000000020e+30 1.000000000000000020e+30 1.000000000000000020e+30
1.000000000000000020e+30 1.000000000000000020e+30 1.000000000000000020e+30 1.793571923703818127e+00 1.770408931823991949e+00 1.876246495993380670e+00 1.929957471433157989e+00 1.948573709287287237e+00 1.000000000000000020e+30 1.000000000000000020e+30 1.000000000000000020e+30 1.000000000000000020e+30 1.000000000000000020e+30 1.000000000000000020e+30 1.000000000000000020e+30 1.000000000000000020e+30 1.000000000000000020e+30 1.000000000000000020e+30 1.000000000000000020e+30 1.000000000000000020e+30 1.000000000000000020e+30 1.000000000000000020e+30 1.000000000000000020e+30 1.000000000000000020e+30 1.000000000000000020e+30 1.000000000000000020e+30 1.000000000000000020e+30 1.000000000000000020e+30 1.000000000000000020e+30 1.000000000000000020e+30 1.000000000000000020e+30 1.000000000000000020e+30 1.000000000000000020e+30 1.445841444170335777e+01 1.378517389917260161e+01 1.324013533517789831e+01 1.284105750178719418e+01 1.224942917637563156e+01 1.162685188660518953e+01 1.000000000000000020e+30 1.000000000000000020e+30 1.000000000000000020e+30 1.000000000000000020e+30 1.000000000000000020e+30 1.000000000000000020e+30 1.000000000000000020e+30 1.000000000000000020e+30 1.000000000000000020e+30 1.000000000000000020e+30 1.000000000000000020e+30 1.000000000000000020e+30 1.000000000000000020e+30 1.000000000000000020e+30 1.000000000000000020e+30 1.000000000000000020e+30 1.000000000000000020e+30 1.000000000000000020e+30
1.000000000000000020e+30 1.000000000000000020e+30 1.000000000000000020e+30 1.000000000000000020e+30 1.901340508925847939e+00 1.920461774017789836e+00 1.937998764109692518e+00 1.000000000000000020e+30 1.000000000000000020e+30 1.000000000000000020e+30 1.000000000000000020e+30 1.000000000000000020e+30 1.000000000000000020e+30 1.000000000000000020e+30 1.000000000000000020e+30 1.000000000000000020e+30 1.000000000000000020e+30 1.000000000000000020e+30 1.000000000000000020e+30 1.000000000000000020e+30 1.000000000000000020e+30 1.000000000000000020e+30 1.000000000000000020e+30 1.000000000000000020e+30 1.000000000000000020e+30 1.000000000000000020e+30 1.000000000000000020e+30 1.000000000000000020e+30 1.000000000000000020e+30 1.000000000000000020e+30 1.000000000000000020e+30 1.000000000000000020e+30 1.000000000000000020e+30 1.000000000000000020e+30 1.415354087359926716e+01 1.330494941521840424e+01 1.288803403443833240e+01 1.204041519137401650e+01 1.155980226354507145e+01 1.000000000000000020e+30 1.000000000000000020e+30 1.000000000000000020e+30 1.000000000000000020e+30 1.000000000000000020e+30 1.000000000000000020e+30 1.000000000000000020e+30 1.000000000000000020e+30 1.000000000000000020e+30 1.000000000000000020e+30 1.000000000000000020e+30 1.000000000000000020e+30 1.000000000000000020e+30 1.000000000000000020e+30 1.000000000000000020e+30 1.000000000000000020e+30 1.000000000000000020e+30 1.000000000000000020e+30
1.000000000000000020e+30 1.000000000000000020e+30 1.000000000000000020e+30 1.000000000000000020e+30 1.939736739393640441e+00 1.000000000000000020e+30 1.000000000000000020e+30 1.000000000000000020e+30 1.000000000000000020e+30 1.000000000000000020e+30 1.000000000000000020e+30 1.000000000000000020e+30 1.000000000000000020e+30 1.000000000000000020e+30 1.000000000000000020e+30 1.000000000000000020e+30 1.000000000000000020e+30 1.000000000000000020e+30 1.000000000000000020e+30 1.000000000000000020e+30 1.000000000000000020e+30 1.000000000000000020e+30 1.000000000000000020e+30 1.000000000000000020e+30 1.000000000000000020e+30 1.000000000000000020e+30 1.000000000000000020e+30 1.000000000000000020e+30 1.000000000000000020e+30 1.000000000000000020e+30 1.000000000000000020e+30 1.000000000000000020e+30 1.000000000000000020e+30 1.000000000000000020e+30 1.000000000000000020e+30 1.342643859562173780e+01 1.323824160416710605e+01 1.000000000000000020e+30 1.000000000000000020e+30 1.000000000000000020e+30 1.000000000000000020e+30 1.000000000000000020e+30 1.000000000000000020e+30 1.000000000000000020e+30 1.000000000000000020e+30 1.000000000000000020e+30 1.000000000000000020e+30 1.000000000000000020e+30 1.000000000000000020e+30 1.000000000000000020e+30 1.000000000000000020e+30 1.000000000000000020e+30 1.000000000000000020e+30 1.000000000000000020e+30 1.000000000000000020e+30 1.000000000000000020e+30 1.000000000000000020e+30
