1.000000000000000020e+30 1.000000000000000020e+30 1.000000000000000020e+30 1.000000000000000020e+30 1.000000000000000020e+30 1.000000000000000020e+30 1.000000000000000020e+30 1.000000000000000020e+30 1.000000000000000020e+30 1.000000000000000020e+30 1.000000000000000020e+30 1.000000000000000020e+30 1.000000000000000020e+30 1.000000000000000020e+30 1.000000000000000020e+30 1.000000000000000020e+30 1.000000000000000020e+30 1.000000000000000020e+30 1.000000000000000020e+30 1.000000000000000020e+30 1.000000000000000020e+30 1.000000000000000020e+30 1.000000000000000020e+30 1.000000000000000020e+30 1.000000000000000020e+30 1.000000000000000020e+30 1.000000000000000020e+30 1.000000000000000020e+30 1.000000000000000020e+30 1.000000000000000020e+30 1.000000000000000020e+30 1.000000000000000020e+30 1.000000000000000020e+30 1.000000000000000020e+30 1.000000000000000020e+30 1.000000000000000020e+30 1.000000000000000020e+30 1.000000000000000020e+30 1.000000000000000020e+30 1.000000000000000020e+30 1.000000000000000020e+30 1.000000000000000020e+30 1.000000000000000020e+30 1.000000000000000020e+30 1.000000000000000020e+30 1.000000000000000020e+30 1.000000000000000020e+30 1.000000000000000020e+30 1.000000000000000020e+30 1.000000000000000020e+30 1.000000000000000020e+30 1.000000000000000020e+30 1.000000000000000020e+30 1.000000000000000020e+30 1.000000000000000020e+30 1.000000000000000020e+30 1.000000000000000020e+30
1.000000000000000020e+30 1.000000000000000020e+30 1.000000000000000020e+30 1.000000000000000020e+30 1.000000000000000020e+30 1.000000000000000020e+30 1.000000000000000020e+30 1.000000000000000020e+30 1.000000000000000020e+30 1.000000000000000020e+30 1.000000000000000020e+30 1.000000000000000020e+30 1.000000000000000020e+30 1.000000000000000020e+30 1.000000000000000020e+30 1.000000000000000020e+30 1.000000000000000020e+30 1.000000000000000020e+30 1.000000000000000020e+30 1.000000000000000020e+30 1.000000000000000020e+30 1.000000000000000020e+30 1.000000000000000020e+30 1.000000000000000020e+30 1.000000000000000020e+30 1.000000000000000020e+30 1.000000000000000020e+30 3.172782077930842437e+00 3.192475818280807065e+00 3.213114963612785147e+00 3.228587952885980883e+00 3.236628652034359899e+00 3.236329769318701643e+00 3.227366288934012672e+00 3.209727222450714290e+00 3.183617275337741859e+00 3.149427042878161220e+00 3.107744737606521035e+00 3.059418030439133407e+00 3.005720289569934423e+00 2.948796717858439109e+00 2.892969673899925986e+00 2.848965391621383514e+00 1.000000000000000020e+30 1.000000000000000020e+30 1.000000000000000020e+30 1.000000000000000020e+30 1.000000000000000020e+30 1.000000000000000020e+30 1.000000000000000020e+30 1.000000000000000020e+30 1.000000000000000020e+30 1.000000000000000020e+30 1.000000000000000020e+30 1.000000000000000020e+30 1.000000000000000020e+30 1.000000000000000020e+30
1.000000000000000020e+30 1.000000000000000020e+30 1.000000000000000020e+30 1.000000000000000020e+30 1.000000000000000020e+30 1.000000000000000020e+30 1.000000000000000020e+30 1.000000000000000020e+30 1.000000000000000020e+30 1.000000000000000020e+30 1.000000000000000020e+30 1.000000000000000020e+30 1.000000000000000020e+30 1.000000000000000020e+30 1.000000000000000020e+30 1.000000000000000020e+30 1.000000000000000020e+30 1.000000000000000020e+30 1.000000000000000020e+30 1.000000000000000020e+30 1.000000000000000020e+30 1.000000000000000020e+30 1.000000000000000020e+30 1.000000000000000020e+30 2.963933074685960456e+00 3.006360631105568171e+00 3.062896814226614417e+00 3.128111060298596424e+00 3.166494654928304620e+00 3.193195117882569711e+00 3.210911919014387994e+00 3.219871395174020989e+00 3.219944281098861438e+00 3.211073767889677910e+00 3.193346643730937462e+00 3.166996672616804176e+00 3.132401821601620728e+00 3.090087234640439995e+00 3.040732345048328789e+00 2.985160592249308298e+00 2.924203710906404741e+00 2.857937540490169681e+00 2.781982016364258126e+00 2.670214724327416356e+00 2.572749487022945480e+00 2.486067441962342972e+00 2.412828157330729528e+00 2.362795558908600047e+00 1.000000000000000020e+30 1.000000000000000020e+30 1.000000000000000020e+30 1.000000000000000020e+30 1.000000000000000020e+30 1.000000000000000020e+30 1.000000000000000020e+30 1.000000000000000020e+30 1.000000000000000020e+30
1.000000000000000020e+30 1.000000000000000020e+30 1.000000000000000020e+30 1.000000000000000020e+30 1.000000000000000020e+30 1.000000000000000020e+30 1.000000000000000020e+30 1.000000000000000020e+30 1.000000000000000020e+30 1.000000000000000020e+30 1.000000000000000020e+30 1.000000000000000020e+30 1.000000000000000020e+30 1.000000000000000020e+30 1.000000000000000020e+30 1.000000000000000020e+30 1.000000000000000020e+30 1.000000000000000020e+30 1.000000000000000020e+30 1.000000000000000020e+30 1.000000000000000020e+30 2.649791551697858960e+00 2.709525191587455861e+00 2.793940740251576571e+00 2.897342364461809261e+00 2.967912951297528856e+00 3.029658615135760513e+00 3.085468284261774219e+00 3.127266126554521630e+00 3.157255311350724458e+00 3.176958771628869638e+00 3.186974669148784134e+00 3.187522411287016855e+00 3.178741280585113849e+00 3.160811569337962368e+00 3.133998028014831849e+00 3.098662180332691918e+00 3.055258050841351825e+00 3.004305940385103124e+00 2.946313587607521711e+00 2.881562266208064216e+00 2.809584437777441490e+00 2.728207778201386269e+00 2.633925231650626309e+00 2.540524272633129410e+00 2.451679868473108925e+00 2.369109195483011909e+00 2.292555370623328592e+00 2.211040768750347496e+00 1.000000000000000020e+30 1.000000000000000020e+30 1.000000000000000020e+30 1.000000000000000020e+30 1.000000000000000020e+30 1.000000000000000020e+30 1.000000000000000020e+30 1.000000000000000020e+30
1.000000000000000020e+30 1.000000000000000020e+30 1.000000000000000020e+30 1.000000000000000020e+30 1.000000000000000020e+30 1.000000000000000020e+30 1.000000000000000020e+30 1.000000000000000020e+30 1.000000000000000020e+30 1.000000000000000020e+30 1.000000000000000020e+30 1.000000000000000020e+30 1.000000000000000020e+30 1.000000000000000020e+30 1.000000000000000020e+30 1.000000000000000020e+30 1.000000000000000020e+30 1.000000000000000020e+30 2.269817418285535293e+00 2.337382879015355019e+00 2.438119276423703852e+00 2.567423082630323705e+00 2.661900676953766531e+00 2.751597236207135477e+00 2.839738468194228371e+00 2.914134332798024030e+00 2.977948345902228677e+00 3.032217872546613791e+00 3.075082986593486112e+00 3.106750619811747161e+00 3.127803489444790142e+00 3.138661186240692569e+00 3.139590668870343215e+00 3.130804529630589084e+00 3.112531893557399787e+00 3.085055215494577840e+00 3.048723054461401016e+00 3.003943880353378226e+00 2.951157222628813415e+00 2.890769040244639321e+00 2.823034033874724180e+00 2.747903019908756850e+00 2.665056405823455599e+00 2.574995358223092889e+00 2.482514215114791423e+00 2.390309207963136284e+00 2.299163535407257264e+00 2.207549734749854942e+00 2.110339634109340334e+00 2.003399005281600420e+00 1.000000000000000020e+30 1.000000000000000020e+30 1.000000000000000020e+30 1.000000000000000020e+30 1.000000000000000020e+30 1.000000000000000020e+30 1.000000000000000020e+30
1.000000000000000020e+30 1.000000000000000020e+30 1.000000000000000020e+30 1.000000000000000020e+30 1.000000000000000020e+30 1.000000000000000020e+30 1.000000000000000020e+30 1.000000000000000020e+30 1.000000000000000020e+30 1.000000000000000020e+30 1.000000000000000020e+30 1.000000000000000020e+30 1.000000000000000020e+30 1.000000000000000020e+30 1.000000000000000020e+30 1.000000000000000020e+30 1.980847702289144419e+00 2.056181440276500183e+00 2.181857688268160178e+00 2.283399845170080322e+00 2.388140345843086543e+00 2.497726523755215755e+00 2.596389431897425215e+00 2.687683622271140216e+00 2.772329177982571835e+00 2.847047464060269650e+00 2.911620421008571657e+00 2.965995309267962732e+00 3.009566736049048785e+00 3.042232444322640283e+00 3.064169028251112703e+00 3.075603303639854236e+00 3.076748876634666008e+00 3.067818844679020440e+00 3.049052947820034110e+00 3.020737491599366997e+00 2.983213449229677128e+00 2.936872019237180442e+00 2.882136340456811663e+00 2.819428593885078271e+00 2.749130937673495367e+00 2.671582270954051985e+00 2.587229287621960694e+00 2.497109176422829702e+00 2.403391033439910451e+00 2.307595646732374384e+00 2.209969049524250551e+00 2.109016405590521614e+00 2.000900365591633978e+00 1.878736937267722729e+00 1.724955789571231080e+00 1.636936590810766035e+00 1.000000000000000020e+30 1.000000000000000020e+30 1.000000000000000020e+30 1.000000000000000020e+30 1.000000000000000020e+30
1.000000000000000020e+30 1.000000000000000020e+30 1.000000000000000020e+30 1.000000000000000020e+30 1.000000000000000020e+30 1.000000000000000020e+30 1.000000000000000020e+30 1.000000000000000020e+30 1.000000000000000020e+30 1.000000000000000020e+30 1.000000000000000020e+30 1.000000000000000020e+30 1.000000000000000020e+30 1.000000000000000020e+30 1.000000000000000020e+30 1.785077239605788790e+00 1.887110042711051205e+00 1.986910189548782180e+00 2.098248980727769553e+00 2.205778498902520646e+00 2.312232885599326160e+00 2.417227665126037817e+00 2.515968966978503474e+00 2.607656096295027481e+00 2.691658827602086745e+00 2.766561617996457390e+00 2.831656958464964458e+00 2.886515875133888631e+00 2.930730168139719094e+00 2.964109848043552820e+00 2.986650699308750490e+00 2.998447200118554701e+00 2.999644460257031575e+00 2.990427000317976258e+00 2.971023736606988930e+00 2.941715536127909481e+00 2.902839310335768364e+00 2.854786594797214860e+00 2.797996623198333754e+00 2.732946799599700771e+00 2.660150375275696533e+00 2.580184077397335241e+00 2.493778509691161549e+00 2.401962695903557599e+00 2.306051942367911334e+00 2.207013220050099811e+00 2.105024360770219261e+00 1.999238599389028703e+00 1.887842957128906152e+00 1.768895225917490155e+00 1.643522287227628498e+00 1.533900258181239540e+00 1.424470551203823376e+00 1.000000000000000020e+30 1.000000000000000020e+30 1.000000000000000020e+30 1.000000000000000020e+30
1.000000000000000020e+30 1.000000000000000020e+30 1.000000000000000020e+30 1.000000000000000020e+30 1.000000000000000020e+30 1.000000000000000020e+30 1.000000000000000020e+30 1.000000000000000020e+30 1.000000000000000020e+30 1.000000000000000020e+30 1.000000000000000020e+30 1.000000000000000020e+30 1.000000000000000020e+30 1.000000000000000020e+30 1.548665305568904804e+00 1.666131788799372959e+00 1.777923086893597793e+00 1.887697490043740212e+00 1.999274589753793574e+00 2.109341719081107680e+00 2.217217433366518442e+00 2.321775907008652329e+00 2.420821275973190190e+00 2.513022118724105969e+00 2.597353176793339991e+00 2.672771528273721220e+00 2.738509198698096281e+00 2.794016873950168289e+00 2.838884293179348983e+00 2.872863884693691805e+00 2.895855148145820124e+00 2.907865812889816493e+00 2.908981515165323106e+00 2.899351342296520251e+00 2.879184267489331983e+00 2.848750323611114688e+00 2.808382691589280000e+00 2.758479247728046868e+00 2.699504055292319737e+00 2.631991364416926604e+00 2.556557208268932069e+00 2.473924857676820910e+00 2.384962679616460246e+00 2.290700597677624017e+00 2.192230381778440762e+00 2.090403986021371896e+00 1.985569527471775508e+00 1.877479547309057528e+00 1.765524351869058428e+00 1.649521625537345271e+00 1.531308610120292180e+00 1.416477627657960259e+00 1.301708653099107105e+00 1.183756204943883006e+00 1.000000000000000020e+30 1.000000000000000020e+30 1.000000000000000020e+30
1.000000000000000020e+30 1.000000000000000020e+30 1.000000000000000020e+30 1.000000000000000020e+30 1.000000000000000020e+30 1.000000000000000020e+30 1.000000000000000020e+30 1.000000000000000020e+30 1.000000000000000020e+30 1.000000000000000020e+30 1.000000000000000020e+30 1.000000000000000020e+30 1.000000000000000020e+30 1.290041901973658423e+00 1.416187446729314292e+00 1.536911683354519109e+00 1.653939651215805329e+00 1.769051808443633966e+00 1.883380916360388069e+00 1.995908452147461043e+00 2.105616904470586803e+00 2.211269947499209909e+00 2.311345978176505334e+00 2.404546164120214158e+00 2.489776453889127605e+00 2.566075811945742302e+00 2.632672376962640559e+00 2.688975268744457026e+00 2.734547150487868450e+00 2.769096677811059504e+00 2.792463849547245580e+00 2.804597873562794330e+00 2.805537384898095787e+00 2.795397803138880644e+00 2.774365382770811017e+00 2.742695807648270367e+00 2.700715683281007085e+00 2.648826500860206767e+00 2.587511896784953969e+00 2.517349979096043189e+00 2.439032424055019188e+00 2.353388996068128236e+00 2.261406426572770023e+00 2.164211515052933965e+00 2.062970314527758031e+00 1.958681726807328882e+00 1.851957345671077393e+00 1.742921256988855028e+00 1.631385425156877123e+00 1.517339791785180081e+00 1.401585539409947678e+00 1.285759055716984456e+00 1.169818202308701371e+00 1.054466395246555610e+00 9.415345584019298997e-01 1.000000000000000020e+30 1.000000000000000020e+30
1.000000000000000020e+30 1.000000000000000020e+30 1.000000000000000020e+30 1.000000000000000020e+30 1.000000000000000020e+30 1.000000000000000020e+30 1.000000000000000020e+30 1.000000000000000020e+30 1.000000000000000020e+30 1.000000000000000020e+30 1.000000000000000020e+30 1.000000000000000020e+30 1.022462431098665636e+00 1.151066562435791196e+00 1.275242581726917734e+00 1.396514620644628168e+00 1.516072045637353538e+00 1.634506226990289246e+00 1.751757751808199925e+00 1.866956433516318237e+00 1.978974647012322396e+00 2.086538610363612101e+00 2.188300378069969465e+00 2.283017082582663448e+00 2.369601113055448405e+00 2.447119320387279640e+00 2.514805003514810622e+00 2.572052968948239204e+00 2.618405464938938998e+00 2.653540645804199016e+00 2.677259466390203624e+00 2.689470587280101022e+00 2.690176473396197032e+00 2.679463085344226503e+00 2.657493722031544880e+00 2.624506671130308444e+00 2.580816485775008662e+00 2.526819460473553658e+00 2.463004765230382365e+00 2.389973225193799955e+00 2.308465044681717426e+00 2.219394211372629488e+00 2.123878353759050874e+00 2.023236726162253696e+00 1.918910688855143487e+00 1.812262238147114513e+00 1.704265740735624979e+00 1.595244533742520732e+00 1.484947897984159271e+00 1.372909294081665843e+00 1.258867953662705430e+00 1.143008729465682327e+00 1.026144225671588917e+00 9.125365364908666344e-01 8.193598952567441307e-01 1.000000000000000020e+30 1.000000000000000020e+30
1.000000000000000020e+30 1.000000000000000020e+30 1.000000000000000020e+30 1.000000000000000020e+30 1.000000000000000020e+30 1.000000000000000020e+30 1.000000000000000020e+30 1.000000000000000020e+30 1.000000000000000020e+30 1.000000000000000020e+30 1.000000000000000020e+30 7.579413109116134306e-01 8.833838300954846012e-01 1.004918230895810227e+00 1.124539760733912708e+00 1.244159596464912587e+00 1.364683394157564900e+00 1.485561545171458553e+00 1.605703329296743309e+00 1.723839999037813042e+00 1.838630127551571958e+00 1.948698159188877232e+00 2.052697801026849955e+00 2.149397742869085803e+00 2.237721716716814413e+00 2.316755109072483165e+00 2.385742663910311645e+00 2.444079245801049183e+00 2.491297760211310663e+00 2.527057956245946091e+00 2.551135468528674011e+00 2.563410730160645024e+00 2.563858666145192533e+00 2.552540234216057691e+00 2.529596438705089323e+00 2.495245216906268215e+00 2.449781886069844816e+00 2.393584584269925486e+00 2.327127144578214679e+00 2.251002807736676381e+00 2.165962534385784011e+00 2.072970155459767039e+00 1.973270199898092825e+00 1.868446321290091694e+00 1.760408105975185489e+00 1.651181087386329516e+00 1.542361510579980166e+00 1.434396756368992776e+00 1.326622430683928711e+00 1.217703455957090730e+00 1.106085107724575023e+00 9.903217240188453285e-01 8.692540410383208238e-01 7.412019511296279450e-01 5.958658001363800194e-01 3.816469394499640289e-01 1.000000000000000020e+30
1.000000000000000020e+30 1.000000000000000020e+30 1.000000000000000020e+30 1.000000000000000020e+30 1.000000000000000020e+30 1.000000000000000020e+30 1.000000000000000020e+30 1.000000000000000020e+30 1.000000000000000020e+30 1.000000000000000020e+30 5.033841987162445131e-01 6.244456379830803927e-01 7.390161305233754474e-01 8.504042732800826121e-01 9.625202081940381627e-01 1.078563387704662757e+00 1.199596340148219920e+00 1.323020403713380588e+00 1.446361140212199414e+00 1.567856696110691450e+00 1.685923461683504376e+00 1.799030081827699190e+00 1.905754365265749595e+00 2.004842996267041766e+00 2.095229151741989870e+00 2.176022153718085050e+00 2.246489180194214619e+00 2.306037919200973008e+00 2.354203012578150123e+00 2.390636056224450634e+00 2.415097329420224259e+00 2.427447942061756070e+00 2.427642159866548077e+00 2.415720242603597967e+00 2.391802273394050715e+00 2.356083604565652578e+00 2.308833014808445494e+00 2.250395596338745641e+00 2.181203809886689715e+00 2.101802109057928636e+00 2.012893199248221521e+00 1.915417523283171164e+00 1.810680425400689408e+00 1.700532581266480880e+00 1.587548306692321498e+00 1.474947406874440814e+00 1.365657264954222683e+00 1.260213067192354375e+00 1.157107334111433294e+00 1.053703675447190236e+00 9.468450610316188065e-01 8.332967570657799916e-01 7.107495140346267171e-01 5.796983524077959915e-01 4.351532664789245497e-01 4.178129802848811747e-01 1.000000000000000020e+30
1.000000000000000020e+30 1.000000000000000020e+30 1.000000000000000020e+30 1.000000000000000020e+30 1.000000000000000020e+30 1.000000000000000020e+30 1.000000000000000020e+30 1.000000000000000020e+30 1.000000000000000020e+30 2.180119488829319607e-01 3.766982419344209188e-01 4.906586242151859123e-01 5.899858791636708455e-01 6.863125884042476921e-01 7.867328636073044335e-01 8.971263459423274300e-01 1.020225612394715764e+00 1.147624933600595476e+00 1.274902610266205105e+00 1.400353887939790987e+00 1.522291864030550723e+00 1.638983954043862434e+00 1.748882004926958000e+00 1.850700514568293764e+00 1.943397732708888270e+00 2.026128660323327946e+00 2.098202279482419996e+00 2.159053604060481746e+00 2.208229153462974104e+00 2.245380178031216811e+00 2.270258535663410182e+00 2.282712428705432561e+00 2.282681118195595271e+00 2.270188654795366467e+00 2.245336952989461565e+00 2.208298735180481032e+00 2.159311383477987345e+00 2.098673789990543881e+00 2.026750065111878829e+00 1.943986750106476036e+00 1.850954960566006502e+00 1.748438956871261718e+00 1.637615779299691487e+00 1.520411246082916001e+00 1.400122267254895192e+00 1.282074483231918416e+00 1.172602848982226886e+00 1.071980935981167837e+00 9.769644858660965214e-01 8.830386015363484997e-01 7.850371602536895255e-01 6.769697512560949315e-01 5.535240993191793413e-01 4.256533623315492121e-01 4.326632215635392020e-01 4.320109018161765180e-01 1.000000000000000020e+30
1.000000000000000020e+30 1.000000000000000020e+30 1.000000000000000020e+30 1.000000000000000020e+30 1.000000000000000020e+30 1.000000000000000020e+30 1.000000000000000020e+30 1.000000000000000020e+30 2.133541237861897588e-01 2.019891445554296838e-01 2.903704065371510712e-01 3.660104721054355248e-01 4.375293398274812118e-01 5.108242252718245835e-01 5.927706774565147940e-01 6.937988839186350898e-01 8.262746347025761162e-01 9.609521797768393325e-01 1.092774654075620022e+00 1.222808292706805355e+00 1.349340463645174015e+00 1.470221225599796400e+00 1.583709780581772364e+00 1.688515727939273514e+00 1.783675009096309605e+00 1.868434605706853713e+00 1.942175327064803003e+00 2.004375100369686358e+00 2.054599416162623982e+00 2.092503037730471860e+00 2.117832920211757397e+00 2.130428503499171899e+00 2.130218852410949548e+00 2.117217026656025514e+00 2.091511943441848764e+00 2.053257847303200823e+00 2.002661818679447148e+00 1.939970750435729530e+00 1.865461019780287666e+00 1.779436689819966499e+00 1.682245628271137106e+00 1.574331660024017809e+00 1.456379616453449488e+00 1.329753450011283533e+00 1.197787407552210359e+00 1.068885314801848230e+00 9.598037406639575719e-01 8.680138024697413579e-01 7.863242315355826184e-01 7.077714853681330576e-01 6.254093620233648343e-01 5.290543979774302574e-01 3.948616174467631246e-01 4.157971278051864061e-01 4.328558184457196312e-01 4.404695041514229414e-01 1.000000000000000020e+30
1.000000000000000020e+30 1.000000000000000020e+30 1.000000000000000020e+30 1.000000000000000020e+30 1.000000000000000020e+30 1.000000000000000020e+30 1.000000000000000020e+30 2.241148884355936011e-01 2.215812213581300760e-01 2.181623629441357404e-01 2.131917873737099733e-01 2.411805012343342658e-01 2.783389700128434119e-01 3.210659002482190716e-01 3.733722441037155004e-01 4.517507665577227827e-01 6.216196954189303625e-01 7.674046250564098282e-01 9.015297243512784275e-01 1.036718370895023833e+00 1.168905002810319838e+00 1.294694701552870919e+00 1.412126874107700214e+00 1.520039276857391819e+00 1.617666195848755040e+00 1.704426890840692987e+00 1.779812502044614497e+00 1.843354445168526867e+00 1.894635917758129118e+00 1.933312201504338690e+00 1.959124483988602172e+00 1.971905270941620492e+00 1.971577625663350375e+00 1.958149987279286464e+00 1.931706794945128092e+00 1.892394156995079957e+00 1.840399708525034317e+00 1.775926613653564301e+00 1.699163470866392744e+00 1.610254142881707651e+00 1.509269594612010490e+00 1.396166286340657203e+00 1.270695098093443054e+00 1.132357336386993651e+00 9.813971040730793405e-01 8.259360860090457779e-01 7.206323259708683482e-01 6.455616700786778184e-01 5.847708773690117878e-01 5.291304634710248811e-01 4.732411950516638988e-01 4.132598096247562247e-01 3.398429146365680165e-01 4.048390385287500282e-01 4.371218324048440351e-01 4.509776816859806803e-01 1.000000000000000020e+30
1.000000000000000020e+30 1.000000000000000020e+30 1.000000000000000020e+30 1.000000000000000020e+30 1.000000000000000020e+30 1.000000000000000020e+30 2.181937706347987782e-01 2.229358075967648734e-01 2.272178395340338219e-01 2.326794975580417923e-01 2.422776949844598071e-01 2.648832845621702514e-01 2.957462892007707844e-01 3.320097889005060865e-01 3.725941807137047035e-01 4.144397797770495440e-01 4.344479889929100391e-01 5.775414895259814996e-01 7.000176914770718239e-01 8.432028753841976920e-01 9.832592661256187583e-01 1.114816009858524914e+00 1.236345666445230362e+00 1.347224136462390032e+00 1.447099374934267990e+00 1.535677772772195970e+00 1.612593508973467760e+00 1.677420867391441028e+00 1.729741063354252928e+00 1.769196251529654651e+00 1.795516079744395643e+00 1.808525967325290917e+00 1.808146730150040016e+00 1.794389691946300713e+00 1.767346934796396374e+00 1.727174169914608148e+00 1.674063188131870827e+00 1.608201388526487641e+00 1.529718200657749883e+00 1.438624774359950065e+00 1.334757299000131514e+00 1.217678127129106391e+00 1.086253024472747519e+00 9.371363972318350610e-01 7.603492710267324428e-01 5.249982379373365760e-01 4.442335498534452087e-01 4.023835607813119331e-01 3.720401598902557394e-01 3.450927589067197543e-01 3.199148079199314876e-01 3.060903771675319018e-01 3.687498949272921545e-01 4.213089315562888459e-01 4.539510377816429187e-01 4.692138548718522428e-01 1.000000000000000020e+30
1.000000000000000020e+30 1.000000000000000020e+30 1.000000000000000020e+30 1.000000000000000020e+30 1.000000000000000020e+30 2.006024355849084229e-01 2.095503784199625463e-01 2.183767621886825716e-01 2.279285237306895306e-01 2.394105022732203603e-01 2.547584468943768776e-01 2.766030270380195888e-01 3.037929436113246395e-01 3.343817633225957264e-01 3.659836074382368243e-01 3.940939538993623037e-01 4.089418311253020799e-01 4.020486284183106829e-01 4.704244054265402375e-01 6.441078104649853309e-01 7.961138415830422144e-01 9.337736067386602778e-01 1.058945645518959644e+00 1.172178226182406746e+00 1.273746464223280084e+00 1.363773716894196575e+00 1.442024961056786569e+00 1.508051423249278766e+00 1.561379357134760060e+00 1.601611839852048025e+00 1.628458639059984225e+00 1.641737693759969696e+00 1.641371026502977282e+00 1.627380568157747787e+00 1.599880662645932761e+00 1.559061353317671372e+00 1.505156200534818911e+00 1.438387922649454032e+00 1.358885498815551873e+00 1.266583972418497739e+00 1.161185666920316661e+00 1.042286741315452181e+00 9.093952003294087927e-01 7.607757533408392447e-01 5.906089305457156158e-01 4.143342116493429206e-01 4.205460115134282417e-01 4.116631141903672186e-01 3.997866842679460020e-01 3.853118351613736836e-01 3.645840441059716719e-01 3.225294653598319572e-01 4.026922073328803031e-01 4.517238304006910843e-01 4.816075454166178771e-01 4.958821978561542831e-01 1.000000000000000020e+30
1.000000000000000020e+30 1.000000000000000020e+30 1.000000000000000020e+30 1.000000000000000020e+30 1.000000000000000020e+30 1.878873733958139336e-01 1.971884603660788438e-01 2.092101696158069346e-01 2.227993558478082170e-01 2.383318287094914056e-01 2.567267186066856111e-01 2.788109349522209790e-01 3.040634874407803223e-01 3.311250524872444978e-01 3.580204023446622585e-01 3.820087662194812661e-01 4.002053682534680856e-01 4.146636068959064225e-01 4.439249543240425533e-01 4.597861435536280128e-01 6.149679579727145295e-01 7.555912208797028740e-01 8.827147905587320320e-01 9.970132169781940057e-01 1.099261106633453000e+00 1.190200578525379749e+00 1.269581995612263148e+00 1.336746444229335973e+00 1.391065481942352466e+00 1.432074573115100335e+00 1.459462462167726349e+00 1.473043089957243756e+00 1.472742405803666887e+00 1.458598209483361385e+00 1.430760893465617523e+00 1.389483560237079418e+00 1.335092227655185759e+00 1.267924475553168895e+00 1.188206812058300033e+00 1.095836889865396735e+00 9.902590960930499620e-01 8.710891614138798200e-01 7.396374071225351177e-01 5.986377157129132431e-01 4.211473820831462267e-01 3.931099720990766100e-01 4.073021032322933777e-01 4.191037763609302136e-01 4.251699410942140767e-01 4.267472181252190966e-01 4.255779230105205535e-01 4.271345435394447443e-01 4.617721400930110409e-01 4.944276485837479918e-01 5.174720951732291185e-01 5.291607027640444771e-01 1.000000000000000020e+30
1.000000000000000020e+30 1.000000000000000020e+30 1.000000000000000020e+30 1.000000000000000020e+30 1.427269630946591539e-01 1.622997338467173090e-01 1.784191258006940783e-01 1.946585970219735784e-01 2.117795037183306250e-01 2.303069462770637454e-01 2.507637655213391104e-01 2.734158425333161890e-01 2.978714205892394329e-01 3.231575987142121242e-01 3.478893275413349473e-01 3.705058469757606665e-01 3.899629295977983245e-01 4.072709441036161948e-01 4.255128587865006917e-01 4.374347891170993208e-01 4.416547797182723278e-01 5.828499447056032512e-01 7.100656315265155838e-01 8.236093913777581266e-01 9.248768971868537303e-01 1.016177046861181044e+00 1.096663144283900770e+00 1.165031035271968829e+00 1.220368374810856027e+00 1.262156006591377722e+00 1.290090472332087623e+00 1.303994423700553629e+00 1.303796410372501713e+00 1.289546900826099352e+00 1.261438781687320043e+00 1.219813680412991985e+00 1.165146484161268647e+00 1.098007297998912390e+00 1.018934140168060276e+00 9.279112357041341408e-01 8.235046095759415152e-01 7.038287995721317358e-01 5.722528276264599034e-01 4.670510934952761262e-01 3.786365131612974277e-01 3.252869489480901266e-01 3.915779106548712973e-01 4.269386480874153844e-01 4.493101636100929053e-01 4.648808706817895708e-01 4.775403283646770247e-01 4.920846846720710599e-01 5.155522032084696171e-01 5.388259019519846538e-01 5.563303122037720483e-01 5.655391053174662064e-01 1.000000000000000020e+30
1.000000000000000020e+30 1.000000000000000020e+30 1.000000000000000020e+30 1.000000000000000020e+30 1.203428737507810653e-01 1.370221565799017993e-01 1.561312552724227753e-01 1.755936683831704204e-01 1.954975563082393952e-01 2.162745453134027607e-01 2.382972001620069502e-01 2.616668303688947650e-01 2.860508943114978275e-01 3.107095885393331702e-01 3.346330937487955737e-01 3.567714883615892285e-01 3.763983268554879080e-01 3.934519202137075622e-01 4.079292720129248928e-01 4.174031625492577446e-01 4.206532290697012622e-01 4.175818685220907267e-01 5.433773516617554922e-01 6.537143463820922484e-01 7.507673233140984559e-01 8.424518234005872186e-01 9.246335491893717951e-01 9.945264509476493542e-01 1.050940728336206220e+00 1.093483275239450103e+00 1.121948782826005520e+00 1.136188317643419765e+00 1.136115528534832109e+00 1.121770451392213985e+00 1.093378195745984494e+00 1.051379011174993439e+00 9.964280051395285609e-01 9.294474396201908295e-01 8.518010669175590799e-01 7.644220392113422191e-01 6.640435045159470695e-01 5.415894689698413922e-01 3.727998380114081467e-01 3.138615156193295674e-01 2.969087442674248067e-01 3.508039779393365976e-01 4.017495407782005756e-01 4.419349020459746313e-01 4.737906764585788078e-01 4.989343943170359008e-01 5.201579415019077501e-01 5.401875384572447647e-01 5.610489711695044734e-01 5.800130981049426149e-01 5.941363568510418247e-01 6.015872213680287794e-01 1.000000000000000020e+30
1.000000000000000020e+30 1.000000000000000020e+30 1.000000000000000020e+30 4.076010576902246857e-02 7.889463557137565974e-02 1.066272128860100560e-01 1.304699284126344394e-01 1.527486942415900162e-01 1.747003393422234263e-01 1.970585878291111759e-01 2.202516501256759629e-01 2.443772682126132134e-01 2.691413119645787999e-01 2.939123711888079193e-01 3.178426870724771480e-01 3.400467003564909274e-01 3.597866834801031755e-01 3.765378033585297102e-01 3.896947988526752726e-01 3.980545524181162143e-01 4.006549435836757045e-01 3.968455713518727057e-01 3.859514005998074260e-01 4.898693592655070650e-01 5.738986008944498840e-01 6.692578458116842377e-01 7.551736984071758529e-01 8.271604055433328107e-01 8.845614617809262059e-01 9.277204712857300972e-01 9.566613837116526575e-01 9.712566943582873202e-01 9.713400865049539590e-01 9.568800368994354599e-01 9.280995395843547602e-01 8.855313014027886842e-01 8.299497304053587987e-01 7.624435203417105900e-01 6.860580108168238267e-01 6.064323025758125985e-01 5.201057238472145405e-01 4.202753180669300814e-01 3.081998207177357729e-01 3.245196561215578090e-01 3.387856172176412217e-01 3.748007457866564529e-01 4.172171715171129613e-01 4.589049156368914528e-01 4.978304785226222995e-01 5.290660395583506315e-01 5.555206265062722082e-01 5.784569066541684901e-01 5.989203744908924154e-01 6.160742926591379343e-01 6.283280424716538581e-01 6.346333566119107816e-01 1.000000000000000020e+30
1.000000000000000020e+30 1.000000000000000020e+30 1.000000000000000020e+30 2.897784425375357284e-02 4.627303859438590405e-02 7.801026406794062118e-02 1.038167627072849458e-01 1.272802289418020483e-01 1.501775266057622793e-01 1.733336452856204801e-01 1.972497416651317337e-01 2.220797933380488920e-01 2.475190457117108500e-01 2.729351555668166895e-01 2.974792399114562502e-01 3.202603620524410166e-01 3.404777121683677521e-01 3.574459362875717083e-01 3.704835809555078741e-01 3.787868894180114743e-01 3.815906909948040826e-01 3.780320263362249023e-01 3.662797056107933713e-01 3.401964337504615465e-01 3.792252991237386461e-01 4.981306844071083373e-01 5.914623985560197861e-01 6.655432200784746621e-01 7.230839165335021246e-01 7.664775860732119250e-01 7.958063002990697354e-01 8.108503694296576025e-01 8.111896310624937545e-01 7.965997336290288056e-01 7.672422159196049529e-01 7.238028868311811026e-01 6.670930816735262114e-01 5.967127626233498239e-01 5.167183541219669829e-01 4.490875462860965950e-01 3.844392597599294858e-01 3.069004755475635560e-01 3.173706835873980059e-01 3.335141710646327140e-01 3.547337074043573346e-01 3.874305742787607643e-01 4.275285596328606275e-01 4.717947314310806939e-01 5.217665099253170347e-01 5.553826614190604527e-01 5.851069241807813626e-01 6.093016507824771111e-01 6.296846174339175706e-01 6.461986579187110058e-01 6.573381710198079597e-01 6.627061547417179010e-01 1.000000000000000020e+30
1.000000000000000020e+30 1.000000000000000020e+30 1.000000000000000020e+30 1.863252941292716305e-02 2.912807269986952136e-02 5.376636233518403141e-02 7.745154248288367571e-02 9.988652633462972996e-02 1.224954715434303509e-01 1.455513183854847681e-01 1.696422638885357603e-01 1.950874224220571773e-01 2.214465392406514133e-01 2.479878931349207283e-01 2.737037320096407100e-01 2.975829163362108676e-01 3.187514587514379549e-01 3.364872031792149887e-01 3.501688683311049988e-01 3.592407497697083785e-01 3.632780455397815467e-01 3.620819016126877177e-01 3.560191019771424270e-01 3.478970336990769852e-01 3.529340192824120259e-01 3.468276162270013119e-01 4.403515631932687358e-01 5.131266414721401548e-01 5.679018326428117991e-01 6.110817089447171391e-01 6.407938354685184246e-01 6.566252236359316763e-01 6.575083098666670844e-01 6.428365789424883570e-01 6.125684498483661145e-01 5.679326507148877434e-01 5.111041776135273329e-01 4.345300129527057686e-01 3.297698126520673956e-01 2.841922020223102696e-01 2.577221864736333745e-01 1.000000000000000020e+30 1.000000000000000020e+30 1.000000000000000020e+30 1.000000000000000020e+30 1.000000000000000020e+30 1.000000000000000020e+30 1.000000000000000020e+30 5.536519359997652545e-01 5.763384890857258247e-01 6.102073441236885998e-01 6.333199500896201650e-01 6.531613847293641362e-01 6.701283382550913270e-01 6.802756776324588861e-01 6.841713762896846074e-01 1.000000000000000020e+30
1.000000000000000020e+30 1.000000000000000020e+30 4.973122333659614654e-03 9.834332206205286669e-03 1.666995472863061489e-02 2.939454483832547663e-02 5.079017172726354307e-02 7.034250661326742204e-02 9.196851737110718628e-02 1.139183029914308115e-01 1.374403173846754367e-01 1.635031677654090465e-01 1.910725585629237944e-01 2.193173462819789088e-01 2.468193621838195850e-01 2.723277139800058810e-01 2.948982229639153796e-01 3.138364735174406506e-01 3.286266388003538097e-01 3.389025545945607565e-01 3.444876101344173658e-01 3.455050735589523803e-01 3.426327917283071289e-01 3.376065090098999688e-01 3.331434891454799763e-01 3.228101314777439002e-01 3.047796848914534618e-01 3.728207064907854140e-01 4.179416703246410791e-01 4.624114858236963443e-01 4.926875641543761453e-01 5.102799968302350608e-01 5.123684577936761242e-01 4.978654886928848278e-01 4.658202960107467039e-01 4.183138717126220207e-01 3.695338269059796898e-01 2.960137948198649505e-01 3.000528881849867657e-01 2.866885222724172566e-01 2.736614770484624981e-01 1.000000000000000020e+30 1.000000000000000020e+30 1.000000000000000020e+30 1.000000000000000020e+30 1.000000000000000020e+30 1.000000000000000020e+30 1.000000000000000020e+30 1.000000000000000020e+30 1.000000000000000020e+30 6.354293952029937964e-01 6.493851782236418346e-01 6.677852798004564328e-01 6.887241852378925833e-01 6.970566114599180407e-01 6.970257473930882020e-01 1.000000000000000020e+30
1.000000000000000020e+30 1.000000000000000020e+30 3.324701419281783556e-03 5.416705056196876103e-03 9.097113969616113516e-03 1.535381787603413289e-02 2.495143720811921970e-02 3.732150964137407462e-02 5.929808697016358127e-02 7.847939993268603087e-02 1.000277391070334976e-01 1.272651527143451311e-01 1.563786535242566722e-01 1.872458348890876922e-01 2.173143535869387910e-01 2.449812576348684712e-01 2.693093886008580129e-01 2.897173415838947275e-01 3.058327622435487170e-01 3.174438124503568548e-01 3.245116662474765157e-01 3.272208939682417217e-01 3.260418214960459360e-01 3.216844665361927036e-01 3.144541122538951905e-01 3.021063426137581276e-01 2.824298874498289424e-01 2.509130807609210034e-01 2.637388938099340940e-01 3.226523290751944217e-01 3.517400291548730684e-01 3.737964649316698473e-01 3.782159721088887427e-01 3.650364424342770198e-01 3.295128033322873295e-01 2.654799602587491480e-01 2.487424629542332455e-01 2.740993658768461905e-01 2.845024687189001145e-01 2.857589858167321473e-01 1.000000000000000020e+30 1.000000000000000020e+30 1.000000000000000020e+30 1.000000000000000020e+30 1.000000000000000020e+30 1.000000000000000020e+30 1.000000000000000020e+30 1.000000000000000020e+30 1.000000000000000020e+30 1.000000000000000020e+30 1.000000000000000020e+30 1.000000000000000020e+30 1.000000000000000020e+30 7.085379232885167244e-01 7.093816980592616561e-01 1.000000000000000020e+30 1.000000000000000020e+30
1.000000000000000020e+30 8.734490142774374057e-04 1.731857654498566729e-03 2.910317554194173564e-03 4.826643040443324290e-03 7.895931454005701219e-03 1.247041725921536025e-02 1.882586325950499559e-02 2.824009672691246350e-02 3.911833544190131129e-02 5.495637753431850681e-02 8.665786860126124813e-02 1.168821678901206113e-01 1.523400885831452667e-01 1.860206905500351171e-01 2.162883386908546757e-01 2.425443845581619629e-01 2.644801067358288349e-01 2.819224878791912747e-01 2.948042961839869580e-01 3.031724291015352457e-01 3.072038316825451143e-01 3.071953823085047386e-01 3.034594490308364922e-01 2.960227115655794106e-01 2.842688279167990828e-01 2.679560677883485176e-01 2.486215911622663421e-01 2.359738324750872696e-01 2.088490160757868197e-01 2.137247503492698542e-01 2.506786485898956918e-01 2.573997565269192656e-01 2.504722132913754784e-01 2.180479389675580026e-01 2.393800251374953725e-01 2.489043137492746860e-01 2.640615646927291782e-01 2.749075655578315791e-01 2.828948399435033956e-01 1.000000000000000020e+30 1.000000000000000020e+30 1.000000000000000020e+30 1.000000000000000020e+30 1.000000000000000020e+30 1.000000000000000020e+30 1.000000000000000020e+30 1.000000000000000020e+30 1.000000000000000020e+30 1.000000000000000020e+30 1.000000000000000020e+30 1.000000000000000020e+30 1.000000000000000020e+30 1.000000000000000020e+30 1.000000000000000020e+30 1.000000000000000020e+30 1.000000000000000020e+30
1.000000000000000020e+30 5.789873604377166654e-04 9.374509218463097275e-04 1.546026689171511566e-03 2.521665771730879045e-03 4.035330324514211676e-03 6.268544596932476565e-03 9.441568686454899009e-03 1.397736674021876797e-02 2.009413527813863273e-02 2.956413772881719484e-02 4.580372431897070107e-02 6.982802416678962620e-02 1.161828604259895065e-01 1.544490533156392120e-01 1.873349611107514301e-01 2.153435223515212937e-01 2.386014642926091722e-01 2.571692631647488625e-01 2.711166582427590455e-01 2.805576168099294110e-01 2.856653604414178815e-01 2.866584345445764015e-01 2.837419664689878052e-01 2.770134326317279516e-01 2.664666122514189883e-01 2.524184873158837883e-01 2.360303530240050462e-01 2.194353246162258075e-01 1.995597836942011316e-01 1.834644671771910596e-01 1.547932779166975858e-01 1.472138266603311707e-01 1.584903917966671016e-01 1.956479482478115650e-01 2.222752824117711357e-01 2.405013221711395921e-01 2.552345769934302733e-01 2.649692597837871588e-01 1.000000000000000020e+30 1.000000000000000020e+30 1.000000000000000020e+30 1.000000000000000020e+30 1.000000000000000020e+30 1.000000000000000020e+30 1.000000000000000020e+30 1.000000000000000020e+30 1.000000000000000020e+30 1.000000000000000020e+30 1.000000000000000020e+30 1.000000000000000020e+30 1.000000000000000020e+30 1.000000000000000020e+30 1.000000000000000020e+30 1.000000000000000020e+30 1.000000000000000020e+30 1.000000000000000020e+30
1.526148576453743150e-04 2.998377511127010169e-04 4.982507970717726204e-04 8.131560319309313065e-04 1.307565209861306400e-03 2.062331569400898974e-03 3.177554981248995221e-03 4.796554152626274214e-03 7.168412907194141731e-03 1.070638580070960681e-02 1.651442904160371761e-02 2.677452637149335332e-02 4.557884831947441734e-02 8.574841389500841016e-02 1.251086241876845917e-01 1.594455942863108044e-01 1.885297430558844634e-01 2.126138954886221955e-01 2.319167187837302135e-01 2.466084982314388774e-01 2.568516074891155632e-01 2.628235139588959712e-01 2.647152025806086550e-01 2.627097760850361508e-01 2.569629088167532105e-01 2.476433344977638507e-01 2.350920020556290513e-01 2.199408595416896262e-01 2.028869300188806124e-01 1.836386789357109528e-01 1.632872836571313269e-01 1.390104090507935930e-01 1.144769578451191594e-01 1.443275625226545233e-01 1.813472723916169649e-01 2.108077705431685156e-01 2.326127515892237874e-01 2.481833052638070525e-01 2.589066069469592724e-01 1.000000000000000020e+30 1.000000000000000020e+30 1.000000000000000020e+30 1.000000000000000020e+30 1.000000000000000020e+30 1.000000000000000020e+30 1.000000000000000020e+30 1.000000000000000020e+30 1.000000000000000020e+30 1.000000000000000020e+30 1.000000000000000020e+30 1.000000000000000020e+30 1.000000000000000020e+30 1.000000000000000020e+30 1.000000000000000020e+30 1.000000000000000020e+30 1.000000000000000020e+30 1.000000000000000020e+30
1.038675820116412741e-04 1.630258391656585842e-04 2.642173583343354246e-04 4.258373191738217944e-04 6.775561466527397049e-04 1.060985969023297334e-03 1.635547457245783553e-03 2.497698687813753021e-03 3.825132571412138277e-03 5.966409715980069278e-03 9.682642533696815892e-03 1.649795334140690892e-02 2.940402192323051181e-02 5.433467670944634731e-02 9.817237510814408319e-02 1.334699906598235952e-01 1.627783413930440071e-01 1.869914106982294710e-01 2.064977005409308342e-01 2.215244939709268834e-01 2.322553162128528081e-01 2.388676741723003427e-01 2.415391546175837123e-01 2.404420941665767475e-01 2.357409356092627362e-01 2.276101901430802599e-01 2.162828510464552823e-01 2.020697481147478713e-01 1.852666348990989476e-01 1.659876740399975903e-01 1.446267912547895829e-01 1.215197820217743807e-01 1.021173522008654994e-01 1.210699188498897960e-01 1.721991643028610575e-01 2.042163384064726028e-01 2.254356069814522356e-01 2.382722307106099613e-01 2.489261973886116031e-01 1.000000000000000020e+30 1.000000000000000020e+30 1.000000000000000020e+30 1.000000000000000020e+30 1.000000000000000020e+30 1.000000000000000020e+30 1.000000000000000020e+30 1.000000000000000020e+30 1.000000000000000020e+30 1.000000000000000020e+30 1.000000000000000020e+30 1.000000000000000020e+30 1.000000000000000020e+30 1.000000000000000020e+30 1.000000000000000020e+30 1.000000000000000020e+30 1.000000000000000020e+30 1.000000000000000020e+30
6.297260620427475887e-05 8.938106893520040641e-05 1.402892115725755515e-04 2.233172321313585450e-04 3.532988880641336690e-04 5.536231327432657558e-04 8.621813977593124163e-04 1.346644214164280850e-03 2.138343294068768916e-03 3.504317493429636842e-03 6.003384383618644293e-03 1.078041758607884218e-02 2.018171667346705875e-02 3.907530905736197185e-02 7.766722324767415253e-02 1.106128229630496673e-01 1.386264799876730236e-01 1.620768956565888375e-01 1.811722383361469846e-01 1.960753958734437752e-01 2.069489602914144633e-01 2.139589281408580679e-01 2.172682113669848758e-01 2.170334342496732238e-01 2.134014468771184558e-01 2.064948574711956142e-01 1.964087197375414262e-01 1.832135070327762794e-01 1.669578579658089201e-01 1.476899192503683123e-01 1.254293180251019879e-01 9.848138302332734573e-02 1.179791225046699921e-01 1.446107563169276300e-01 1.797228091668887917e-01 2.077740234601201108e-01 2.265485814237200857e-01 2.379477948647022167e-01 1.000000000000000020e+30 1.000000000000000020e+30 1.000000000000000020e+30 1.000000000000000020e+30 1.000000000000000020e+30 1.000000000000000020e+30 1.000000000000000020e+30 1.000000000000000020e+30 1.000000000000000020e+30 1.000000000000000020e+30 1.000000000000000020e+30 1.000000000000000020e+30 1.000000000000000020e+30 1.000000000000000020e+30 1.000000000000000020e+30 1.000000000000000020e+30 1.000000000000000020e+30 1.000000000000000020e+30 1.000000000000000020e+30
3.628781280449335471e-05 4.889996734256854940e-05 7.476443958076954836e-05 1.179641516809430582e-04 1.867329703702491877e-04 2.953869368340955094e-04 4.694591888923313884e-04 7.575917869448049518e-04 1.257379176558352666e-03 2.170399929232929258e-03 3.919101417354160267e-03 7.391656567969970455e-03 1.448090791626093637e-02 2.931034110404080739e-02 6.109795774692985959e-02 9.024877903074796093e-02 1.159847029482151681e-01 1.379600256512491518e-01 1.560854600102961343e-01 1.704122270130835060e-01 1.810746868011738342e-01 1.882289533330481490e-01 1.920205925685083970e-01 1.925872669392071912e-01 1.900652849460351401e-01 1.845210754329754954e-01 1.759013008918134391e-01 1.640259526425034420e-01 1.486676471357106788e-01 1.298280377300528865e-01 1.088289380028939352e-01 9.307468872360276368e-02 1.248714935138535154e-01 1.574661261059661366e-01 1.918844178183723714e-01 2.214633741474452411e-01 2.423760654514454937e-01 2.493980123370297675e-01 1.000000000000000020e+30 1.000000000000000020e+30 1.000000000000000020e+30 1.000000000000000020e+30 1.000000000000000020e+30 1.000000000000000020e+30 1.000000000000000020e+30 1.000000000000000020e+30 1.000000000000000020e+30 1.000000000000000020e+30 1.000000000000000020e+30 1.000000000000000020e+30 1.000000000000000020e+30 1.000000000000000020e+30 1.000000000000000020e+30 1.000000000000000020e+30 1.000000000000000020e+30 1.000000000000000020e+30 1.000000000000000020e+30
2.039158121943795022e-05 2.670515677533881417e-05 4.013232111272383519e-05 6.314550773417626918e-05 1.007593331718301062e-04 1.623135809189812158e-04 2.655485761423068765e-04 4.455754176402840932e-04 7.740881567003833879e-04 1.400160688923904155e-03 2.637108364361238650e-03 5.149503682058989736e-03 1.036985883672724915e-02 2.146904353698397827e-02 4.578983229265175953e-02 7.126548472472186979e-02 9.449139638984292711e-02 1.145950133930404846e-01 1.313102107353632253e-01 1.446342103158051451e-01 1.547317421282510264e-01 1.617769997509789226e-01 1.658905035405288386e-01 1.671786295776456766e-01 1.658290617823134361e-01 1.618961005269559938e-01 1.551809841505780441e-01 1.451719843205822869e-01 1.310876763353562291e-01 1.117857363823849121e-01 8.509733973221866865e-02 1.006172834174260955e-01 1.289510324582455736e-01 1.649515611093843315e-01 2.059823037995010542e-01 2.420797712893690556e-01 2.643918959926124246e-01 2.620171309227322110e-01 1.000000000000000020e+30 1.000000000000000020e+30 1.000000000000000020e+30 1.000000000000000020e+30 1.000000000000000020e+30 1.000000000000000020e+30 1.000000000000000020e+30 1.000000000000000020e+30 1.000000000000000020e+30 1.000000000000000020e+30 1.000000000000000020e+30 1.000000000000000020e+30 1.000000000000000020e+30 1.000000000000000020e+30 1.000000000000000020e+30 1.000000000000000020e+30 1.000000000000000020e+30 1.000000000000000020e+30 1.000000000000000020e+30
1.132785421944250404e-05 1.461504532638190951e-05 2.179267827384444951e-05 3.444685744272249798e-05 5.582170104308649649e-05 9.222205724704096892e-05 1.560494222874888952e-04 2.722767306983789261e-04 4.920523413000907125e-04 9.210418131578607549e-04 1.778087979633267762e-03 3.515249739124377392e-03 7.056368694078043666e-03 1.422719740017070779e-02 2.827662038691087718e-02 5.289511263676939523e-02 7.395112281346978567e-02 9.199422828186251677e-02 1.069331538448523439e-01 1.188084690133182769e-01 1.279699045433866644e-01 1.346683671933144311e-01 1.389557683529508147e-01 1.408072867908906345e-01 1.406695566881874526e-01 1.386995081655001683e-01 1.346126117153144119e-01 1.275275168357381250e-01 1.162096142775363994e-01 9.905368959537615148e-02 7.426848113472897528e-02 9.345385993464333518e-02 1.220943781828441044e-01 1.636891104034567668e-01 2.228010839890257611e-01 2.722554853031671773e-01 3.001067977908096207e-01 1.000000000000000020e+30 1.000000000000000020e+30 1.000000000000000020e+30 1.000000000000000020e+30 1.000000000000000020e+30 1.000000000000000020e+30 1.000000000000000020e+30 1.000000000000000020e+30 1.000000000000000020e+30 1.000000000000000020e+30 1.000000000000000020e+30 1.000000000000000020e+30 1.000000000000000020e+30 1.000000000000000020e+30 1.000000000000000020e+30 1.000000000000000020e+30 1.000000000000000020e+30 1.000000000000000020e+30 1.000000000000000020e+30 1.000000000000000020e+30
6.277369349571239776e-06 8.054071130289164963e-06 1.202290154673007126e-05 1.922995380069208841e-05 3.183481636497166979e-05 5.412951542084140644e-05 9.468203127171820560e-05 1.707903647306481456e-04 3.176213358026649448e-04 6.067500622686136354e-04 1.183297261554518099e-03 2.339070665259199676e-03 4.653468698262344660e-03 9.260506393034037553e-03 1.838675303288504065e-02 3.685302414598276566e-02 5.469861221412568308e-02 7.035630504166189014e-02 8.314145925262113324e-02 9.296112250362138785e-02 1.007502377025972229e-01 1.069305245844558855e-01 1.113610507140584682e-01 1.133368768436135154e-01 1.143125591247952655e-01 1.146931709007405348e-01 1.142663852372835520e-01 1.115014065051877501e-01 1.047403126618691727e-01 9.164977443210754748e-02 6.786936273352468796e-02 7.467612900908293661e-02 9.972318083696926627e-02 1.417678807117558060e-01 2.432232399022932201e-01 3.131820812566130097e-01 3.531929623924926487e-01 1.000000000000000020e+30 1.000000000000000020e+30 1.000000000000000020e+30 1.000000000000000020e+30 1.000000000000000020e+30 1.000000000000000020e+30 1.000000000000000020e+30 1.000000000000000020e+30 1.000000000000000020e+30 1.000000000000000020e+30 1.000000000000000020e+30 1.000000000000000020e+30 1.000000000000000020e+30 1.000000000000000020e+30 1.000000000000000020e+30 1.000000000000000020e+30 1.000000000000000020e+30 1.000000000000000020e+30 1.000000000000000020e+30 1.000000000000000020e+30
3.494158222590137812e-06 4.489616600550924038e-06 6.760225650508305916e-06 1.100232795044054570e-05 1.866129497644119484e-05 3.263328338931965113e-05 5.870848855728645160e-05 1.084941624727358081e-04 2.052486756849070842e-04 3.953432880238319297e-04 7.703520598064410221e-04 1.508572784088933446e-03 2.950516196424576507e-03 5.729735471966272177e-03 1.098047535402270521e-02 2.056062458086766256e-02 3.634134179831915307e-02 4.993149717826401990e-02 6.036242759498865879e-02 6.697497529908712222e-02 7.280861680435141148e-02 7.820532777041436234e-02 8.296561789773003459e-02 8.343626844461921044e-02 8.503500165308995606e-02 8.799436518116400541e-02 9.294782212313582037e-02 9.572107153081091391e-02 9.618032039332395644e-02 9.188549294014197732e-02 7.726044595379522040e-02 8.973473659765182631e-02 1.309030696550065320e-01 1.630672784423989330e-01 2.817867574326642921e-01 3.710092605454808901e-01 4.380592929289436888e-01 5.038120687457809943e-01 1.000000000000000020e+30 1.000000000000000020e+30 1.000000000000000020e+30 1.000000000000000020e+30 1.000000000000000020e+30 1.000000000000000020e+30 1.000000000000000020e+30 1.000000000000000020e+30 1.000000000000000020e+30 1.000000000000000020e+30 1.000000000000000020e+30 1.000000000000000020e+30 1.000000000000000020e+30 1.000000000000000020e+30 1.000000000000000020e+30 1.000000000000000020e+30 1.000000000000000020e+30 1.000000000000000020e+30 1.000000000000000020e+30
1.965445284273236953e-06 2.540854123937083791e-06 3.878512119687865957e-06 6.440335001776502422e-06 1.118486972286331664e-05 2.003070200625396271e-05 3.678870241649245744e-05 6.900137701310436896e-05 1.315054079673183432e-04 2.531828136225062445e-04 4.894003539413150283e-04 9.440636742585070771e-04 1.806846742818813811e-03 3.410444628521469568e-03 6.302928170470714110e-03 1.128391606692894129e-02 1.930717234678271110e-02 3.147605531101431431e-02 3.900156665375457965e-02 3.836236935434265971e-02 4.101740930587029210e-02 4.444321647304950995e-02 5.274499513234012782e-02 4.569634933091144824e-02 4.796845080172844333e-02 5.330446311902431455e-02 6.875346552800254418e-02 7.813832681217922072e-02 8.926719469030384990e-02 1.000926972221839462e-01 1.124563457581677500e-01 1.350775754240622351e-01 1.655298958651875707e-01 2.016460413863442325e-01 3.398756452370114145e-01 4.423207424566132362e-01 5.139627262166914790e-01 5.577488771944736357e-01 1.000000000000000020e+30 1.000000000000000020e+30 1.000000000000000020e+30 1.000000000000000020e+30 1.000000000000000020e+30 1.000000000000000020e+30 1.000000000000000020e+30 1.000000000000000020e+30 1.000000000000000020e+30 1.000000000000000020e+30 1.000000000000000020e+30 1.000000000000000020e+30 1.000000000000000020e+30 1.000000000000000020e+30 1.000000000000000020e+30 1.000000000000000020e+30 1.000000000000000020e+30 1.000000000000000020e+30 1.000000000000000020e+30
1.126243912501035190e-06 1.464936426350647228e-06 2.268130657881289576e-06 3.838549030774145709e-06 6.800342474745452997e-06 1.239484275601175257e-05 2.306243155061165937e-05 4.356388002135333813e-05 8.309496770755087937e-05 1.591655125857347744e-04 3.044554782072834758e-04 5.780148020410563574e-04 1.083311514901262249e-03 1.993626415259335243e-03 3.586907495506508944e-03 6.215830665137337882e-03 1.025442818197986120e-02 1.589396077731099199e-02 2.217042964617430348e-02 3.170781948184776128e-02 3.624845608509149469e-02 3.681040680890838857e-02 3.059110991020183926e-02 3.063489117104166437e-02 4.273007359349731415e-02 4.771743958197272040e-02 4.522079009116851400e-02 5.422657606371242972e-02 7.921226086204802286e-02 1.037655589371331982e-01 1.335833486127796788e-01 1.675110795845473344e-01 1.898412931453192509e-01 2.675059405513363631e-01 4.257688713346812759e-01 5.340565388731481899e-01 6.056633138049396514e-01 6.423827648484913277e-01 1.000000000000000020e+30 1.000000000000000020e+30 1.000000000000000020e+30 1.000000000000000020e+30 1.000000000000000020e+30 1.000000000000000020e+30 1.000000000000000020e+30 1.000000000000000020e+30 1.000000000000000020e+30 1.000000000000000020e+30 1.000000000000000020e+30 1.000000000000000020e+30 1.000000000000000020e+30 1.000000000000000020e+30 1.000000000000000020e+30 1.000000000000000020e+30 1.000000000000000020e+30 1.000000000000000020e+30 1.000000000000000020e+30
6.727491075141428337e-07 8.666407658103807256e-07 1.348894868063065130e-06 2.312925261566981793e-06 4.153535604507328799e-06 7.650056920368149567e-06 1.431816902271518554e-05 2.707962364883874062e-05 5.151608854592833360e-05 9.815521414592074767e-05 1.867814720533315497e-04 3.514732416856782395e-04 6.505690841582680668e-04 1.174070986096634834e-03 2.064860322666891863e-03 3.573316145912112246e-03 6.111293434618371087e-03 1.010357946761422480e-02 1.932930773471869951e-02 2.742406629193813727e-02 3.257684295850516581e-02 3.429686258189122705e-02 3.313871931421186190e-02 3.482570742904365912e-02 4.157240954437747826e-02 4.691871103015159139e-02 5.060911437864988593e-02 5.786323279733453923e-02 6.196724461140075413e-02 9.675516751758148071e-02 1.461038851128128591e-01 2.070572990077453879e-01 2.808988613605460372e-01 4.248128044581790941e-01 5.516351311924407863e-01 6.499329937716055161e-01 7.180319905116989698e-01 7.529374976409647369e-01 1.000000000000000020e+30 1.000000000000000020e+30 1.000000000000000020e+30 1.000000000000000020e+30 1.000000000000000020e+30 1.000000000000000020e+30 1.000000000000000020e+30 1.000000000000000020e+30 1.000000000000000020e+30 1.000000000000000020e+30 1.000000000000000020e+30 1.000000000000000020e+30 1.000000000000000020e+30 1.000000000000000020e+30 1.000000000000000020e+30 1.000000000000000020e+30 1.000000000000000020e+30 1.000000000000000020e+30 1.000000000000000020e+30
4.578019189056777026e-07 5.369692097844322487e-07 8.146241964720822713e-07 1.396572103486508219e-06 2.518552311962471496e-06 4.646338903766588612e-06 8.674178443691267550e-06 1.630670850171986059e-05 3.080910670889173904e-05 5.817586217661901656e-05 1.092763053546382646e-04 2.027536207353693436e-04 3.734418765368757069e-04 6.857018309691379409e-04 1.272257778263838303e-03 2.428461250574070421e-03 5.817181086710462856e-03 1.044464628953662225e-02 1.746917150528372320e-02 2.394996607515880588e-02 2.991843586439790065e-02 3.338741054858829216e-02 3.440317032162491101e-02 3.665854542262935584e-02 4.153450854652523949e-02 4.857595576251040603e-02 5.834133675984775474e-02 8.085214011222011110e-02 1.401055413790711357e-01 1.925633543060685238e-01 2.786165645104636268e-01 3.813432611654239413e-01 4.812220854464493436e-01 5.892249568420997452e-01 6.930665159008846388e-01 7.807446236389433691e-01 8.467337518892071868e-01 8.857382418765401555e-01 1.000000000000000020e+30 1.000000000000000020e+30 1.000000000000000020e+30 1.000000000000000020e+30 1.000000000000000020e+30 1.000000000000000020e+30 1.000000000000000020e+30 1.000000000000000020e+30 1.000000000000000020e+30 1.000000000000000020e+30 1.000000000000000020e+30 1.000000000000000020e+30 1.000000000000000020e+30 1.000000000000000020e+30 1.000000000000000020e+30 1.000000000000000020e+30 1.000000000000000020e+30 1.000000000000000020e+30 1.000000000000000020e+30
1.000000000000000020e+30 3.536989661890739587e-07 4.991773412880732483e-07 8.368377400592287544e-07 1.494518284743382466e-06 2.724901504563941729e-06 4.992804149508944395e-06 9.129735778642997953e-06 1.655497564115626481e-05 2.989017987100534146e-05 5.483748060398236230e-05 1.037061685356799589e-04 2.071083332175961580e-04 4.492669464032558713e-04 1.298731904513766204e-03 2.482540727229528860e-03 4.391786723904262876e-03 1.104959549412252821e-02 1.859367152254035732e-02 2.167157674631259995e-02 1.000000000000000020e+30 3.432875188661290572e-02 3.527009320815139432e-02 3.707835733303636860e-02 3.930643293221621620e-02 1.000000000000000020e+30 1.000000000000000020e+30 1.000000000000000020e+30 2.554541366293199833e-01 3.111159408774780699e-01 4.182240363068462363e-01 5.516694157696649947e-01 6.515196257419961778e-01 7.439525702248692696e-01 8.343815403076630943e-01 9.149098945708793451e-01 9.825374685325368729e-01 1.042650959561779667e+00 1.125247434101154687e+00 1.000000000000000020e+30 1.000000000000000020e+30 1.000000000000000020e+30 1.000000000000000020e+30 1.000000000000000020e+30 1.000000000000000020e+30 1.000000000000000020e+30 1.000000000000000020e+30 1.000000000000000020e+30 1.000000000000000020e+30 1.000000000000000020e+30 1.000000000000000020e+30 1.000000000000000020e+30 1.000000000000000020e+30 1.000000000000000020e+30 1.000000000000000020e+30 1.000000000000000020e+30 1.000000000000000020e+30
1.000000000000000020e+30 2.519779182634459096e-07 3.119169572911416643e-07 4.940940735527381828e-07 8.567478021215073656e-07 1.514306763831665992e-06 2.645882121607164430e-06 4.507439319979620118e-06 7.341716557119640198e-06 1.154481469479482282e-05 1.773255407420306208e-05 4.014944121795956594e-05 1.954551316517687558e-04 4.225325238781142147e-04 1.533624867020793626e-03 2.874771315475899234e-03 3.711745332942390473e-03 1.000000000000000020e+30 1.000000000000000020e+30 1.000000000000000020e+30 1.000000000000000020e+30 1.000000000000000020e+30 1.000000000000000020e+30 1.000000000000000020e+30 1.000000000000000020e+30 1.000000000000000020e+30 1.000000000000000020e+30 1.000000000000000020e+30 3.212837527829704443e-01 3.871133689284176338e-01 5.630839604967444734e-01 7.048499887945910425e-01 7.969787837138916364e-01 8.832074763589761179e-01 9.660006386227517616e-01 1.040491139035832902e+00 1.102784342527825867e+00 1.152599487524442967e+00 1.188925855240516638e+00 1.000000000000000020e+30 1.000000000000000020e+30 1.000000000000000020e+30 1.000000000000000020e+30 1.000000000000000020e+30 1.000000000000000020e+30 1.000000000000000020e+30 1.000000000000000020e+30 1.000000000000000020e+30 1.000000000000000020e+30 1.000000000000000020e+30 1.000000000000000020e+30 1.000000000000000020e+30 1.000000000000000020e+30 1.000000000000000020e+30 1.000000000000000020e+30 1.000000000000000020e+30 1.000000000000000020e+30
1.000000000000000020e+30 1.000000000000000020e+30 2.025076320620229993e-07 2.878076219739107870e-07 4.736143267179414068e-07 7.932853674197762479e-07 1.276129186662086842e-06 1.926121233543458368e-06 2.697237516570170825e-06 3.308723623333567091e-06 1.637384298851516832e-05 3.001896899315142719e-05 1.000000000000000020e+30 1.000000000000000020e+30 1.000000000000000020e+30 1.000000000000000020e+30 1.000000000000000020e+30 1.000000000000000020e+30 1.000000000000000020e+30 1.000000000000000020e+30 1.000000000000000020e+30 1.000000000000000020e+30 1.000000000000000020e+30 1.000000000000000020e+30 1.000000000000000020e+30 1.000000000000000020e+30 1.000000000000000020e+30 1.000000000000000020e+30 1.000000000000000020e+30 1.000000000000000020e+30 7.325284139475261025e-01 8.189303636691602772e-01 9.175322278971196344e-01 1.002715545935226160e+00 1.083236757045540122e+00 1.153836723673101528e+00 1.209614885336162127e+00 1.248973573279615445e+00 1.268941169348438480e+00 1.000000000000000020e+30 1.000000000000000020e+30 1.000000000000000020e+30 1.000000000000000020e+30 1.000000000000000020e+30 1.000000000000000020e+30 1.000000000000000020e+30 1.000000000000000020e+30 1.000000000000000020e+30 1.000000000000000020e+30 1.000000000000000020e+30 1.000000000000000020e+30 1.000000000000000020e+30 1.000000000000000020e+30 1.000000000000000020e+30 1.000000000000000020e+30 1.000000000000000020e+30 1.000000000000000020e+30
1.000000000000000020e+30 1.000000000000000020e+30 1.376465291822856199e-07 1.617469986103732042e-07 2.394723998457346377e-07 3.712744168095545915e-07 5.418849456443776383e-07 7.397649843227483805e-07 1.802101807398510751e-06 2.645534027806699564e-06 1.000000000000000020e+30 1.000000000000000020e+30 1.000000000000000020e+30 1.000000000000000020e+30 1.000000000000000020e+30 1.000000000000000020e+30 1.000000000000000020e+30 1.000000000000000020e+30 1.000000000000000020e+30 1.000000000000000020e+30 1.000000000000000020e+30 1.000000000000000020e+30 1.000000000000000020e+30 1.000000000000000020e+30 1.000000000000000020e+30 1.000000000000000020e+30 1.000000000000000020e+30 1.000000000000000020e+30 1.000000000000000020e+30 1.000000000000000020e+30 1.000000000000000020e+30 9.173590514170811838e-01 1.010724522999376873e+00 1.104425324287250598e+00 1.184956357811144168e+00 1.254909415048688137e+00 1.304461032003788379e+00 1.335411104359257140e+00 1.347587442916579725e+00 1.000000000000000020e+30 1.000000000000000020e+30 1.000000000000000020e+30 1.000000000000000020e+30 1.000000000000000020e+30 1.000000000000000020e+30 1.000000000000000020e+30 1.000000000000000020e+30 1.000000000000000020e+30 1.000000000000000020e+30 1.000000000000000020e+30 1.000000000000000020e+30 1.000000000000000020e+30 1.000000000000000020e+30 1.000000000000000020e+30 1.000000000000000020e+30 1.000000000000000020e+30 1.000000000000000020e+30
1.000000000000000020e+30 1.000000000000000020e+30 1.000000000000000020e+30 8.379507541677542578e-08 1.065067270702790030e-07 1.500740328182816923e-07 2.002087529596834753e-07 6.039583374470630555e-07 1.184628551550034369e-06 1.000000000000000020e+30 1.000000000000000020e+30 1.000000000000000020e+30 1.000000000000000020e+30 1.000000000000000020e+30 1.000000000000000020e+30 1.000000000000000020e+30 1.000000000000000020e+30 1.000000000000000020e+30 1.000000000000000020e+30 1.000000000000000020e+30 1.000000000000000020e+30 1.000000000000000020e+30 1.000000000000000020e+30 1.000000000000000020e+30 1.000000000000000020e+30 1.000000000000000020e+30 1.000000000000000020e+30 1.000000000000000020e+30 1.000000000000000020e+30 1.000000000000000020e+30 1.000000000000000020e+30 1.000000000000000020e+30 1.098169064388009986e+00 1.187327592342990012e+00 1.275794442565058917e+00 1.346914182657997783e+00 1.387275669687594304e+00 1.409262560920059748e+00 1.415748309487328216e+00 1.000000000000000020e+30 1.000000000000000020e+30 1.000000000000000020e+30 1.000000000000000020e+30 1.000000000000000020e+30 1.000000000000000020e+30 1.000000000000000020e+30 1.000000000000000020e+30 1.000000000000000020e+30 1.000000000000000020e+30 1.000000000000000020e+30 1.000000000000000020e+30 1.000000000000000020e+30 1.000000000000000020e+30 1.000000000000000020e+30 1.000000000000000020e+30 1.000000000000000020e+30 1.000000000000000020e+30
1.000000000000000020e+30 1.000000000000000020e+30 1.000000000000000020e+30 4.203160978015668501e-08 4.930206030859272380e-08 1.296273029040089992e-07 2.249465763535216212e-07 4.144524569002923383e-07 1.000000000000000020e+30 1.000000000000000020e+30 1.000000000000000020e+30 1.000000000000000020e+30 1.000000000000000020e+30 1.000000000000000020e+30 1.000000000000000020e+30 1.000000000000000020e+30 1.000000000000000020e+30 1.000000000000000020e+30 1.000000000000000020e+30 1.000000000000000020e+30 1.000000000000000020e+30 1.000000000000000020e+30 1.000000000000000020e+30 1.000000000000000020e+30 1.000000000000000020e+30 1.000000000000000020e+30 1.000000000000000020e+30 1.000000000000000020e+30 1.000000000000000020e+30 1.000000000000000020e+30 1.000000000000000020e+30 1.000000000000000020e+30 1.000000000000000020e+30 1.265893778641865808e+00 1.353545558334798171e+00 1.431146897885482439e+00 1.455884340010347167e+00 1.465518097966669764e+00 1.466583879198458229e+00 1.000000000000000020e+30 1.000000000000000020e+30 1.000000000000000020e+30 1.000000000000000020e+30 1.000000000000000020e+30 1.000000000000000020e+30 1.000000000000000020e+30 1.000000000000000020e+30 1.000000000000000020e+30 1.000000000000000020e+30 1.000000000000000020e+30 1.000000000000000020e+30 1.000000000000000020e+30 1.000000000000000020e+30 1.000000000000000020e+30 1.000000000000000020e+30 1.000000000000000020e+30 1.000000000000000020e+30
1.000000000000000020e+30 1.000000000000000020e+30 1.000000000000000020e+30 1.000000000000000020e+30 8.987915760255400711e-08 1.414298140024984595e-07 1.831881951780100403e-07 1.000000000000000020e+30 1.000000000000000020e+30 1.000000000000000020e+30 1.000000000000000020e+30 1.000000000000000020e+30 1.000000000000000020e+30 1.000000000000000020e+30 1.000000000000000020e+30 1.000000000000000020e+30 1.000000000000000020e+30 1.000000000000000020e+30 1.000000000000000020e+30 1.000000000000000020e+30 1.000000000000000020e+30 1.000000000000000020e+30 1.000000000000000020e+30 1.000000000000000020e+30 1.000000000000000020e+30 1.000000000000000020e+30 1.000000000000000020e+30 1.000000000000000020e+30 1.000000000000000020e+30 1.000000000000000020e+30 1.000000000000000020e+30 1.000000000000000020e+30 1.000000000000000020e+30 1.000000000000000020e+30 1.431089202204678168e+00 1.494235759422121168e+00 1.503262958468030375e+00 1.495920556619995345e+00 1.493816461098691706e+00 1.000000000000000020e+30 1.000000000000000020e+30 1.000000000000000020e+30 1.000000000000000020e+30 1.000000000000000020e+30 1.000000000000000020e+30 1.000000000000000020e+30 1.000000000000000020e+30 1.000000000000000020e+30 1.000000000000000020e+30 1.000000000000000020e+30 1.000000000000000020e+30 1.000000000000000020e+30 1.000000000000000020e+30 1.000000000000000020e+30 1.000000000000000020e+30 1.000000000000000020e+30 1.000000000000000020e+30
1.000000000000000020e+30 1.000000000000000020e+30 1.000000000000000020e+30 1.000000000000000020e+30 8.987915760255400711e-08 1.000000000000000020e+30 1.000000000000000020e+30 1.000000000000000020e+30 1.000000000000000020e+30 1.000000000000000020e+30 1.000000000000000020e+30 1.000000000000000020e+30 1.000000000000000020e+30 1.000000000000000020e+30 1.000000000000000020e+30 1.000000000000000020e+30 1.000000000000000020e+30 1.000000000000000020e+30 1.000000000000000020e+30 1.000000000000000020e+30 1.000000000000000020e+30 1.000000000000000020e+30 1.000000000000000020e+30 1.000000000000000020e+30 1.000000000000000020e+30 1.000000000000000020e+30 1.000000000000000020e+30 1.000000000000000020e+30 1.000000000000000020e+30 1.000000000000000020e+30 1.000000000000000020e+30 1.000000000000000020e+30 1.000000000000000020e+30 1.000000000000000020e+30 1.000000000000000020e+30 1.513480909704014943e+00 1.529417788147528379e+00 1.000000000000000020e+30 1.000000000000000020e+30 1.000000000000000020e+30 1.000000000000000020e+30 1.000000000000000020e+30 1.000000000000000020e+30 1.000000000000000020e+30 1.000000000000000020e+30 1.000000000000000020e+30 1.000000000000000020e+30 1.000000000000000020e+30 1.000000000000000020e+30 1.000000000000000020e+30 1.000000000000000020e+30 1.000000000000000020e+30 1.000000000000000020e+30 1.000000000000000020e+30 1.000000000000000020e+30 1.000000000000000020e+30 1.000000000000000020e+30
