1.000000000000000020e+30 1.000000000000000020e+30 1.000000000000000020e+30 1.000000000000000020e+30 1.000000000000000020e+30 1.000000000000000020e+30 1.000000000000000020e+30 1.000000000000000020e+30 1.000000000000000020e+30 1.000000000000000020e+30 1.000000000000000020e+30 1.000000000000000020e+30 1.000000000000000020e+30 1.000000000000000020e+30 1.000000000000000020e+30 1.000000000000000020e+30 1.000000000000000020e+30 1.000000000000000020e+30 1.000000000000000020e+30 1.000000000000000020e+30 1.000000000000000020e+30 1.000000000000000020e+30 1.000000000000000020e+30 1.000000000000000020e+30 1.000000000000000020e+30 1.000000000000000020e+30 1.000000000000000020e+30 1.000000000000000020e+30 1.000000000000000020e+30 1.000000000000000020e+30 1.000000000000000020e+30 1.000000000000000020e+30 1.000000000000000020e+30 1.000000000000000020e+30 1.000000000000000020e+30 1.000000000000000020e+30 1.000000000000000020e+30 1.000000000000000020e+30 1.000000000000000020e+30 1.000000000000000020e+30 1.000000000000000020e+30 1.000000000000000020e+30 1.000000000000000020e+30 1.000000000000000020e+30 1.000000000000000020e+30 1.000000000000000020e+30 1.000000000000000020e+30 1.000000000000000020e+30 1.000000000000000020e+30 1.000000000000000020e+30 1.000000000000000020e+30 1.000000000000000020e+30 1.000000000000000020e+30 1.000000000000000020e+30 1.000000000000000020e+30 1.000000000000000020e+30 1.000000000000000020e+30
1.000000000000000020e+30 1.000000000000000020e+30 1.000000000000000020e+30 1.000000000000000020e+30 1.000000000000000020e+30 1.000000000000000020e+30 1.000000000000000020e+30 1.000000000000000020e+30 1.000000000000000020e+30 1.000000000000000020e+30 1.000000000000000020e+30 1.000000000000000020e+30 1.000000000000000020e+30 1.000000000000000020e+30 1.000000000000000020e+30 1.000000000000000020e+30 1.000000000000000020e+30 1.000000000000000020e+30 1.000000000000000020e+30 1.000000000000000020e+30 1.000000000000000020e+30 1.000000000000000020e+30 1.000000000000000020e+30 1.000000000000000020e+30 1.000000000000000020e+30 1.000000000000000020e+30 1.000000000000000020e+30 6.088086177454429482e+00 6.053710819137377186e+00 5.989390970451538898e+00 5.896252341866561331e+00 5.774336876196740853e+00 5.623380359520370853e+00 5.443173916587522143e+00 5.233803648715594115e+00 4.995865623676094991e+00 4.730702994126025018e+00 4.440716131936658151e+00 4.129853629955761996e+00 3.804575099847664177e+00 3.476158757960862822e+00 3.167207583326236531e+00 2.932463989386145276e+00 1.000000000000000020e+30 1.000000000000000020e+30 1.000000000000000020e+30 1.000000000000000020e+30 1.000000000000000020e+30 1.000000000000000020e+30 1.000000000000000020e+30 1.000000000000000020e+30 1.000000000000000020e+30 1.000000000000000020e+30 1.000000000000000020e+30 1.000000000000000020e+30 1.000000000000000020e+30 1.000000000000000020e+30
1.000000000000000020e+30 1.000000000000000020e+30 1.000000000000000020e+30 1.000000000000000020e+30 1.000000000000000020e+30 1.000000000000000020e+30 1.000000000000000020e+30 1.000000000000000020e+30 1.000000000000000020e+30 1.000000000000000020e+30 1.000000000000000020e+30 1.000000000000000020e+30 1.000000000000000020e+30 1.000000000000000020e+30 1.000000000000000020e+30 1.000000000000000020e+30 1.000000000000000020e+30 1.000000000000000020e+30 1.000000000000000020e+30 1.000000000000000020e+30 1.000000000000000020e+30 1.000000000000000020e+30 1.000000000000000020e+30 1.000000000000000020e+30 6.084263353763648574e+00 6.092575517362578630e+00 6.091357099276176967e+00 6.076033626873040383e+00 6.036721606454312550e+00 5.970449087722742298e+00 5.876227768268431184e+00 5.753416123148443972e+00 5.601486520497774180e+00 5.420095793644446935e+00 5.209225713375879252e+00 4.969346634445989785e+00 4.701597276797834013e+00 4.407978706860270712e+00 4.091543468424693408e+00 3.756468876716861249e+00 3.407479033168018479e+00 3.046161055182766475e+00 2.653002358145827966e+00 2.103780586173791267e+00 1.608970069832249772e+00 1.146277150139246359e+00 7.021831088015084710e-01 7.212110102749742513e-01 1.000000000000000020e+30 1.000000000000000020e+30 1.000000000000000020e+30 1.000000000000000020e+30 1.000000000000000020e+30 1.000000000000000020e+30 1.000000000000000020e+30 1.000000000000000020e+30 1.000000000000000020e+30
1.000000000000000020e+30 1.000000000000000020e+30 1.000000000000000020e+30 1.000000000000000020e+30 1.000000000000000020e+30 1.000000000000000020e+30 1.000000000000000020e+30 1.000000000000000020e+30 1.000000000000000020e+30 1.000000000000000020e+30 1.000000000000000020e+30 1.000000000000000020e+30 1.000000000000000020e+30 1.000000000000000020e+30 1.000000000000000020e+30 1.000000000000000020e+30 1.000000000000000020e+30 1.000000000000000020e+30 1.000000000000000020e+30 1.000000000000000020e+30 1.000000000000000020e+30 5.858180998796369110e+00 5.906484984589819298e+00 5.966325689342393268e+00 6.030472391257839959e+00 6.056496374697068141e+00 6.059536569594162536e+00 6.041541778551262176e+00 5.999608674762672678e+00 5.931501518312628285e+00 5.835795881904338067e+00 5.711473982256200621e+00 5.557765768326599520e+00 5.374156325036112847e+00 5.160469327225134961e+00 4.916981107305404386e+00 4.644538724630450588e+00 4.344649633629945384e+00 4.019472338310700721e+00 3.671529364610695900e+00 3.302700075201387975e+00 2.911559521176879883e+00 2.488215707276451916e+00 2.014438559440165921e+00 1.548311470241058529e+00 1.105724977977134760e+00 6.922389697182244062e-01 7.232826861876866520e-01 7.383774810987274728e-01 1.000000000000000020e+30 1.000000000000000020e+30 1.000000000000000020e+30 1.000000000000000020e+30 1.000000000000000020e+30 1.000000000000000020e+30 1.000000000000000020e+30 1.000000000000000020e+30
1.000000000000000020e+30 1.000000000000000020e+30 1.000000000000000020e+30 1.000000000000000020e+30 1.000000000000000020e+30 1.000000000000000020e+30 1.000000000000000020e+30 1.000000000000000020e+30 1.000000000000000020e+30 1.000000000000000020e+30 1.000000000000000020e+30 1.000000000000000020e+30 1.000000000000000020e+30 1.000000000000000020e+30 1.000000000000000020e+30 1.000000000000000020e+30 1.000000000000000020e+30 1.000000000000000020e+30 5.439550092512019042e+00 5.518258876922045530e+00 5.628793206377804559e+00 5.763456425084648949e+00 5.848704825396919382e+00 5.915982546586478819e+00 5.968969334278680705e+00 5.997477580984017287e+00 6.002510117311357085e+00 5.984224071059861316e+00 5.941195967589618654e+00 5.871789198275542354e+00 5.774588960687500716e+00 5.648428608790832861e+00 5.492375990750156589e+00 5.305761997573603672e+00 5.088247152243528859e+00 4.839907132147915902e+00 4.561315417419203655e+00 4.253592923685069138e+00 3.918373302665478786e+00 3.557595741101334585e+00 3.173008893381677797e+00 2.765406765583561466e+00 2.334530029415343932e+00 1.883699036220036094e+00 1.436390189107905613e+00 1.014570617022723553e+00 6.840451529737620051e-01 7.231792707285138455e-01 7.331755453747291762e-01 7.283003318523284531e-01 1.000000000000000020e+30 1.000000000000000020e+30 1.000000000000000020e+30 1.000000000000000020e+30 1.000000000000000020e+30 1.000000000000000020e+30 1.000000000000000020e+30
1.000000000000000020e+30 1.000000000000000020e+30 1.000000000000000020e+30 1.000000000000000020e+30 1.000000000000000020e+30 1.000000000000000020e+30 1.000000000000000020e+30 1.000000000000000020e+30 1.000000000000000020e+30 1.000000000000000020e+30 1.000000000000000020e+30 1.000000000000000020e+30 1.000000000000000020e+30 1.000000000000000020e+30 1.000000000000000020e+30 1.000000000000000020e+30 5.038463153411409046e+00 5.143365995962005499e+00 5.313012580586292444e+00 5.438786032888754285e+00 5.557345862847125062e+00 5.671303138042803837e+00 5.762327377118713123e+00 5.833537653024466252e+00 5.885614909046529952e+00 5.915465072323558005e+00 5.921983468531516692e+00 5.904280577008476527e+00 5.861064286983002525e+00 5.790889092191690679e+00 5.692371031825658179e+00 5.564277163711800256e+00 5.405571401993410241e+00 5.215463856858096214e+00 4.993474666221015212e+00 4.739507249210855200e+00 4.453919662315665384e+00 4.137579365847228630e+00 3.791885822636393399e+00 3.418755922868076169e+00 3.020618364374942466e+00 2.600617165431756472e+00 2.163508395748829471e+00 1.717529205731263442e+00 1.272884408350606344e+00 8.118763982331460571e-01 7.465094461060088893e-01 7.331362047196974263e-01 7.215185554863170481e-01 7.005753193430070969e-01 6.628809083223017318e-01 6.366173725949439977e-01 1.000000000000000020e+30 1.000000000000000020e+30 1.000000000000000020e+30 1.000000000000000020e+30 1.000000000000000020e+30
1.000000000000000020e+30 1.000000000000000020e+30 1.000000000000000020e+30 1.000000000000000020e+30 1.000000000000000020e+30 1.000000000000000020e+30 1.000000000000000020e+30 1.000000000000000020e+30 1.000000000000000020e+30 1.000000000000000020e+30 1.000000000000000020e+30 1.000000000000000020e+30 1.000000000000000020e+30 1.000000000000000020e+30 1.000000000000000020e+30 4.726659212716728398e+00 4.885618994747539467e+00 5.030658107476449814e+00 5.182459357007797252e+00 5.318788556209129936e+00 5.442996215350659917e+00 5.554852917516456046e+00 5.648726615382043015e+00 5.723276372676596502e+00 5.777494552572442821e+00 5.809576318670077733e+00 5.818070563333695766e+00 5.801664835421120436e+00 5.758969778765442804e+00 5.688550886026485287e+00 5.589018176277649630e+00 5.459097457542413601e+00 5.297686420742809155e+00 5.103910167601471315e+00 4.877182751141600825e+00 4.617274084853216110e+00 4.324378682410767283e+00 3.999184760419483009e+00 3.642952769478240427e+00 3.257641260632902824e+00 2.846185566196140826e+00 2.413177072450394700e+00 1.966462172556167731e+00 1.520583509689853452e+00 1.102203378249987153e+00 7.379687684837451522e-01 7.389572931193409966e-01 7.212341509433866094e-01 6.973509143807793409e-01 6.666236557162390497e-01 6.279982893363328378e-01 5.869152097238657939e-01 5.374274835411354534e-01 1.000000000000000020e+30 1.000000000000000020e+30 1.000000000000000020e+30 1.000000000000000020e+30
1.000000000000000020e+30 1.000000000000000020e+30 1.000000000000000020e+30 1.000000000000000020e+30 1.000000000000000020e+30 1.000000000000000020e+30 1.000000000000000020e+30 1.000000000000000020e+30 1.000000000000000020e+30 1.000000000000000020e+30 1.000000000000000020e+30 1.000000000000000020e+30 1.000000000000000020e+30 1.000000000000000020e+30 4.321932245141733908e+00 4.520550867944247209e+00 4.699157614029735974e+00 4.863440193201680195e+00 5.019554344580833494e+00 5.163106796534732368e+00 5.293273408430971827e+00 5.408760265028682568e+00 5.506873363913974195e+00 5.585729286183640063e+00 5.643731589035289709e+00 5.679188446886426433e+00 5.690507944911965765e+00 5.676177559861047328e+00 5.634702176790257866e+00 5.564607851538728056e+00 5.464483478706306130e+00 5.333030347192878828e+00 5.169112041130661694e+00 4.971806357911431107e+00 4.740460866009554408e+00 4.474751748124483619e+00 4.174745382496491075e+00 3.840966132725423865e+00 3.474485842536303437e+00 3.077076896391294003e+00 2.651517836471796841e+00 2.202214743515858775e+00 1.736552611392408796e+00 1.269712835925809857e+00 8.564786575875492636e-01 7.748536571340288726e-01 7.315847972763217522e-01 6.951448100491289805e-01 6.583954416568094103e-01 6.182310851386285666e-01 5.731515080923951233e-01 5.237337704761731993e-01 4.673115356423732658e-01 4.041920375350617212e-01 1.000000000000000020e+30 1.000000000000000020e+30 1.000000000000000020e+30
1.000000000000000020e+30 1.000000000000000020e+30 1.000000000000000020e+30 1.000000000000000020e+30 1.000000000000000020e+30 1.000000000000000020e+30 1.000000000000000020e+30 1.000000000000000020e+30 1.000000000000000020e+30 1.000000000000000020e+30 1.000000000000000020e+30 1.000000000000000020e+30 1.000000000000000020e+30 3.846807610370324149e+00 4.077945680176622290e+00 4.288213430509406621e+00 4.480151044704264507e+00 4.657089399903862947e+00 4.821627049845541357e+00 4.973047961415615781e+00 5.110350235816217612e+00 5.232060168171441816e+00 5.336162694777333293e+00 5.420717548178475731e+00 5.483893778898771387e+00 5.523899141677032887e+00 5.539016854012410285e+00 5.527606956522044257e+00 5.488091231953116989e+00 5.418957133355402078e+00 5.318781598714055647e+00 5.186265738699442629e+00 5.020274992114068802e+00 4.819882733768115379e+00 4.584416037820704837e+00 4.313501896580937967e+00 4.007112299528430732e+00 3.665608736474592622e+00 3.289793779321219080e+00 2.880994559399097099e+00 2.441222718077705078e+00 1.973310735168642305e+00 1.479256656207504239e+00 9.428145416418729496e-01 8.332903516201992655e-01 7.558734923055349109e-01 6.985637642508610856e-01 6.494060671340812219e-01 6.021588740319585575e-01 5.538353348393397768e-01 5.020820134797798762e-01 4.479507288827921929e-01 3.858895379717037777e-01 3.252469019915892878e-01 2.326717156406034048e-01 1.000000000000000020e+30 1.000000000000000020e+30
1.000000000000000020e+30 1.000000000000000020e+30 1.000000000000000020e+30 1.000000000000000020e+30 1.000000000000000020e+30 1.000000000000000020e+30 1.000000000000000020e+30 1.000000000000000020e+30 1.000000000000000020e+30 1.000000000000000020e+30 1.000000000000000020e+30 1.000000000000000020e+30 3.314767305389297647e+00 3.573271665967863164e+00 3.810977920255975260e+00 4.029207246544645571e+00 4.230253868032751718e+00 4.416563469066776548e+00 4.589709787228568594e+00 4.749578278107288831e+00 4.895131835117689789e+00 5.024744965712244493e+00 5.136426557958137629e+00 5.228113451093820530e+00 5.297788373219789015e+00 5.343509936501660285e+00 5.363435735877803090e+00 5.355828192783341102e+00 5.319051825721473392e+00 5.251576881801126362e+00 5.151994191340677709e+00 5.019039459611288834e+00 4.851623740841715993e+00 4.648867011447554098e+00 4.410131808614367266e+00 4.135053519773300046e+00 3.823562824327412013e+00 3.475893252319123050e+00 3.092563815374725245e+00 2.674341932728310667e+00 2.222351153291572956e+00 1.739486259137737800e+00 1.239744687736022088e+00 8.004816720134728669e-01 7.609307299404376446e-01 6.992144402935467351e-01 6.391185492745085073e-01 5.829351069234801619e-01 5.279794382571042499e-01 4.741080371246149672e-01 4.154195170715281327e-01 3.634045610440341245e-01 2.882811077895238161e-01 2.656250523061207680e-01 2.862207633326512290e-01 1.000000000000000020e+30 1.000000000000000020e+30
1.000000000000000020e+30 1.000000000000000020e+30 1.000000000000000020e+30 1.000000000000000020e+30 1.000000000000000020e+30 1.000000000000000020e+30 1.000000000000000020e+30 1.000000000000000020e+30 1.000000000000000020e+30 1.000000000000000020e+30 1.000000000000000020e+30 2.734354615729527538e+00 3.018139877430236595e+00 3.280315191059457458e+00 3.521529158483791555e+00 3.743999900991264340e+00 3.950543657859878266e+00 4.143688613640750695e+00 4.324748076152762799e+00 4.493397718278339781e+00 4.648191656646475600e+00 4.787095147184036392e+00 4.907817484572694511e+00 5.008031249762667336e+00 5.085487647636361075e+00 5.138067658475693911e+00 5.163803546067734729e+00 5.160881949251570511e+00 5.127639550772272514e+00 5.062561985081130089e+00 4.964291291425293018e+00 4.831642008785329345e+00 4.663623046689715501e+00 4.459461276459884438e+00 4.218622569268227096e+00 3.940826009874145885e+00 3.626045582695603731e+00 3.274485530436658909e+00 2.886483846179906276e+00 2.462185788634197792e+00 2.000430615590947259e+00 1.494809170211928162e+00 9.188148357239045438e-01 7.771964142593458247e-01 6.946900604465438001e-01 6.243552509414754814e-01 5.588700094072046598e-01 4.982840486776608513e-01 4.360666808545403672e-01 3.832317030170164784e-01 3.073601446062032005e-01 2.886155145989470761e-01 3.195803514672114765e-01 3.297883292398398614e-01 3.495605399416324977e-01 3.823597441074248482e-01 1.000000000000000020e+30
1.000000000000000020e+30 1.000000000000000020e+30 1.000000000000000020e+30 1.000000000000000020e+30 1.000000000000000020e+30 1.000000000000000020e+30 1.000000000000000020e+30 1.000000000000000020e+30 1.000000000000000020e+30 1.000000000000000020e+30 2.101374414619880504e+00 2.418064757886352556e+00 2.707839742994888166e+00 2.970658496359708689e+00 3.211152988159431398e+00 3.433356988724117098e+00 3.641431697213262542e+00 3.838851369994475071e+00 4.027037854403440420e+00 4.204900486105192847e+00 4.370021417574419864e+00 4.519599357194204359e+00 4.650805261026389914e+00 4.760918301119763996e+00 4.847400255469742625e+00 4.907934800624510707e+00 4.940437775727745340e+00 4.943047927338404257e+00 4.914111321418907607e+00 4.852170656540446991e+00 4.755964930209767516e+00 4.624439067025602590e+00 4.456759196538088830e+00 4.252327598787325691e+00 4.010791678868079302e+00 3.732043446875003223e+00 3.416209522368722329e+00 3.063635202882964315e+00 2.674863435366833020e+00 2.250576311347173064e+00 1.791317384818391645e+00 1.296331092831661369e+00 7.602108182390462376e-01 6.799027787354203767e-01 6.013428549572390480e-01 5.296580835784528984e-01 4.588715785413188808e-01 4.007847989055524085e-01 3.211044474214533317e-01 3.026383203983882830e-01 3.363914083139376565e-01 3.461839548435091674e-01 3.600129269634942397e-01 3.723398471884284411e-01 3.871361819160267781e-01 4.013823150042850063e-01 1.000000000000000020e+30
1.000000000000000020e+30 1.000000000000000020e+30 1.000000000000000020e+30 1.000000000000000020e+30 1.000000000000000020e+30 1.000000000000000020e+30 1.000000000000000020e+30 1.000000000000000020e+30 1.000000000000000020e+30 1.331217838191613545e+00 1.759206433627689803e+00 2.099653710041892829e+00 2.392370887026328052e+00 2.648575137941601376e+00 2.882079394304377207e+00 3.097934783847025031e+00 3.302381504521210154e+00 3.501128219314516343e+00 3.696109111422270832e+00 3.884252991269279143e+00 4.061211806159027660e+00 4.223052313378967249e+00 4.366264475024647318e+00 4.487657016044484415e+00 4.584365781214124524e+00 4.653876549476036573e+00 4.694016063976318875e+00 4.702918667190551183e+00 4.678989282306300623e+00 4.620878128713986399e+00 4.527472653517365941e+00 4.397903788206259712e+00 4.231558521429907849e+00 4.028088945971653345e+00 3.787409142910045823e+00 3.509675866176251713e+00 3.195258956527168515e+00 2.844728735330092739e+00 2.458938334029824091e+00 2.039411195373173946e+00 1.589563126467002485e+00 1.117648012428950732e+00 6.392172030710434605e-01 5.675331250999712251e-01 4.879806079873939550e-01 4.212151851446900297e-01 3.339194465887694863e-01 3.132414507468219145e-01 3.490035668088414811e-01 3.616451514016005842e-01 3.779524928231066117e-01 3.877171603638319142e-01 3.893263151253170129e-01 3.993188710768441063e-01 4.116454058849580711e-01 4.205712587353069853e-01 1.000000000000000020e+30
1.000000000000000020e+30 1.000000000000000020e+30 1.000000000000000020e+30 1.000000000000000020e+30 1.000000000000000020e+30 1.000000000000000020e+30 1.000000000000000020e+30 1.000000000000000020e+30 2.157792038709853699e+00 1.774585102745243059e+00 1.483218745391341464e+00 1.803558084794359084e+00 2.084654764316402176e+00 2.317655994452229251e+00 2.536732036523940081e+00 2.737919253440137535e+00 2.931152474209688830e+00 3.127512579073781218e+00 3.330614825489924158e+00 3.531677771534741161e+00 3.722745343004524088e+00 3.898753489953415308e+00 4.055623492846164524e+00 4.189695005471051559e+00 4.297768343357276422e+00 4.377158286180145907e+00 4.425659968958892243e+00 4.441472221934696485e+00 4.423124937563808423e+00 4.369434204385772347e+00 4.279488991229216666e+00 4.152660699574495240e+00 3.988620683130836841e+00 3.787349172958644594e+00 3.549120795036712739e+00 3.274456959369737685e+00 2.964045672955453625e+00 2.618650088259392383e+00 2.239078167488638194e+00 1.826476073826064139e+00 1.384136363606826237e+00 9.267072568638043961e-01 5.261288298082357207e-01 4.516728460231982378e-01 3.509699720150408209e-01 3.229217563333737773e-01 3.559186227376273104e-01 3.688913083562224138e-01 3.891782404086969183e-01 4.053291252460819449e-01 4.135859951139511659e-01 4.244531855545249921e-01 3.971677988499046075e-01 4.105217286957032474e-01 4.257088087855948610e-01 4.345542876017035594e-01 1.000000000000000020e+30
1.000000000000000020e+30 1.000000000000000020e+30 1.000000000000000020e+30 1.000000000000000020e+30 1.000000000000000020e+30 1.000000000000000020e+30 1.000000000000000020e+30 2.881670262220389134e+00 2.515338954509662717e+00 2.104811614557326127e+00 1.566366589298536338e+00 1.524749539867829240e+00 1.799675588719129360e+00 1.972598162407272149e+00 2.178774460762940457e+00 2.353230367843537785e+00 2.522198268038782221e+00 2.710570649520920750e+00 2.928492304136119717e+00 3.148324031507244491e+00 3.356498797093697917e+00 3.548756868364121519e+00 3.721039039574669083e+00 3.869196331830519586e+00 3.989664160961226003e+00 4.079646764964023120e+00 4.137014082164339968e+00 4.160137159917492333e+00 4.147757705935454453e+00 4.098920462130117848e+00 4.012962804526503113e+00 3.889540913313464188e+00 3.728666397329076343e+00 3.530727013632929179e+00 3.296467510335679751e+00 3.026910325883714226e+00 2.723201005592324808e+00 2.386363225543225663e+00 2.016890025590084345e+00 1.613743718624720769e+00 1.170830125922331710e+00 6.629838382886312775e-01 4.279556199622336354e-01 3.527597494726666949e-01 3.672001637791298401e-01 3.705877974488120397e-01 3.880163286859718008e-01 4.063150153867239878e-01 4.215085796563874942e-01 4.441242532049899938e-01 4.333929527950791671e-01 4.857255221631185393e-01 6.164428140929829603e-01 6.804791757834556254e-01 7.163709655703742740e-01 7.332709305066981154e-01 1.000000000000000020e+30
1.000000000000000020e+30 1.000000000000000020e+30 1.000000000000000020e+30 1.000000000000000020e+30 1.000000000000000020e+30 1.000000000000000020e+30 3.521499641076731635e+00 3.214574303185854465e+00 2.887542877025973898e+00 2.537925185164623620e+00 2.178047089580785300e+00 1.927281021634505764e+00 1.594578849398095244e+00 1.570005551948492117e+00 1.825768895678349102e+00 1.945251101513085334e+00 2.063175477922398748e+00 2.231307224143590506e+00 2.489189988424069799e+00 2.738789570547846441e+00 2.965831796823293676e+00 3.175989016034605594e+00 3.365539666178216649e+00 3.529209263595910695e+00 3.662920922130803447e+00 3.763906028305991303e+00 3.830308176258846231e+00 3.860838045648689043e+00 3.854558690527322362e+00 3.810801521241303114e+00 3.729178706423974976e+00 3.609650032129573916e+00 3.452602133933198481e+00 3.258901865695865041e+00 3.029889925613927115e+00 2.767283040970042851e+00 2.472959431952846732e+00 2.148634767312143534e+00 1.795506703711457819e+00 1.413910769119424371e+00 1.002484548478999038e+00 5.566736186290306421e-01 4.469863055104321137e-01 3.917145810327940514e-01 3.855446324124178759e-01 3.943604603161257049e-01 4.082422924118637164e-01 4.348143718957057091e-01 4.335998502996405990e-01 5.025809279376060035e-01 6.656677657662788405e-01 7.774381594794973482e-01 8.834423199041557817e-01 9.577157915753401474e-01 1.004102637220220418e+00 1.026470878299958756e+00 1.000000000000000020e+30
1.000000000000000020e+30 1.000000000000000020e+30 1.000000000000000020e+30 1.000000000000000020e+30 1.000000000000000020e+30 4.015855918675608649e+00 3.788730759917535718e+00 3.530827328273527410e+00 3.248812704142350238e+00 2.951357402588341117e+00 2.654467540444773732e+00 2.388201259631474116e+00 2.124632227330622847e+00 1.914076180331189647e+00 1.586074668123975240e+00 1.514348198185847760e+00 1.528027496107862149e+00 1.634327973341664686e+00 2.026996102125975252e+00 2.317489251655909577e+00 2.554791043149834628e+00 2.783736847035592099e+00 2.993135108558243829e+00 3.173898162183302674e+00 3.321379021345743698e+00 3.433273781849226935e+00 3.508381051738659107e+00 3.546002355845718768e+00 3.545646310322363437e+00 3.506963380596158419e+00 3.429821718015990228e+00 3.314453864860119392e+00 3.161613100824026024e+00 2.972689643363499279e+00 2.749745898038089553e+00 2.495424171388741286e+00 2.212665999553009577e+00 1.904234210425101104e+00 1.572371989560922501e+00 1.219621465003404293e+00 8.508571294883600089e-01 4.750455516605754380e-01 4.024625957641338458e-01 3.725928706596332018e-01 3.791381597616996224e-01 4.023091776913413908e-01 4.040696114016342211e-01 4.782442276029748029e-01 6.515442231848557197e-01 7.868145118563014684e-01 9.291719684888527508e-01 1.051503293718407672e+00 1.155619947556484783e+00 1.234114992234203401e+00 1.285787976427607227e+00 1.311332240334767585e+00 1.000000000000000020e+30
1.000000000000000020e+30 1.000000000000000020e+30 1.000000000000000020e+30 1.000000000000000020e+30 1.000000000000000020e+30 4.199027822433781587e+00 4.044686822041211549e+00 3.831374192518429034e+00 3.588227296376936604e+00 3.329669057590099346e+00 3.068513263307096839e+00 2.817214637316758363e+00 2.575117608082968523e+00 2.351212640925837594e+00 2.126995954609560702e+00 1.987839247987348790e+00 1.898896420142935915e+00 1.819079814864135614e+00 1.640424616713690220e+00 1.918991555556361694e+00 2.118495249371947331e+00 2.374173425638172574e+00 2.609387091939495029e+00 2.809026814862308541e+00 2.970043645355409545e+00 3.091881643636065657e+00 3.174626838116276772e+00 3.218499647303906475e+00 3.223555992489434363e+00 3.189730933726149686e+00 3.117045625264320385e+00 3.005890585606202592e+00 2.857303695663634624e+00 2.673185202122799531e+00 2.456417776993661040e+00 2.210839728493630751e+00 1.940910069090426848e+00 1.650749582722514264e+00 1.342796814784579906e+00 1.019717113857700586e+00 6.907558508745300641e-01 3.976910307330413508e-01 3.065658962969360357e-01 3.080912473821634801e-01 3.461254335471090626e-01 4.204183519209668263e-01 5.851359894007478468e-01 7.272354193953887158e-01 8.881239738028655628e-01 1.040523479765564474e+00 1.185065743282298634e+00 1.312586668346631846e+00 1.419221813718916980e+00 1.500900946632404143e+00 1.555707708632038777e+00 1.583126943237692874e+00 1.000000000000000020e+30
1.000000000000000020e+30 1.000000000000000020e+30 1.000000000000000020e+30 1.000000000000000020e+30 4.687789185524583679e+00 4.491231875981211985e+00 4.315425580028414032e+00 4.119158187723654052e+00 3.902325727460976168e+00 3.671898666900652586e+00 3.436144785706297444e+00 3.202559082757770792e+00 2.975045967308802553e+00 2.758330511546013497e+00 2.554744328946563225e+00 2.384294115013456228e+00 2.234628212285349580e+00 2.077549290486091937e+00 1.867583606650711880e+00 1.573088453927979247e+00 1.596743686225573056e+00 1.952036567652240429e+00 2.224563726111307371e+00 2.442887607350932022e+00 2.615182767013887410e+00 2.744518124831331729e+00 2.832794646340552447e+00 2.881472993108119773e+00 2.891143654101191895e+00 2.861857726901892107e+00 2.793547182589731559e+00 2.686519134512035833e+00 2.541905543382494415e+00 2.362002304538305175e+00 2.150521292431970100e+00 1.912788765900480081e+00 1.655676822714685192e+00 1.385942037367824842e+00 1.104265728396368829e+00 8.070248518913490932e-01 4.816902156429564430e-01 3.754335100174271411e-01 3.153869160543274486e-01 4.045900563036763931e-01 4.980697570496733784e-01 6.163015236672200192e-01 7.716588549917736684e-01 9.359492417837842471e-01 1.106918909664933670e+00 1.271365912511366325e+00 1.423099536151876565e+00 1.556057312830637418e+00 1.666291501406091946e+00 1.750805361522471015e+00 1.807754088116127367e+00 1.836330433316743171e+00 1.000000000000000020e+30
1.000000000000000020e+30 1.000000000000000020e+30 1.000000000000000020e+30 1.000000000000000020e+30 4.835923207594142958e+00 4.715408311067504243e+00 4.560355949235512796e+00 4.382399210707444759e+00 4.186243439102359076e+00 3.977148164545420528e+00 3.760854705623843497e+00 3.542670941097698201e+00 3.326642999524769717e+00 3.116420344185279578e+00 2.915096593352933141e+00 2.727105571491636571e+00 2.546257699406293984e+00 2.359077283703664207e+00 2.152123233143155900e+00 1.934775478104958868e+00 1.784456263771638795e+00 1.583998251510612354e+00 1.861031531320109345e+00 2.086267033516131519e+00 2.263730929724011354e+00 2.396161982812171853e+00 2.486546798981976281e+00 2.538022201909894804e+00 2.551407208034275786e+00 2.526486632450379410e+00 2.462651637941148941e+00 2.359712235404603398e+00 2.218573525392967927e+00 2.041666246364790993e+00 1.833290520001012780e+00 1.600247466189495871e+00 1.353363228082493208e+00 1.107862796801920124e+00 8.608817806512664150e-01 6.071651359135317172e-01 3.651424516537447040e-01 2.987792111637666004e-01 3.774144357242162906e-01 4.858384126670177161e-01 6.110910826136456420e-01 7.570981615319435365e-01 9.265380600769591579e-01 1.110383414895394827e+00 1.299661314712841520e+00 1.477653020535149020e+00 1.638382038430937993e+00 1.777048671916572786e+00 1.890870706253078071e+00 1.977783555403700877e+00 2.036157988812264730e+00 2.065335087008097759e+00 1.000000000000000020e+30
1.000000000000000020e+30 1.000000000000000020e+30 1.000000000000000020e+30 5.198617264466285803e+00 5.055385080701260136e+00 4.925452571359209664e+00 4.780161293372387377e+00 4.616560183615087354e+00 4.436685957617934051e+00 4.244149708536808951e+00 4.043063533226735728e+00 3.837360664803430854e+00 3.630359123385560771e+00 3.424786628968971680e+00 3.222598036579492398e+00 3.024591166992509628e+00 2.827511511814783329e+00 2.625490513054379083e+00 2.414533747064949942e+00 2.199688965415002695e+00 1.994590610960315757e+00 1.769791229122707144e+00 1.520229456793529721e+00 1.744581696683131344e+00 1.921313647899260291e+00 2.051295029048648910e+00 2.138680278417425029e+00 2.190728390776711443e+00 2.207225721394566076e+00 2.187093691779489202e+00 2.128422490890839125e+00 2.029892017958961237e+00 1.891767778161258740e+00 1.716253083543240798e+00 1.507541821300429685e+00 1.272266109971651016e+00 1.024625405463605698e+00 8.105005308557320376e-01 6.078283023922586015e-01 3.837254008522935633e-01 3.087489945871156327e-01 2.693021529129331348e-01 3.997224968960013669e-01 5.366548714874160853e-01 6.856951293364391686e-01 8.522577109192812639e-01 1.039719041564825641e+00 1.246723903214114637e+00 1.465629609029742708e+00 1.658165481256316687e+00 1.828277871949281153e+00 1.971691911654323448e+00 2.088137835047302104e+00 2.176794168097991644e+00 2.235732290072409256e+00 2.264733751237424375e+00 1.000000000000000020e+30
1.000000000000000020e+30 1.000000000000000020e+30 1.000000000000000020e+30 5.291273487983171542e+00 5.211405435244213180e+00 5.101036415493245713e+00 4.968791314806225046e+00 4.817893755241758669e+00 4.651144731424562195e+00 4.471588947112077328e+00 4.282392541780704498e+00 4.086554279451660499e+00 3.886647489621782192e+00 3.684672513969418528e+00 3.481846963479369172e+00 3.278256510924634881e+00 3.072221722669995714e+00 2.861101462703929066e+00 2.643255034918159829e+00 2.419791679040991905e+00 2.192032657196708367e+00 1.951235392608426267e+00 1.693867048814858833e+00 1.421568406120857109e+00 1.593517548892649183e+00 1.714381628505544652e+00 1.789628409254778285e+00 1.841115036755756718e+00 1.861029122279322046e+00 1.847453072710697031e+00 1.795831481990365130e+00 1.702781310939740056e+00 1.567601723422783921e+00 1.392193964960823260e+00 1.180127706870066850e+00 9.326116992042318143e-01 6.428245412025272998e-01 4.860239310254588774e-01 3.642439617195423196e-01 2.591509207744926435e-01 2.100083819488616776e-01 2.427850073141431808e-01 4.046075859797887420e-01 5.600558027269749717e-01 7.227846805673376895e-01 9.014447440958158753e-01 1.102737272141077529e+00 1.334590740360301231e+00 1.615248542492810024e+00 1.813087200110620412e+00 1.992276888270949398e+00 2.136915637669238865e+00 2.253777234684444242e+00 2.343829612398820483e+00 2.402050667239926440e+00 2.429207417910825395e+00 1.000000000000000020e+30
1.000000000000000020e+30 1.000000000000000020e+30 1.000000000000000020e+30 5.412952408832767404e+00 5.347172589891369121e+00 5.247803897390856953e+00 5.125428899671861771e+00 4.984495016575746895e+00 4.827925853068150808e+00 4.658342193910363527e+00 4.478270750207846262e+00 4.290052073602520721e+00 4.095683579631601567e+00 3.896673592621134663e+00 3.693884134025241739e+00 3.487365694599898980e+00 3.276273707667373802e+00 3.059303317598911942e+00 2.835468845438787522e+00 2.604484613064376841e+00 2.365633194242969584e+00 2.115749602836725529e+00 1.852927929675529661e+00 1.577095783959418629e+00 1.288753525745389927e+00 1.392690967752885589e+00 1.432332649073907893e+00 1.489805215565622287e+00 1.514317693718369329e+00 1.511713438380695163e+00 1.471108402579935692e+00 1.385649581732536717e+00 1.253789638146555196e+00 1.078036165553563963e+00 8.652936225315599472e-01 6.169892149582302254e-01 5.438467196328689024e-01 4.407479131482087698e-01 3.392996953068976307e-01 2.458428027073639166e-01 1.645018901708832915e-01 1.000000000000000020e+30 1.000000000000000020e+30 1.000000000000000020e+30 1.000000000000000020e+30 1.000000000000000020e+30 1.000000000000000020e+30 1.000000000000000020e+30 1.800823955373739071e+00 1.934425133448443690e+00 2.133849286967538283e+00 2.269180906528025954e+00 2.382508276420349347e+00 2.476714144325334654e+00 2.532000438983064594e+00 2.552731723433392830e+00 1.000000000000000020e+30
1.000000000000000020e+30 1.000000000000000020e+30 5.641934643548573547e+00 5.549318583262190074e+00 5.465346851208104262e+00 5.366238625047829558e+00 5.249085600503228477e+00 5.114976399164204324e+00 4.965765151104419850e+00 4.803467800287393175e+00 4.630091088662766197e+00 4.447502788384257499e+00 4.257301554380413577e+00 4.060696300100264722e+00 3.858399949212053759e+00 3.650560281179151989e+00 3.436790012006105677e+00 3.216399900303209325e+00 2.988727456896300261e+00 2.753257535900400566e+00 2.509284993792580298e+00 2.255582206449524563e+00 1.991336470144102533e+00 1.716028531312488115e+00 1.426924186613745649e+00 1.109316726147504317e+00 1.030346702060230601e+00 1.143294607600071844e+00 1.165847966428123605e+00 1.184868779050268994e+00 1.162641383276841189e+00 1.087743524638615789e+00 9.590844840161665275e-01 7.793871983988254204e-01 5.686081858567243463e-01 5.249058715248090534e-01 4.634425567435142557e-01 3.844040409800577041e-01 2.989639396911866753e-01 2.149260772080091864e-01 1.435414912198718085e-01 1.000000000000000020e+30 1.000000000000000020e+30 1.000000000000000020e+30 1.000000000000000020e+30 1.000000000000000020e+30 1.000000000000000020e+30 1.000000000000000020e+30 1.000000000000000020e+30 1.000000000000000020e+30 2.278802590878971746e+00 2.359274865398014231e+00 2.463341751288748771e+00 2.579169236086651829e+00 2.625801501220555334e+00 2.625779830133289305e+00 1.000000000000000020e+30
1.000000000000000020e+30 1.000000000000000020e+30 5.683479238596176764e+00 5.625829319910740978e+00 5.547197079221001026e+00 5.450917463705712507e+00 5.337492479758060071e+00 5.207913182290779375e+00 5.063599702219880427e+00 4.906166841324923311e+00 4.737264740583795763e+00 4.558453792458250220e+00 4.371092437616495907e+00 4.176238044351880063e+00 3.974569816659967003e+00 3.766353981370019977e+00 3.551482651756689979e+00 3.329608772957918905e+00 3.100322509734439791e+00 2.863259122845896787e+00 2.618097535323546499e+00 2.364650140800378164e+00 2.103344751516529776e+00 1.835738440816174988e+00 1.565672170435509880e+00 1.304951652253065086e+00 1.102907260710350723e+00 8.644637339408790533e-01 7.976556866300982263e-01 8.754730960766987646e-01 8.833095939092847626e-01 8.214173477922217526e-01 6.957198783303297773e-01 4.956698107835373901e-01 4.719170273390134729e-01 4.392095446479864496e-01 3.903439057131400935e-01 3.257790129515649169e-01 2.503660931954036495e-01 1.663638970010232199e-01 1.000000000000000020e+30 1.000000000000000020e+30 1.000000000000000020e+30 1.000000000000000020e+30 1.000000000000000020e+30 1.000000000000000020e+30 1.000000000000000020e+30 1.000000000000000020e+30 1.000000000000000020e+30 1.000000000000000020e+30 1.000000000000000020e+30 1.000000000000000020e+30 1.000000000000000020e+30 2.685438829839691177e+00 2.693215453116823088e+00 1.000000000000000020e+30 1.000000000000000020e+30
1.000000000000000020e+30 5.779021340960304620e+00 5.731625413346273845e+00 5.672052161342539200e+00 5.595055920721820897e+00 5.500623346064325681e+00 5.389374677694471316e+00 5.262294838239187200e+00 5.120638039577064760e+00 4.965812752461300050e+00 4.799274753360589507e+00 4.622428375642654075e+00 4.436532640382947257e+00 4.242615344711178516e+00 4.041405342211407792e+00 3.833300570488897829e+00 3.618392090094356472e+00 3.396552838655491069e+00 3.167568241385218197e+00 2.931269544025481899e+00 2.687666378812516577e+00 2.437154783018794291e+00 2.180894255922207758e+00 1.921336639610730979e+00 1.663132204237233847e+00 1.414776447609172649e+00 1.188672729400954697e+00 9.720836921348519066e-01 7.998018928389368787e-01 6.176233180323535965e-01 6.550213527147650261e-01 6.014258182868372771e-01 4.918039087333858084e-01 3.553272494079694477e-01 3.736134999175544924e-01 3.595717744761166013e-01 3.237750158763158526e-01 2.702268174448019256e-01 2.043221345256291677e-01 1.406823228046033547e-01 1.000000000000000020e+30 1.000000000000000020e+30 1.000000000000000020e+30 1.000000000000000020e+30 1.000000000000000020e+30 1.000000000000000020e+30 1.000000000000000020e+30 1.000000000000000020e+30 1.000000000000000020e+30 1.000000000000000020e+30 1.000000000000000020e+30 1.000000000000000020e+30 1.000000000000000020e+30 1.000000000000000020e+30 1.000000000000000020e+30 1.000000000000000020e+30 1.000000000000000020e+30
1.000000000000000020e+30 5.775699143950919989e+00 5.740999349334193091e+00 5.684413508723043407e+00 5.608603984128985864e+00 5.514822255783868421e+00 5.404101185928770867e+00 5.277545671601463262e+00 5.136393111767283415e+00 4.981989078466904530e+00 4.815732192244817966e+00 4.639005046973377233e+00 4.453095926584969888e+00 4.259116336972906147e+00 4.057925449001272611e+00 3.850080564677725636e+00 3.635836609998788660e+00 3.415209438025176514e+00 3.188096813847219657e+00 2.954437322870415272e+00 2.714396904828635826e+00 2.468595988301258704e+00 2.218390058646042995e+00 1.966175801160863879e+00 1.715664371407374489e+00 1.471782862192499541e+00 1.238763416951400798e+00 1.013736812207514770e+00 7.939554789375660171e-01 5.382022509590611570e-01 5.031594105971198827e-01 4.240502433868474919e-01 3.036837623876735281e-01 2.889085319951933961e-01 2.987261779213781221e-01 2.928841347357048486e-01 2.668785466157407305e-01 2.202126979939401374e-01 1.508435003440552757e-01 1.000000000000000020e+30 1.000000000000000020e+30 1.000000000000000020e+30 1.000000000000000020e+30 1.000000000000000020e+30 1.000000000000000020e+30 1.000000000000000020e+30 1.000000000000000020e+30 1.000000000000000020e+30 1.000000000000000020e+30 1.000000000000000020e+30 1.000000000000000020e+30 1.000000000000000020e+30 1.000000000000000020e+30 1.000000000000000020e+30 1.000000000000000020e+30 1.000000000000000020e+30 1.000000000000000020e+30
5.767332677664314566e+00 5.756370252189837444e+00 5.721330362989184515e+00 5.664694281246529073e+00 5.588311119655288373e+00 5.493524645568095721e+00 5.381515079886256991e+00 5.253476962937979167e+00 5.110688794269220736e+00 4.954524403296773905e+00 4.786432199421522427e+00 4.607890852777561719e+00 4.420341789422811196e+00 4.225099562781017504e+00 4.023249869641184695e+00 3.815559622139718332e+00 3.602436472022139569e+00 3.383970999995830287e+00 3.160064862319308610e+00 2.930621615230064592e+00 2.695769388583822757e+00 2.456088334491964620e+00 2.212815304675746386e+00 1.967977667510286466e+00 1.724365246655156891e+00 1.485127654714766487e+00 1.252612331014552050e+00 1.026609835497092282e+00 8.054380935685805376e-01 5.841797477340543443e-01 3.835351706693096441e-01 2.779545815603051140e-01 2.051887372478778948e-01 1.907645903972316481e-01 2.318625624595669343e-01 2.386868672110581124e-01 2.235506222682001887e-01 1.865903104939441726e-01 1.189470764102373429e-01 1.000000000000000020e+30 1.000000000000000020e+30 1.000000000000000020e+30 1.000000000000000020e+30 1.000000000000000020e+30 1.000000000000000020e+30 1.000000000000000020e+30 1.000000000000000020e+30 1.000000000000000020e+30 1.000000000000000020e+30 1.000000000000000020e+30 1.000000000000000020e+30 1.000000000000000020e+30 1.000000000000000020e+30 1.000000000000000020e+30 1.000000000000000020e+30 1.000000000000000020e+30 1.000000000000000020e+30
5.727743246355730733e+00 5.710431720708424308e+00 5.672315729921227678e+00 5.613392076046156198e+00 5.534578689578466104e+00 5.436987943499818066e+00 5.321793970789982176e+00 5.190240378037008107e+00 5.043667679466330434e+00 4.883533071930004077e+00 4.711414699878996082e+00 4.528991362925015807e+00 4.337984909888966456e+00 4.140054379013069941e+00 3.936644187077869450e+00 3.728817279642912208e+00 3.517141512592913077e+00 3.301706000029155597e+00 3.082276601889154310e+00 2.858544980879827335e+00 2.630409004758495595e+00 2.398222078691760739e+00 2.162964172591409273e+00 1.926289741354012541e+00 1.690409904410779651e+00 1.457777493438887628e+00 1.230531528860836721e+00 1.010000810631100476e+00 7.973178358647093900e-01 5.950622595599085463e-01 4.149728205697699734e-01 2.773614726252695561e-01 1.798674469010674015e-01 1.591783737024401457e-01 1.928554590774904376e-01 1.997187193447183540e-01 1.880871799288370005e-01 1.524914666994526824e-01 3.233469791538858690e-02 1.000000000000000020e+30 1.000000000000000020e+30 1.000000000000000020e+30 1.000000000000000020e+30 1.000000000000000020e+30 1.000000000000000020e+30 1.000000000000000020e+30 1.000000000000000020e+30 1.000000000000000020e+30 1.000000000000000020e+30 1.000000000000000020e+30 1.000000000000000020e+30 1.000000000000000020e+30 1.000000000000000020e+30 1.000000000000000020e+30 1.000000000000000020e+30 1.000000000000000020e+30 1.000000000000000020e+30
5.654846622238786757e+00 5.634554300188969300e+00 5.593120164504050251e+00 5.530626538413551785e+00 5.447796812098970598e+00 5.345662125650758156e+00 5.225406117106855319e+00 5.088321610211276713e+00 4.935821698393979773e+00 4.769474397949463373e+00 4.591039865162480638e+00 4.402486279103527522e+00 4.205953199265703546e+00 4.003628205469581758e+00 3.797516218623699924e+00 3.589129621105883849e+00 3.379226052550334813e+00 3.167788834144913412e+00 2.954251937569706499e+00 2.737864119738642632e+00 2.518083077655189683e+00 2.294887574653600382e+00 2.068954385729169676e+00 1.841659987392988862e+00 1.614904905913101318e+00 1.390934979850941389e+00 1.172103530222164736e+00 9.605927508132370285e-01 7.586255313825526203e-01 5.684375148884858175e-01 3.930294605156371968e-01 2.292004176061274434e-01 1.926148306664925425e-01 1.746660973216075663e-01 1.748300458771953614e-01 1.683008997179356869e-01 1.431511859350307614e-01 6.774979818343336568e-02 1.000000000000000020e+30 1.000000000000000020e+30 1.000000000000000020e+30 1.000000000000000020e+30 1.000000000000000020e+30 1.000000000000000020e+30 1.000000000000000020e+30 1.000000000000000020e+30 1.000000000000000020e+30 1.000000000000000020e+30 1.000000000000000020e+30 1.000000000000000020e+30 1.000000000000000020e+30 1.000000000000000020e+30 1.000000000000000020e+30 1.000000000000000020e+30 1.000000000000000020e+30 1.000000000000000020e+30 1.000000000000000020e+30
5.551514229995915706e+00 5.528985125283361945e+00 5.483942262107875720e+00 5.416849461178481207e+00 5.328579745949490132e+00 5.220255154883776783e+00 5.093134167934135981e+00 4.948573580273509798e+00 4.788052425591860839e+00 4.613240788152727312e+00 4.426092259383608507e+00 4.228926068617311351e+00 4.024445452245970500e+00 3.815618756505652520e+00 3.605344935083663049e+00 3.395878249999936038e+00 3.188226294442550124e+00 2.982092469939014112e+00 2.776271526600245121e+00 2.569230880548447171e+00 2.359722418427846691e+00 2.147203161011161487e+00 1.932052729001542790e+00 1.715528618504347902e+00 1.499359900055788675e+00 1.285762393022566119e+00 1.077503996813589104e+00 8.773186953447287273e-01 6.884421912783065256e-01 5.118971256818100057e-01 3.487700076692916706e-01 2.000941840534745386e-01 1.808953849081081366e-01 1.664505796721953979e-01 1.562215126565834888e-01 1.405141385232595019e-01 1.096741292411292507e-01 5.393895964165866530e-02 1.000000000000000020e+30 1.000000000000000020e+30 1.000000000000000020e+30 1.000000000000000020e+30 1.000000000000000020e+30 1.000000000000000020e+30 1.000000000000000020e+30 1.000000000000000020e+30 1.000000000000000020e+30 1.000000000000000020e+30 1.000000000000000020e+30 1.000000000000000020e+30 1.000000000000000020e+30 1.000000000000000020e+30 1.000000000000000020e+30 1.000000000000000020e+30 1.000000000000000020e+30 1.000000000000000020e+30 1.000000000000000020e+30
5.419873975226360052e+00 5.395017734325217695e+00 5.345754741834181978e+00 5.272975283207886221e+00 5.177872610550426913e+00 5.061787914738259175e+00 4.926113078776440446e+00 4.772268922030806770e+00 4.601757299018085945e+00 4.416283075164566974e+00 4.217933362287876520e+00 4.009377227490571016e+00 3.794011610186859507e+00 3.575926533620913617e+00 3.359496761635208273e+00 3.148335619170698596e+00 2.943791317905803950e+00 2.744943791194802252e+00 2.549431556775424212e+00 2.354395330131374031e+00 2.157517597844210933e+00 1.957554506563858876e+00 1.754646216624017097e+00 1.550323403660769817e+00 1.346093292208725201e+00 1.144016730287050754e+00 9.477747378740734030e-01 7.600160987565942605e-01 5.875739566918297685e-01 4.278986797108647600e-01 2.801806561948012031e-01 1.689247922948351188e-01 1.585719213537131744e-01 1.471752612665344906e-01 1.356626647040612144e-01 1.170567935811960975e-01 8.738714070810302270e-02 5.113599274049186044e-02 1.000000000000000020e+30 1.000000000000000020e+30 1.000000000000000020e+30 1.000000000000000020e+30 1.000000000000000020e+30 1.000000000000000020e+30 1.000000000000000020e+30 1.000000000000000020e+30 1.000000000000000020e+30 1.000000000000000020e+30 1.000000000000000020e+30 1.000000000000000020e+30 1.000000000000000020e+30 1.000000000000000020e+30 1.000000000000000020e+30 1.000000000000000020e+30 1.000000000000000020e+30 1.000000000000000020e+30 1.000000000000000020e+30
5.262198219257433252e+00 5.234532297278994051e+00 5.180094165648095661e+00 5.100342547624685530e+00 4.996954378339881764e+00 4.871600808717710507e+00 4.725847326524500680e+00 4.561148877281715031e+00 4.378932067247514048e+00 4.180780000906560545e+00 3.968731408628731305e+00 3.745668339401631908e+00 3.515713619720248762e+00 3.284472984546625174e+00 3.058823019052641090e+00 2.845229597595451576e+00 2.645407665531196439e+00 2.457043850155978149e+00 2.275755402306334663e+00 2.096401515560844864e+00 1.915136270343232416e+00 1.729754021018445442e+00 1.540165467289653201e+00 1.349568316240001176e+00 1.158642112397621160e+00 9.681714342826295283e-01 7.852943046142132344e-01 6.072631047015163430e-01 4.578501004406426156e-01 3.198318123279950131e-01 1.657468054018042258e-01 1.434773740877568204e-01 1.295640670396196181e-01 1.199842347404832810e-01 1.137696774491934876e-01 9.724655394660275398e-02 6.778197099148086657e-02 1.000000000000000020e+30 1.000000000000000020e+30 1.000000000000000020e+30 1.000000000000000020e+30 1.000000000000000020e+30 1.000000000000000020e+30 1.000000000000000020e+30 1.000000000000000020e+30 1.000000000000000020e+30 1.000000000000000020e+30 1.000000000000000020e+30 1.000000000000000020e+30 1.000000000000000020e+30 1.000000000000000020e+30 1.000000000000000020e+30 1.000000000000000020e+30 1.000000000000000020e+30 1.000000000000000020e+30 1.000000000000000020e+30 1.000000000000000020e+30
5.081354743206133229e+00 5.050006025487003392e+00 4.988973927460507163e+00 4.900632688019333827e+00 4.787371449036612603e+00 4.651301421981457906e+00 4.494182542474761455e+00 4.317442403444203158e+00 4.122270842962957538e+00 3.909852351018424432e+00 3.681805477915698788e+00 3.440830691263525587e+00 3.191517743606465007e+00 2.941159151472506394e+00 2.700752294106602225e+00 2.483896827210003266e+00 2.291962366834481291e+00 2.119355338292381763e+00 1.958465035264387977e+00 1.799933115624399838e+00 1.638135638663386073e+00 1.469494611342802015e+00 1.292540399464160883e+00 1.117886374011827000e+00 9.427550001941513713e-01 7.603844543807884993e-01 5.974145610742218615e-01 4.087332574972802890e-01 3.016018068031501853e-01 2.142597352876605687e-01 1.347045777866432981e-01 1.014673588747578986e-01 8.789704936110181999e-02 8.103856589196038740e-02 9.481386687852591533e-02 8.692510173930585726e-02 6.265346749009635674e-02 1.000000000000000020e+30 1.000000000000000020e+30 1.000000000000000020e+30 1.000000000000000020e+30 1.000000000000000020e+30 1.000000000000000020e+30 1.000000000000000020e+30 1.000000000000000020e+30 1.000000000000000020e+30 1.000000000000000020e+30 1.000000000000000020e+30 1.000000000000000020e+30 1.000000000000000020e+30 1.000000000000000020e+30 1.000000000000000020e+30 1.000000000000000020e+30 1.000000000000000020e+30 1.000000000000000020e+30 1.000000000000000020e+30 1.000000000000000020e+30
4.881255233263063431e+00 4.844645736008309278e+00 4.774812852383072403e+00 4.675733134857058992e+00 4.550798789062310057e+00 4.402639760307903494e+00 4.233204327281414159e+00 4.043817780033334586e+00 3.835225355369499933e+00 3.607798996135590297e+00 3.362108398311360435e+00 3.099867682592361451e+00 2.825293369148486722e+00 2.546293231155337899e+00 2.278959297510902537e+00 2.058684978515769259e+00 1.881233324582427757e+00 1.732897705565602076e+00 1.602716551852810145e+00 1.471810192643312254e+00 1.334588096465219920e+00 1.183237745154317455e+00 1.006189696097688158e+00 8.523599184338735979e-01 7.025704056233044170e-01 5.035243153578837783e-01 4.104343921552917607e-01 3.851261702030419620e-01 3.169108280244163911e-01 2.380255847293153981e-01 1.457066248954624055e-01 1.073086269630594697e-01 9.875325327336445524e-02 7.771830915132181550e-02 9.213421418288128550e-02 8.865691576795993456e-02 7.121172282851226387e-02 4.785904597175776043e-02 1.000000000000000020e+30 1.000000000000000020e+30 1.000000000000000020e+30 1.000000000000000020e+30 1.000000000000000020e+30 1.000000000000000020e+30 1.000000000000000020e+30 1.000000000000000020e+30 1.000000000000000020e+30 1.000000000000000020e+30 1.000000000000000020e+30 1.000000000000000020e+30 1.000000000000000020e+30 1.000000000000000020e+30 1.000000000000000020e+30 1.000000000000000020e+30 1.000000000000000020e+30 1.000000000000000020e+30 1.000000000000000020e+30
4.667609491685497325e+00 4.622524695842546549e+00 4.540236449883954251e+00 4.427477511205313299e+00 4.288809278958413351e+00 4.127298580458850452e+00 3.945032142700706679e+00 3.743208652596496044e+00 3.521949926499024830e+00 3.280278202267159049e+00 3.016798702165211399e+00 2.730895325690827935e+00 2.425199859205131148e+00 2.103663028352359188e+00 1.776147639318901739e+00 1.558270221825233559e+00 1.410097740105581199e+00 1.297819932369009388e+00 1.199715889375029265e+00 1.097363028978210808e+00 9.874221171809317577e-01 8.504315850260619758e-01 6.175862203518862614e-01 5.170183738344550362e-01 4.592447317029971221e-01 4.722955125538224608e-01 4.309568709230368611e-01 3.880758212074827962e-01 3.301505368871473500e-01 2.652141688079666104e-01 1.998297389192333351e-01 1.520851992781007411e-01 1.159237190639137438e-01 8.696695433776481521e-02 1.015074843576859592e-01 9.848040544354420833e-02 8.081374490687216749e-02 5.299378811225367164e-02 1.000000000000000020e+30 1.000000000000000020e+30 1.000000000000000020e+30 1.000000000000000020e+30 1.000000000000000020e+30 1.000000000000000020e+30 1.000000000000000020e+30 1.000000000000000020e+30 1.000000000000000020e+30 1.000000000000000020e+30 1.000000000000000020e+30 1.000000000000000020e+30 1.000000000000000020e+30 1.000000000000000020e+30 1.000000000000000020e+30 1.000000000000000020e+30 1.000000000000000020e+30 1.000000000000000020e+30 1.000000000000000020e+30
4.449591760597792600e+00 4.388435755189378007e+00 4.287472832892250452e+00 4.157170088365778504e+00 4.002557093287613554e+00 3.826614346298210734e+00 3.631478444978547326e+00 3.418426756491369289e+00 3.187012929771880554e+00 2.934275503666463170e+00 2.655714136773966949e+00 2.345957335003966637e+00 2.007983149865483874e+00 1.637177028116210353e+00 1.137221742172180639e+00 9.635732903581982756e-01 8.625530435815914609e-01 7.757630684501444218e-01 6.921390179807181964e-01 6.198145371943785120e-01 5.544593966810538177e-01 5.065855463913984114e-01 5.496980305343776019e-01 5.265485092433642711e-01 4.932400826908735492e-01 4.730922821348153562e-01 4.357320985077489106e-01 3.895786166401253303e-01 3.366579021836347274e-01 2.817744397201546458e-01 2.274943662970626557e-01 1.770293621023713293e-01 1.187466656751164501e-01 1.048779349682004286e-01 1.213571844197591926e-01 1.158640783625984466e-01 9.464126561858653142e-02 6.168490047229743117e-02 1.000000000000000020e+30 1.000000000000000020e+30 1.000000000000000020e+30 1.000000000000000020e+30 1.000000000000000020e+30 1.000000000000000020e+30 1.000000000000000020e+30 1.000000000000000020e+30 1.000000000000000020e+30 1.000000000000000020e+30 1.000000000000000020e+30 1.000000000000000020e+30 1.000000000000000020e+30 1.000000000000000020e+30 1.000000000000000020e+30 1.000000000000000020e+30 1.000000000000000020e+30 1.000000000000000020e+30 1.000000000000000020e+30
4.244213638303486746e+00 4.146100688191990180e+00 4.016757503962208986e+00 3.864863570918665392e+00 3.692495270843599187e+00 3.501327584463778564e+00 3.293558679975205905e+00 3.071418760593506381e+00 2.834719595246427470e+00 2.577609593544712752e+00 2.291905983531884239e+00 1.958364056084819005e+00 1.596253103727693690e+00 1.276482786284234283e+00 9.016278395619647945e-01 9.150107223910458609e-01 8.665250428306894293e-01 7.907526362286907418e-01 7.141980846961729634e-01 6.433448573039997065e-01 5.814942886205042294e-01 5.410934942334620912e-01 5.379432039877636296e-01 5.197585466467603554e-01 4.927347316069830563e-01 4.638842992837345358e-01 4.236945314990666067e-01 3.766275188846551769e-01 3.287278503055798828e-01 2.858216470325810055e-01 2.421548789410281899e-01 2.008488268392506215e-01 1.485110443215420795e-01 1.548934732174438167e-01 1.541594920993067663e-01 1.401740895246438856e-01 1.129085226726084107e-01 7.374461624487661793e-02 1.000000000000000020e+30 1.000000000000000020e+30 1.000000000000000020e+30 1.000000000000000020e+30 1.000000000000000020e+30 1.000000000000000020e+30 1.000000000000000020e+30 1.000000000000000020e+30 1.000000000000000020e+30 1.000000000000000020e+30 1.000000000000000020e+30 1.000000000000000020e+30 1.000000000000000020e+30 1.000000000000000020e+30 1.000000000000000020e+30 1.000000000000000020e+30 1.000000000000000020e+30 1.000000000000000020e+30 1.000000000000000020e+30
4.089526357074674934e+00 3.888385741011532559e+00 3.723077868854859140e+00 3.548825558745551945e+00 3.358533581031365678e+00 3.151635557889941097e+00 2.930868405235544927e+00 2.701855716096268623e+00 2.467937490419704005e+00 2.217139895269675254e+00 1.929201646461489617e+00 1.535208521290760908e+00 1.044744170683080231e+00 8.448859585488668333e-01 8.871692769376025023e-01 8.888012179835820259e-01 8.577431649193002494e-01 7.996121145489708537e-01 7.325810266552252870e-01 6.715532475220240549e-01 6.046233918597758716e-01 5.541065465042950278e-01 5.359038944783540703e-01 5.174782294543539551e-01 4.938882931124087827e-01 4.597173029783803710e-01 4.186970080423418339e-01 3.694390332931647980e-01 3.108264905828144187e-01 2.716002459255363877e-01 2.456738203699417589e-01 2.294795869040125724e-01 2.089916788485375043e-01 2.004073183455113982e-01 1.882866275575413861e-01 1.667215036570753040e-01 1.340750828689062091e-01 8.988279731482420876e-02 1.000000000000000020e+30 1.000000000000000020e+30 1.000000000000000020e+30 1.000000000000000020e+30 1.000000000000000020e+30 1.000000000000000020e+30 1.000000000000000020e+30 1.000000000000000020e+30 1.000000000000000020e+30 1.000000000000000020e+30 1.000000000000000020e+30 1.000000000000000020e+30 1.000000000000000020e+30 1.000000000000000020e+30 1.000000000000000020e+30 1.000000000000000020e+30 1.000000000000000020e+30 1.000000000000000020e+30 1.000000000000000020e+30
1.000000000000000020e+30 3.550080942233687420e+00 3.395087642503842318e+00 3.207226208496009701e+00 3.001429285239433753e+00 2.778114873947878039e+00 2.540944989626992889e+00 2.304046791809970518e+00 2.074694427025110421e+00 1.785786512643606772e+00 1.467041768986253381e+00 9.353219926693079334e-01 9.591506478440624539e-01 8.943605090428041748e-01 8.888061474559665331e-01 8.840323203948585729e-01 8.682707435887085934e-01 7.976290392600232648e-01 7.223596221148905761e-01 6.931648818830905556e-01 1.000000000000000020e+30 5.434168636092288063e-01 5.327268221160151862e-01 5.188597064944772130e-01 5.063740572021258046e-01 1.000000000000000020e+30 1.000000000000000020e+30 1.000000000000000020e+30 2.859094514018334920e-01 2.678988501964820745e-01 2.522292266760234880e-01 2.526136269289189218e-01 2.441237253476648550e-01 2.338999183838474383e-01 2.168875010987557084e-01 1.908894712340377664e-01 1.558503854469686645e-01 1.143668417993328745e-01 7.502099485853325200e-02 1.000000000000000020e+30 1.000000000000000020e+30 1.000000000000000020e+30 1.000000000000000020e+30 1.000000000000000020e+30 1.000000000000000020e+30 1.000000000000000020e+30 1.000000000000000020e+30 1.000000000000000020e+30 1.000000000000000020e+30 1.000000000000000020e+30 1.000000000000000020e+30 1.000000000000000020e+30 1.000000000000000020e+30 1.000000000000000020e+30 1.000000000000000020e+30 1.000000000000000020e+30 1.000000000000000020e+30
1.000000000000000020e+30 3.324802396232815482e+00 3.059562538874002424e+00 2.845104193167622864e+00 2.625567904436608480e+00 2.384594821813813770e+00 2.119506106639820864e+00 1.837188014698964755e+00 1.547903965832185147e+00 9.452457197021415514e-01 5.734949113509147933e-01 8.018884662579673916e-01 8.932946293621689682e-01 8.934813978251736621e-01 8.875695539439233395e-01 8.804469581550137258e-01 8.737290486328616046e-01 1.000000000000000020e+30 1.000000000000000020e+30 1.000000000000000020e+30 1.000000000000000020e+30 1.000000000000000020e+30 1.000000000000000020e+30 1.000000000000000020e+30 1.000000000000000020e+30 1.000000000000000020e+30 1.000000000000000020e+30 1.000000000000000020e+30 2.776760706192952233e-01 2.694426899445341306e-01 2.611427041165222951e-01 2.610035923857841333e-01 2.643801384113416142e-01 2.555313870334194326e-01 2.368670975852944782e-01 2.084067808425613677e-01 1.711426035272051172e-01 1.271579719134673936e-01 7.937057794502665187e-02 1.000000000000000020e+30 1.000000000000000020e+30 1.000000000000000020e+30 1.000000000000000020e+30 1.000000000000000020e+30 1.000000000000000020e+30 1.000000000000000020e+30 1.000000000000000020e+30 1.000000000000000020e+30 1.000000000000000020e+30 1.000000000000000020e+30 1.000000000000000020e+30 1.000000000000000020e+30 1.000000000000000020e+30 1.000000000000000020e+30 1.000000000000000020e+30 1.000000000000000020e+30 1.000000000000000020e+30
1.000000000000000020e+30 1.000000000000000020e+30 2.636093663328089143e+00 2.453256434544985432e+00 2.238828753927531334e+00 1.981342617690134755e+00 1.641363586751932946e+00 1.117529173852349400e+00 7.852013432303259766e-01 8.413018687203924761e-01 7.133452728779240415e-01 7.641614092989573725e-01 1.000000000000000020e+30 1.000000000000000020e+30 1.000000000000000020e+30 1.000000000000000020e+30 1.000000000000000020e+30 1.000000000000000020e+30 1.000000000000000020e+30 1.000000000000000020e+30 1.000000000000000020e+30 1.000000000000000020e+30 1.000000000000000020e+30 1.000000000000000020e+30 1.000000000000000020e+30 1.000000000000000020e+30 1.000000000000000020e+30 1.000000000000000020e+30 1.000000000000000020e+30 1.000000000000000020e+30 2.660483487821138082e-01 2.685498013121559446e-01 2.757845207089361095e-01 2.664248545283408043e-01 2.470985954104153726e-01 2.173600238586746447e-01 1.787873869675912775e-01 1.330177833108682761e-01 8.211942367211738647e-02 1.000000000000000020e+30 1.000000000000000020e+30 1.000000000000000020e+30 1.000000000000000020e+30 1.000000000000000020e+30 1.000000000000000020e+30 1.000000000000000020e+30 1.000000000000000020e+30 1.000000000000000020e+30 1.000000000000000020e+30 1.000000000000000020e+30 1.000000000000000020e+30 1.000000000000000020e+30 1.000000000000000020e+30 1.000000000000000020e+30 1.000000000000000020e+30 1.000000000000000020e+30 1.000000000000000020e+30
1.000000000000000020e+30 1.000000000000000020e+30 2.362750896111941223e+00 2.050261633961772745e+00 1.821096350474345371e+00 1.511855797193140338e+00 1.024439335004508678e+00 1.043151816289043854e+00 9.084141037487187820e-01 8.708435463548798161e-01 1.000000000000000020e+30 1.000000000000000020e+30 1.000000000000000020e+30 1.000000000000000020e+30 1.000000000000000020e+30 1.000000000000000020e+30 1.000000000000000020e+30 1.000000000000000020e+30 1.000000000000000020e+30 1.000000000000000020e+30 1.000000000000000020e+30 1.000000000000000020e+30 1.000000000000000020e+30 1.000000000000000020e+30 1.000000000000000020e+30 1.000000000000000020e+30 1.000000000000000020e+30 1.000000000000000020e+30 1.000000000000000020e+30 1.000000000000000020e+30 1.000000000000000020e+30 2.693265394116427514e-01 2.700633216625262789e-01 2.668212919414912898e-01 2.470940693799573429e-01 2.168370568357604056e-01 1.784773910172035571e-01 1.326849172988771863e-01 8.170781168575189102e-02 1.000000000000000020e+30 1.000000000000000020e+30 1.000000000000000020e+30 1.000000000000000020e+30 1.000000000000000020e+30 1.000000000000000020e+30 1.000000000000000020e+30 1.000000000000000020e+30 1.000000000000000020e+30 1.000000000000000020e+30 1.000000000000000020e+30 1.000000000000000020e+30 1.000000000000000020e+30 1.000000000000000020e+30 1.000000000000000020e+30 1.000000000000000020e+30 1.000000000000000020e+30 1.000000000000000020e+30
1.000000000000000020e+30 1.000000000000000020e+30 1.000000000000000020e+30 1.400791579062259817e+00 1.246703165288020054e+00 8.205341641181599366e-01 9.189184011235117522e-01 9.561297161363038200e-01 9.330047435841082315e-01 1.000000000000000020e+30 1.000000000000000020e+30 1.000000000000000020e+30 1.000000000000000020e+30 1.000000000000000020e+30 1.000000000000000020e+30 1.000000000000000020e+30 1.000000000000000020e+30 1.000000000000000020e+30 1.000000000000000020e+30 1.000000000000000020e+30 1.000000000000000020e+30 1.000000000000000020e+30 1.000000000000000020e+30 1.000000000000000020e+30 1.000000000000000020e+30 1.000000000000000020e+30 1.000000000000000020e+30 1.000000000000000020e+30 1.000000000000000020e+30 1.000000000000000020e+30 1.000000000000000020e+30 1.000000000000000020e+30 2.607623500638603931e-01 2.512790715791651253e-01 2.377874358666982879e-01 2.059900637200726137e-01 1.703568801950359757e-01 1.261651810676158447e-01 7.777373581716827411e-02 1.000000000000000020e+30 1.000000000000000020e+30 1.000000000000000020e+30 1.000000000000000020e+30 1.000000000000000020e+30 1.000000000000000020e+30 1.000000000000000020e+30 1.000000000000000020e+30 1.000000000000000020e+30 1.000000000000000020e+30 1.000000000000000020e+30 1.000000000000000020e+30 1.000000000000000020e+30 1.000000000000000020e+30 1.000000000000000020e+30 1.000000000000000020e+30 1.000000000000000020e+30 1.000000000000000020e+30
1.000000000000000020e+30 1.000000000000000020e+30 1.000000000000000020e+30 6.342379776472040209e-01 5.284694904688432837e-01 7.108185361986997242e-01 8.305231846328030576e-01 8.933264503860840478e-01 1.000000000000000020e+30 1.000000000000000020e+30 1.000000000000000020e+30 1.000000000000000020e+30 1.000000000000000020e+30 1.000000000000000020e+30 1.000000000000000020e+30 1.000000000000000020e+30 1.000000000000000020e+30 1.000000000000000020e+30 1.000000000000000020e+30 1.000000000000000020e+30 1.000000000000000020e+30 1.000000000000000020e+30 1.000000000000000020e+30 1.000000000000000020e+30 1.000000000000000020e+30 1.000000000000000020e+30 1.000000000000000020e+30 1.000000000000000020e+30 1.000000000000000020e+30 1.000000000000000020e+30 1.000000000000000020e+30 1.000000000000000020e+30 1.000000000000000020e+30 2.320834206799181898e-01 2.106679361165260111e-01 1.859481883942288027e-01 1.561477644938561726e-01 1.129686949010991065e-01 7.058172313648984619e-02 1.000000000000000020e+30 1.000000000000000020e+30 1.000000000000000020e+30 1.000000000000000020e+30 1.000000000000000020e+30 1.000000000000000020e+30 1.000000000000000020e+30 1.000000000000000020e+30 1.000000000000000020e+30 1.000000000000000020e+30 1.000000000000000020e+30 1.000000000000000020e+30 1.000000000000000020e+30 1.000000000000000020e+30 1.000000000000000020e+30 1.000000000000000020e+30 1.000000000000000020e+30 1.000000000000000020e+30
1.000000000000000020e+30 1.000000000000000020e+30 1.000000000000000020e+30 1.000000000000000020e+30 6.097267310687694009e-01 7.129589573620435106e-01 7.717410709974232841e-01 1.000000000000000020e+30 1.000000000000000020e+30 1.000000000000000020e+30 1.000000000000000020e+30 1.000000000000000020e+30 1.000000000000000020e+30 1.000000000000000020e+30 1.000000000000000020e+30 1.000000000000000020e+30 1.000000000000000020e+30 1.000000000000000020e+30 1.000000000000000020e+30 1.000000000000000020e+30 1.000000000000000020e+30 1.000000000000000020e+30 1.000000000000000020e+30 1.000000000000000020e+30 1.000000000000000020e+30 1.000000000000000020e+30 1.000000000000000020e+30 1.000000000000000020e+30 1.000000000000000020e+30 1.000000000000000020e+30 1.000000000000000020e+30 1.000000000000000020e+30 1.000000000000000020e+30 1.000000000000000020e+30 1.855690513855242918e-01 1.651301336140080789e-01 1.443902781808876212e-01 8.919441330157140690e-02 6.193594978196979156e-02 1.000000000000000020e+30 1.000000000000000020e+30 1.000000000000000020e+30 1.000000000000000020e+30 1.000000000000000020e+30 1.000000000000000020e+30 1.000000000000000020e+30 1.000000000000000020e+30 1.000000000000000020e+30 1.000000000000000020e+30 1.000000000000000020e+30 1.000000000000000020e+30 1.000000000000000020e+30 1.000000000000000020e+30 1.000000000000000020e+30 1.000000000000000020e+30 1.000000000000000020e+30 1.000000000000000020e+30
1.000000000000000020e+30 1.000000000000000020e+30 1.000000000000000020e+30 1.000000000000000020e+30 6.097267310687694009e-01 1.000000000000000020e+30 1.000000000000000020e+30 1.000000000000000020e+30 1.000000000000000020e+30 1.000000000000000020e+30 1.000000000000000020e+30 1.000000000000000020e+30 1.000000000000000020e+30 1.000000000000000020e+30 1.000000000000000020e+30 1.000000000000000020e+30 1.000000000000000020e+30 1.000000000000000020e+30 1.000000000000000020e+30 1.000000000000000020e+30 1.000000000000000020e+30 1.000000000000000020e+30 1.000000000000000020e+30 1.000000000000000020e+30 1.000000000000000020e+30 1.000000000000000020e+30 1.000000000000000020e+30 1.000000000000000020e+30 1.000000000000000020e+30 1.000000000000000020e+30 1.000000000000000020e+30 1.000000000000000020e+30 1.000000000000000020e+30 1.000000000000000020e+30 1.000000000000000020e+30 1.622102514952412922e-01 1.597923017409100532e-01 1.000000000000000020e+30 1.000000000000000020e+30 1.000000000000000020e+30 1.000000000000000020e+30 1.000000000000000020e+30 1.000000000000000020e+30 1.000000000000000020e+30 1.000000000000000020e+30 1.000000000000000020e+30 1.000000000000000020e+30 1.000000000000000020e+30 1.000000000000000020e+30 1.000000000000000020e+30 1.000000000000000020e+30 1.000000000000000020e+30 1.000000000000000020e+30 1.000000000000000020e+30 1.000000000000000020e+30 1.000000000000000020e+30 1.000000000000000020e+30
