1.000000000000000020e+30 1.000000000000000020e+30 1.000000000000000020e+30 1.000000000000000020e+30 1.000000000000000020e+30 1.000000000000000020e+30 1.000000000000000020e+30 1.000000000000000020e+30 1.000000000000000020e+30 1.000000000000000020e+30 1.000000000000000020e+30 1.000000000000000020e+30 1.000000000000000020e+30 1.000000000000000020e+30 1.000000000000000020e+30 1.000000000000000020e+30 1.000000000000000020e+30 1.000000000000000020e+30 1.000000000000000020e+30 1.000000000000000020e+30 1.000000000000000020e+30 1.000000000000000020e+30 1.000000000000000020e+30 1.000000000000000020e+30 1.000000000000000020e+30 1.000000000000000020e+30 1.000000000000000020e+30 1.000000000000000020e+30 1.000000000000000020e+30 1.000000000000000020e+30 1.000000000000000020e+30 1.000000000000000020e+30 1.000000000000000020e+30 1.000000000000000020e+30 1.000000000000000020e+30 1.000000000000000020e+30 1.000000000000000020e+30 1.000000000000000020e+30 1.000000000000000020e+30 1.000000000000000020e+30 1.000000000000000020e+30 1.000000000000000020e+30 1.000000000000000020e+30 1.000000000000000020e+30 1.000000000000000020e+30 1.000000000000000020e+30 1.000000000000000020e+30 1.000000000000000020e+30 1.000000000000000020e+30 1.000000000000000020e+30 1.000000000000000020e+30 1.000000000000000020e+30 1.000000000000000020e+30 1.000000000000000020e+30 1.000000000000000020e+30 1.000000000000000020e+30 1.000000000000000020e+30
1.000000000000000020e+30 1.000000000000000020e+30 1.000000000000000020e+30 1.000000000000000020e+30 1.000000000000000020e+30 1.000000000000000020e+30 1.000000000000000020e+30 1.000000000000000020e+30 1.000000000000000020e+30 1.000000000000000020e+30 1.000000000000000020e+30 1.000000000000000020e+30 1.000000000000000020e+30 1.000000000000000020e+30 1.000000000000000020e+30 1.000000000000000020e+30 1.000000000000000020e+30 1.000000000000000020e+30 1.000000000000000020e+30 1.000000000000000020e+30 1.000000000000000020e+30 1.000000000000000020e+30 1.000000000000000020e+30 1.000000000000000020e+30 1.000000000000000020e+30 1.000000000000000020e+30 1.000000000000000020e+30 1.741911047313660921e-01 1.739056381122121853e-01 1.734796077124071412e-01 1.729637407011375694e-01 1.723797114426864063e-01 1.717389503299963094e-01 1.710489977878131007e-01 1.703158557272530238e-01 1.695450252959932458e-01 1.687422734741444996e-01 1.679143622182945328e-01 1.670701296213520370e-01 1.662227033850517399e-01 1.653950374133281720e-01 1.646355068929584997e-01 1.640679096160644612e-01 1.000000000000000020e+30 1.000000000000000020e+30 1.000000000000000020e+30 1.000000000000000020e+30 1.000000000000000020e+30 1.000000000000000020e+30 1.000000000000000020e+30 1.000000000000000020e+30 1.000000000000000020e+30 1.000000000000000020e+30 1.000000000000000020e+30 1.000000000000000020e+30 1.000000000000000020e+30 1.000000000000000020e+30
1.000000000000000020e+30 1.000000000000000020e+30 1.000000000000000020e+30 1.000000000000000020e+30 1.000000000000000020e+30 1.000000000000000020e+30 1.000000000000000020e+30 1.000000000000000020e+30 1.000000000000000020e+30 1.000000000000000020e+30 1.000000000000000020e+30 1.000000000000000020e+30 1.000000000000000020e+30 1.000000000000000020e+30 1.000000000000000020e+30 1.000000000000000020e+30 1.000000000000000020e+30 1.000000000000000020e+30 1.000000000000000020e+30 1.000000000000000020e+30 1.000000000000000020e+30 1.000000000000000020e+30 1.000000000000000020e+30 1.000000000000000020e+30 1.754837135143968718e-01 1.752400348846440969e-01 1.748631387273492377e-01 1.743789414005524063e-01 1.739485677869740954e-01 1.734718038777265103e-01 1.729343159131333796e-01 1.723388666815624526e-01 1.716906283297150171e-01 1.709947668813489030e-01 1.702561361385346583e-01 1.694795174876332911e-01 1.686699650281759388e-01 1.678331604929402809e-01 1.669757262578954460e-01 1.661052526721248923e-01 1.652291033162441580e-01 1.643456625312910979e-01 1.634025061836230364e-01 1.620967217148451545e-01 1.609180236073817494e-01 1.598056499227741845e-01 1.587272288332700898e-01 1.587037024876135627e-01 1.000000000000000020e+30 1.000000000000000020e+30 1.000000000000000020e+30 1.000000000000000020e+30 1.000000000000000020e+30 1.000000000000000020e+30 1.000000000000000020e+30 1.000000000000000020e+30 1.000000000000000020e+30
1.000000000000000020e+30 1.000000000000000020e+30 1.000000000000000020e+30 1.000000000000000020e+30 1.000000000000000020e+30 1.000000000000000020e+30 1.000000000000000020e+30 1.000000000000000020e+30 1.000000000000000020e+30 1.000000000000000020e+30 1.000000000000000020e+30 1.000000000000000020e+30 1.000000000000000020e+30 1.000000000000000020e+30 1.000000000000000020e+30 1.000000000000000020e+30 1.000000000000000020e+30 1.000000000000000020e+30 1.000000000000000020e+30 1.000000000000000020e+30 1.000000000000000020e+30 1.764915814582798947e-01 1.763075884717889841e-01 1.760148965798751797e-01 1.756297804108968574e-01 1.752756355929673548e-01 1.748728155383623972e-01 1.744159740503263833e-01 1.739409235082742811e-01 1.734276648703006185e-01 1.728659505229322157e-01 1.722538137441031458e-01 1.715928937407803223e-01 1.708861609841439699e-01 1.701370868113230572e-01 1.693494066052482760e-01 1.685271229769522150e-01 1.676745095826266685e-01 1.667958955841057633e-01 1.658948789672708979e-01 1.649718890418519490e-01 1.640178249976356750e-01 1.630019788936086234e-01 1.618717835980510167e-01 1.607537665109963765e-01 1.596736943466294245e-01 1.586324559057510908e-01 1.585821788381575614e-01 1.584669753848647611e-01 1.000000000000000020e+30 1.000000000000000020e+30 1.000000000000000020e+30 1.000000000000000020e+30 1.000000000000000020e+30 1.000000000000000020e+30 1.000000000000000020e+30 1.000000000000000020e+30
1.000000000000000020e+30 1.000000000000000020e+30 1.000000000000000020e+30 1.000000000000000020e+30 1.000000000000000020e+30 1.000000000000000020e+30 1.000000000000000020e+30 1.000000000000000020e+30 1.000000000000000020e+30 1.000000000000000020e+30 1.000000000000000020e+30 1.000000000000000020e+30 1.000000000000000020e+30 1.000000000000000020e+30 1.000000000000000020e+30 1.000000000000000020e+30 1.000000000000000020e+30 1.000000000000000020e+30 1.771459325120062767e-01 1.770326702823883103e-01 1.768407486558370711e-01 1.765779895717285997e-01 1.763186952899583881e-01 1.760097184809394921e-01 1.756485533431715595e-01 1.752635185574508425e-01 1.748402217870851372e-01 1.743750982975794672e-01 1.738752089581827309e-01 1.733356363630653429e-01 1.727515351829119750e-01 1.721209733232843819e-01 1.714442721727544305e-01 1.707230524239599090e-01 1.699596300990609543e-01 1.691567117664637410e-01 1.683172537849524364e-01 1.674443236921341893e-01 1.665407816144719166e-01 1.656086716030288897e-01 1.646477569420151665e-01 1.636535863198762264e-01 1.626171338603046579e-01 1.615356441951189270e-01 1.604522865101606910e-01 1.594036800164413403e-01 1.585065332721999065e-01 1.584278431872256643e-01 1.582537561692403671e-01 1.580172165418118890e-01 1.000000000000000020e+30 1.000000000000000020e+30 1.000000000000000020e+30 1.000000000000000020e+30 1.000000000000000020e+30 1.000000000000000020e+30 1.000000000000000020e+30
1.000000000000000020e+30 1.000000000000000020e+30 1.000000000000000020e+30 1.000000000000000020e+30 1.000000000000000020e+30 1.000000000000000020e+30 1.000000000000000020e+30 1.000000000000000020e+30 1.000000000000000020e+30 1.000000000000000020e+30 1.000000000000000020e+30 1.000000000000000020e+30 1.000000000000000020e+30 1.000000000000000020e+30 1.000000000000000020e+30 1.000000000000000020e+30 1.773413230140531427e-01 1.772779825078268923e-01 1.771616425358907565e-01 1.770137705641258163e-01 1.768140153533706016e-01 1.765645161369662208e-01 1.762832521816494191e-01 1.759607586809764646e-01 1.755954984340831748e-01 1.751939287609651508e-01 1.747535608711843769e-01 1.742729330211422178e-01 1.737529187635815653e-01 1.731916918810726957e-01 1.725869762771643778e-01 1.719375177265054233e-01 1.712432667716242973e-01 1.705050911718012652e-01 1.697244576667141236e-01 1.689032054259133608e-01 1.680434035596221620e-01 1.671472237899042090e-01 1.662167565013692172e-01 1.652537435967698920e-01 1.642592721638929110e-01 1.632338958487782044e-01 1.621793890577656883e-01 1.611031600948621412e-01 1.600174665560749609e-01 1.588834613065648327e-01 1.585200563864924972e-01 1.582712682880627331e-01 1.580054605881550667e-01 1.576826296581930187e-01 1.572458342848503943e-01 1.569800619043573431e-01 1.000000000000000020e+30 1.000000000000000020e+30 1.000000000000000020e+30 1.000000000000000020e+30 1.000000000000000020e+30
1.000000000000000020e+30 1.000000000000000020e+30 1.000000000000000020e+30 1.000000000000000020e+30 1.000000000000000020e+30 1.000000000000000020e+30 1.000000000000000020e+30 1.000000000000000020e+30 1.000000000000000020e+30 1.000000000000000020e+30 1.000000000000000020e+30 1.000000000000000020e+30 1.000000000000000020e+30 1.000000000000000020e+30 1.000000000000000020e+30 1.773329778427232273e-01 1.773071272548922273e-01 1.772334392620665278e-01 1.771127526366186034e-01 1.769494802718518944e-01 1.767404642348054666e-01 1.764868409803145854e-01 1.761934235533481885e-01 1.758589389925890312e-01 1.754830425659494875e-01 1.750672283937322327e-01 1.746110414881383299e-01 1.741138381903251653e-01 1.735753335986611745e-01 1.729945525511422943e-01 1.723703209251742086e-01 1.717018731696012546e-01 1.709890679048993445e-01 1.702323319873852159e-01 1.694325143451478333e-01 1.685907500104181223e-01 1.677083662740163628e-01 1.667868236891506539e-01 1.658276891481206550e-01 1.648326995917182569e-01 1.638040986252298492e-01 1.627457105061534126e-01 1.616656840853578359e-01 1.605823632874407991e-01 1.595330392005459008e-01 1.585536940314585808e-01 1.583207046942342600e-01 1.580333839269023877e-01 1.577166646165721886e-01 1.573647358678118002e-01 1.569771661902860660e-01 1.566161769661988112e-01 1.562315611094813317e-01 1.000000000000000020e+30 1.000000000000000020e+30 1.000000000000000020e+30 1.000000000000000020e+30
1.000000000000000020e+30 1.000000000000000020e+30 1.000000000000000020e+30 1.000000000000000020e+30 1.000000000000000020e+30 1.000000000000000020e+30 1.000000000000000020e+30 1.000000000000000020e+30 1.000000000000000020e+30 1.000000000000000020e+30 1.000000000000000020e+30 1.000000000000000020e+30 1.000000000000000020e+30 1.000000000000000020e+30 1.772509183716855508e-01 1.772612960034416485e-01 1.772238236679027912e-01 1.771396751769603040e-01 1.770092006364220594e-01 1.768345069161377237e-01 1.766156313452917070e-01 1.763532834967197482e-01 1.760489528494846023e-01 1.757026957275176771e-01 1.753145057572126353e-01 1.748847125772692579e-01 1.744131576797977035e-01 1.738994796146847155e-01 1.733432856462054916e-01 1.727439637776173875e-01 1.721008358941558125e-01 1.714134056343460111e-01 1.706814887401491287e-01 1.699052132400761528e-01 1.690849521854670134e-01 1.682212480278205136e-01 1.673147636853792586e-01 1.663662790345842302e-01 1.653767613110693757e-01 1.643475855333784708e-01 1.632810610431483789e-01 1.621815303431619060e-01 1.610576518102596610e-01 1.599299940978982371e-01 1.588810646372638136e-01 1.584369868621775257e-01 1.580779807608991838e-01 1.577268874666103993e-01 1.573648932833961733e-01 1.569842087606885817e-01 1.565846227791817535e-01 1.561788689410896491e-01 1.557487881714715861e-01 1.552884683060553050e-01 1.000000000000000020e+30 1.000000000000000020e+30 1.000000000000000020e+30
1.000000000000000020e+30 1.000000000000000020e+30 1.000000000000000020e+30 1.000000000000000020e+30 1.000000000000000020e+30 1.000000000000000020e+30 1.000000000000000020e+30 1.000000000000000020e+30 1.000000000000000020e+30 1.000000000000000020e+30 1.000000000000000020e+30 1.000000000000000020e+30 1.000000000000000020e+30 1.770970069169974515e-01 1.771430108525949565e-01 1.771406681762863478e-01 1.770911292896583111e-01 1.769948623136429477e-01 1.768533163765379501e-01 1.766677062140112608e-01 1.764384395684831242e-01 1.761658791150250980e-01 1.758504745406594127e-01 1.754922951460427816e-01 1.750913092394304760e-01 1.746475198872358692e-01 1.741607882279418429e-01 1.736308670736252668e-01 1.730574442734150731e-01 1.724401181965997953e-01 1.717784580532228378e-01 1.710721025918600369e-01 1.703208191329398935e-01 1.695245018539060511e-01 1.686831299445090970e-01 1.677967178188891073e-01 1.668652850607789395e-01 1.658888689959432949e-01 1.648676116434071304e-01 1.638019851785459391e-01 1.626932523969277788e-01 1.615439978281426325e-01 1.603557946028788539e-01 1.591013968276137336e-01 1.585860504700450091e-01 1.581379073991091566e-01 1.577300331559674806e-01 1.573338547288993250e-01 1.569340745891343591e-01 1.565246601312018371e-01 1.561001074877161332e-01 1.556687781396935977e-01 1.551994548764845661e-01 1.547299384484849827e-01 1.540514748873329509e-01 1.000000000000000020e+30 1.000000000000000020e+30
1.000000000000000020e+30 1.000000000000000020e+30 1.000000000000000020e+30 1.000000000000000020e+30 1.000000000000000020e+30 1.000000000000000020e+30 1.000000000000000020e+30 1.000000000000000020e+30 1.000000000000000020e+30 1.000000000000000020e+30 1.000000000000000020e+30 1.000000000000000020e+30 1.768706278529239562e-01 1.769534734673127996e-01 1.769865949712873254e-01 1.769710215021645661e-01 1.769077126606279637e-01 1.767986610223645505e-01 1.766453643055126421e-01 1.764486130053025681e-01 1.762085982969380238e-01 1.759252871729227730e-01 1.755985989699808680e-01 1.752283679656950199e-01 1.748144215834783743e-01 1.743566219000980688e-01 1.738548187043499893e-01 1.733088347384922900e-01 1.727184604387838884e-01 1.720834416672403500e-01 1.714034933250730974e-01 1.706783261191213985e-01 1.699076563941278872e-01 1.690911854236783474e-01 1.682285548050100332e-01 1.673192952724903704e-01 1.663627875863321615e-01 1.653582514640503653e-01 1.643047803602803170e-01 1.632014787124236033e-01 1.620480278572061228e-01 1.608475883171887055e-01 1.596224603305762824e-01 1.584969285380866399e-01 1.581265359982037544e-01 1.577013869131901613e-01 1.572733119425988313e-01 1.568473202249381915e-01 1.564156506656181056e-01 1.559826860197521536e-01 1.555245678321861558e-01 1.550985621385752855e-01 1.545532741688387113e-01 1.542835315303870691e-01 1.543017497654655679e-01 1.000000000000000020e+30 1.000000000000000020e+30
1.000000000000000020e+30 1.000000000000000020e+30 1.000000000000000020e+30 1.000000000000000020e+30 1.000000000000000020e+30 1.000000000000000020e+30 1.000000000000000020e+30 1.000000000000000020e+30 1.000000000000000020e+30 1.000000000000000020e+30 1.000000000000000020e+30 1.765640646894262589e-01 1.766902499169225316e-01 1.767627431198116883e-01 1.767825447194512067e-01 1.767516195478951724e-01 1.766733207131295780e-01 1.765505057498968633e-01 1.763848385622411030e-01 1.761767550665134796e-01 1.759259364609367937e-01 1.756318212675160861e-01 1.752938641928891150e-01 1.749116045922809448e-01 1.744846977950561262e-01 1.740129151976428090e-01 1.734961085446390106e-01 1.729341715295260595e-01 1.723270042417687775e-01 1.716744814366111260e-01 1.709764322500500200e-01 1.702326249039338157e-01 1.694427418930960216e-01 1.686063362667548082e-01 1.677227698197467087e-01 1.667911422097391461e-01 1.658102231997426179e-01 1.647783944438958592e-01 1.636935720255061621e-01 1.625529311122456966e-01 1.613516735965246918e-01 1.600778794160620799e-01 1.586917308536301419e-01 1.580964077972727144e-01 1.576244953666530724e-01 1.571707396054534134e-01 1.567175238118425906e-01 1.562695476981737497e-01 1.558015484470472722e-01 1.553687079734470122e-01 1.548193514976360652e-01 1.545496738963887950e-01 1.545634597466261639e-01 1.544806231212999259e-01 1.544721516351423296e-01 1.545287678270238774e-01 1.000000000000000020e+30
1.000000000000000020e+30 1.000000000000000020e+30 1.000000000000000020e+30 1.000000000000000020e+30 1.000000000000000020e+30 1.000000000000000020e+30 1.000000000000000020e+30 1.000000000000000020e+30 1.000000000000000020e+30 1.000000000000000020e+30 1.761479448979852980e-01 1.763403405607792684e-01 1.764666153825343586e-01 1.765283389137045633e-01 1.765317623134257941e-01 1.764828850101254620e-01 1.763872461753296650e-01 1.762491562863585659e-01 1.760706629646573429e-01 1.758514611752643730e-01 1.755902567002456394e-01 1.752857305096860441e-01 1.749368211484585711e-01 1.745427502781347340e-01 1.741030039850521849e-01 1.736172973500973438e-01 1.730855179088857942e-01 1.725076593353112586e-01 1.718837559708559226e-01 1.712138250073143020e-01 1.704978190963602480e-01 1.697355836695169651e-01 1.689268078200797107e-01 1.680709588272337740e-01 1.671671962495759334e-01 1.662142693842528773e-01 1.652104117819713780e-01 1.641532605391820276e-01 1.630398428398593669e-01 1.618666481003554758e-01 1.606295578016159187e-01 1.593223554928259733e-01 1.579301573816413173e-01 1.574748135649873815e-01 1.570069708705536804e-01 1.565425209064079948e-01 1.560596547500901488e-01 1.556150194725771929e-01 1.550554683197812589e-01 1.547743121766143592e-01 1.547693268237306519e-01 1.546501946927049120e-01 1.545723528393130042e-01 1.545063622267839332e-01 1.544808031578370211e-01 1.544871068548296367e-01 1.000000000000000020e+30
1.000000000000000020e+30 1.000000000000000020e+30 1.000000000000000020e+30 1.000000000000000020e+30 1.000000000000000020e+30 1.000000000000000020e+30 1.000000000000000020e+30 1.000000000000000020e+30 1.000000000000000020e+30 1.754572523050568211e-01 1.758579989860226955e-01 1.760858058536796666e-01 1.762112229089468352e-01 1.762548682266340538e-01 1.762366409618467133e-01 1.761647684481979503e-01 1.760476186604610638e-01 1.758921663621307030e-01 1.757010216495770993e-01 1.754718279908653589e-01 1.752013870382798932e-01 1.748873592144796207e-01 1.745281491269567165e-01 1.741226805242084563e-01 1.736703031637499006e-01 1.731707274789932027e-01 1.726239364265447496e-01 1.720300812489443387e-01 1.713893801304931797e-01 1.707020322866611706e-01 1.699681496270334657e-01 1.691876982618683578e-01 1.683604360239337461e-01 1.674858310962180630e-01 1.665629499107673939e-01 1.655903094263284359e-01 1.645657041404753329e-01 1.634860573189553801e-01 1.623474514679995595e-01 1.611457761007278611e-01 1.598790972769799923e-01 1.585534860980926108e-01 1.571864700202844078e-01 1.567679326563624909e-01 1.562886533917133003e-01 1.558356696779540085e-01 1.552667597741730909e-01 1.549787309389722700e-01 1.549680021669482544e-01 1.548388292073201999e-01 1.547365492576780188e-01 1.546121169515499993e-01 1.544716408479160641e-01 1.543933200389719651e-01 1.543605670749865211e-01 1.543536522205933847e-01 1.000000000000000020e+30
1.000000000000000020e+30 1.000000000000000020e+30 1.000000000000000020e+30 1.000000000000000020e+30 1.000000000000000020e+30 1.000000000000000020e+30 1.000000000000000020e+30 1.000000000000000020e+30 1.767168416910753215e-01 1.761286481731375864e-01 1.756441255022743730e-01 1.758374964378814631e-01 1.759403650642265837e-01 1.759467337006822285e-01 1.758991091203102042e-01 1.757960087544551409e-01 1.756503249995246818e-01 1.754747494260046892e-01 1.752731123606915409e-01 1.750369250341973215e-01 1.747594112544447742e-01 1.744373363018109080e-01 1.740687964951574129e-01 1.736525064669500185e-01 1.731877387707989324e-01 1.726742802878203364e-01 1.721123058811572515e-01 1.715022173759012392e-01 1.708444941780122017e-01 1.701395776153702410e-01 1.693877898113908265e-01 1.685892737933409602e-01 1.677439337162668909e-01 1.668513511585767439e-01 1.659106532632744768e-01 1.649203096750965769e-01 1.638778409184703244e-01 1.627794440846921098e-01 1.616196277478596788e-01 1.603913304608421131e-01 1.590889932139805951e-01 1.577275433564978568e-01 1.564439492723404823e-01 1.560238931166192389e-01 1.554465681924683262e-01 1.551476896087297663e-01 1.551313517134743081e-01 1.550017798544914283e-01 1.549024900268329008e-01 1.547799303598109411e-01 1.546292988006791602e-01 1.544931062075274586e-01 1.542114960063211693e-01 1.541368427634734195e-01 1.541176346630442340e-01 1.541152383686577310e-01 1.000000000000000020e+30
1.000000000000000020e+30 1.000000000000000020e+30 1.000000000000000020e+30 1.000000000000000020e+30 1.000000000000000020e+30 1.000000000000000020e+30 1.000000000000000020e+30 1.777363180362761808e-01 1.772075130689797495e-01 1.765996280974096999e-01 1.758273490918262350e-01 1.755825818215215606e-01 1.756695922140857902e-01 1.755966284217130857e-01 1.755212257495150918e-01 1.753739663089032563e-01 1.751869030010078376e-01 1.749871553735171392e-01 1.747832818595854154e-01 1.745466666039966197e-01 1.742651455031404839e-01 1.739368027202289890e-01 1.735601343246576111e-01 1.731336984043465310e-01 1.726567257015347578e-01 1.721291979725884103e-01 1.715516352499196484e-01 1.709248314112546963e-01 1.702496346003864458e-01 1.695268011863611812e-01 1.687569154851279729e-01 1.679403502823965944e-01 1.670772351258771604e-01 1.661673963449161739e-01 1.652102300787709754e-01 1.642044615710766819e-01 1.631477277308246709e-01 1.620358832725047327e-01 1.608617642412840665e-01 1.596123061305690649e-01 1.582593623673617944e-01 1.567251869819809296e-01 1.557825066209057030e-01 1.553391584091582123e-01 1.552648468089894429e-01 1.551144702917173768e-01 1.550125687190808121e-01 1.548982106442737816e-01 1.547640276627456624e-01 1.546528593917124439e-01 1.544113112900596108e-01 1.544229525430993732e-01 1.546756831398787557e-01 1.547551636628518301e-01 1.547887107226524339e-01 1.548038365689431428e-01 1.000000000000000020e+30
1.000000000000000020e+30 1.000000000000000020e+30 1.000000000000000020e+30 1.000000000000000020e+30 1.000000000000000020e+30 1.000000000000000020e+30 1.786021651065872184e-01 1.781676409366166891e-01 1.776806658988849541e-01 1.771392489389946590e-01 1.765581891525924152e-01 1.760701368443037262e-01 1.754629225781713653e-01 1.751532101201931368e-01 1.751194270956041021e-01 1.748958204121237314e-01 1.746400389270780507e-01 1.744073066992609944e-01 1.742295682102079635e-01 1.740044840162452977e-01 1.737207164324216235e-01 1.733875028672663965e-01 1.730040808275385422e-01 1.725682316822801377e-01 1.720790573715034188e-01 1.715369397400701990e-01 1.709430016685231646e-01 1.702986419605416746e-01 1.696052163437672122e-01 1.688638687017059714e-01 1.680754768325240789e-01 1.672406671990128990e-01 1.663598488600083469e-01 1.654332179683463133e-01 1.644606842081046405e-01 1.634416560351771019e-01 1.623745961441089847e-01 1.612562724570661687e-01 1.600807514017899558e-01 1.588381685688780853e-01 1.575123292414961629e-01 1.560776040354537320e-01 1.555619448868214849e-01 1.552230404751197557e-01 1.550617730291042606e-01 1.549359143704223118e-01 1.548098739420108449e-01 1.547184380443195340e-01 1.545066991966342063e-01 1.545603371288502004e-01 1.548735623173192744e-01 1.550451333322408198e-01 1.552169102409341472e-01 1.553226670548649990e-01 1.553818997574457350e-01 1.554095885952012368e-01 1.000000000000000020e+30
1.000000000000000020e+30 1.000000000000000020e+30 1.000000000000000020e+30 1.000000000000000020e+30 1.000000000000000020e+30 1.792582481973607200e-01 1.789392403998578684e-01 1.785549037564375940e-01 1.781126320966395227e-01 1.776213222436985595e-01 1.770997318918728913e-01 1.765810779617021098e-01 1.760328341013095432e-01 1.755058425180514303e-01 1.748116416062447109e-01 1.743538399500844382e-01 1.739738596523668912e-01 1.736759306198713271e-01 1.736264284724108597e-01 1.734240233895799066e-01 1.731286345369238422e-01 1.727912217815814333e-01 1.724032098020913950e-01 1.719588168578002618e-01 1.714570489723586666e-01 1.708992212104037678e-01 1.702875195451945267e-01 1.696242618595736329e-01 1.689114743488511206e-01 1.681507353957100437e-01 1.673431930132417145e-01 1.664896845206482456e-01 1.655908865104877281e-01 1.646474347597885191e-01 1.636599692414239526e-01 1.626290347741958242e-01 1.615546835448836982e-01 1.604356227823214021e-01 1.592684008699561393e-01 1.580487757954490147e-01 1.567756338067156641e-01 1.554529974522267100e-01 1.550664086994155699e-01 1.548314894451725265e-01 1.547260592169600601e-01 1.546609276644179409e-01 1.544765299395657598e-01 1.545633460897353761e-01 1.549186466444670007e-01 1.551433130423469919e-01 1.553820644029895170e-01 1.555716602977482155e-01 1.557285958488011657e-01 1.558405582209815010e-01 1.559106873412357819e-01 1.559451207280826146e-01 1.000000000000000020e+30
1.000000000000000020e+30 1.000000000000000020e+30 1.000000000000000020e+30 1.000000000000000020e+30 1.000000000000000020e+30 1.794798320454293050e-01 1.792451444194086141e-01 1.789044730811068518e-01 1.784961919308140077e-01 1.780370501199625977e-01 1.775424412309678512e-01 1.770260282454539924e-01 1.764859012381800318e-01 1.759299864272621805e-01 1.753369796473814302e-01 1.748002551215708522e-01 1.742890297638300390e-01 1.737572725272050755e-01 1.730792798492176987e-01 1.728394668368433418e-01 1.724813775968263574e-01 1.721482627439989144e-01 1.717613939870280271e-01 1.713094235994591652e-01 1.707937347613557866e-01 1.702180108756664589e-01 1.695862378771483270e-01 1.689020737971026476e-01 1.681683669948816628e-01 1.673871061392295245e-01 1.665595806740929330e-01 1.656866784371051338e-01 1.647692141133067500e-01 1.638082120389844909e-01 1.628051415321661588e-01 1.617620878765239634e-01 1.606815585144641678e-01 1.595650331690257329e-01 1.584101968260133719e-01 1.572145359007663945e-01 1.559900386871605760e-01 1.548303887674061796e-01 1.543211718453607328e-01 1.542128720742425851e-01 1.542530754286282335e-01 1.544089143348204574e-01 1.548061564544324920e-01 1.550750307626317104e-01 1.553663779407067624e-01 1.556175006579783304e-01 1.558450400282646309e-01 1.560360623012913839e-01 1.561903491918807119e-01 1.563047521066150414e-01 1.563795710526127147e-01 1.564172410162722182e-01 1.000000000000000020e+30
1.000000000000000020e+30 1.000000000000000020e+30 1.000000000000000020e+30 1.000000000000000020e+30 1.801161176558288279e-01 1.798390932251173191e-01 1.795604206360360000e-01 1.792258928122871797e-01 1.788336638171358350e-01 1.783922541603416845e-01 1.779113984258082481e-01 1.773992023416404440e-01 1.768591730350576319e-01 1.762954814136268034e-01 1.757100587911416822e-01 1.751249104275517110e-01 1.745281792587804748e-01 1.738880333747354068e-01 1.731507774665328458e-01 1.722760005995795929e-01 1.717118531402604120e-01 1.714616937523311124e-01 1.710872687951965898e-01 1.706263060731668946e-01 1.700929940364408199e-01 1.694953823508768276e-01 1.688398885710381825e-01 1.681319925310127694e-01 1.673754120147323554e-01 1.665723788914021675e-01 1.657240161814802770e-01 1.648309213294652520e-01 1.638937521968219235e-01 1.629136776054856128e-01 1.618928223547697609e-01 1.608350103122107577e-01 1.597466658602116063e-01 1.586348270616234069e-01 1.574947432586061569e-01 1.563109561006558734e-01 1.550413964648160448e-01 1.544914490570310772e-01 1.541060097068913948e-01 1.543765010410600158e-01 1.545961156971260297e-01 1.548489274588517595e-01 1.551689006563511664e-01 1.554695629210365027e-01 1.557600412275748913e-01 1.560211582194824531e-01 1.562503760659339491e-01 1.564429839849222625e-01 1.565976297242511750e-01 1.567134354144438801e-01 1.567902391152954655e-01 1.568292339221427079e-01 1.000000000000000020e+30
1.000000000000000020e+30 1.000000000000000020e+30 1.000000000000000020e+30 1.000000000000000020e+30 1.802957475808137922e-01 1.801038950237339453e-01 1.798359964446567538e-01 1.795077658504435902e-01 1.791239134906048303e-01 1.786911912025078708e-01 1.782162581075027452e-01 1.777047316589859538e-01 1.771604925362901817e-01 1.765868833858043885e-01 1.759867672297222019e-01 1.753647506106440213e-01 1.747140559519943792e-01 1.740189684839768824e-01 1.732626617869982288e-01 1.724531236711952520e-01 1.716756945840334503e-01 1.708019340150059295e-01 1.704021745256392162e-01 1.699179922524813868e-01 1.693589809419715209e-01 1.687330527967700888e-01 1.680483673144441137e-01 1.673130530807370731e-01 1.665314197948487840e-01 1.657055585479011162e-01 1.648358304099141747e-01 1.639219409988601217e-01 1.629639254210824562e-01 1.619626401559775553e-01 1.609201167628519225e-01 1.598410181064589541e-01 1.587376822968463996e-01 1.576351263480206544e-01 1.565251077077716435e-01 1.553951560569644397e-01 1.543087259857926496e-01 1.538900906830530102e-01 1.541646643310840836e-01 1.544938775593369951e-01 1.548094955262305783e-01 1.551260817145292126e-01 1.554560141182192712e-01 1.557799573670326510e-01 1.560891549459546834e-01 1.563629873622387756e-01 1.565985215894800386e-01 1.567939498813750721e-01 1.569496294320155416e-01 1.570661354856305314e-01 1.571433711513967602e-01 1.571824398456425631e-01 1.000000000000000020e+30
1.000000000000000020e+30 1.000000000000000020e+30 1.000000000000000020e+30 1.807826247980267309e-01 1.805702522373629215e-01 1.803481699987511677e-01 1.800762124058445657e-01 1.797483999857057424e-01 1.793671357735397154e-01 1.789368848629397657e-01 1.784623092362633834e-01 1.779474527522660332e-01 1.773954833325463165e-01 1.768088431648518755e-01 1.761891276650377203e-01 1.755367124975191484e-01 1.748474918847148230e-01 1.741140628804707935e-01 1.733305435846149711e-01 1.725007718004984980e-01 1.716384001200801646e-01 1.707092978234483749e-01 1.697038905622323957e-01 1.691868467678692978e-01 1.685941898081149970e-01 1.679317725434385511e-01 1.672097809776188770e-01 1.664427855484299779e-01 1.656340868569899094e-01 1.647851385312666672e-01 1.638944498476626599e-01 1.629598300195146399e-01 1.619801799679976562e-01 1.609556748918174462e-01 1.598867885429881563e-01 1.587739783850495578e-01 1.576305008461193202e-01 1.565453085912587861e-01 1.554776616558490310e-01 1.543379591737556733e-01 1.538390527130282515e-01 1.535236114725581913e-01 1.540711122494445307e-01 1.545277588604160313e-01 1.549254709311888578e-01 1.552942092143792807e-01 1.556541783293525771e-01 1.560107869240891232e-01 1.563597416073121693e-01 1.566493861040891833e-01 1.568929037700392826e-01 1.570905642393223833e-01 1.572464052671692369e-01 1.573627391372150464e-01 1.574390285968996772e-01 1.574768993223719660e-01 1.000000000000000020e+30
1.000000000000000020e+30 1.000000000000000020e+30 1.000000000000000020e+30 1.808976256719149189e-01 1.807583746789194201e-01 1.805467780421109170e-01 1.802750509801635814e-01 1.799460690215656800e-01 1.795636478724841056e-01 1.791315313935184506e-01 1.786532210511108387e-01 1.781316966958468584e-01 1.775693310639218647e-01 1.769677753819760002e-01 1.763277643915599491e-01 1.756487495059333159e-01 1.749281459401428873e-01 1.741620560404069373e-01 1.733473365825317913e-01 1.724835635232881415e-01 1.715702840490000436e-01 1.705953247635541570e-01 1.695508743323791423e-01 1.684335300182151496e-01 1.678013355428731312e-01 1.670922323038849244e-01 1.663183910730376691e-01 1.655164835627765951e-01 1.646793776369334106e-01 1.638089761357588714e-01 1.628996724452130840e-01 1.619455625088265238e-01 1.609442057365859380e-01 1.598960528491037703e-01 1.588003238479810120e-01 1.576404531650600349e-01 1.563677249694804261e-01 1.553404376583071844e-01 1.544045531190670340e-01 1.535709812007111374e-01 1.530879090834866285e-01 1.532196897665722146e-01 1.539706342423142194e-01 1.545232042107995418e-01 1.549736536602265013e-01 1.553750361273210090e-01 1.557602808893349122e-01 1.561544514108829940e-01 1.565952452761980029e-01 1.568876533311351351e-01 1.571386415834899464e-01 1.573340455501772983e-01 1.574873158768210768e-01 1.576030337291210170e-01 1.576767951134780688e-01 1.577113220582549435e-01 1.000000000000000020e+30
1.000000000000000020e+30 1.000000000000000020e+30 1.000000000000000020e+30 1.810549209145996263e-01 1.809222933084337070e-01 1.807098644631554007e-01 1.804343268914586629e-01 1.801011259699265010e-01 1.797143187531267117e-01 1.792770294188948121e-01 1.787918910029896447e-01 1.782611170254962407e-01 1.776864255680697113e-01 1.770688901224174716e-01 1.764087941789144187e-01 1.757054620978293069e-01 1.749571324062229039e-01 1.741613477498813456e-01 1.733157241007116101e-01 1.724183026956615239e-01 1.714661989027792821e-01 1.704531043615450658e-01 1.693729234926184546e-01 1.682200431347686542e-01 1.669874412334547420e-01 1.662194789612505830e-01 1.653571624093223835e-01 1.645275761271040860e-01 1.636603118900752940e-01 1.627742519789560915e-01 1.618524354315774294e-01 1.608814519501269302e-01 1.598580606696672346e-01 1.587870871280662455e-01 1.576810397524996687e-01 1.565226909248467191e-01 1.558046421102477486e-01 1.549821710484218240e-01 1.541606118404547643e-01 1.533791761823897759e-01 1.526441710499033544e-01 1.000000000000000020e+30 1.000000000000000020e+30 1.000000000000000020e+30 1.000000000000000020e+30 1.000000000000000020e+30 1.000000000000000020e+30 1.000000000000000020e+30 1.568819377662852566e-01 1.570705142104256435e-01 1.573439739444759955e-01 1.575235487829280134e-01 1.576691430808911942e-01 1.577875629050789485e-01 1.578564331810091148e-01 1.578822138267844677e-01 1.000000000000000020e+30
1.000000000000000020e+30 1.000000000000000020e+30 1.814140756130524501e-01 1.812480294666385383e-01 1.810695008901194447e-01 1.808405245045264231e-01 1.805550698878109206e-01 1.802142348800692129e-01 1.798201948720693499e-01 1.793750606288348481e-01 1.788806923547707206e-01 1.783386951957590671e-01 1.777502761468727766e-01 1.771161122974038993e-01 1.764362561065701829e-01 1.757100729855637367e-01 1.749362524976114108e-01 1.741130020859828764e-01 1.732383241101368709e-01 1.723100521870270518e-01 1.713253496187075176e-01 1.702801283390170117e-01 1.691697418626172955e-01 1.679882688261341850e-01 1.667240955671513702e-01 1.653430320854971936e-01 1.642652263444148997e-01 1.634785078253156443e-01 1.625623992561296416e-01 1.616778753309991712e-01 1.607571919580811082e-01 1.597727734493483154e-01 1.587226435851842310e-01 1.576163596726590510e-01 1.565171252539097335e-01 1.559109651148211373e-01 1.552485169808324461e-01 1.545251222739737751e-01 1.537785108339255746e-01 1.530431497185933964e-01 1.523848514970101709e-01 1.000000000000000020e+30 1.000000000000000020e+30 1.000000000000000020e+30 1.000000000000000020e+30 1.000000000000000020e+30 1.000000000000000020e+30 1.000000000000000020e+30 1.000000000000000020e+30 1.000000000000000020e+30 1.575456374222328759e-01 1.576490059755676632e-01 1.577796618901243786e-01 1.579227218370272134e-01 1.579810716249207270e-01 1.579807267212172406e-01 1.000000000000000020e+30
1.000000000000000020e+30 1.000000000000000020e+30 1.814827692419218597e-01 1.813578050372718908e-01 1.811719763556879081e-01 1.809313607230945142e-01 1.806354690537437246e-01 1.802852633026383322e-01 1.798820023199047269e-01 1.794270077446342149e-01 1.789215673489495673e-01 1.783668284462355258e-01 1.777636296984949904e-01 1.771123908016638548e-01 1.764130493226637730e-01 1.756650379573931609e-01 1.748673141511448148e-01 1.740184599459602410e-01 1.731168019228392363e-01 1.721604415382036180e-01 1.711471533153241797e-01 1.700743709972403483e-01 1.689396192362274118e-01 1.677411000076738934e-01 1.664795100576063891e-01 1.651674986091633268e-01 1.638792852999465532e-01 1.624609917060790554e-01 1.613353028170939618e-01 1.605203330365681524e-01 1.596286227066578411e-01 1.586329473644055577e-01 1.575466161637564533e-01 1.563417781197069534e-01 1.558065946606827512e-01 1.552582163796875081e-01 1.546555412172304911e-01 1.539931982471828831e-01 1.532866167814172231e-01 1.525322133621435650e-01 1.000000000000000020e+30 1.000000000000000020e+30 1.000000000000000020e+30 1.000000000000000020e+30 1.000000000000000020e+30 1.000000000000000020e+30 1.000000000000000020e+30 1.000000000000000020e+30 1.000000000000000020e+30 1.000000000000000020e+30 1.000000000000000020e+30 1.000000000000000020e+30 1.000000000000000020e+30 1.580523886236948339e-01 1.580662363936703174e-01 1.000000000000000020e+30 1.000000000000000020e+30
1.000000000000000020e+30 1.816927646649761918e-01 1.815795687236702038e-01 1.814320761773912383e-01 1.812339819889770276e-01 1.809817327629150430e-01 1.806750317882929724e-01 1.803143675224402331e-01 1.799004399510318319e-01 1.794340557684233894e-01 1.789161119301649061e-01 1.783474338580254559e-01 1.777286233579839225e-01 1.770599568516202649e-01 1.763413328249982259e-01 1.755722553818877540e-01 1.747518553110105066e-01 1.738789512563481132e-01 1.729521344281197137e-01 1.719698483698939573e-01 1.709304756364326550e-01 1.698325366296964678e-01 1.686751495726194761e-01 1.674588387432435765e-01 1.661871733136229823e-01 1.648700439590905231e-01 1.635254266489368780e-01 1.621361437855461385e-01 1.607755261634521149e-01 1.593423097853005621e-01 1.585070745903394973e-01 1.574870191757959392e-01 1.563923838510220543e-01 1.553429870524651035e-01 1.550121531766583127e-01 1.545621925045577161e-01 1.540243761284152690e-01 1.534073988277241118e-01 1.527449676956799118e-01 1.521855133878305955e-01 1.000000000000000020e+30 1.000000000000000020e+30 1.000000000000000020e+30 1.000000000000000020e+30 1.000000000000000020e+30 1.000000000000000020e+30 1.000000000000000020e+30 1.000000000000000020e+30 1.000000000000000020e+30 1.000000000000000020e+30 1.000000000000000020e+30 1.000000000000000020e+30 1.000000000000000020e+30 1.000000000000000020e+30 1.000000000000000020e+30 1.000000000000000020e+30 1.000000000000000020e+30
1.000000000000000020e+30 1.817086169812421881e-01 1.816150225835297394e-01 1.814620561476283367e-01 1.812542335520737902e-01 1.809912741582293816e-01 1.806736974145184138e-01 1.803018855742797300e-01 1.798762389742839807e-01 1.793972805002234938e-01 1.788656728172430821e-01 1.782820560088441975e-01 1.776469181230823369e-01 1.769604964950737547e-01 1.762227184417033687e-01 1.754331693686913829e-01 1.745910941747365330e-01 1.736954423402754522e-01 1.727449587052360125e-01 1.717383140069373149e-01 1.706742835662232727e-01 1.695520127102572716e-01 1.683714156691401564e-01 1.671337186422984233e-01 1.658421078445481700e-01 1.645019700246141692e-01 1.631182876636638746e-01 1.616849201379412238e-01 1.601909309759842193e-01 1.585314736121962720e-01 1.574735080202298299e-01 1.563189830213923825e-01 1.550962114015213833e-01 1.545643533811964510e-01 1.542395657015941113e-01 1.538563175308107489e-01 1.533742791339407774e-01 1.527684251815195349e-01 1.520027140309508362e-01 1.000000000000000020e+30 1.000000000000000020e+30 1.000000000000000020e+30 1.000000000000000020e+30 1.000000000000000020e+30 1.000000000000000020e+30 1.000000000000000020e+30 1.000000000000000020e+30 1.000000000000000020e+30 1.000000000000000020e+30 1.000000000000000020e+30 1.000000000000000020e+30 1.000000000000000020e+30 1.000000000000000020e+30 1.000000000000000020e+30 1.000000000000000020e+30 1.000000000000000020e+30 1.000000000000000020e+30
1.817815987787454457e-01 1.817212731687344318e-01 1.816136090042370366e-01 1.814518754933630851e-01 1.812341552257968058e-01 1.809606947064335558e-01 1.806320204372634797e-01 1.802484524323746951e-01 1.798102254409256751e-01 1.793177016127355805e-01 1.787714198748639460e-01 1.781719532531897132e-01 1.775197946021365158e-01 1.768152524688295646e-01 1.760583652638370300e-01 1.752488277964310281e-01 1.743859543620396302e-01 1.734687121802498122e-01 1.724958372831998377e-01 1.714660207328440322e-01 1.703781494002284680e-01 1.692315937911811341e-01 1.680265326843275175e-01 1.667642652892362964e-01 1.654473752960333444e-01 1.640793675782583061e-01 1.626629579109618584e-01 1.611967073522958815e-01 1.596745008259845555e-01 1.580790139916337933e-01 1.564397394020325682e-01 1.551225341971061156e-01 1.540463610994323718e-01 1.534816675099648642e-01 1.534280005253429724e-01 1.531515617218934810e-01 1.527501051436464252e-01 1.521843472121549856e-01 1.512983233453850385e-01 1.000000000000000020e+30 1.000000000000000020e+30 1.000000000000000020e+30 1.000000000000000020e+30 1.000000000000000020e+30 1.000000000000000020e+30 1.000000000000000020e+30 1.000000000000000020e+30 1.000000000000000020e+30 1.000000000000000020e+30 1.000000000000000020e+30 1.000000000000000020e+30 1.000000000000000020e+30 1.000000000000000020e+30 1.000000000000000020e+30 1.000000000000000020e+30 1.000000000000000020e+30 1.000000000000000020e+30
1.817445860486114062e-01 1.816857383886280319e-01 1.815715086159641611e-01 1.814016596101678813e-01 1.811745905543389601e-01 1.808907659137168333e-01 1.805507660292201277e-01 1.801549035407364607e-01 1.797033365946456573e-01 1.791963432881629736e-01 1.786344191662914971e-01 1.780181699297443410e-01 1.773482145318847625e-01 1.766250681001002298e-01 1.758490031873175541e-01 1.750198900407518576e-01 1.741370792354334229e-01 1.731994177450087435e-01 1.722054150980545095e-01 1.711535142410180732e-01 1.700424104707408401e-01 1.688713742873393098e-01 1.676405484415405822e-01 1.663511596145550997e-01 1.650055719222505712e-01 1.636071337926449376e-01 1.621596638261220691e-01 1.606669322573395231e-01 1.591341453319455312e-01 1.575734187248147289e-01 1.560300979971384339e-01 1.546225194564139760e-01 1.534152078481866577e-01 1.528140810981679365e-01 1.527417966893803436e-01 1.524741573162433084e-01 1.520651435663046558e-01 1.512953916554780343e-01 1.471149819340868137e-01 1.000000000000000020e+30 1.000000000000000020e+30 1.000000000000000020e+30 1.000000000000000020e+30 1.000000000000000020e+30 1.000000000000000020e+30 1.000000000000000020e+30 1.000000000000000020e+30 1.000000000000000020e+30 1.000000000000000020e+30 1.000000000000000020e+30 1.000000000000000020e+30 1.000000000000000020e+30 1.000000000000000020e+30 1.000000000000000020e+30 1.000000000000000020e+30 1.000000000000000020e+30 1.000000000000000020e+30
1.816696411418035062e-01 1.816093626866444322e-01 1.814900330146407559e-01 1.813127848859610036e-01 1.810767149008121191e-01 1.807825360294897932e-01 1.804309449383390274e-01 1.800222784232422268e-01 1.795566534499051237e-01 1.790342971048308474e-01 1.784557068923559309e-01 1.778216003629754793e-01 1.771328538524415963e-01 1.763903754669031154e-01 1.755948804700337151e-01 1.747465613275513141e-01 1.738447902193805961e-01 1.728881070242794527e-01 1.718744936808833390e-01 1.708017992244756089e-01 1.696681894445814243e-01 1.684725368635970888e-01 1.672147471396842888e-01 1.658959378900347337e-01 1.645184243345994002e-01 1.630859247189700434e-01 1.616038784291492225e-01 1.600797605173351623e-01 1.585245823972100676e-01 1.569535220802713016e-01 1.553879608398461842e-01 1.538254877374218288e-01 1.531037620244511677e-01 1.525393113636985820e-01 1.521535921804094138e-01 1.517261249974002912e-01 1.510609583084955576e-01 1.493692234894180293e-01 1.000000000000000020e+30 1.000000000000000020e+30 1.000000000000000020e+30 1.000000000000000020e+30 1.000000000000000020e+30 1.000000000000000020e+30 1.000000000000000020e+30 1.000000000000000020e+30 1.000000000000000020e+30 1.000000000000000020e+30 1.000000000000000020e+30 1.000000000000000020e+30 1.000000000000000020e+30 1.000000000000000020e+30 1.000000000000000020e+30 1.000000000000000020e+30 1.000000000000000020e+30 1.000000000000000020e+30 1.000000000000000020e+30
1.815583440320259478e-01 1.814958005785511086e-01 1.813715043348466949e-01 1.811870398285912731e-01 1.809419875081815787e-01 1.806373001711800430e-01 1.802737958230592463e-01 1.798518242037847603e-01 1.793714400156275202e-01 1.788327943275985210e-01 1.782363776282413770e-01 1.775830618150068541e-01 1.768741198523473279e-01 1.761111233543876109e-01 1.752956084123188096e-01 1.744284173960139739e-01 1.735089594647877542e-01 1.725351746613466852e-01 1.715040638787992400e-01 1.704124065704718249e-01 1.692574338039963822e-01 1.680372917595348292e-01 1.667514790332073060e-01 1.654010332107198056e-01 1.639880300094928856e-01 1.625162478802086863e-01 1.609924268593555530e-01 1.594262189921762940e-01 1.578337614259114341e-01 1.562311981228305668e-01 1.546458957635079567e-01 1.531163438797509546e-01 1.525380086567362792e-01 1.519887758337028771e-01 1.514773762684880898e-01 1.508895825253550316e-01 1.500388532288185750e-01 1.486573881658261875e-01 1.000000000000000020e+30 1.000000000000000020e+30 1.000000000000000020e+30 1.000000000000000020e+30 1.000000000000000020e+30 1.000000000000000020e+30 1.000000000000000020e+30 1.000000000000000020e+30 1.000000000000000020e+30 1.000000000000000020e+30 1.000000000000000020e+30 1.000000000000000020e+30 1.000000000000000020e+30 1.000000000000000020e+30 1.000000000000000020e+30 1.000000000000000020e+30 1.000000000000000020e+30 1.000000000000000020e+30 1.000000000000000020e+30
1.814129732132236383e-01 1.813477640244018363e-01 1.812182176636610020e-01 1.810263054772674463e-01 1.807720017417824565e-01 1.804565040348116711e-01 1.800807304281333010e-01 1.796449895482617187e-01 1.791491907041710963e-01 1.785933048699379633e-01 1.779777171237969524e-01 1.773034164066305818e-01 1.765721863263573499e-01 1.757866407414129251e-01 1.749498424093333671e-01 1.740640546129759991e-01 1.731287655868176956e-01 1.721407702308433429e-01 1.710953443090400261e-01 1.699874992697933962e-01 1.688130521224353031e-01 1.675689818866370473e-01 1.662542000598878911e-01 1.648701767927156503e-01 1.634180951486572941e-01 1.619005394639168871e-01 1.603255889993756844e-01 1.587014653165512157e-01 1.570558539535214237e-01 1.553945896612238253e-01 1.537511190413695661e-01 1.523796307900394664e-01 1.518460141783431749e-01 1.512929879127514476e-01 1.507409484708022718e-01 1.500788714787055778e-01 1.492566535255285542e-01 1.483907089336982954e-01 1.000000000000000020e+30 1.000000000000000020e+30 1.000000000000000020e+30 1.000000000000000020e+30 1.000000000000000020e+30 1.000000000000000020e+30 1.000000000000000020e+30 1.000000000000000020e+30 1.000000000000000020e+30 1.000000000000000020e+30 1.000000000000000020e+30 1.000000000000000020e+30 1.000000000000000020e+30 1.000000000000000020e+30 1.000000000000000020e+30 1.000000000000000020e+30 1.000000000000000020e+30 1.000000000000000020e+30 1.000000000000000020e+30
1.812361881673151265e-01 1.811678438441139405e-01 1.810324116921389337e-01 1.808324415024485932e-01 1.805683524994861622e-01 1.802416301396463083e-01 1.798532583136249752e-01 1.794034081426111038e-01 1.788916898626566054e-01 1.783176839612709286e-01 1.776814275415556643e-01 1.769838212034592906e-01 1.762271355416994700e-01 1.754154512285292788e-01 1.745546532909332815e-01 1.736504351094843301e-01 1.727022923747753014e-01 1.717046889746567939e-01 1.706498962453091017e-01 1.695300624926783239e-01 1.683392172269090881e-01 1.670723965017807955e-01 1.657273027100872598e-01 1.643086926913356616e-01 1.628151755515329646e-01 1.612440475216119218e-01 1.596100642979670636e-01 1.579006563730743495e-01 1.561963144963038341e-01 1.544430596492950558e-01 1.524746513476408771e-01 1.517068679680329268e-01 1.510330551719045455e-01 1.504384657942208492e-01 1.499264124430919887e-01 1.492697109117901988e-01 1.484602889188865460e-01 1.000000000000000020e+30 1.000000000000000020e+30 1.000000000000000020e+30 1.000000000000000020e+30 1.000000000000000020e+30 1.000000000000000020e+30 1.000000000000000020e+30 1.000000000000000020e+30 1.000000000000000020e+30 1.000000000000000020e+30 1.000000000000000020e+30 1.000000000000000020e+30 1.000000000000000020e+30 1.000000000000000020e+30 1.000000000000000020e+30 1.000000000000000020e+30 1.000000000000000020e+30 1.000000000000000020e+30 1.000000000000000020e+30 1.000000000000000020e+30
1.810311190323499742e-01 1.809587954067177484e-01 1.808162896548809462e-01 1.806071707801454873e-01 1.803324767317953103e-01 1.799940478844528347e-01 1.795928770044193379e-01 1.791288585933227540e-01 1.786010769257694031e-01 1.780083807889447367e-01 1.773500052584418007e-01 1.766262463947236294e-01 1.758394339173797449e-01 1.749951619222440136e-01 1.741041805206321180e-01 1.731816561724177361e-01 1.722259416358277173e-01 1.712263231019568732e-01 1.701699746129448909e-01 1.690441509896610794e-01 1.678419498383950659e-01 1.665547971803137961e-01 1.651748011417254747e-01 1.637232131640785904e-01 1.621912344348059865e-01 1.605520921486928154e-01 1.588719854876172177e-01 1.569942881702819371e-01 1.552756623253079837e-01 1.535683391774547435e-01 1.519032760532369741e-01 1.507701142866358923e-01 1.499572569285576862e-01 1.493102205591584075e-01 1.491023293087402890e-01 1.485753465470383838e-01 1.478208601778861486e-01 1.000000000000000020e+30 1.000000000000000020e+30 1.000000000000000020e+30 1.000000000000000020e+30 1.000000000000000020e+30 1.000000000000000020e+30 1.000000000000000020e+30 1.000000000000000020e+30 1.000000000000000020e+30 1.000000000000000020e+30 1.000000000000000020e+30 1.000000000000000020e+30 1.000000000000000020e+30 1.000000000000000020e+30 1.000000000000000020e+30 1.000000000000000020e+30 1.000000000000000020e+30 1.000000000000000020e+30 1.000000000000000020e+30 1.000000000000000020e+30
1.808017394279503032e-01 1.807237116463092930e-01 1.805719369084197168e-01 1.803518670176325056e-01 1.800654161755092242e-01 1.797147992648986115e-01 1.793009028043451858e-01 1.788231716419499129e-01 1.782798863086940966e-01 1.776686916575154485e-01 1.769873092295175532e-01 1.762344544034905591e-01 1.754112960280582167e-01 1.745230859778648946e-01 1.735862256595416264e-01 1.726466270384091617e-01 1.716937758003649339e-01 1.707048234224217698e-01 1.696596295678545474e-01 1.685347655292886992e-01 1.673298879819053731e-01 1.660250984532060659e-01 1.645789643883605879e-01 1.630999999023633462e-01 1.615533766364862511e-01 1.597719083214317048e-01 1.581983884999959844e-01 1.568401868899605422e-01 1.552466086983111393e-01 1.535553946458218522e-01 1.517291935417470483e-01 1.504643623010332165e-01 1.496912751620383120e-01 1.487667822857120792e-01 1.485472231665136422e-01 1.480564717149925325e-01 1.473041630691706294e-01 1.462573615456252973e-01 1.000000000000000020e+30 1.000000000000000020e+30 1.000000000000000020e+30 1.000000000000000020e+30 1.000000000000000020e+30 1.000000000000000020e+30 1.000000000000000020e+30 1.000000000000000020e+30 1.000000000000000020e+30 1.000000000000000020e+30 1.000000000000000020e+30 1.000000000000000020e+30 1.000000000000000020e+30 1.000000000000000020e+30 1.000000000000000020e+30 1.000000000000000020e+30 1.000000000000000020e+30 1.000000000000000020e+30 1.000000000000000020e+30
1.805537408730523985e-01 1.804661418053284672e-01 1.803010092525746400e-01 1.800671495087493301e-01 1.797674611352597651e-01 1.794043041473105393e-01 1.789782185661653036e-01 1.784880375197169522e-01 1.779309912090182022e-01 1.773029657314359742e-01 1.765992353650648605e-01 1.758154771685135342e-01 1.749500743287130122e-01 1.740008964836300964e-01 1.729716828073883661e-01 1.720250791674525770e-01 1.710976451071448967e-01 1.701393584896374878e-01 1.691035425217998212e-01 1.679691264743610468e-01 1.667569315649558570e-01 1.654262777797921580e-01 1.637780809731043674e-01 1.623290459997123736e-01 1.609498830733103736e-01 1.597736748599600520e-01 1.583155925786116081e-01 1.568034162614263538e-01 1.552043266521301867e-01 1.535710592735493041e-01 1.519773723354876371e-01 1.506292859970846942e-01 1.494940031192628360e-01 1.484590916462970867e-01 1.481940174934383014e-01 1.476924390919785446e-01 1.469760659263996405e-01 1.460772087492697990e-01 1.000000000000000020e+30 1.000000000000000020e+30 1.000000000000000020e+30 1.000000000000000020e+30 1.000000000000000020e+30 1.000000000000000020e+30 1.000000000000000020e+30 1.000000000000000020e+30 1.000000000000000020e+30 1.000000000000000020e+30 1.000000000000000020e+30 1.000000000000000020e+30 1.000000000000000020e+30 1.000000000000000020e+30 1.000000000000000020e+30 1.000000000000000020e+30 1.000000000000000020e+30 1.000000000000000020e+30 1.000000000000000020e+30
1.802966692697406947e-01 1.801898346850794030e-01 1.800038604434459066e-01 1.797521557030502815e-01 1.794376715530740241e-01 1.790620107816998097e-01 1.786249300380199911e-01 1.781246470690176220e-01 1.775573366636580830e-01 1.769165667391105479e-01 1.761941734983886731e-01 1.753804920846173399e-01 1.744743311828039489e-01 1.734598050053545448e-01 1.721750059260546695e-01 1.712843634100165435e-01 1.704107907842556391e-01 1.694434837526671844e-01 1.683554475102224390e-01 1.671928500238962778e-01 1.659898394374109132e-01 1.648283519821721332e-01 1.639516260354219879e-01 1.627027930514551857e-01 1.613504870355801923e-01 1.599524378084704046e-01 1.584029130702467592e-01 1.567773561049703723e-01 1.551243316277151063e-01 1.534821018623257205e-01 1.519281503656188803e-01 1.505132800454049291e-01 1.491003876596733724e-01 1.482680167694963858e-01 1.479719298121798254e-01 1.474375840087839284e-01 1.467244191238700479e-01 1.458639720567807829e-01 1.000000000000000020e+30 1.000000000000000020e+30 1.000000000000000020e+30 1.000000000000000020e+30 1.000000000000000020e+30 1.000000000000000020e+30 1.000000000000000020e+30 1.000000000000000020e+30 1.000000000000000020e+30 1.000000000000000020e+30 1.000000000000000020e+30 1.000000000000000020e+30 1.000000000000000020e+30 1.000000000000000020e+30 1.000000000000000020e+30 1.000000000000000020e+30 1.000000000000000020e+30 1.000000000000000020e+30 1.000000000000000020e+30
1.800497188642201096e-01 1.798963321840361951e-01 1.796773547886245659e-01 1.794034081182988294e-01 1.790734046700844517e-01 1.786861172270713394e-01 1.782399576610229908e-01 1.777330685798177157e-01 1.771613354239941762e-01 1.765153333625870125e-01 1.757833313206794146e-01 1.749403243449625667e-01 1.740086848888937610e-01 1.730899396724924766e-01 1.720253282197869160e-01 1.715723882114408849e-01 1.708700765821815071e-01 1.699897248270048622e-01 1.689887375081851328e-01 1.678701165584149668e-01 1.666645046651849815e-01 1.655609062888566685e-01 1.645269508598172226e-01 1.633056581773100480e-01 1.619294940642884706e-01 1.603504174709515506e-01 1.585835770757444974e-01 1.567451082607140833e-01 1.549835923690114081e-01 1.532561488518252024e-01 1.517028673692810692e-01 1.503302789864441047e-01 1.490153666607346716e-01 1.484244136702006778e-01 1.478836622943847656e-01 1.472567941150265403e-01 1.465144788965490885e-01 1.456547792586437851e-01 1.000000000000000020e+30 1.000000000000000020e+30 1.000000000000000020e+30 1.000000000000000020e+30 1.000000000000000020e+30 1.000000000000000020e+30 1.000000000000000020e+30 1.000000000000000020e+30 1.000000000000000020e+30 1.000000000000000020e+30 1.000000000000000020e+30 1.000000000000000020e+30 1.000000000000000020e+30 1.000000000000000020e+30 1.000000000000000020e+30 1.000000000000000020e+30 1.000000000000000020e+30 1.000000000000000020e+30 1.000000000000000020e+30
1.798593860707551062e-01 1.795719968679353462e-01 1.793105369766971047e-01 1.790137050165056809e-01 1.786703318399147089e-01 1.782736699567841754e-01 1.778206467085981235e-01 1.773111309733413077e-01 1.767438880504591803e-01 1.761037604294582726e-01 1.753667909515532752e-01 1.744473528525478379e-01 1.733409866350997253e-01 1.726152478585619987e-01 1.723953966066372745e-01 1.720371392607003280e-01 1.714623765968035785e-01 1.706289644571180875e-01 1.698946861102420547e-01 1.691047625024364176e-01 1.679480875349178004e-01 1.670624277005871017e-01 1.661578792496293255e-01 1.650702165642711217e-01 1.637124087200481359e-01 1.614606747460624880e-01 1.594744824226828062e-01 1.573976485538295389e-01 1.550196688101244391e-01 1.528129852026832158e-01 1.513278149463631039e-01 1.500957587878005983e-01 1.491192736499120097e-01 1.484267851194039645e-01 1.477780328106587937e-01 1.470875846409677445e-01 1.463167784389467763e-01 1.454490468676054860e-01 1.000000000000000020e+30 1.000000000000000020e+30 1.000000000000000020e+30 1.000000000000000020e+30 1.000000000000000020e+30 1.000000000000000020e+30 1.000000000000000020e+30 1.000000000000000020e+30 1.000000000000000020e+30 1.000000000000000020e+30 1.000000000000000020e+30 1.000000000000000020e+30 1.000000000000000020e+30 1.000000000000000020e+30 1.000000000000000020e+30 1.000000000000000020e+30 1.000000000000000020e+30 1.000000000000000020e+30 1.000000000000000020e+30
1.000000000000000020e+30 1.791248469694081136e-01 1.788827830923314932e-01 1.785753337357085524e-01 1.782241198399087678e-01 1.778219773476240884e-01 1.773627812134143666e-01 1.768520808795873978e-01 1.762896637465005967e-01 1.755776922507960580e-01 1.747701806387258749e-01 1.736712710763435585e-01 1.735499713708574809e-01 1.731907631422792415e-01 1.729386900655420778e-01 1.728757542696121308e-01 1.728423843276839234e-01 1.742536094166046157e-01 1.710231857045388937e-01 1.705854959182503683e-01 1.000000000000000020e+30 1.680602215260304511e-01 1.674955230327623834e-01 1.667060683918679675e-01 1.659902860125486157e-01 1.000000000000000020e+30 1.000000000000000020e+30 1.000000000000000020e+30 1.550038575581643985e-01 1.531699157830608005e-01 1.509803175747949644e-01 1.497461405852726912e-01 1.489380683517154413e-01 1.482821454781965143e-01 1.476115254760110851e-01 1.468957787588794361e-01 1.461111701973339672e-01 1.452374088444823019e-01 1.442488317790864838e-01 1.000000000000000020e+30 1.000000000000000020e+30 1.000000000000000020e+30 1.000000000000000020e+30 1.000000000000000020e+30 1.000000000000000020e+30 1.000000000000000020e+30 1.000000000000000020e+30 1.000000000000000020e+30 1.000000000000000020e+30 1.000000000000000020e+30 1.000000000000000020e+30 1.000000000000000020e+30 1.000000000000000020e+30 1.000000000000000020e+30 1.000000000000000020e+30 1.000000000000000020e+30 1.000000000000000020e+30
1.000000000000000020e+30 1.788229309590634031e-01 1.784239578881503252e-01 1.780855086988799296e-01 1.777321637158689738e-01 1.773317020458783921e-01 1.768614592707602462e-01 1.763020914447921694e-01 1.756333025663313896e-01 1.743630549257790541e-01 1.731058575683350198e-01 1.739986060089357967e-01 1.741817149221844274e-01 1.744063008002474380e-01 1.766267285321237446e-01 1.741787842639473671e-01 1.741419085689922264e-01 1.000000000000000020e+30 1.000000000000000020e+30 1.000000000000000020e+30 1.000000000000000020e+30 1.000000000000000020e+30 1.000000000000000020e+30 1.000000000000000020e+30 1.000000000000000020e+30 1.000000000000000020e+30 1.000000000000000020e+30 1.000000000000000020e+30 1.552613986958958081e-01 1.539580284180873948e-01 1.513823638265661131e-01 1.493456988022128784e-01 1.486622760307383662e-01 1.480476111679880080e-01 1.473881379906957223e-01 1.466706196771591086e-01 1.458900881424324836e-01 1.450377939652407744e-01 1.441135248053123930e-01 1.000000000000000020e+30 1.000000000000000020e+30 1.000000000000000020e+30 1.000000000000000020e+30 1.000000000000000020e+30 1.000000000000000020e+30 1.000000000000000020e+30 1.000000000000000020e+30 1.000000000000000020e+30 1.000000000000000020e+30 1.000000000000000020e+30 1.000000000000000020e+30 1.000000000000000020e+30 1.000000000000000020e+30 1.000000000000000020e+30 1.000000000000000020e+30 1.000000000000000020e+30 1.000000000000000020e+30
1.000000000000000020e+30 1.000000000000000020e+30 1.778077542609634576e-01 1.775144026170410172e-01 1.771926386249848551e-01 1.768096545662565522e-01 1.762851725934937719e-01 1.754105365403786920e-01 1.746005339703108061e-01 1.750234643101914178e-01 1.746644708952714009e-01 1.749474384230388924e-01 1.000000000000000020e+30 1.000000000000000020e+30 1.000000000000000020e+30 1.000000000000000020e+30 1.000000000000000020e+30 1.000000000000000020e+30 1.000000000000000020e+30 1.000000000000000020e+30 1.000000000000000020e+30 1.000000000000000020e+30 1.000000000000000020e+30 1.000000000000000020e+30 1.000000000000000020e+30 1.000000000000000020e+30 1.000000000000000020e+30 1.000000000000000020e+30 1.000000000000000020e+30 1.000000000000000020e+30 1.505851014082854600e-01 1.491906018880286011e-01 1.483928467826467756e-01 1.477712616711224225e-01 1.471203442524922356e-01 1.464068824564682403e-01 1.456381186166270103e-01 1.448054489670101419e-01 1.439068419853581360e-01 1.000000000000000020e+30 1.000000000000000020e+30 1.000000000000000020e+30 1.000000000000000020e+30 1.000000000000000020e+30 1.000000000000000020e+30 1.000000000000000020e+30 1.000000000000000020e+30 1.000000000000000020e+30 1.000000000000000020e+30 1.000000000000000020e+30 1.000000000000000020e+30 1.000000000000000020e+30 1.000000000000000020e+30 1.000000000000000020e+30 1.000000000000000020e+30 1.000000000000000020e+30 1.000000000000000020e+30
1.000000000000000020e+30 1.000000000000000020e+30 1.773882054428793653e-01 1.768555929694279327e-01 1.765489885495614697e-01 1.761644722060083379e-01 1.755421901201325574e-01 1.757817831944935294e-01 1.761011579664967797e-01 1.762292252585400398e-01 1.000000000000000020e+30 1.000000000000000020e+30 1.000000000000000020e+30 1.000000000000000020e+30 1.000000000000000020e+30 1.000000000000000020e+30 1.000000000000000020e+30 1.000000000000000020e+30 1.000000000000000020e+30 1.000000000000000020e+30 1.000000000000000020e+30 1.000000000000000020e+30 1.000000000000000020e+30 1.000000000000000020e+30 1.000000000000000020e+30 1.000000000000000020e+30 1.000000000000000020e+30 1.000000000000000020e+30 1.000000000000000020e+30 1.000000000000000020e+30 1.000000000000000020e+30 1.491455006291388385e-01 1.481660298731221070e-01 1.474776551095882682e-01 1.468102693228817701e-01 1.460956253080704093e-01 1.453465145149985538e-01 1.445338430332984148e-01 1.436531017222075213e-01 1.000000000000000020e+30 1.000000000000000020e+30 1.000000000000000020e+30 1.000000000000000020e+30 1.000000000000000020e+30 1.000000000000000020e+30 1.000000000000000020e+30 1.000000000000000020e+30 1.000000000000000020e+30 1.000000000000000020e+30 1.000000000000000020e+30 1.000000000000000020e+30 1.000000000000000020e+30 1.000000000000000020e+30 1.000000000000000020e+30 1.000000000000000020e+30 1.000000000000000020e+30 1.000000000000000020e+30
1.000000000000000020e+30 1.000000000000000020e+30 1.000000000000000020e+30 1.756425617020581920e-01 1.755412745583215528e-01 1.750799640364221199e-01 1.758704144028856164e-01 1.767662645807369926e-01 1.772491676051243525e-01 1.000000000000000020e+30 1.000000000000000020e+30 1.000000000000000020e+30 1.000000000000000020e+30 1.000000000000000020e+30 1.000000000000000020e+30 1.000000000000000020e+30 1.000000000000000020e+30 1.000000000000000020e+30 1.000000000000000020e+30 1.000000000000000020e+30 1.000000000000000020e+30 1.000000000000000020e+30 1.000000000000000020e+30 1.000000000000000020e+30 1.000000000000000020e+30 1.000000000000000020e+30 1.000000000000000020e+30 1.000000000000000020e+30 1.000000000000000020e+30 1.000000000000000020e+30 1.000000000000000020e+30 1.000000000000000020e+30 1.481763172188909905e-01 1.472313080032592592e-01 1.464724497505466294e-01 1.457127898362088891e-01 1.450131531067994362e-01 1.442242005237638902e-01 1.433683339428424852e-01 1.000000000000000020e+30 1.000000000000000020e+30 1.000000000000000020e+30 1.000000000000000020e+30 1.000000000000000020e+30 1.000000000000000020e+30 1.000000000000000020e+30 1.000000000000000020e+30 1.000000000000000020e+30 1.000000000000000020e+30 1.000000000000000020e+30 1.000000000000000020e+30 1.000000000000000020e+30 1.000000000000000020e+30 1.000000000000000020e+30 1.000000000000000020e+30 1.000000000000000020e+30 1.000000000000000020e+30
1.000000000000000020e+30 1.000000000000000020e+30 1.000000000000000020e+30 1.739195900509573345e-01 1.739564228618479813e-01 1.757621211983624310e-01 1.770586469041897093e-01 1.776937059883164083e-01 1.000000000000000020e+30 1.000000000000000020e+30 1.000000000000000020e+30 1.000000000000000020e+30 1.000000000000000020e+30 1.000000000000000020e+30 1.000000000000000020e+30 1.000000000000000020e+30 1.000000000000000020e+30 1.000000000000000020e+30 1.000000000000000020e+30 1.000000000000000020e+30 1.000000000000000020e+30 1.000000000000000020e+30 1.000000000000000020e+30 1.000000000000000020e+30 1.000000000000000020e+30 1.000000000000000020e+30 1.000000000000000020e+30 1.000000000000000020e+30 1.000000000000000020e+30 1.000000000000000020e+30 1.000000000000000020e+30 1.000000000000000020e+30 1.000000000000000020e+30 1.472400127274833270e-01 1.461832224377163092e-01 1.452774430636714909e-01 1.446611208405884641e-01 1.438739317719645583e-01 1.430752756640466805e-01 1.000000000000000020e+30 1.000000000000000020e+30 1.000000000000000020e+30 1.000000000000000020e+30 1.000000000000000020e+30 1.000000000000000020e+30 1.000000000000000020e+30 1.000000000000000020e+30 1.000000000000000020e+30 1.000000000000000020e+30 1.000000000000000020e+30 1.000000000000000020e+30 1.000000000000000020e+30 1.000000000000000020e+30 1.000000000000000020e+30 1.000000000000000020e+30 1.000000000000000020e+30 1.000000000000000020e+30
1.000000000000000020e+30 1.000000000000000020e+30 1.000000000000000020e+30 1.000000000000000020e+30 1.781325244008835906e-01 1.777088327404910129e-01 1.781649898223403583e-01 1.000000000000000020e+30 1.000000000000000020e+30 1.000000000000000020e+30 1.000000000000000020e+30 1.000000000000000020e+30 1.000000000000000020e+30 1.000000000000000020e+30 1.000000000000000020e+30 1.000000000000000020e+30 1.000000000000000020e+30 1.000000000000000020e+30 1.000000000000000020e+30 1.000000000000000020e+30 1.000000000000000020e+30 1.000000000000000020e+30 1.000000000000000020e+30 1.000000000000000020e+30 1.000000000000000020e+30 1.000000000000000020e+30 1.000000000000000020e+30 1.000000000000000020e+30 1.000000000000000020e+30 1.000000000000000020e+30 1.000000000000000020e+30 1.000000000000000020e+30 1.000000000000000020e+30 1.000000000000000020e+30 1.459930122142814868e-01 1.449695157371092558e-01 1.444252749807466429e-01 1.434268138979643836e-01 1.428290972769225842e-01 1.000000000000000020e+30 1.000000000000000020e+30 1.000000000000000020e+30 1.000000000000000020e+30 1.000000000000000020e+30 1.000000000000000020e+30 1.000000000000000020e+30 1.000000000000000020e+30 1.000000000000000020e+30 1.000000000000000020e+30 1.000000000000000020e+30 1.000000000000000020e+30 1.000000000000000020e+30 1.000000000000000020e+30 1.000000000000000020e+30 1.000000000000000020e+30 1.000000000000000020e+30 1.000000000000000020e+30
1.000000000000000020e+30 1.000000000000000020e+30 1.000000000000000020e+30 1.000000000000000020e+30 1.809971077343381918e-01 1.000000000000000020e+30 1.000000000000000020e+30 1.000000000000000020e+30 1.000000000000000020e+30 1.000000000000000020e+30 1.000000000000000020e+30 1.000000000000000020e+30 1.000000000000000020e+30 1.000000000000000020e+30 1.000000000000000020e+30 1.000000000000000020e+30 1.000000000000000020e+30 1.000000000000000020e+30 1.000000000000000020e+30 1.000000000000000020e+30 1.000000000000000020e+30 1.000000000000000020e+30 1.000000000000000020e+30 1.000000000000000020e+30 1.000000000000000020e+30 1.000000000000000020e+30 1.000000000000000020e+30 1.000000000000000020e+30 1.000000000000000020e+30 1.000000000000000020e+30 1.000000000000000020e+30 1.000000000000000020e+30 1.000000000000000020e+30 1.000000000000000020e+30 1.000000000000000020e+30 1.449002330984648923e-01 1.446729635382889290e-01 1.000000000000000020e+30 1.000000000000000020e+30 1.000000000000000020e+30 1.000000000000000020e+30 1.000000000000000020e+30 1.000000000000000020e+30 1.000000000000000020e+30 1.000000000000000020e+30 1.000000000000000020e+30 1.000000000000000020e+30 1.000000000000000020e+30 1.000000000000000020e+30 1.000000000000000020e+30 1.000000000000000020e+30 1.000000000000000020e+30 1.000000000000000020e+30 1.000000000000000020e+30 1.000000000000000020e+30 1.000000000000000020e+30 1.000000000000000020e+30
