1.000000000000000020e+30 1.000000000000000020e+30 1.000000000000000020e+30 1.000000000000000020e+30 1.000000000000000020e+30 1.000000000000000020e+30 1.000000000000000020e+30 1.000000000000000020e+30 1.000000000000000020e+30 1.000000000000000020e+30 1.000000000000000020e+30 1.000000000000000020e+30 1.000000000000000020e+30 1.000000000000000020e+30 1.000000000000000020e+30 1.000000000000000020e+30 1.000000000000000020e+30 1.000000000000000020e+30 1.000000000000000020e+30 1.000000000000000020e+30 1.000000000000000020e+30 1.000000000000000020e+30 1.000000000000000020e+30 1.000000000000000020e+30 1.000000000000000020e+30 1.000000000000000020e+30 1.000000000000000020e+30 1.000000000000000020e+30 1.000000000000000020e+30 1.000000000000000020e+30 1.000000000000000020e+30 1.000000000000000020e+30 1.000000000000000020e+30 1.000000000000000020e+30 1.000000000000000020e+30 1.000000000000000020e+30 1.000000000000000020e+30 1.000000000000000020e+30 1.000000000000000020e+30 1.000000000000000020e+30 1.000000000000000020e+30 1.000000000000000020e+30 1.000000000000000020e+30 1.000000000000000020e+30 1.000000000000000020e+30 1.000000000000000020e+30 1.000000000000000020e+30 1.000000000000000020e+30 1.000000000000000020e+30 1.000000000000000020e+30 1.000000000000000020e+30 1.000000000000000020e+30 1.000000000000000020e+30 1.000000000000000020e+30 1.000000000000000020e+30 1.000000000000000020e+30 1.000000000000000020e+30
1.000000000000000020e+30 1.000000000000000020e+30 1.000000000000000020e+30 1.000000000000000020e+30 1.000000000000000020e+30 1.000000000000000020e+30 1.000000000000000020e+30 1.000000000000000020e+30 1.000000000000000020e+30 1.000000000000000020e+30 1.000000000000000020e+30 1.000000000000000020e+30 1.000000000000000020e+30 1.000000000000000020e+30 1.000000000000000020e+30 1.000000000000000020e+30 1.000000000000000020e+30 1.000000000000000020e+30 1.000000000000000020e+30 1.000000000000000020e+30 1.000000000000000020e+30 1.000000000000000020e+30 1.000000000000000020e+30 1.000000000000000020e+30 1.000000000000000020e+30 1.000000000000000020e+30 1.000000000000000020e+30 1.960150490928405098e-01 1.956898997496896997e-01 1.952049055155241908e-01 1.946180287662460928e-01 1.939540711230834935e-01 1.932261567992369922e-01 1.924429218446180867e-01 1.916112212257448377e-01 1.907374120382036020e-01 1.898281426396035698e-01 1.888911446707818298e-01 1.879364698648448295e-01 1.869790125221643950e-01 1.860446841228840242e-01 1.851879757792381509e-01 1.845481768422912172e-01 1.000000000000000020e+30 1.000000000000000020e+30 1.000000000000000020e+30 1.000000000000000020e+30 1.000000000000000020e+30 1.000000000000000020e+30 1.000000000000000020e+30 1.000000000000000020e+30 1.000000000000000020e+30 1.000000000000000020e+30 1.000000000000000020e+30 1.000000000000000020e+30 1.000000000000000020e+30 1.000000000000000020e+30
1.000000000000000020e+30 1.000000000000000020e+30 1.000000000000000020e+30 1.000000000000000020e+30 1.000000000000000020e+30 1.000000000000000020e+30 1.000000000000000020e+30 1.000000000000000020e+30 1.000000000000000020e+30 1.000000000000000020e+30 1.000000000000000020e+30 1.000000000000000020e+30 1.000000000000000020e+30 1.000000000000000020e+30 1.000000000000000020e+30 1.000000000000000020e+30 1.000000000000000020e+30 1.000000000000000020e+30 1.000000000000000020e+30 1.000000000000000020e+30 1.000000000000000020e+30 1.000000000000000020e+30 1.000000000000000020e+30 1.000000000000000020e+30 1.974898328144615023e-01 1.972118790057198756e-01 1.967820168918193169e-01 1.962299026419188630e-01 1.957394613078847767e-01 1.951965232256156202e-01 1.945849601453738809e-01 1.939078941216327012e-01 1.931713611102642558e-01 1.923812864285270874e-01 1.915432697546743113e-01 1.906628634718665061e-01 1.897459116446930938e-01 1.887989100748421745e-01 1.878293934118402397e-01 1.868460823920369274e-01 1.858573148169975209e-01 1.848613433384370675e-01 1.837985004765252117e-01 1.823277874122629927e-01 1.810009599803589497e-01 1.797495973120614710e-01 1.785371065637873511e-01 1.785112321025541515e-01 1.000000000000000020e+30 1.000000000000000020e+30 1.000000000000000020e+30 1.000000000000000020e+30 1.000000000000000020e+30 1.000000000000000020e+30 1.000000000000000020e+30 1.000000000000000020e+30 1.000000000000000020e+30
1.000000000000000020e+30 1.000000000000000020e+30 1.000000000000000020e+30 1.000000000000000020e+30 1.000000000000000020e+30 1.000000000000000020e+30 1.000000000000000020e+30 1.000000000000000020e+30 1.000000000000000020e+30 1.000000000000000020e+30 1.000000000000000020e+30 1.000000000000000020e+30 1.000000000000000020e+30 1.000000000000000020e+30 1.000000000000000020e+30 1.000000000000000020e+30 1.000000000000000020e+30 1.000000000000000020e+30 1.000000000000000020e+30 1.000000000000000020e+30 1.000000000000000020e+30 1.986397524815197158e-01 1.984300972765396798e-01 1.980964567464982007e-01 1.976574343205106110e-01 1.972534457769664906e-01 1.967939441009848578e-01 1.962729650088442801e-01 1.957314217919252086e-01 1.951467724692551586e-01 1.945074526206188870e-01 1.938113129831230685e-01 1.930602927044940409e-01 1.922578554490896874e-01 1.914080539414520776e-01 1.905152691046562707e-01 1.895841592603484671e-01 1.886196236080592281e-01 1.876265895516132098e-01 1.866091230818999469e-01 1.855676701530684647e-01 1.844919429829955104e-01 1.833471249167631101e-01 1.820741869055277351e-01 1.808157424996673368e-01 1.796009734569958272e-01 1.784310141630351954e-01 1.783756869677502466e-01 1.782473354533093135e-01 1.000000000000000020e+30 1.000000000000000020e+30 1.000000000000000020e+30 1.000000000000000020e+30 1.000000000000000020e+30 1.000000000000000020e+30 1.000000000000000020e+30 1.000000000000000020e+30
1.000000000000000020e+30 1.000000000000000020e+30 1.000000000000000020e+30 1.000000000000000020e+30 1.000000000000000020e+30 1.000000000000000020e+30 1.000000000000000020e+30 1.000000000000000020e+30 1.000000000000000020e+30 1.000000000000000020e+30 1.000000000000000020e+30 1.000000000000000020e+30 1.000000000000000020e+30 1.000000000000000020e+30 1.000000000000000020e+30 1.000000000000000020e+30 1.000000000000000020e+30 1.000000000000000020e+30 1.993847732870767664e-01 1.992559534096939589e-01 1.990377623130607510e-01 1.987390112572204881e-01 1.984436943088987160e-01 1.980914632866329628e-01 1.976795374755460077e-01 1.972401019354649843e-01 1.967569776239908586e-01 1.962263152258908461e-01 1.956563226104705844e-01 1.950415909590412222e-01 1.943767302606013714e-01 1.936596272248427286e-01 1.928907228353419212e-01 1.920719514548941131e-01 1.912060713341990625e-01 1.902963110319552120e-01 1.893461553999758462e-01 1.883591372253221596e-01 1.873384885861908156e-01 1.862864199242278140e-01 1.852026222757398588e-01 1.840820375506324602e-01 1.829144164723142951e-01 1.816966746154591306e-01 1.804774611190514688e-01 1.792981479006164058e-01 1.782900538524873901e-01 1.782033620948209329e-01 1.780093254741160758e-01 1.777449765082935174e-01 1.000000000000000020e+30 1.000000000000000020e+30 1.000000000000000020e+30 1.000000000000000020e+30 1.000000000000000020e+30 1.000000000000000020e+30 1.000000000000000020e+30
1.000000000000000020e+30 1.000000000000000020e+30 1.000000000000000020e+30 1.000000000000000020e+30 1.000000000000000020e+30 1.000000000000000020e+30 1.000000000000000020e+30 1.000000000000000020e+30 1.000000000000000020e+30 1.000000000000000020e+30 1.000000000000000020e+30 1.000000000000000020e+30 1.000000000000000020e+30 1.000000000000000020e+30 1.000000000000000020e+30 1.000000000000000020e+30 1.996064573923484464e-01 1.995348188027707137e-01 1.994031688735992680e-01 1.992349051830247242e-01 1.990079111071454965e-01 1.987240824607851841e-01 1.984035353680305980e-01 1.980355349606408855e-01 1.976185166512170188e-01 1.971599328787951855e-01 1.966571541733607154e-01 1.961087135232589818e-01 1.955157761575524455e-01 1.948764228676729271e-01 1.941881849528618864e-01 1.934497231999305344e-01 1.926610597146648229e-01 1.918232790281878819e-01 1.909381848929053438e-01 1.900080299172906551e-01 1.890352990450096249e-01 1.880225107443732890e-01 1.869719988268045141e-01 1.858856394573887294e-01 1.847646073234495701e-01 1.836094794253038953e-01 1.824221909498621175e-01 1.812110266198426189e-01 1.799897416537913353e-01 1.787146309732684235e-01 1.783068993289476933e-01 1.780286443582086708e-01 1.777318314245145137e-01 1.773709894928021946e-01 1.768824027336450277e-01 1.765848283124516471e-01 1.000000000000000020e+30 1.000000000000000020e+30 1.000000000000000020e+30 1.000000000000000020e+30 1.000000000000000020e+30
1.000000000000000020e+30 1.000000000000000020e+30 1.000000000000000020e+30 1.000000000000000020e+30 1.000000000000000020e+30 1.000000000000000020e+30 1.000000000000000020e+30 1.000000000000000020e+30 1.000000000000000020e+30 1.000000000000000020e+30 1.000000000000000020e+30 1.000000000000000020e+30 1.000000000000000020e+30 1.000000000000000020e+30 1.000000000000000020e+30 1.995964183040173923e-01 1.995676647912211776e-01 1.994844013208627309e-01 1.993472698639781882e-01 1.991618052893404101e-01 1.989240382803197094e-01 1.986349849853546734e-01 1.983000706542490388e-01 1.979179838743895803e-01 1.974885122795430603e-01 1.970135125385540087e-01 1.964926450083480658e-01 1.959253510567875445e-01 1.953114640519171552e-01 1.946500145531515347e-01 1.939397794004194264e-01 1.931799754438836836e-01 1.923705239414263968e-01 1.915120133302982142e-01 1.906055493531610689e-01 1.896525865065440963e-01 1.886547731548305629e-01 1.876138319733714477e-01 1.865315214514715880e-01 1.854097361274194000e-01 1.842509386381786518e-01 1.830593774232081861e-01 1.818441560408559365e-01 1.806258150784573469e-01 1.794461788565860638e-01 1.783455964675972616e-01 1.780847999777615542e-01 1.777630880012063541e-01 1.774086371954087527e-01 1.770149087001858523e-01 1.765816250069623394e-01 1.761776592656387197e-01 1.757465819488739645e-01 1.000000000000000020e+30 1.000000000000000020e+30 1.000000000000000020e+30 1.000000000000000020e+30
1.000000000000000020e+30 1.000000000000000020e+30 1.000000000000000020e+30 1.000000000000000020e+30 1.000000000000000020e+30 1.000000000000000020e+30 1.000000000000000020e+30 1.000000000000000020e+30 1.000000000000000020e+30 1.000000000000000020e+30 1.000000000000000020e+30 1.000000000000000020e+30 1.000000000000000020e+30 1.000000000000000020e+30 1.995021045506061574e-01 1.995147426804847468e-01 1.994727359206189821e-01 1.993769934979953973e-01 1.992288160396359642e-01 1.990300653963514577e-01 1.987805015833224997e-01 1.984809141286104639e-01 1.981330846436300253e-01 1.977372395168027486e-01 1.972935507964125590e-01 1.968025570603730845e-01 1.962642362839308874e-01 1.956783277760814899e-01 1.950445231663074930e-01 1.943622489377149765e-01 1.936308358917150363e-01 1.928498046358260165e-01 1.920190299008618928e-01 1.911387628858110810e-01 1.902095676883123199e-01 1.892322227298470494e-01 1.882076264990641956e-01 1.871367511026938435e-01 1.860207081668042717e-01 1.848610152898355341e-01 1.836602227713718394e-01 1.824231637139193118e-01 1.811594884324083388e-01 1.798921806181638661e-01 1.787138383683996579e-01 1.782160705142510904e-01 1.778140319975494710e-01 1.774208532318799214e-01 1.770154061921889177e-01 1.765890778494495772e-01 1.761417265745524596e-01 1.756877412535422789e-01 1.752059394918700497e-01 1.746895435094116544e-01 1.000000000000000020e+30 1.000000000000000020e+30 1.000000000000000020e+30
1.000000000000000020e+30 1.000000000000000020e+30 1.000000000000000020e+30 1.000000000000000020e+30 1.000000000000000020e+30 1.000000000000000020e+30 1.000000000000000020e+30 1.000000000000000020e+30 1.000000000000000020e+30 1.000000000000000020e+30 1.000000000000000020e+30 1.000000000000000020e+30 1.000000000000000020e+30 1.993258609381275970e-01 1.993790432468571239e-01 1.993770005219011876e-01 1.993205948908639280e-01 1.992111844501687212e-01 1.990500184904197278e-01 1.988381846471559133e-01 1.985761223883595328e-01 1.982643360444980296e-01 1.979034801300589563e-01 1.974938040565941411e-01 1.970354404883751520e-01 1.965285447655059359e-01 1.959730975775335060e-01 1.953689460850960014e-01 1.947158530566999168e-01 1.940134668689443564e-01 1.932613884416325978e-01 1.924592880065639500e-01 1.916069856447014108e-01 1.907044666913134956e-01 1.897518437539522096e-01 1.887492904859945086e-01 1.876969788563453700e-01 1.865950612212833870e-01 1.854437538120105866e-01 1.842435992835606828e-01 1.829960001659962643e-01 1.817038140001951962e-01 1.803686990932698853e-01 1.789598046680661581e-01 1.783826136480325952e-01 1.778811002224014171e-01 1.774247763989185989e-01 1.769813767522799008e-01 1.765336809274466734e-01 1.760749581709400990e-01 1.755991803479908242e-01 1.751158572078873599e-01 1.745901005418375729e-01 1.740636184971360578e-01 1.733014055142885479e-01 1.000000000000000020e+30 1.000000000000000020e+30
1.000000000000000020e+30 1.000000000000000020e+30 1.000000000000000020e+30 1.000000000000000020e+30 1.000000000000000020e+30 1.000000000000000020e+30 1.000000000000000020e+30 1.000000000000000020e+30 1.000000000000000020e+30 1.000000000000000020e+30 1.000000000000000020e+30 1.000000000000000020e+30 1.990672830639812485e-01 1.991622650584254917e-01 1.992004800891396810e-01 1.991826527569138250e-01 1.991106201497200856e-01 1.989862337276772364e-01 1.988109477842006922e-01 1.985856590501695329e-01 1.983106885569144440e-01 1.979861477265146552e-01 1.976121101824818427e-01 1.971885518871853704e-01 1.967154275022461873e-01 1.961927129281781645e-01 1.956203549996783086e-01 1.949982585681920844e-01 1.943262823626211167e-01 1.936042251928771496e-01 1.928318422801534038e-01 1.920088808569539174e-01 1.911351021987064414e-01 1.902102709002477243e-01 1.892341108889474266e-01 1.882062405990894416e-01 1.871261091267833188e-01 1.859929616853199241e-01 1.848058668058304432e-01 1.835638710147782793e-01 1.822666345949654487e-01 1.809176772419321677e-01 1.795419580752708744e-01 1.782790307417404518e-01 1.778659204558217244e-01 1.773912407630294508e-01 1.769129734420271105e-01 1.764366744232009065e-01 1.759535422275484429e-01 1.754685304359476505e-01 1.749548522523168559e-01 1.744771339818925182e-01 1.738652791658838181e-01 1.735637757156608119e-01 1.735850518295044276e-01 1.000000000000000020e+30 1.000000000000000020e+30
1.000000000000000020e+30 1.000000000000000020e+30 1.000000000000000020e+30 1.000000000000000020e+30 1.000000000000000020e+30 1.000000000000000020e+30 1.000000000000000020e+30 1.000000000000000020e+30 1.000000000000000020e+30 1.000000000000000020e+30 1.000000000000000020e+30 1.987178637085967592e-01 1.988619006063129524e-01 1.989447057349185977e-01 1.989669819205368284e-01 1.989316595866883197e-01 1.988420879476836822e-01 1.987012333222250293e-01 1.985110029131945952e-01 1.982720288428312105e-01 1.979841266344804784e-01 1.976468404044772198e-01 1.972597192195719995e-01 1.968223895551916847e-01 1.963345896795414824e-01 1.957961708840866288e-01 1.952070604159168443e-01 1.945672218932067155e-01 1.938766181135655464e-01 1.931351774060610649e-01 1.923427735914355896e-01 1.914992141135024029e-01 1.906042202704438804e-01 1.896573862784416697e-01 1.886581131830481761e-01 1.876055239940615238e-01 1.864983750085411340e-01 1.853349769982757522e-01 1.841130999532870349e-01 1.828296582687904404e-01 1.814793112312725887e-01 1.800486413598824109e-01 1.784927442875833825e-01 1.778272413442453515e-01 1.773010243592607338e-01 1.767952184231519619e-01 1.762896163288831253e-01 1.757893169890187846e-01 1.752658585389293422e-01 1.747813592117267445e-01 1.741652023519859038e-01 1.738632928578462411e-01 1.738800939265122691e-01 1.737886460945385070e-01 1.737804657682575360e-01 1.738453130319904949e-01 1.000000000000000020e+30
1.000000000000000020e+30 1.000000000000000020e+30 1.000000000000000020e+30 1.000000000000000020e+30 1.000000000000000020e+30 1.000000000000000020e+30 1.000000000000000020e+30 1.000000000000000020e+30 1.000000000000000020e+30 1.000000000000000020e+30 1.982446164335873728e-01 1.984634430873461752e-01 1.986070252151316551e-01 1.986766974116108420e-01 1.986802534419832567e-01 1.986239973814852289e-01 1.985138616870643913e-01 1.983547086497167988e-01 1.981490053106323979e-01 1.978966257227675329e-01 1.975963283156393357e-01 1.972468136926409932e-01 1.968470392246561285e-01 1.963962539493538662e-01 1.958939833704199940e-01 1.953399934401139904e-01 1.947342303245542250e-01 1.940767494736061194e-01 1.933676458442538382e-01 1.926069928313339230e-01 1.917947933537674232e-01 1.909309370800962302e-01 1.900151508799943212e-01 1.890469296296781454e-01 1.880254403951986675e-01 1.869494031099159514e-01 1.858169649294141856e-01 1.846256032053156249e-01 1.833721062166764892e-01 1.820526469237519762e-01 1.806626834375548996e-01 1.791952442307759852e-01 1.776334886058593132e-01 1.771264925389289813e-01 1.766059781738952283e-01 1.760892585176152547e-01 1.755513271943517639e-01 1.750556393947760858e-01 1.744298538404837062e-01 1.741164872580718559e-01 1.741130498527832804e-01 1.739804688482738115e-01 1.738938929071814354e-01 1.738206323112377327e-01 1.737932863572784759e-01 1.738006642693840642e-01 1.000000000000000020e+30
1.000000000000000020e+30 1.000000000000000020e+30 1.000000000000000020e+30 1.000000000000000020e+30 1.000000000000000020e+30 1.000000000000000020e+30 1.000000000000000020e+30 1.000000000000000020e+30 1.000000000000000020e+30 1.974618008920577261e-01 1.979154273202817504e-01 1.981735484255166269e-01 1.983150724927722486e-01 1.983640514526191223e-01 1.983424627482626712e-01 1.982592307302465662e-01 1.981237195291810360e-01 1.979439079875107421e-01 1.977229717013097576e-01 1.974585247879531436e-01 1.971472021910861128e-01 1.967865536829523365e-01 1.963749219480417085e-01 1.959112024128223384e-01 1.953947476701902441e-01 1.948252988140810049e-01 1.942028896249626546e-01 1.935277332494458324e-01 1.928001133001104594e-01 1.920202931161048288e-01 1.911884448868715336e-01 1.903045891761969699e-01 1.893685284093453713e-01 1.883797566116295896e-01 1.873373316380495535e-01 1.862397052958191801e-01 1.850845253992225159e-01 1.838684674410146491e-01 1.825872683894297355e-01 1.812364477634366144e-01 1.798139492118529248e-01 1.783266514970763827e-01 1.767941894333559527e-01 1.763296670745683747e-01 1.757974478819200603e-01 1.752948028606786668e-01 1.746611799545885468e-01 1.743426140266845503e-01 1.743349920803989039e-01 1.741931543595580112e-01 1.740806363102443410e-01 1.739422562029347141e-01 1.737851610461653706e-01 1.736976706887971567e-01 1.736618278820921957e-01 1.736538892744549367e-01 1.000000000000000020e+30
1.000000000000000020e+30 1.000000000000000020e+30 1.000000000000000020e+30 1.000000000000000020e+30 1.000000000000000020e+30 1.000000000000000020e+30 1.000000000000000020e+30 1.000000000000000020e+30 1.988732721364238898e-01 1.982142554647458310e-01 1.976710208775052380e-01 1.978892305001556384e-01 1.980049932186730144e-01 1.980111937595146199e-01 1.979553892110139379e-01 1.978358103888105402e-01 1.976670149516230046e-01 1.974634855460729033e-01 1.972298228788217367e-01 1.969567668305299835e-01 1.966369305582738869e-01 1.962668482730615671e-01 1.958445026161467484e-01 1.953685391165349561e-01 1.948382082883310384e-01 1.942533211911968427e-01 1.936141103701608523e-01 1.929210530135731516e-01 1.921747093496128100e-01 1.913756004434129798e-01 1.905241246727745752e-01 1.896204961359857222e-01 1.886646798713206841e-01 1.876562964229226693e-01 1.865944695245934370e-01 1.854775935299666778e-01 1.843030041191601742e-01 1.830665598552307372e-01 1.817622340073771214e-01 1.803822413065566677e-01 1.789204692549215270e-01 1.773937816127036382e-01 1.759561645098280114e-01 1.754910392774436390e-01 1.748497268177598152e-01 1.745216489570678708e-01 1.745107851257208798e-01 1.743714928951377863e-01 1.742650452400586747e-01 1.741312277279014886e-01 1.739647196555849928e-01 1.738133738049570109e-01 1.734975438647180512e-01 1.734139620126872727e-01 1.733929044323950230e-01 1.733896729189816910e-01 1.000000000000000020e+30
1.000000000000000020e+30 1.000000000000000020e+30 1.000000000000000020e+30 1.000000000000000020e+30 1.000000000000000020e+30 1.000000000000000020e+30 1.000000000000000020e+30 2.000137414187734552e-01 1.994219211156578186e-01 1.987401736179450207e-01 1.978719266036443880e-01 1.975966956186868684e-01 1.976937644713472053e-01 1.976095291287331412e-01 1.975212344109079088e-01 1.973507495291501324e-01 1.971342589669452805e-01 1.969025345354479262e-01 1.966655266281047143e-01 1.963913361315859085e-01 1.960665075111117928e-01 1.956890481316847508e-01 1.952573801162427458e-01 1.947699631944497245e-01 1.942259907006673725e-01 1.936254812262635794e-01 1.929690417473945985e-01 1.922575747231195786e-01 1.914920388527252271e-01 1.906732948030180896e-01 1.898020246633166930e-01 1.888786943233073112e-01 1.879035197027799919e-01 1.868763961207515201e-01 1.857967493656631219e-01 1.846632598417610183e-01 1.834733927178879564e-01 1.822226223119793043e-01 1.809030457811121317e-01 1.795001359085858783e-01 1.779823899006868215e-01 1.762624604749477575e-01 1.752093602842447473e-01 1.747191964939704967e-01 1.746449068612775102e-01 1.744851276167619092e-01 1.743792049365698316e-01 1.742580544462397352e-01 1.741131653980098615e-01 1.739927534328994663e-01 1.737243432427508227e-01 1.737396119789058613e-01 1.740250361849592642e-01 1.741146755265460810e-01 1.741525444151099111e-01 1.741686604947677575e-01 1.000000000000000020e+30
1.000000000000000020e+30 1.000000000000000020e+30 1.000000000000000020e+30 1.000000000000000020e+30 1.000000000000000020e+30 1.000000000000000020e+30 2.009805956852206699e-01 2.004951662146281510e-01 1.999497205199698702e-01 1.993415358141635285e-01 1.986882250525945359e-01 1.981384174238455809e-01 1.974530921319243293e-01 1.971011949189902801e-01 1.970584975802260608e-01 1.968009185212840351e-01 1.965060382957989071e-01 1.962362939184892352e-01 1.960279562672278542e-01 1.957661691607792964e-01 1.954383943592577222e-01 1.950551762297492719e-01 1.946157648931927664e-01 1.941177418255022602e-01 1.935601504489651847e-01 1.929434522882558234e-01 1.922689220250950737e-01 1.915381289115880570e-01 1.907525869142563391e-01 1.899135771137349382e-01 1.890220988825387916e-01 1.880788949815299926e-01 1.870844919181750277e-01 1.860392006570808221e-01 1.849430258971772878e-01 1.837954181509165175e-01 1.825947736819003575e-01 1.813375982575146095e-01 1.800173801256754469e-01 1.786232002825922927e-01 1.771370060244641664e-01 1.755300686737770177e-01 1.749584240089734621e-01 1.745869591992765812e-01 1.744161114210148467e-01 1.742851416184639790e-01 1.741532154151561873e-01 1.740588501124518961e-01 1.738274923033145958e-01 1.738930725560239865e-01 1.742492165805664128e-01 1.744446364645282077e-01 1.746389994132608869e-01 1.747579906446260489e-01 1.748243513848201092e-01 1.748542463026940552e-01 1.000000000000000020e+30
1.000000000000000020e+30 1.000000000000000020e+30 1.000000000000000020e+30 1.000000000000000020e+30 1.000000000000000020e+30 2.017111303694181235e-01 2.013556075756383901e-01 2.009258799902981230e-01 2.004292980390199319e-01 1.998772526618213252e-01 1.992901479560365008e-01 1.987048389143463989e-01 1.980846680031566887e-01 1.974870259681330842e-01 1.966999473083644034e-01 1.961777007092753156e-01 1.957420824275867000e-01 1.953981703404163717e-01 1.953334659485546354e-01 1.950966967140003727e-01 1.947554850942828930e-01 1.943673022647262605e-01 1.939226083267981404e-01 1.934149765524013909e-01 1.928433418603872629e-01 1.922092123110987205e-01 1.915150509837370008e-01 1.907634488747269041e-01 1.899566584571873162e-01 1.890964326295341558e-01 1.881840594622782026e-01 1.872205079120078386e-01 1.862065999768341140e-01 1.851431407752194835e-01 1.840309595691813627e-01 1.828707902180382316e-01 1.816628240432117403e-01 1.804057586752482178e-01 1.790958883193913831e-01 1.777286318161258039e-01 1.763029015344004524e-01 1.748232968446488400e-01 1.743980936810647642e-01 1.741448457979087316e-01 1.740380279847347500e-01 1.739765333583828122e-01 1.737800227612148751e-01 1.738871045754538935e-01 1.742944169201125770e-01 1.745529378296644951e-01 1.748256080667665857e-01 1.750414178451016600e-01 1.752190318094047350e-01 1.753447852316692146e-01 1.754230265839579195e-01 1.754601911546357085e-01 1.000000000000000020e+30
1.000000000000000020e+30 1.000000000000000020e+30 1.000000000000000020e+30 1.000000000000000020e+30 1.000000000000000020e+30 2.019562207845426727e-01 2.016941773864036058e-01 2.013126104838788566e-01 2.008537124619495240e-01 2.003372211083519205e-01 1.997794244545058606e-01 1.991953959406738695e-01 1.985831153012551642e-01 1.979516885378717617e-01 1.972772672393541815e-01 1.966651099343352804e-01 1.960808750798800071e-01 1.954731216573866170e-01 1.947007614820303878e-01 1.944214584718746697e-01 1.940093944433803896e-01 1.936258355984068202e-01 1.931823318595169703e-01 1.926661977252087654e-01 1.920790444108121664e-01 1.914250434465324668e-01 1.907086770723124824e-01 1.899340322698500338e-01 1.891042698740909300e-01 1.882215850512429234e-01 1.872874064402271499e-01 1.863027456360309420e-01 1.852685725097779623e-01 1.841861288444148759e-01 1.830571819908461129e-01 1.818842077635726140e-01 1.806701724921974950e-01 1.794169122459900179e-01 1.781220287293491522e-01 1.767829164136190956e-01 1.754132339330430612e-01 1.741183568471491860e-01 1.735566369042109147e-01 1.734470937668765866e-01 1.735052588714121879e-01 1.736933922313510514e-01 1.741521410806245174e-01 1.744648403370625822e-01 1.748008135807899710e-01 1.750894780488126412e-01 1.753496945802101026e-01 1.755671282392642918e-01 1.757416563866676940e-01 1.758699296664418266e-01 1.759531596607344095e-01 1.759937465062942630e-01 1.000000000000000020e+30
1.000000000000000020e+30 1.000000000000000020e+30 1.000000000000000020e+30 1.000000000000000020e+30 2.026599024937129345e-01 2.023528443750523542e-01 2.020416916070745250e-01 2.016659439961400180e-01 2.012249643170812563e-01 2.007275847259161750e-01 2.001841007847211251e-01 1.996035659883000635e-01 1.989901621297343604e-01 1.983487676765886831e-01 1.976817294076277653e-01 1.970140629577509794e-01 1.963327663509530918e-01 1.956023814184755794e-01 1.947628130425132498e-01 1.937688586807762570e-01 1.931247365876382904e-01 1.928343054070574547e-01 1.924047268498107199e-01 1.918785205266347882e-01 1.912717055365948937e-01 1.905933653199446409e-01 1.898507122099270528e-01 1.890498702933950115e-01 1.881949600389357935e-01 1.872884277267225506e-01 1.863314922054755962e-01 1.853248204136907218e-01 1.842691960262288486e-01 1.831660229503684068e-01 1.820178134742199971e-01 1.808290126093642647e-01 1.796070121621468063e-01 1.783599310108285318e-01 1.770826849832432548e-01 1.757581824013297322e-01 1.743393513116716365e-01 1.737318191251027433e-01 1.733109141766953631e-01 1.736287808332586391e-01 1.738899004135076864e-01 1.741880693500456323e-01 1.745606771228754017e-01 1.749097553525952586e-01 1.752451738105011148e-01 1.755452877624616159e-01 1.758074042834203154e-01 1.760265065698447262e-01 1.762012694729517270e-01 1.763309409626927227e-01 1.764162840394955523e-01 1.764583167492372318e-01 1.000000000000000020e+30
1.000000000000000020e+30 1.000000000000000020e+30 1.000000000000000020e+30 1.000000000000000020e+30 2.028565154855740127e-01 2.026429698119438794e-01 2.023431328890472891e-01 2.019739922322148495e-01 2.015418409330081151e-01 2.010531825016316776e-01 2.005151029837464738e-01 1.999340591607147444e-01 1.993146864834392795e-01 1.986609409362833922e-01 1.979762734104374977e-01 1.972661791747473969e-01 1.965233971552580450e-01 1.957305929862448446e-01 1.948691202120044763e-01 1.939481788113021909e-01 1.930639170228040102e-01 1.920720090664124191e-01 1.916138883185132258e-01 1.910616320008309277e-01 1.904260962327053164e-01 1.897162111062064282e-01 1.889411418915837582e-01 1.881099773156955091e-01 1.872274825014215438e-01 1.862959188632842267e-01 1.853156209965780010e-01 1.842862304653163641e-01 1.832078181137079265e-01 1.820814362062646852e-01 1.809095025113246769e-01 1.796974239077303859e-01 1.784592682349720183e-01 1.772234114972940366e-01 1.759809261550967230e-01 1.747182193015403007e-01 1.735070501192099435e-01 1.730494291396730278e-01 1.733726954416031363e-01 1.737580461483329841e-01 1.741281704254254992e-01 1.744987897850489023e-01 1.748831084184081230e-01 1.752587564100483997e-01 1.756154662866633298e-01 1.759298978720101048e-01 1.761989664800054367e-01 1.764209896976078051e-01 1.765966987827234380e-01 1.767270691448049047e-01 1.768130138938470153e-01 1.768553287763296733e-01 1.000000000000000020e+30
1.000000000000000020e+30 1.000000000000000020e+30 1.000000000000000020e+30 2.033899801593474777e-01 2.031561930412464911e-01 2.029088741034837662e-01 2.026032959748516604e-01 2.022344490591674593e-01 2.018043762181209733e-01 2.013173569086491310e-01 2.007784305062572661e-01 2.001923959502085737e-01 1.995631004938757669e-01 1.988935251966336692e-01 1.981857594971815906e-01 1.974405892800753792e-01 1.966537706190440160e-01 1.958173018131303400e-01 1.949248193342064117e-01 1.939808290646939382e-01 1.930008351318471260e-01 1.919465785952992054e-01 1.908074140124019491e-01 1.902182933990151092e-01 1.895451282522118697e-01 1.887945334329229063e-01 1.879779457329240899e-01 1.871116787123385528e-01 1.861993389893505935e-01 1.852424397393013789e-01 1.842392007917636743e-01 1.831871043622944895e-01 1.820849306760954356e-01 1.809329654882369520e-01 1.797318877073719734e-01 1.784823981318705843e-01 1.771996259976477417e-01 1.759838649454358583e-01 1.747897486377488763e-01 1.735171795903369951e-01 1.729685396038324330e-01 1.726305926814510339e-01 1.732632492412134462e-01 1.737933668416637434e-01 1.742566320162703963e-01 1.746863187754484903e-01 1.751046052812559872e-01 1.755171326278683330e-01 1.759186489854734359e-01 1.762506392747693607e-01 1.765283832552430876e-01 1.767525361501583181e-01 1.769281798350613444e-01 1.770583768605816233e-01 1.771436142590099572e-01 1.771850477642866184e-01 1.000000000000000020e+30
1.000000000000000020e+30 1.000000000000000020e+30 1.000000000000000020e+30 2.035133192553103820e-01 2.033588755727912256e-01 2.031224497737152690e-01 2.028164737252285688e-01 2.024455685653705483e-01 2.020130866857160479e-01 2.015227047875675914e-01 2.009783144596054005e-01 2.003835443740338285e-01 1.997413353171872963e-01 1.990538366831345884e-01 1.983222395939038263e-01 1.975463319473264034e-01 1.967235821097018944e-01 1.958499080406609916e-01 1.949219977048551877e-01 1.939395395378034348e-01 1.929021579047104640e-01 1.917962833633884423e-01 1.906132507433066225e-01 1.893493475941802062e-01 1.886319589021392407e-01 1.878292150824490414e-01 1.869547764583567584e-01 1.860497792182519150e-01 1.851060758491219482e-01 1.841256471954104135e-01 1.831020484671262438e-01 1.820285562719280437e-01 1.809024249670342088e-01 1.797242499266169524e-01 1.784933154912827502e-01 1.771912111031259673e-01 1.757634270048566150e-01 1.746130516976229230e-01 1.735673992760546347e-01 1.726394599983225864e-01 1.721099521568286439e-01 1.722828003029641397e-01 1.731472120385302293e-01 1.737864018886879358e-01 1.743094057300372257e-01 1.747758623222737395e-01 1.752223924637400509e-01 1.756770738643451402e-01 1.761820302733685117e-01 1.765163988965507691e-01 1.768021932839010379e-01 1.770233647779573261e-01 1.771958755083293535e-01 1.773254389183882007e-01 1.774082681410913409e-01 1.774465875542506066e-01 1.000000000000000020e+30
1.000000000000000020e+30 1.000000000000000020e+30 1.000000000000000020e+30 2.036806372120236186e-01 2.035330588886863912e-01 2.032950577240498213e-01 2.029843258897645053e-01 2.026077407217135307e-01 2.021690442497634244e-01 2.016714721342811600e-01 2.011181114627427213e-01 2.005116967796308491e-01 1.998544193825801119e-01 1.991478359794477127e-01 1.983926960860774857e-01 1.975886766456115551e-01 1.967341676731637068e-01 1.958266828029125717e-01 1.948637363280474599e-01 1.938432684366043490e-01 1.927621540772694042e-01 1.916134122638085413e-01 1.903903030062598090e-01 1.890866252762222754e-01 1.876945758025391209e-01 1.868260217446131854e-01 1.858525772639604556e-01 1.849169734576656121e-01 1.839399156983396733e-01 1.829424238623610088e-01 1.819052504711770601e-01 1.808132016334796643e-01 1.796626137392258737e-01 1.784590024211389070e-01 1.772166082430758904e-01 1.759163141554606347e-01 1.751120732064588847e-01 1.741920103323031654e-01 1.732748431054014493e-01 1.724047089798779464e-01 1.715870672164928890e-01 1.000000000000000020e+30 1.000000000000000020e+30 1.000000000000000020e+30 1.000000000000000020e+30 1.000000000000000020e+30 1.000000000000000020e+30 1.000000000000000020e+30 1.765063464738551302e-01 1.767210821226380957e-01 1.770309029055242012e-01 1.772336701147273208e-01 1.773973621925514221e-01 1.775301503673552272e-01 1.776078388578042067e-01 1.776368527204709169e-01 1.000000000000000020e+30
1.000000000000000020e+30 1.000000000000000020e+30 2.040648807516200480e-01 2.038850697848706706e-01 2.036871916404425498e-01 2.034298883967594063e-01 2.031077117185248471e-01 2.027214928580010622e-01 2.022733175312662335e-01 2.017655664845385000e-01 2.012005526492215424e-01 2.005802835758080938e-01 1.999063892261969677e-01 1.991800368077583372e-01 1.984017710882306218e-01 1.975713394192989136e-01 1.966876332096969549e-01 1.957488921259073755e-01 1.947530407706369593e-01 1.936977659015146069e-01 1.925799821748111207e-01 1.913951958555796251e-01 1.901382884502184623e-01 1.888027044914790398e-01 1.873754707024575528e-01 1.858182008539481789e-01 1.846030082356789614e-01 1.837160708405096987e-01 1.826846264857718560e-01 1.816893339202370894e-01 1.806538345526461642e-01 1.795469823706993262e-01 1.783665190201012829e-01 1.771232896137632240e-01 1.758885360673440590e-01 1.752087855872198618e-01 1.744670620861268062e-01 1.736585219484056142e-01 1.728258799563424930e-01 1.720082798028363114e-01 1.712814071573214025e-01 1.000000000000000020e+30 1.000000000000000020e+30 1.000000000000000020e+30 1.000000000000000020e+30 1.000000000000000020e+30 1.000000000000000020e+30 1.000000000000000020e+30 1.000000000000000020e+30 1.000000000000000020e+30 1.772570190111639188e-01 1.773735907421537805e-01 1.775205058096595290e-01 1.776810066516762709e-01 1.777466585825538681e-01 1.777465584328864201e-01 1.000000000000000020e+30
1.000000000000000020e+30 1.000000000000000020e+30 2.041342579318194683e-01 2.039970951587802006e-01 2.037902501720508519e-01 2.035194522913497950e-01 2.031847810770132656e-01 2.027867553389641475e-01 2.023267801947249700e-01 2.018065950061187497e-01 2.012278729966078539e-01 2.005920698804933844e-01 1.999004186293883434e-01 1.991538472041590457e-01 1.983528145554448174e-01 1.974971632811009514e-01 1.965860824042404698e-01 1.956182163767093141e-01 1.945918348781491281e-01 1.935049085247090850e-01 1.923550252263017402e-01 1.911393904179542191e-01 1.898553147616000858e-01 1.885008643197228217e-01 1.870768857459514378e-01 1.855976123090258556e-01 1.841463988029348464e-01 1.825501864980893230e-01 1.812836847438549781e-01 1.803669552524707342e-01 1.793643159228311690e-01 1.782449957235691662e-01 1.770239020294632204e-01 1.756698704375648512e-01 1.750688071635546350e-01 1.744538973041786234e-01 1.737794753210398224e-01 1.730398716734596054e-01 1.722526114335529157e-01 1.714118200578219342e-01 1.000000000000000020e+30 1.000000000000000020e+30 1.000000000000000020e+30 1.000000000000000020e+30 1.000000000000000020e+30 1.000000000000000020e+30 1.000000000000000020e+30 1.000000000000000020e+30 1.000000000000000020e+30 1.000000000000000020e+30 1.000000000000000020e+30 1.000000000000000020e+30 1.000000000000000020e+30 1.778260237982430270e-01 1.778416249226642820e-01 1.000000000000000020e+30 1.000000000000000020e+30
1.000000000000000020e+30 2.043503065053492995e-01 2.042303638422272027e-01 2.040683640022026568e-01 2.038468135128684022e-01 2.035625738624412540e-01 2.032147465256921859e-01 2.028036081379256117e-01 2.023302343242674994e-01 2.017959369868451980e-01 2.012019250703471762e-01 2.005492826986768617e-01 1.998389921492609023e-01 1.990718582763047473e-01 1.982483304658450851e-01 1.973683495986772174e-01 1.964313003575869077e-01 1.954360831816148170e-01 1.943812512615044341e-01 1.932651456591333305e-01 1.920860243652839083e-01 1.908423007638789803e-01 1.895330618109057064e-01 1.881589669704517853e-01 1.867240723473494457e-01 1.852394895335423286e-01 1.837253434061041912e-01 1.821621634537775869e-01 1.806320935165711405e-01 1.790210410097987093e-01 1.780820514931631682e-01 1.769354147140903000e-01 1.757049368315657389e-01 1.745253932458230572e-01 1.741536909913133091e-01 1.736492645132969026e-01 1.730478553057041013e-01 1.723597145190271240e-01 1.716235204602004905e-01 1.710079929085939199e-01 1.000000000000000020e+30 1.000000000000000020e+30 1.000000000000000020e+30 1.000000000000000020e+30 1.000000000000000020e+30 1.000000000000000020e+30 1.000000000000000020e+30 1.000000000000000020e+30 1.000000000000000020e+30 1.000000000000000020e+30 1.000000000000000020e+30 1.000000000000000020e+30 1.000000000000000020e+30 1.000000000000000020e+30 1.000000000000000020e+30 1.000000000000000020e+30 1.000000000000000020e+30
1.000000000000000020e+30 2.043598328791212948e-01 2.042582106712811374e-01 2.040889098794141931e-01 2.038558404329740559e-01 2.035588219882552008e-01 2.031975619901228991e-01 2.027724880571089294e-01 2.022845597757255698e-01 2.017348488287288300e-01 2.011242822882230163e-01 2.004537276335741358e-01 1.997240487468802950e-01 1.989360331315705999e-01 1.980901904803120950e-01 1.971865714084493626e-01 1.962246949342910940e-01 1.952036053785006775e-01 1.941220204534448712e-01 1.929785261452636458e-01 1.917718097817306677e-01 1.905009727029457756e-01 1.891659791227350840e-01 1.877682569589893546e-01 1.863114085938284425e-01 1.848014577937088232e-01 1.832438981130153910e-01 1.816316314792645326e-01 1.799520875104341500e-01 1.780871372376012507e-01 1.768980315715838192e-01 1.756003170701723182e-01 1.742257582667074700e-01 1.736273693129159190e-01 1.732621070412682374e-01 1.728324633293455148e-01 1.722938771010415482e-01 1.716185787144071662e-01 1.707644511119436048e-01 1.000000000000000020e+30 1.000000000000000020e+30 1.000000000000000020e+30 1.000000000000000020e+30 1.000000000000000020e+30 1.000000000000000020e+30 1.000000000000000020e+30 1.000000000000000020e+30 1.000000000000000020e+30 1.000000000000000020e+30 1.000000000000000020e+30 1.000000000000000020e+30 1.000000000000000020e+30 1.000000000000000020e+30 1.000000000000000020e+30 1.000000000000000020e+30 1.000000000000000020e+30 1.000000000000000020e+30
2.044211791960693358e-01 2.043606223721220749e-01 2.042434272833008602e-01 2.040630287954340316e-01 2.038183221435527492e-01 2.035086316169713860e-01 2.031337259347396618e-01 2.026941189277337296e-01 2.021907380677719357e-01 2.016245444762170547e-01 2.009963326885778612e-01 2.003068906883217482e-01 1.995570927224226965e-01 1.987478243244475695e-01 1.978797429888633774e-01 1.969530414438497024e-01 1.959673278376238559e-01 1.949216697313810032e-01 1.938147725406082766e-01 1.926452387916081088e-01 1.914118714732048476e-01 1.901140113292012490e-01 1.887519015589441407e-01 1.873270289188365412e-01 1.858422907095064747e-01 1.843015629789655496e-01 1.827077537198936452e-01 1.810590057230319905e-01 1.793481212598487806e-01 1.775552659914679532e-01 1.757132466998791998e-01 1.742327374456375810e-01 1.730226744020886553e-01 1.723870398428238304e-01 1.723257792767595997e-01 1.720155405933087855e-01 1.715675499243664581e-01 1.709382325053087071e-01 1.699521081223359098e-01 1.000000000000000020e+30 1.000000000000000020e+30 1.000000000000000020e+30 1.000000000000000020e+30 1.000000000000000020e+30 1.000000000000000020e+30 1.000000000000000020e+30 1.000000000000000020e+30 1.000000000000000020e+30 1.000000000000000020e+30 1.000000000000000020e+30 1.000000000000000020e+30 1.000000000000000020e+30 1.000000000000000020e+30 1.000000000000000020e+30 1.000000000000000020e+30 1.000000000000000020e+30 1.000000000000000020e+30
2.043713428815639999e-01 2.043079952333285987e-01 2.041818868176510371e-01 2.039913514486845492e-01 2.037352622628254839e-01 2.034129270123135880e-01 2.030241510705440011e-01 2.025694965695256367e-01 2.020498896158369750e-01 2.014662538561197147e-01 2.008193550114983905e-01 2.001100202126017691e-01 1.993392691640785142e-01 1.985082322979339620e-01 1.976178496995216471e-01 1.966685312493786364e-01 1.956599413608933746e-01 1.945910214421455453e-01 1.934602252954154833e-01 1.922658748294557018e-01 1.910065519417731561e-01 1.896814744323105650e-01 1.882908281678266904e-01 1.868359941042573857e-01 1.853195906048182851e-01 1.837452774279368928e-01 1.821171536212130848e-01 1.804391629154785126e-01 1.787167787242501804e-01 1.769632100340894354e-01 1.752290522715259091e-01 1.736470047385633431e-01 1.722894731506300070e-01 1.716124728753175843e-01 1.715293945958805133e-01 1.712273774645509117e-01 1.707661170267512074e-01 1.698941535471581443e-01 1.651680168704268425e-01 1.000000000000000020e+30 1.000000000000000020e+30 1.000000000000000020e+30 1.000000000000000020e+30 1.000000000000000020e+30 1.000000000000000020e+30 1.000000000000000020e+30 1.000000000000000020e+30 1.000000000000000020e+30 1.000000000000000020e+30 1.000000000000000020e+30 1.000000000000000020e+30 1.000000000000000020e+30 1.000000000000000020e+30 1.000000000000000020e+30 1.000000000000000020e+30 1.000000000000000020e+30 1.000000000000000020e+30
2.042745887755593182e-01 2.042079830424771980e-01 2.040748923394924141e-01 2.038750820994821300e-01 2.036079132829309024e-01 2.032729284950688942e-01 2.028700392124838381e-01 2.023998538451116935e-01 2.018632982533342946e-01 2.012612816616829170e-01 2.005945955727884422e-01 1.998642005441484681e-01 1.990714099056083430e-01 1.982178057229900814e-01 1.973048430847842427e-01 1.963333152037682883e-01 1.953029302084643148e-01 1.942122981828397210e-01 1.930592874959028149e-01 1.918415554387698507e-01 1.905570888662981854e-01 1.892046543407141235e-01 1.877841594826799299e-01 1.862968394109199288e-01 1.847452213731860804e-01 1.831333313083467196e-01 1.814670305310902010e-01 1.797543658497071928e-01 1.780072869225470256e-01 1.762424289161758084e-01 1.744834896995436646e-01 1.727275851812540286e-01 1.719152399594206793e-01 1.712790707537727442e-01 1.708429577559067991e-01 1.703585685296431784e-01 1.696001805599622048e-01 1.676843089847558088e-01 1.000000000000000020e+30 1.000000000000000020e+30 1.000000000000000020e+30 1.000000000000000020e+30 1.000000000000000020e+30 1.000000000000000020e+30 1.000000000000000020e+30 1.000000000000000020e+30 1.000000000000000020e+30 1.000000000000000020e+30 1.000000000000000020e+30 1.000000000000000020e+30 1.000000000000000020e+30 1.000000000000000020e+30 1.000000000000000020e+30 1.000000000000000020e+30 1.000000000000000020e+30 1.000000000000000020e+30 1.000000000000000020e+30
2.041342325557228832e-01 2.040643408141332438e-01 2.039247982851181140e-01 2.037160315028998525e-01 2.034378576174469266e-01 2.030901106719309457e-01 2.026728313776223755e-01 2.021866508335620760e-01 2.016324515382691973e-01 2.010110896336720077e-01 2.003233719638161936e-01 1.995704432208659784e-01 1.987540670124040010e-01 1.978765789525727403e-01 1.969403731391682066e-01 1.959469965690023296e-01 1.948962226931043873e-01 1.937860054701628365e-01 1.926131213809496034e-01 1.913740320950240992e-01 1.900656821473439562e-01 1.886860299241446826e-01 1.872345246163659993e-01 1.857122918276237489e-01 1.841215493188792240e-01 1.824663286241095805e-01 1.807538797721290058e-01 1.789946312438041032e-01 1.772062517402257786e-01 1.754064654010835944e-01 1.736257294086248903e-01 1.719070631352414280e-01 1.712558547962363398e-01 1.706366159599883858e-01 1.700588748691463925e-01 1.693934993758546559e-01 1.684289959419846827e-01 1.668646217793086917e-01 1.000000000000000020e+30 1.000000000000000020e+30 1.000000000000000020e+30 1.000000000000000020e+30 1.000000000000000020e+30 1.000000000000000020e+30 1.000000000000000020e+30 1.000000000000000020e+30 1.000000000000000020e+30 1.000000000000000020e+30 1.000000000000000020e+30 1.000000000000000020e+30 1.000000000000000020e+30 1.000000000000000020e+30 1.000000000000000020e+30 1.000000000000000020e+30 1.000000000000000020e+30 1.000000000000000020e+30 1.000000000000000020e+30
2.039535894153310935e-01 2.038802684269558352e-01 2.037341688059299827e-01 2.035162769474311850e-01 2.032268792278686120e-01 2.028661221829082262e-01 2.024341589592485169e-01 2.019315753760459187e-01 2.013591032508188217e-01 2.007174204428380515e-01 2.000072373136605741e-01 1.992298413140882185e-01 1.983875719429620266e-01 1.974839402444776015e-01 1.965230719524184155e-01 1.955081381149836317e-01 1.944390307958011044e-01 1.933124390946281135e-01 1.921232120656997666e-01 1.908658295292829377e-01 1.895356656002815388e-01 1.881293971197383896e-01 1.866458344585587847e-01 1.850865768728121863e-01 1.834527953406016043e-01 1.817470947845924167e-01 1.799781331397117823e-01 1.781546679914727815e-01 1.763073139446369175e-01 1.744422397959543014e-01 1.725968175090861756e-01 1.710561683739116878e-01 1.704555502661076472e-01 1.698323428939995661e-01 1.692091639501518974e-01 1.684610025363305619e-01 1.675332015787099338e-01 1.665619066618077571e-01 1.000000000000000020e+30 1.000000000000000020e+30 1.000000000000000020e+30 1.000000000000000020e+30 1.000000000000000020e+30 1.000000000000000020e+30 1.000000000000000020e+30 1.000000000000000020e+30 1.000000000000000020e+30 1.000000000000000020e+30 1.000000000000000020e+30 1.000000000000000020e+30 1.000000000000000020e+30 1.000000000000000020e+30 1.000000000000000020e+30 1.000000000000000020e+30 1.000000000000000020e+30 1.000000000000000020e+30 1.000000000000000020e+30
2.037361139832748191e-01 2.036589267588631569e-01 2.035056277088400367e-01 2.032779544468619748e-01 2.029767988340802076e-01 2.026026633184423165e-01 2.021557697292912514e-01 2.016365363839044411e-01 2.010453548725955331e-01 2.003824802705313213e-01 1.996482532205940963e-01 1.988438711300326567e-01 1.979722155507852299e-01 1.970384427148434425e-01 1.960498654444474409e-01 1.950135429260635989e-01 1.939294152008468053e-01 1.927915790980313793e-01 1.915915164730318809e-01 1.903204752360593000e-01 1.889718524677002354e-01 1.875402137815010417e-01 1.860230784788196867e-01 1.844257335607827342e-01 1.827464225482640370e-01 1.809816753359074493e-01 1.791474945791088624e-01 1.772292313495262839e-01 1.753167970807651133e-01 1.733491832755773565e-01 1.711396851256880014e-01 1.702772143342262123e-01 1.695196046000033707e-01 1.688501850930654025e-01 1.682724198054379727e-01 1.675314423148921705e-01 1.666196795574299283e-01 1.000000000000000020e+30 1.000000000000000020e+30 1.000000000000000020e+30 1.000000000000000020e+30 1.000000000000000020e+30 1.000000000000000020e+30 1.000000000000000020e+30 1.000000000000000020e+30 1.000000000000000020e+30 1.000000000000000020e+30 1.000000000000000020e+30 1.000000000000000020e+30 1.000000000000000020e+30 1.000000000000000020e+30 1.000000000000000020e+30 1.000000000000000020e+30 1.000000000000000020e+30 1.000000000000000020e+30 1.000000000000000020e+30 1.000000000000000020e+30
2.034856999802268085e-01 2.034036833785291543e-01 2.032418119869190132e-01 2.030030831513794098e-01 2.026892766034948112e-01 2.023013141094746337e-01 2.018394082667665512e-01 2.013036268549822372e-01 2.006937405553618492e-01 2.000091882115076214e-01 1.992494310863411611e-01 1.984149907437535998e-01 1.975087958270333455e-01 1.965376881135355025e-01 1.955144641329033539e-01 1.944568705713995149e-01 1.933636210955808898e-01 1.922230298593798348e-01 1.910208665813237228e-01 1.897427803760489973e-01 1.883811719449254296e-01 1.869267076873025457e-01 1.853708016117810720e-01 1.837372346083450680e-01 1.820159737440367465e-01 1.801762598266541948e-01 1.782915518400581545e-01 1.761853355774752883e-01 1.742576314422276396e-01 1.723423057787973056e-01 1.704738982098876199e-01 1.692017866221825206e-01 1.682885894108534508e-01 1.675610080104172617e-01 1.673254466140779440e-01 1.667315604885066249e-01 1.658820775456333607e-01 1.000000000000000020e+30 1.000000000000000020e+30 1.000000000000000020e+30 1.000000000000000020e+30 1.000000000000000020e+30 1.000000000000000020e+30 1.000000000000000020e+30 1.000000000000000020e+30 1.000000000000000020e+30 1.000000000000000020e+30 1.000000000000000020e+30 1.000000000000000020e+30 1.000000000000000020e+30 1.000000000000000020e+30 1.000000000000000020e+30 1.000000000000000020e+30 1.000000000000000020e+30 1.000000000000000020e+30 1.000000000000000020e+30 1.000000000000000020e+30
2.032072061054603640e-01 2.031183163898477306e-01 2.029452577725314177e-01 2.026933087896508612e-01 2.023655348952486666e-01 2.019632869345178716e-01 2.014866214546790213e-01 2.009350173648395133e-01 2.003072727559727373e-01 1.996014647914409745e-01 1.988153766063958383e-01 1.979477438893071095e-01 1.970001477089152464e-01 1.959790143120469785e-01 1.949035168666534701e-01 1.938259970108822949e-01 1.927353029347060320e-01 1.916061503191482662e-01 1.904162147102178293e-01 1.891386954417758615e-01 1.877734819705716984e-01 1.862985073027304261e-01 1.846681669735299736e-01 1.830045053382761966e-01 1.812683796379814249e-01 1.792707399851795058e-01 1.775072210759036928e-01 1.759851884267985833e-01 1.741987698037186505e-01 1.723024398841017102e-01 1.702541797340830498e-01 1.688353745097229131e-01 1.679680419927078727e-01 1.669303985754222730e-01 1.666828038874103579e-01 1.661298744323232435e-01 1.652808841052532118e-01 1.640948268888904049e-01 1.000000000000000020e+30 1.000000000000000020e+30 1.000000000000000020e+30 1.000000000000000020e+30 1.000000000000000020e+30 1.000000000000000020e+30 1.000000000000000020e+30 1.000000000000000020e+30 1.000000000000000020e+30 1.000000000000000020e+30 1.000000000000000020e+30 1.000000000000000020e+30 1.000000000000000020e+30 1.000000000000000020e+30 1.000000000000000020e+30 1.000000000000000020e+30 1.000000000000000020e+30 1.000000000000000020e+30 1.000000000000000020e+30
2.029075336865101553e-01 2.028071718494611486e-01 2.026180409481988520e-01 2.023494426721312855e-01 2.020059517317659703e-01 2.015890839749040764e-01 2.010984580179991377e-01 2.005327194565997839e-01 1.998893608533836852e-01 1.991644496541858933e-01 1.983530365322624667e-01 1.974504057617133268e-01 1.964549272680497227e-01 1.953646827413088316e-01 1.941846927959073876e-01 1.930984645820740531e-01 1.920356027819969669e-01 1.909401700231752319e-01 1.897594812155823651e-01 1.884696920824322774e-01 1.870944091798368014e-01 1.855876252577512708e-01 1.837292768618069838e-01 1.821000683010446375e-01 1.805549887456528169e-01 1.792395326959311808e-01 1.776080786444239612e-01 1.759150983196383355e-01 1.741240914268205320e-01 1.722944063382402802e-01 1.705086990767144817e-01 1.689982307842662623e-01 1.677262663301345713e-01 1.665662085786584201e-01 1.662686852517341607e-01 1.657041027156514745e-01 1.648967104280054663e-01 1.638829790877637249e-01 1.000000000000000020e+30 1.000000000000000020e+30 1.000000000000000020e+30 1.000000000000000020e+30 1.000000000000000020e+30 1.000000000000000020e+30 1.000000000000000020e+30 1.000000000000000020e+30 1.000000000000000020e+30 1.000000000000000020e+30 1.000000000000000020e+30 1.000000000000000020e+30 1.000000000000000020e+30 1.000000000000000020e+30 1.000000000000000020e+30 1.000000000000000020e+30 1.000000000000000020e+30 1.000000000000000020e+30 1.000000000000000020e+30
2.025981773841544764e-01 2.024748722269772427e-01 2.022607583157539912e-01 2.019706405692142936e-01 2.016095191738070391e-01 2.011780885781551953e-01 2.006750500176280039e-01 2.000981371839149481e-01 1.994434667462243738e-01 1.987044249798895212e-01 1.978721813497725524e-01 1.969359359904992168e-01 1.958943921006188471e-01 1.947300804905798544e-01 1.932622245884698942e-01 1.922378158498236622e-01 1.912339228776631372e-01 1.901252904010763689e-01 1.888824560861923352e-01 1.875585010564015664e-01 1.861905024168227230e-01 1.848655399721431947e-01 1.838697667469717523e-01 1.824671920799944003e-01 1.809604496817062147e-01 1.794020361376341688e-01 1.776724041206385885e-01 1.758547927803871813e-01 1.740053685897010316e-01 1.721679016712293897e-01 1.704288771707416217e-01 1.688455651215365061e-01 1.672639916505329616e-01 1.663328618132146330e-01 1.660019196092968607e-01 1.654015972145507218e-01 1.645989120900889502e-01 1.636302106428193515e-01 1.000000000000000020e+30 1.000000000000000020e+30 1.000000000000000020e+30 1.000000000000000020e+30 1.000000000000000020e+30 1.000000000000000020e+30 1.000000000000000020e+30 1.000000000000000020e+30 1.000000000000000020e+30 1.000000000000000020e+30 1.000000000000000020e+30 1.000000000000000020e+30 1.000000000000000020e+30 1.000000000000000020e+30 1.000000000000000020e+30 1.000000000000000020e+30 1.000000000000000020e+30 1.000000000000000020e+30 1.000000000000000020e+30
2.023020925178942442e-01 2.021234633232174560e-01 2.018699294663387767e-01 2.015531373648084823e-01 2.011733168555232265e-01 2.007282436856949459e-01 2.002151122835354180e-01 1.996312909308315675e-01 1.989723460504567720e-01 1.982281581644571578e-01 1.973857114017598668e-01 1.964168817487089158e-01 1.953465873986966195e-01 1.942888444988799534e-01 1.930653114245853008e-01 1.925286608492434992e-01 1.917127979145601402e-01 1.906932251921213683e-01 1.895403596186413520e-01 1.882618072431763712e-01 1.868894014598996012e-01 1.856232302395581235e-01 1.844444629867170449e-01 1.830705013437027295e-01 1.815363365528800677e-01 1.797834060800694855e-01 1.778187763821546252e-01 1.757729872240526292e-01 1.738083787346233200e-01 1.718814540833371596e-01 1.701472215445379299e-01 1.686153580339327385e-01 1.671464822717687593e-01 1.664884698676467323e-01 1.658848615912379976e-01 1.651819392415262433e-01 1.643472206870837116e-01 1.633799059944797127e-01 1.000000000000000020e+30 1.000000000000000020e+30 1.000000000000000020e+30 1.000000000000000020e+30 1.000000000000000020e+30 1.000000000000000020e+30 1.000000000000000020e+30 1.000000000000000020e+30 1.000000000000000020e+30 1.000000000000000020e+30 1.000000000000000020e+30 1.000000000000000020e+30 1.000000000000000020e+30 1.000000000000000020e+30 1.000000000000000020e+30 1.000000000000000020e+30 1.000000000000000020e+30 1.000000000000000020e+30 1.000000000000000020e+30
2.020746019328825416e-01 2.017370293369021017e-01 2.014327525653291928e-01 2.010891161584712206e-01 2.006925298088799436e-01 2.002362116299004624e-01 1.997154679232214514e-01 1.991294448523022731e-01 1.984768085821393413e-01 1.977407754053787381e-01 1.968926806015268705e-01 1.958369968322807575e-01 1.945693457664228465e-01 1.937248503351056972e-01 1.934398195134056642e-01 1.930007115869996071e-01 1.923230303414663334e-01 1.913574483684222505e-01 1.904790259023490806e-01 1.895475731137450937e-01 1.882027347518755167e-01 1.871141976897018888e-01 1.860670657602502276e-01 1.848419160021733398e-01 1.833387045441891017e-01 1.808896390550715771e-01 1.786965473684805628e-01 1.763876567698889897e-01 1.737245608410653286e-01 1.713248178566174340e-01 1.696851703745084206e-01 1.683228576225239137e-01 1.672386245939971317e-01 1.664699566715069912e-01 1.657475027111383337e-01 1.649745726077058994e-01 1.641082698678097973e-01 1.631318293457564295e-01 1.000000000000000020e+30 1.000000000000000020e+30 1.000000000000000020e+30 1.000000000000000020e+30 1.000000000000000020e+30 1.000000000000000020e+30 1.000000000000000020e+30 1.000000000000000020e+30 1.000000000000000020e+30 1.000000000000000020e+30 1.000000000000000020e+30 1.000000000000000020e+30 1.000000000000000020e+30 1.000000000000000020e+30 1.000000000000000020e+30 1.000000000000000020e+30 1.000000000000000020e+30 1.000000000000000020e+30 1.000000000000000020e+30
1.000000000000000020e+30 2.012072953164155409e-01 2.009251319194073626e-01 2.005684520157499096e-01 2.001618669893587277e-01 1.996985502191901962e-01 1.991707615065209380e-01 1.985841929770375269e-01 1.979378500942597374e-01 1.971205637875505234e-01 1.961856976062816282e-01 1.949231870689053792e-01 1.947584445705237421e-01 1.943213271443469947e-01 1.939977894348021425e-01 1.938630449588008287e-01 1.937601049718983004e-01 1.949911176831764237e-01 1.915839425440817867e-01 1.910784230070087242e-01 1.000000000000000020e+30 1.880311883397799144e-01 1.873856617561526217e-01 1.864962527783531887e-01 1.856987542690614335e-01 1.000000000000000020e+30 1.000000000000000020e+30 1.000000000000000020e+30 1.735267058345399127e-01 1.715800065143361086e-01 1.692456876613102068e-01 1.678961725657268367e-01 1.670101604266657491e-01 1.662855036456661884e-01 1.655409689234668691e-01 1.647410910394009054e-01 1.638596376990563153e-01 1.628752463696928887e-01 1.617547431077315245e-01 1.000000000000000020e+30 1.000000000000000020e+30 1.000000000000000020e+30 1.000000000000000020e+30 1.000000000000000020e+30 1.000000000000000020e+30 1.000000000000000020e+30 1.000000000000000020e+30 1.000000000000000020e+30 1.000000000000000020e+30 1.000000000000000020e+30 1.000000000000000020e+30 1.000000000000000020e+30 1.000000000000000020e+30 1.000000000000000020e+30 1.000000000000000020e+30 1.000000000000000020e+30 1.000000000000000020e+30
1.000000000000000020e+30 2.008497319594180208e-01 2.003821389029359912e-01 1.999881088949322649e-01 1.995785289548814012e-01 1.991155397567085095e-01 1.985746976516877260e-01 1.979323090899060555e-01 1.971603572028091111e-01 1.957091936182584480e-01 1.942523840143921821e-01 1.952077514110059642e-01 1.953795769303954544e-01 1.955597080064099547e-01 1.976891414551065762e-01 1.951551465892629178e-01 1.950859198769854808e-01 1.000000000000000020e+30 1.000000000000000020e+30 1.000000000000000020e+30 1.000000000000000020e+30 1.000000000000000020e+30 1.000000000000000020e+30 1.000000000000000020e+30 1.000000000000000020e+30 1.000000000000000020e+30 1.000000000000000020e+30 1.000000000000000020e+30 1.737024188092328447e-01 1.723155718117641844e-01 1.695687581607191186e-01 1.674171802750898941e-01 1.666778506795773829e-01 1.660012457563419530e-01 1.652700767841882024e-01 1.644696420426311478e-01 1.635941565047138724e-01 1.626350402088707070e-01 1.615931776068348924e-01 1.000000000000000020e+30 1.000000000000000020e+30 1.000000000000000020e+30 1.000000000000000020e+30 1.000000000000000020e+30 1.000000000000000020e+30 1.000000000000000020e+30 1.000000000000000020e+30 1.000000000000000020e+30 1.000000000000000020e+30 1.000000000000000020e+30 1.000000000000000020e+30 1.000000000000000020e+30 1.000000000000000020e+30 1.000000000000000020e+30 1.000000000000000020e+30 1.000000000000000020e+30 1.000000000000000020e+30
1.000000000000000020e+30 1.000000000000000020e+30 1.996556240206917021e-01 1.993135128560625802e-01 1.989389002962382857e-01 1.984940954659251411e-01 1.978889218976695730e-01 1.968846961902039339e-01 1.959486464530120764e-01 1.963538349882969769e-01 1.958915109396174303e-01 1.961650096755428452e-01 1.000000000000000020e+30 1.000000000000000020e+30 1.000000000000000020e+30 1.000000000000000020e+30 1.000000000000000020e+30 1.000000000000000020e+30 1.000000000000000020e+30 1.000000000000000020e+30 1.000000000000000020e+30 1.000000000000000020e+30 1.000000000000000020e+30 1.000000000000000020e+30 1.000000000000000020e+30 1.000000000000000020e+30 1.000000000000000020e+30 1.000000000000000020e+30 1.000000000000000020e+30 1.000000000000000020e+30 1.686577067905281058e-01 1.672045901295180770e-01 1.663533295122747169e-01 1.656709269317122313e-01 1.649487847113792760e-01 1.641537031873550323e-01 1.632929624575911454e-01 1.623578883722442134e-01 1.613476091891193898e-01 1.000000000000000020e+30 1.000000000000000020e+30 1.000000000000000020e+30 1.000000000000000020e+30 1.000000000000000020e+30 1.000000000000000020e+30 1.000000000000000020e+30 1.000000000000000020e+30 1.000000000000000020e+30 1.000000000000000020e+30 1.000000000000000020e+30 1.000000000000000020e+30 1.000000000000000020e+30 1.000000000000000020e+30 1.000000000000000020e+30 1.000000000000000020e+30 1.000000000000000020e+30 1.000000000000000020e+30
1.000000000000000020e+30 1.000000000000000020e+30 1.991612695198514693e-01 1.985380662722761314e-01 1.981758444450705536e-01 1.977251457918489386e-01 1.969987502848178085e-01 1.972348246966100782e-01 1.974943840272570528e-01 1.975872638194272335e-01 1.000000000000000020e+30 1.000000000000000020e+30 1.000000000000000020e+30 1.000000000000000020e+30 1.000000000000000020e+30 1.000000000000000020e+30 1.000000000000000020e+30 1.000000000000000020e+30 1.000000000000000020e+30 1.000000000000000020e+30 1.000000000000000020e+30 1.000000000000000020e+30 1.000000000000000020e+30 1.000000000000000020e+30 1.000000000000000020e+30 1.000000000000000020e+30 1.000000000000000020e+30 1.000000000000000020e+30 1.000000000000000020e+30 1.000000000000000020e+30 1.000000000000000020e+30 1.671018949280996257e-01 1.660667470487195430e-01 1.653192854802492673e-01 1.645807727770505213e-01 1.637838325821484031e-01 1.629466856284066123e-01 1.620362708745651803e-01 1.610480100941247272e-01 1.000000000000000020e+30 1.000000000000000020e+30 1.000000000000000020e+30 1.000000000000000020e+30 1.000000000000000020e+30 1.000000000000000020e+30 1.000000000000000020e+30 1.000000000000000020e+30 1.000000000000000020e+30 1.000000000000000020e+30 1.000000000000000020e+30 1.000000000000000020e+30 1.000000000000000020e+30 1.000000000000000020e+30 1.000000000000000020e+30 1.000000000000000020e+30 1.000000000000000020e+30 1.000000000000000020e+30
1.000000000000000020e+30 1.000000000000000020e+30 1.000000000000000020e+30 1.971214939747081285e-01 1.969836888474082726e-01 1.964360857176407904e-01 1.972719317779025039e-01 1.981807003269403789e-01 1.986533291850822447e-01 1.000000000000000020e+30 1.000000000000000020e+30 1.000000000000000020e+30 1.000000000000000020e+30 1.000000000000000020e+30 1.000000000000000020e+30 1.000000000000000020e+30 1.000000000000000020e+30 1.000000000000000020e+30 1.000000000000000020e+30 1.000000000000000020e+30 1.000000000000000020e+30 1.000000000000000020e+30 1.000000000000000020e+30 1.000000000000000020e+30 1.000000000000000020e+30 1.000000000000000020e+30 1.000000000000000020e+30 1.000000000000000020e+30 1.000000000000000020e+30 1.000000000000000020e+30 1.000000000000000020e+30 1.000000000000000020e+30 1.660149557066687154e-01 1.650061083372039716e-01 1.641790774491305172e-01 1.633347182774681772e-01 1.625542736175926151e-01 1.616728755309383148e-01 1.607144414193958371e-01 1.000000000000000020e+30 1.000000000000000020e+30 1.000000000000000020e+30 1.000000000000000020e+30 1.000000000000000020e+30 1.000000000000000020e+30 1.000000000000000020e+30 1.000000000000000020e+30 1.000000000000000020e+30 1.000000000000000020e+30 1.000000000000000020e+30 1.000000000000000020e+30 1.000000000000000020e+30 1.000000000000000020e+30 1.000000000000000020e+30 1.000000000000000020e+30 1.000000000000000020e+30 1.000000000000000020e+30
1.000000000000000020e+30 1.000000000000000020e+30 1.000000000000000020e+30 1.951365402538565164e-01 1.951289354633828632e-01 1.970458643864366477e-01 1.984088127746207186e-01 1.990760045590152516e-01 1.000000000000000020e+30 1.000000000000000020e+30 1.000000000000000020e+30 1.000000000000000020e+30 1.000000000000000020e+30 1.000000000000000020e+30 1.000000000000000020e+30 1.000000000000000020e+30 1.000000000000000020e+30 1.000000000000000020e+30 1.000000000000000020e+30 1.000000000000000020e+30 1.000000000000000020e+30 1.000000000000000020e+30 1.000000000000000020e+30 1.000000000000000020e+30 1.000000000000000020e+30 1.000000000000000020e+30 1.000000000000000020e+30 1.000000000000000020e+30 1.000000000000000020e+30 1.000000000000000020e+30 1.000000000000000020e+30 1.000000000000000020e+30 1.000000000000000020e+30 1.649448524021662199e-01 1.638100018309945616e-01 1.628266075560270976e-01 1.621436960099720825e-01 1.612670542901028237e-01 1.603745685256479370e-01 1.000000000000000020e+30 1.000000000000000020e+30 1.000000000000000020e+30 1.000000000000000020e+30 1.000000000000000020e+30 1.000000000000000020e+30 1.000000000000000020e+30 1.000000000000000020e+30 1.000000000000000020e+30 1.000000000000000020e+30 1.000000000000000020e+30 1.000000000000000020e+30 1.000000000000000020e+30 1.000000000000000020e+30 1.000000000000000020e+30 1.000000000000000020e+30 1.000000000000000020e+30 1.000000000000000020e+30
1.000000000000000020e+30 1.000000000000000020e+30 1.000000000000000020e+30 1.000000000000000020e+30 1.993538621431692748e-01 1.989921997609256366e-01 1.994817562677731748e-01 1.000000000000000020e+30 1.000000000000000020e+30 1.000000000000000020e+30 1.000000000000000020e+30 1.000000000000000020e+30 1.000000000000000020e+30 1.000000000000000020e+30 1.000000000000000020e+30 1.000000000000000020e+30 1.000000000000000020e+30 1.000000000000000020e+30 1.000000000000000020e+30 1.000000000000000020e+30 1.000000000000000020e+30 1.000000000000000020e+30 1.000000000000000020e+30 1.000000000000000020e+30 1.000000000000000020e+30 1.000000000000000020e+30 1.000000000000000020e+30 1.000000000000000020e+30 1.000000000000000020e+30 1.000000000000000020e+30 1.000000000000000020e+30 1.000000000000000020e+30 1.000000000000000020e+30 1.000000000000000020e+30 1.635456921132817654e-01 1.624618537728478862e-01 1.618665086503319750e-01 1.607577489865484044e-01 1.600921266585217939e-01 1.000000000000000020e+30 1.000000000000000020e+30 1.000000000000000020e+30 1.000000000000000020e+30 1.000000000000000020e+30 1.000000000000000020e+30 1.000000000000000020e+30 1.000000000000000020e+30 1.000000000000000020e+30 1.000000000000000020e+30 1.000000000000000020e+30 1.000000000000000020e+30 1.000000000000000020e+30 1.000000000000000020e+30 1.000000000000000020e+30 1.000000000000000020e+30 1.000000000000000020e+30 1.000000000000000020e+30
1.000000000000000020e+30 1.000000000000000020e+30 1.000000000000000020e+30 1.000000000000000020e+30 2.022184454766238759e-01 1.000000000000000020e+30 1.000000000000000020e+30 1.000000000000000020e+30 1.000000000000000020e+30 1.000000000000000020e+30 1.000000000000000020e+30 1.000000000000000020e+30 1.000000000000000020e+30 1.000000000000000020e+30 1.000000000000000020e+30 1.000000000000000020e+30 1.000000000000000020e+30 1.000000000000000020e+30 1.000000000000000020e+30 1.000000000000000020e+30 1.000000000000000020e+30 1.000000000000000020e+30 1.000000000000000020e+30 1.000000000000000020e+30 1.000000000000000020e+30 1.000000000000000020e+30 1.000000000000000020e+30 1.000000000000000020e+30 1.000000000000000020e+30 1.000000000000000020e+30 1.000000000000000020e+30 1.000000000000000020e+30 1.000000000000000020e+30 1.000000000000000020e+30 1.000000000000000020e+30 1.623754206014725587e-01 1.621339487123268641e-01 1.000000000000000020e+30 1.000000000000000020e+30 1.000000000000000020e+30 1.000000000000000020e+30 1.000000000000000020e+30 1.000000000000000020e+30 1.000000000000000020e+30 1.000000000000000020e+30 1.000000000000000020e+30 1.000000000000000020e+30 1.000000000000000020e+30 1.000000000000000020e+30 1.000000000000000020e+30 1.000000000000000020e+30 1.000000000000000020e+30 1.000000000000000020e+30 1.000000000000000020e+30 1.000000000000000020e+30 1.000000000000000020e+30 1.000000000000000020e+30
