1.000000000000000020e+30 1.000000000000000020e+30 1.000000000000000020e+30 1.000000000000000020e+30 1.000000000000000020e+30 1.000000000000000020e+30 1.000000000000000020e+30 1.000000000000000020e+30 1.000000000000000020e+30 1.000000000000000020e+30 1.000000000000000020e+30 1.000000000000000020e+30 1.000000000000000020e+30 1.000000000000000020e+30 1.000000000000000020e+30 1.000000000000000020e+30 1.000000000000000020e+30 1.000000000000000020e+30 1.000000000000000020e+30 1.000000000000000020e+30 1.000000000000000020e+30 1.000000000000000020e+30 1.000000000000000020e+30 1.000000000000000020e+30 1.000000000000000020e+30 1.000000000000000020e+30 1.000000000000000020e+30 1.000000000000000020e+30 1.000000000000000020e+30 1.000000000000000020e+30 1.000000000000000020e+30 1.000000000000000020e+30 1.000000000000000020e+30 1.000000000000000020e+30 1.000000000000000020e+30 1.000000000000000020e+30 1.000000000000000020e+30 1.000000000000000020e+30 1.000000000000000020e+30 1.000000000000000020e+30 1.000000000000000020e+30 1.000000000000000020e+30 1.000000000000000020e+30 1.000000000000000020e+30 1.000000000000000020e+30 1.000000000000000020e+30 1.000000000000000020e+30 1.000000000000000020e+30 1.000000000000000020e+30 1.000000000000000020e+30 1.000000000000000020e+30 1.000000000000000020e+30 1.000000000000000020e+30 1.000000000000000020e+30 1.000000000000000020e+30 1.000000000000000020e+30 1.000000000000000020e+30
1.000000000000000020e+30 1.000000000000000020e+30 1.000000000000000020e+30 1.000000000000000020e+30 1.000000000000000020e+30 1.000000000000000020e+30 1.000000000000000020e+30 1.000000000000000020e+30 1.000000000000000020e+30 1.000000000000000020e+30 1.000000000000000020e+30 1.000000000000000020e+30 1.000000000000000020e+30 1.000000000000000020e+30 1.000000000000000020e+30 1.000000000000000020e+30 1.000000000000000020e+30 1.000000000000000020e+30 1.000000000000000020e+30 1.000000000000000020e+30 1.000000000000000020e+30 1.000000000000000020e+30 1.000000000000000020e+30 1.000000000000000020e+30 1.000000000000000020e+30 1.000000000000000020e+30 1.000000000000000020e+30 1.480578378496376080e-01 1.485603224381667753e-01 1.492332086557650594e-01 1.499645014596338310e-01 1.507092561842650336e-01 1.514459089473453035e-01 1.521621155896271116e-01 1.528497255712068792e-01 1.535026571016869790e-01 1.541158507833490510e-01 1.546846155455254557e-01 1.552040843231468348e-01 1.556684661207590192e-01 1.560694674745232713e-01 1.563921047812777132e-01 1.566020254216058949e-01 1.000000000000000020e+30 1.000000000000000020e+30 1.000000000000000020e+30 1.000000000000000020e+30 1.000000000000000020e+30 1.000000000000000020e+30 1.000000000000000020e+30 1.000000000000000020e+30 1.000000000000000020e+30 1.000000000000000020e+30 1.000000000000000020e+30 1.000000000000000020e+30 1.000000000000000020e+30 1.000000000000000020e+30
1.000000000000000020e+30 1.000000000000000020e+30 1.000000000000000020e+30 1.000000000000000020e+30 1.000000000000000020e+30 1.000000000000000020e+30 1.000000000000000020e+30 1.000000000000000020e+30 1.000000000000000020e+30 1.000000000000000020e+30 1.000000000000000020e+30 1.000000000000000020e+30 1.000000000000000020e+30 1.000000000000000020e+30 1.000000000000000020e+30 1.000000000000000020e+30 1.000000000000000020e+30 1.000000000000000020e+30 1.000000000000000020e+30 1.000000000000000020e+30 1.000000000000000020e+30 1.000000000000000020e+30 1.000000000000000020e+30 1.000000000000000020e+30 1.447134561579398182e-01 1.453687412301984949e-01 1.463018526293647648e-01 1.474373396067071296e-01 1.482718361720173350e-01 1.490566212927396661e-01 1.498326570360135057e-01 1.505989309704765244e-01 1.513478558690636577e-01 1.520721581182747917e-01 1.527657922452672623e-01 1.534237190278194551e-01 1.540415191128456096e-01 1.546150516026434107e-01 1.551402175037196463e-01 1.556128170399491417e-01 1.560287315038893508e-01 1.563856319194389943e-01 1.566926104166511402e-01 1.570155184068182386e-01 1.572779184881913095e-01 1.574817726208226076e-01 1.576248016959582998e-01 1.577016991234125587e-01 1.000000000000000020e+30 1.000000000000000020e+30 1.000000000000000020e+30 1.000000000000000020e+30 1.000000000000000020e+30 1.000000000000000020e+30 1.000000000000000020e+30 1.000000000000000020e+30 1.000000000000000020e+30
1.000000000000000020e+30 1.000000000000000020e+30 1.000000000000000020e+30 1.000000000000000020e+30 1.000000000000000020e+30 1.000000000000000020e+30 1.000000000000000020e+30 1.000000000000000020e+30 1.000000000000000020e+30 1.000000000000000020e+30 1.000000000000000020e+30 1.000000000000000020e+30 1.000000000000000020e+30 1.000000000000000020e+30 1.000000000000000020e+30 1.000000000000000020e+30 1.000000000000000020e+30 1.000000000000000020e+30 1.000000000000000020e+30 1.000000000000000020e+30 1.000000000000000020e+30 1.407363969431503214e-01 1.414843415975646501e-01 1.425750479765469370e-01 1.439406154905827351e-01 1.449732703958090119e-01 1.459817048740716661e-01 1.469997908212284099e-01 1.479150930111117479e-01 1.487707854737494173e-01 1.495925427976309563e-01 1.503878671307610770e-01 1.511562858472746962e-01 1.518946804361006042e-01 1.525993276767706186e-01 1.532665650232027943e-01 1.538929190911216827e-01 1.544750783554572904e-01 1.550099242832574387e-01 1.554947376166348760e-01 1.559278222459297703e-01 1.563100599478008390e-01 1.566482482951829791e-01 1.569567140768047264e-01 1.572169661948519537e-01 1.574229373438268687e-01 1.575711453159228115e-01 1.576590291475683525e-01 1.576870398855724775e-01 1.000000000000000020e+30 1.000000000000000020e+30 1.000000000000000020e+30 1.000000000000000020e+30 1.000000000000000020e+30 1.000000000000000020e+30 1.000000000000000020e+30 1.000000000000000020e+30
1.000000000000000020e+30 1.000000000000000020e+30 1.000000000000000020e+30 1.000000000000000020e+30 1.000000000000000020e+30 1.000000000000000020e+30 1.000000000000000020e+30 1.000000000000000020e+30 1.000000000000000020e+30 1.000000000000000020e+30 1.000000000000000020e+30 1.000000000000000020e+30 1.000000000000000020e+30 1.000000000000000020e+30 1.000000000000000020e+30 1.000000000000000020e+30 1.000000000000000020e+30 1.000000000000000020e+30 1.364705889289058727e-01 1.372323577715873211e-01 1.383836923768716198e-01 1.398714227214686856e-01 1.410244522699100334e-01 1.421829151751234921e-01 1.433827670307093738e-01 1.444842081180308935e-01 1.455340192490115758e-01 1.465471929852840971e-01 1.475001431731590706e-01 1.484010408909729462e-01 1.492609416884235762e-01 1.500856640066960956e-01 1.508766102479630611e-01 1.516327647997624539e-01 1.523520441750317034e-01 1.530319882480671578e-01 1.536700533869574115e-01 1.542637417044781523e-01 1.548107458110599133e-01 1.553092592369562097e-01 1.557584471684497207e-01 1.561591071306953349e-01 1.565141136435258817e-01 1.568264625709724358e-01 1.570905932974759889e-01 1.573021458000481432e-01 1.574580600606779734e-01 1.575562036909572416e-01 1.575954661307412408e-01 1.575746160765022219e-01 1.000000000000000020e+30 1.000000000000000020e+30 1.000000000000000020e+30 1.000000000000000020e+30 1.000000000000000020e+30 1.000000000000000020e+30 1.000000000000000020e+30
1.000000000000000020e+30 1.000000000000000020e+30 1.000000000000000020e+30 1.000000000000000020e+30 1.000000000000000020e+30 1.000000000000000020e+30 1.000000000000000020e+30 1.000000000000000020e+30 1.000000000000000020e+30 1.000000000000000020e+30 1.000000000000000020e+30 1.000000000000000020e+30 1.000000000000000020e+30 1.000000000000000020e+30 1.000000000000000020e+30 1.000000000000000020e+30 1.334286039474437136e-01 1.342409391255079965e-01 1.355923368430408393e-01 1.367262119696477929e-01 1.379305693176311187e-01 1.392233682820545604e-01 1.404414865306155835e-01 1.416316709636707138e-01 1.428055870633466728e-01 1.439291032028155171e-01 1.450052871813905242e-01 1.460371116613144726e-01 1.470194910487511164e-01 1.479544552319589645e-01 1.488465613254738307e-01 1.496991407810865093e-01 1.505135112622489613e-01 1.512894395809730175e-01 1.520257773440030491e-01 1.527209197788809425e-01 1.533730647751337661e-01 1.539803702904534999e-01 1.545411247186845027e-01 1.550540000073652724e-01 1.555183662305738290e-01 1.559344576332871157e-01 1.563031502076711043e-01 1.566247655053626953e-01 1.568970011458026281e-01 1.571171850380106982e-01 1.572829915170057824e-01 1.573925262634428834e-01 1.574439976492778559e-01 1.574341720872196870e-01 1.573531388057936575e-01 1.573019758680475333e-01 1.000000000000000020e+30 1.000000000000000020e+30 1.000000000000000020e+30 1.000000000000000020e+30 1.000000000000000020e+30
1.000000000000000020e+30 1.000000000000000020e+30 1.000000000000000020e+30 1.000000000000000020e+30 1.000000000000000020e+30 1.000000000000000020e+30 1.000000000000000020e+30 1.000000000000000020e+30 1.000000000000000020e+30 1.000000000000000020e+30 1.000000000000000020e+30 1.000000000000000020e+30 1.000000000000000020e+30 1.000000000000000020e+30 1.000000000000000020e+30 1.314212571987923017e-01 1.325001638632288814e-01 1.335856707956369627e-01 1.348145042419343353e-01 1.360320810116069923e-01 1.372714482608451692e-01 1.385322976917374993e-01 1.397689468441743743e-01 1.409792328672688222e-01 1.421613186197782097e-01 1.433037787141573927e-01 1.444032892954161817e-01 1.454587795983100507e-01 1.464684792093579602e-01 1.474328468535892889e-01 1.483536873422609814e-01 1.492326514481027711e-01 1.500705494783942107e-01 1.508673282917268044e-01 1.516223061862625177e-01 1.523344159323557212e-01 1.530023750981272523e-01 1.536248104913189860e-01 1.542004154017460882e-01 1.547281382648816039e-01 1.552073552496912312e-01 1.556378991094040654e-01 1.560198097255008076e-01 1.563528280524938974e-01 1.566356835184641305e-01 1.568667471763288968e-01 1.570443963871403781e-01 1.571672109650915361e-01 1.572341159185492998e-01 1.572449406208019929e-01 1.572032667529448258e-01 1.571312123554965412e-01 1.570081970635483770e-01 1.000000000000000020e+30 1.000000000000000020e+30 1.000000000000000020e+30 1.000000000000000020e+30
1.000000000000000020e+30 1.000000000000000020e+30 1.000000000000000020e+30 1.000000000000000020e+30 1.000000000000000020e+30 1.000000000000000020e+30 1.000000000000000020e+30 1.000000000000000020e+30 1.000000000000000020e+30 1.000000000000000020e+30 1.000000000000000020e+30 1.000000000000000020e+30 1.000000000000000020e+30 1.000000000000000020e+30 1.289673793783947808e-01 1.302264895068287465e-01 1.314487887799600241e-01 1.326703722886934389e-01 1.339305006580963631e-01 1.351988435488480911e-01 1.364734892503089714e-01 1.377481096591559040e-01 1.390054821372211646e-01 1.402376699698002493e-01 1.414392660068325980e-01 1.426038908060884014e-01 1.437277000234429003e-01 1.448085378971103176e-01 1.458450066057246919e-01 1.468368562814584832e-01 1.477846309553993986e-01 1.486890042744708207e-01 1.495503407887900371e-01 1.503685651466413475e-01 1.511432131325094186e-01 1.518735330525412541e-01 1.525585764096606123e-01 1.531972838373135137e-01 1.537886033236757766e-01 1.543316337049052411e-01 1.548257404846052898e-01 1.552705767006521964e-01 1.556659289663662182e-01 1.560114485508516391e-01 1.563064003025027016e-01 1.565498735560700294e-01 1.567407878129311039e-01 1.568780398290337830e-01 1.569607134556876282e-01 1.569886752190012003e-01 1.569638684742727108e-01 1.568912152069671662e-01 1.567655968035107095e-01 1.565833519773023597e-01 1.000000000000000020e+30 1.000000000000000020e+30 1.000000000000000020e+30
1.000000000000000020e+30 1.000000000000000020e+30 1.000000000000000020e+30 1.000000000000000020e+30 1.000000000000000020e+30 1.000000000000000020e+30 1.000000000000000020e+30 1.000000000000000020e+30 1.000000000000000020e+30 1.000000000000000020e+30 1.000000000000000020e+30 1.000000000000000020e+30 1.000000000000000020e+30 1.261867794478744587e-01 1.275927021153649421e-01 1.289523894913199020e-01 1.302815530905688246e-01 1.315994025160110159e-01 1.329212389474699052e-01 1.342422077936444857e-01 1.355584536527378037e-01 1.368640565528209119e-01 1.381500373378007906e-01 1.394094453498605501e-01 1.406368199431382027e-01 1.418273392897878571e-01 1.429774991768161252e-01 1.440849894121723762e-01 1.451483795942656307e-01 1.461670454833232935e-01 1.471409262546835295e-01 1.480701718001913025e-01 1.489548649193062346e-01 1.497948857706546122e-01 1.505898839136400047e-01 1.513392973258378960e-01 1.520423849982132924e-01 1.526982771776321524e-01 1.533060632081724162e-01 1.538649085774169700e-01 1.543741617417449252e-01 1.548334021798867532e-01 1.552423883584880815e-01 1.556009475645310780e-01 1.559088520834529534e-01 1.561657492719912277e-01 1.563710825241346192e-01 1.565237855352888674e-01 1.566224560407743771e-01 1.566657206016749126e-01 1.566529096436340418e-01 1.565843178253577272e-01 1.564595529230818072e-01 1.562815524087303731e-01 1.560576592565906251e-01 1.000000000000000020e+30 1.000000000000000020e+30
1.000000000000000020e+30 1.000000000000000020e+30 1.000000000000000020e+30 1.000000000000000020e+30 1.000000000000000020e+30 1.000000000000000020e+30 1.000000000000000020e+30 1.000000000000000020e+30 1.000000000000000020e+30 1.000000000000000020e+30 1.000000000000000020e+30 1.000000000000000020e+30 1.231338689095797939e-01 1.246656179886062726e-01 1.261484043101549490e-01 1.275924911041408372e-01 1.290087488798254689e-01 1.304076554880518046e-01 1.317960068066361123e-01 1.331734376290031885e-01 1.345371664598450923e-01 1.358826571797114580e-01 1.372040969488485251e-01 1.384960698058877171e-01 1.397539238772724790e-01 1.409737276905989600e-01 1.421524470434865073e-01 1.432879271119600062e-01 1.443787636098779747e-01 1.454241832800736156e-01 1.464238655949113843e-01 1.473777251946096767e-01 1.482857236721483452e-01 1.491477471434449475e-01 1.499635418644239826e-01 1.507326833337340466e-01 1.514545667304797172e-01 1.521284267672040058e-01 1.527534015570345682e-01 1.533286368993928561e-01 1.538534066703589609e-01 1.543272161269674814e-01 1.547498682407368875e-01 1.551214931734886948e-01 1.554425220622633330e-01 1.557134642648744238e-01 1.559343577662147817e-01 1.561040396995373170e-01 1.562201599800341623e-01 1.562794177501789228e-01 1.562783409666088086e-01 1.562142400072318305e-01 1.560869916475431662e-01 1.559057824171871109e-01 1.557142546119485715e-01 1.000000000000000020e+30 1.000000000000000020e+30
1.000000000000000020e+30 1.000000000000000020e+30 1.000000000000000020e+30 1.000000000000000020e+30 1.000000000000000020e+30 1.000000000000000020e+30 1.000000000000000020e+30 1.000000000000000020e+30 1.000000000000000020e+30 1.000000000000000020e+30 1.000000000000000020e+30 1.198447395875279209e-01 1.214872364048050768e-01 1.230778896877440243e-01 1.246267870086194829e-01 1.261438053208831789e-01 1.276367503721330399e-01 1.291098729951275226e-01 1.305650926788068933e-01 1.320017306812104607e-01 1.334173953752920694e-01 1.348084735520287125e-01 1.361706612109852832e-01 1.374997212150927406e-01 1.387918624584119631e-01 1.400438724147592406e-01 1.412532055119350427e-01 1.424179848550536087e-01 1.435369390973667003e-01 1.446093105435589110e-01 1.456347298591331996e-01 1.466130703258309576e-01 1.475443099553404025e-01 1.484284194009614366e-01 1.492652757641124983e-01 1.500545956414204574e-01 1.507958887753483301e-01 1.514884454549408899e-01 1.521313738107249458e-01 1.527236922131242347e-01 1.532644704382814249e-01 1.537530118710590810e-01 1.541890784861222885e-01 1.545731510357891691e-01 1.549066131487486231e-01 1.551914816608201686e-01 1.554291652769413667e-01 1.556184744516253549e-01 1.557554402008299865e-01 1.558341293573368147e-01 1.558474140576893985e-01 1.557879658313704729e-01 1.556490440324815039e-01 1.554207032197781613e-01 1.550598234083007121e-01 1.543860051783236265e-01 1.000000000000000020e+30
1.000000000000000020e+30 1.000000000000000020e+30 1.000000000000000020e+30 1.000000000000000020e+30 1.000000000000000020e+30 1.000000000000000020e+30 1.000000000000000020e+30 1.000000000000000020e+30 1.000000000000000020e+30 1.000000000000000020e+30 1.163307988100611146e-01 1.180877365612287011e-01 1.197772730488277926e-01 1.214162307612068614e-01 1.230207794303644908e-01 1.246029454069301073e-01 1.261682456208029768e-01 1.277136461332733508e-01 1.292363874720178496e-01 1.307345521275873612e-01 1.322056540436474248e-01 1.336464891442405434e-01 1.350535210364299799e-01 1.364233232920229189e-01 1.377528381291016624e-01 1.390394846509423743e-01 1.402812022259306013e-01 1.414764496536655980e-01 1.426241719076658532e-01 1.437237430464802790e-01 1.447748850678814980e-01 1.457775681896369968e-01 1.467319036645099439e-01 1.476380371388870960e-01 1.484960446694862657e-01 1.493058330935946310e-01 1.500670533523177363e-01 1.507790437025618713e-01 1.514408230585163606e-01 1.520511521743947714e-01 1.526086806803395590e-01 1.531122108149180205e-01 1.535611339513169304e-01 1.539560963460264165e-01 1.542997798268217480e-01 1.545970737053323218e-01 1.548528018826778874e-01 1.550658742400340406e-01 1.552298765361850297e-01 1.553351352202596014e-01 1.553699999000432153e-01 1.553219059273671376e-01 1.551812705942473003e-01 1.549486663930196850e-01 1.545987736364201337e-01 1.546220722669116310e-01 1.000000000000000020e+30
1.000000000000000020e+30 1.000000000000000020e+30 1.000000000000000020e+30 1.000000000000000020e+30 1.000000000000000020e+30 1.000000000000000020e+30 1.000000000000000020e+30 1.000000000000000020e+30 1.000000000000000020e+30 1.123727531145091024e-01 1.144597510900345338e-01 1.162833294722717403e-01 1.180025438109509467e-01 1.196731410615916869e-01 1.213212989861811308e-01 1.229629531146124027e-01 1.246035772190977470e-01 1.262239757449394595e-01 1.278160957797262742e-01 1.293781788342935335e-01 1.309077960811052821e-01 1.324017808192948786e-01 1.338569372976851635e-01 1.352703999462820383e-01 1.366397379488437369e-01 1.379629571508325658e-01 1.392384805857652119e-01 1.404651337897548646e-01 1.416421322433091268e-01 1.427690591841319634e-01 1.438458236113037414e-01 1.448725955793705444e-01 1.458497208929365740e-01 1.467776176217746587e-01 1.476566560578724541e-01 1.484870260023081479e-01 1.492686012425260000e-01 1.500008179886323234e-01 1.506825900774207971e-01 1.513122914749258363e-01 1.518878529779934816e-01 1.524070548087362864e-01 1.528681645987559068e-01 1.532711842217369669e-01 1.536199912850348681e-01 1.539247548679160416e-01 1.541996624308281938e-01 1.544430990889025246e-01 1.546439985628246250e-01 1.547875897062472861e-01 1.548564081448700891e-01 1.548290856201322840e-01 1.546862150008940506e-01 1.544746460415377665e-01 1.546757424660051561e-01 1.547620495438609411e-01 1.000000000000000020e+30
1.000000000000000020e+30 1.000000000000000020e+30 1.000000000000000020e+30 1.000000000000000020e+30 1.000000000000000020e+30 1.000000000000000020e+30 1.000000000000000020e+30 1.000000000000000020e+30 1.096094545948090027e-01 1.109212289320542222e-01 1.127376954033831036e-01 1.144682882248922451e-01 1.161610366662603894e-01 1.178370913306091700e-01 1.195127508317681830e-01 1.212082911509465288e-01 1.229433383985564510e-01 1.246467074900082378e-01 1.263098820790984067e-01 1.279382074684312642e-01 1.295293763125516529e-01 1.310795617513931255e-01 1.325855618121699886e-01 1.340449726745529535e-01 1.354559876605779534e-01 1.368172162547551529e-01 1.381275793451412215e-01 1.393862840698894545e-01 1.405928421409879669e-01 1.417470901787249715e-01 1.428491871566403004e-01 1.438995805250371518e-01 1.448989399644512455e-01 1.458480586264407353e-01 1.467477213464614683e-01 1.475985407151797490e-01 1.484007651287805873e-01 1.491540675655650683e-01 1.498573328737445864e-01 1.505084818922398648e-01 1.511044067565071314e-01 1.516411396898721953e-01 1.521144691220552569e-01 1.525215529831215333e-01 1.528650940577236383e-01 1.531629592346948621e-01 1.534586617327945435e-01 1.537437110863631995e-01 1.539964754659363944e-01 1.541958824816007378e-01 1.543199574467747082e-01 1.543326041194555687e-01 1.541406586250350652e-01 1.544985431776423612e-01 1.547480447541161042e-01 1.548689296205978394e-01 1.000000000000000020e+30
1.000000000000000020e+30 1.000000000000000020e+30 1.000000000000000020e+30 1.000000000000000020e+30 1.000000000000000020e+30 1.000000000000000020e+30 1.000000000000000020e+30 1.067499978126504045e-01 1.081843298733721898e-01 1.095904433109885362e-01 1.109868966090996195e-01 1.125760796245180995e-01 1.142212524948583857e-01 1.158863388623956187e-01 1.175690792233958087e-01 1.192987190480625237e-01 1.211992304495365519e-01 1.229939797155401721e-01 1.247227690606692585e-01 1.264195353745830586e-01 1.280759537613311017e-01 1.296854009028766408e-01 1.312445036221385475e-01 1.327515224826541218e-01 1.342054526819997651e-01 1.356056093787926520e-01 1.369514384466940515e-01 1.382425176562177560e-01 1.394786448338266316e-01 1.406599210070874628e-01 1.417867904658310085e-01 1.428600346699979429e-01 1.438807246882176094e-01 1.448501330689149214e-01 1.457696012532954388e-01 1.466403554287201982e-01 1.474632605323150103e-01 1.482384997935914939e-01 1.489651756344051725e-01 1.496408660055395801e-01 1.502612414547205011e-01 1.508198853404998374e-01 1.513083693694278475e-01 1.517167410230537972e-01 1.520369273411298627e-01 1.522841474828761921e-01 1.526090666112133454e-01 1.529575113543270581e-01 1.532834213421441771e-01 1.535606706516964015e-01 1.537760870302717353e-01 1.539216393886066458e-01 1.539537635869716592e-01 1.545115713300424520e-01 1.548294958383847897e-01 1.549772790475302253e-01 1.000000000000000020e+30
1.000000000000000020e+30 1.000000000000000020e+30 1.000000000000000020e+30 1.000000000000000020e+30 1.000000000000000020e+30 1.000000000000000020e+30 1.037208423661100110e-01 1.052026458453817065e-01 1.066737379357511756e-01 1.081551313753909838e-01 1.096686154285862608e-01 1.112637651148850326e-01 1.129083478325400153e-01 1.145757419407107680e-01 1.162473721934509513e-01 1.178984731864351765e-01 1.194455809244623079e-01 1.212917869236795065e-01 1.230521538270931137e-01 1.248255768756558470e-01 1.265537433389586353e-01 1.282256901131386961e-01 1.298394927683124700e-01 1.313949732002646364e-01 1.328923378572017255e-01 1.343317942844952928e-01 1.357133167028495568e-01 1.370367775799778420e-01 1.383021943822305422e-01 1.395099073573355108e-01 1.406606577301812711e-01 1.417555986509421717e-01 1.427962642803389248e-01 1.437845028082379573e-01 1.447223647075936148e-01 1.456119269046375619e-01 1.464550190070136038e-01 1.472527974869052569e-01 1.480051062962705055e-01 1.487096237896639028e-01 1.493609800760082873e-01 1.499501570583708643e-01 1.504638893374059538e-01 1.508815908395257921e-01 1.511629852758051007e-01 1.512086222297804317e-01 1.516167931687146531e-01 1.520747895347689393e-01 1.525001796931098330e-01 1.528685473496953773e-01 1.531832360331742415e-01 1.535051702292209441e-01 1.541485123865531937e-01 1.546452876422418354e-01 1.549616341131826169e-01 1.551139895215361553e-01 1.000000000000000020e+30
1.000000000000000020e+30 1.000000000000000020e+30 1.000000000000000020e+30 1.000000000000000020e+30 1.000000000000000020e+30 1.007680505537398713e-01 1.021263560652509589e-01 1.035527333129401817e-01 1.050391127357490906e-01 1.065734169400474052e-01 1.081543498228005329e-01 1.097876232784367467e-01 1.114582069573900186e-01 1.131463836119428745e-01 1.148314794623942342e-01 1.164873037500806924e-01 1.180740749475464729e-01 1.195602479001247748e-01 1.212531968545343120e-01 1.231614802245927370e-01 1.249722375700218491e-01 1.267084789478208351e-01 1.283770197114973699e-01 1.299805993997978915e-01 1.315210120241353531e-01 1.329995895148536611e-01 1.344167094747096003e-01 1.357723087515795291e-01 1.370664692610827906e-01 1.382997135129744315e-01 1.394730790632693895e-01 1.405881130402224510e-01 1.416468498599223469e-01 1.426517812176463507e-01 1.436058011165919357e-01 1.445120933806640084e-01 1.453739006457613336e-01 1.461940563397144677e-01 1.469740861608440363e-01 1.477127244361371994e-01 1.484041770170348717e-01 1.490373563233129139e-01 1.495970964060787944e-01 1.500644083128041262e-01 1.504062579895648899e-01 1.506597966641000930e-01 1.514664429487105890e-01 1.521195111317392989e-01 1.526718426798785444e-01 1.531305934377867328e-01 1.534856784009812070e-01 1.536719051192140806e-01 1.543709040196684368e-01 1.548403509125196309e-01 1.551383630438890882e-01 1.552836306593276816e-01 1.000000000000000020e+30
1.000000000000000020e+30 1.000000000000000020e+30 1.000000000000000020e+30 1.000000000000000020e+30 1.000000000000000020e+30 9.929738018071584960e-02 1.003509198544852155e-01 1.017295082222703095e-01 1.032426936307968696e-01 1.048311469561486325e-01 1.064737423947208356e-01 1.081600779832441878e-01 1.098763222057159289e-01 1.116058083697891445e-01 1.133303482614440028e-01 1.150304785769293708e-01 1.166883196161114938e-01 1.183040653758675870e-01 1.199322334947701268e-01 1.214797688131296349e-01 1.233499896078848884e-01 1.251435851217002904e-01 1.268639862353022618e-01 1.285137105702043869e-01 1.300956477217469487e-01 1.316127436874652556e-01 1.330652739651364824e-01 1.344526737002633421e-01 1.357748215123932845e-01 1.370323751318273664e-01 1.382266896673138568e-01 1.393597223893691117e-01 1.404340062173491666e-01 1.414526810030516946e-01 1.424195462483197061e-01 1.433390970531393527e-01 1.442164736735459807e-01 1.450571482641005161e-01 1.458659034843294566e-01 1.466443491103752994e-01 1.473870601146973769e-01 1.480796071937430514e-01 1.487045327707735287e-01 1.492545167257314787e-01 1.496194780154549986e-01 1.504435825027768958e-01 1.513507105341374559e-01 1.521459967000107216e-01 1.528183209609543236e-01 1.533777348898607562e-01 1.538384180655101852e-01 1.542317683270435502e-01 1.547040983364030564e-01 1.550879344387430803e-01 1.553485267288138572e-01 1.554791149691718832e-01 1.000000000000000020e+30
1.000000000000000020e+30 1.000000000000000020e+30 1.000000000000000020e+30 1.000000000000000020e+30 9.486070209376858131e-02 9.666085306501084884e-02 9.813790073969833050e-02 9.965878127131296005e-02 1.012574439436909335e-01 1.029211159761213440e-01 1.046356390463109715e-01 1.063888125327015211e-01 1.081672956422055493e-01 1.099560972509970314e-01 1.117393226200581735e-01 1.135014494117219941e-01 1.152300326202370107e-01 1.169207392652004546e-01 1.185770985625011209e-01 1.201703550328921677e-01 1.216893712315917919e-01 1.235367685794781373e-01 1.253063748066662875e-01 1.269991888070187702e-01 1.286195015639260419e-01 1.301745971353473752e-01 1.316628277087039112e-01 1.330818651355050175e-01 1.344310812516238962e-01 1.357113840131851934e-01 1.369245628405322823e-01 1.380730089709569230e-01 1.391596898252828451e-01 1.401882845348706164e-01 1.411634026234389050e-01 1.420908653178080128e-01 1.429780344223513799e-01 1.438341039645005259e-01 1.446696912081938680e-01 1.454932318482534959e-01 1.463016767216637759e-01 1.470712313517795744e-01 1.477688516494635729e-01 1.485116296366160993e-01 1.492528272872307438e-01 1.500257899458068145e-01 1.512279620690098192e-01 1.521765463605377344e-01 1.529590154929048040e-01 1.536051379253657589e-01 1.541400787072178813e-01 1.545942445769469820e-01 1.550072377631436793e-01 1.553400216441901960e-01 1.555694766615654256e-01 1.556857613057023026e-01 1.000000000000000020e+30
1.000000000000000020e+30 1.000000000000000020e+30 1.000000000000000020e+30 1.000000000000000020e+30 9.294879369557344784e-02 9.423515501884072165e-02 9.576851365799669835e-02 9.739722792513783034e-02 9.909403191414248302e-02 1.008469228470940532e-01 1.026454344381590722e-01 1.044787170417830757e-01 1.063342973054234863e-01 1.081980986713891729e-01 1.100553076643815548e-01 1.118916951247997810e-01 1.136952231971097710e-01 1.154572642825054257e-01 1.171704869331444548e-01 1.188205248465428465e-01 1.203969008269836771e-01 1.218928901845396234e-01 1.237105637053377560e-01 1.254420056976249254e-01 1.270931968759518027e-01 1.286876808188039401e-01 1.302136440440256060e-01 1.316646387291055542e-01 1.330397295478961683e-01 1.343407679909391361e-01 1.355702849338886740e-01 1.367311325318848747e-01 1.378265439490652666e-01 1.388604568589823507e-01 1.398379406098537170e-01 1.407657691620506912e-01 1.416532396603317201e-01 1.425137377276219364e-01 1.433674159388647062e-01 1.442389311396155005e-01 1.451369138150978289e-01 1.460166709590131617e-01 1.466700683560649698e-01 1.476524122815744411e-01 1.487363172051971993e-01 1.500605340881656646e-01 1.512400564252274482e-01 1.522544109443099702e-01 1.531174461104923279e-01 1.538253427610411228e-01 1.544042218249615794e-01 1.548796309015732231e-01 1.552721925872877495e-01 1.555767946984125960e-01 1.557844088061242360e-01 1.558892535553666192e-01 1.000000000000000020e+30
1.000000000000000020e+30 1.000000000000000020e+30 1.000000000000000020e+30 8.728459351423874246e-02 8.963888711735486237e-02 9.145062490530284083e-02 9.319163209098865752e-02 9.495488558725141692e-02 9.676171046471390702e-02 9.861406117355252243e-02 1.005073014834340223e-01 1.024330733031190849e-01 1.043796608540837750e-01 1.063330517484282894e-01 1.082782546846441374e-01 1.102007665872170999e-01 1.120877362535400573e-01 1.139283405383830355e-01 1.157127053243088427e-01 1.174299222246500823e-01 1.190703044147872897e-01 1.206253479651426819e-01 1.220862425054761030e-01 1.238501549527327439e-01 1.255084592437004654e-01 1.271538733155180012e-01 1.287237052610918364e-01 1.302072652307995626e-01 1.316060747625406591e-01 1.329250795675429031e-01 1.341679433578165104e-01 1.353379250109097987e-01 1.364381661236648557e-01 1.374723671087452748e-01 1.384454051202335112e-01 1.393641349070130764e-01 1.402382251305025473e-01 1.410826354616623313e-01 1.419294135139026469e-01 1.428400615268309304e-01 1.438722347612415298e-01 1.450704293584344773e-01 1.461022549730386921e-01 1.475581126695392764e-01 1.488530103102250479e-01 1.501215797642645178e-01 1.512986467825600534e-01 1.523648704893973416e-01 1.533124466697620147e-01 1.540561892803949118e-01 1.546535382471451170e-01 1.551295949350557646e-01 1.555067163117419271e-01 1.557918531760976999e-01 1.559828382177472494e-01 1.560781219944321896e-01 1.000000000000000020e+30
1.000000000000000020e+30 1.000000000000000020e+30 1.000000000000000020e+30 8.540117715229407491e-02 8.676002024795537171e-02 8.862503906752437766e-02 9.048035885830071900e-02 9.235670737062090518e-02 9.427139254615386765e-02 9.622759561370607118e-02 9.822379048259168022e-02 1.002536291792927858e-01 1.023050384152077580e-01 1.043627819155349551e-01 1.064102725078202305e-01 1.084315896997267714e-01 1.104126883181081042e-01 1.123416184291002734e-01 1.142079383862340675e-01 1.160019349360507102e-01 1.177147424754157734e-01 1.193375568244091356e-01 1.208582988107274186e-01 1.222492154443087370e-01 1.238216879815889349e-01 1.255804430440914665e-01 1.272045121759803055e-01 1.287187783128780350e-01 1.301360460576508338e-01 1.314691075089489403e-01 1.327219205500660693e-01 1.338978727528917778e-01 1.349993032315842667e-01 1.360289810262202415e-01 1.369907002829084675e-01 1.378904989280086701e-01 1.387359401335888642e-01 1.395318239705014007e-01 1.403098238391496111e-01 1.412016831846590048e-01 1.423234486965664347e-01 1.441724873189772493e-01 1.459664505408291291e-01 1.475067756386966855e-01 1.488778522181562480e-01 1.501557275215673337e-01 1.513494698244824688e-01 1.524753301962639696e-01 1.535927393175125777e-01 1.543149909200543513e-01 1.549057195967686040e-01 1.553600213544043818e-01 1.557146502179354020e-01 1.559821832202070158e-01 1.561575444689531911e-01 1.562427671968934784e-01 1.000000000000000020e+30
1.000000000000000020e+30 1.000000000000000020e+30 1.000000000000000020e+30 8.261736229657208608e-02 8.384229180436111872e-02 8.569775863945745809e-02 8.763629262539771037e-02 8.960830268794048314e-02 9.162744298030635337e-02 9.368878936169594551e-02 9.579411673265758598e-02 9.793990166282627585e-02 1.001111391681516610e-01 1.022895923697414167e-01 1.044550892549534066e-01 1.065890867537551134e-01 1.086761202062592191e-01 1.107036947274189359e-01 1.126615763645476137e-01 1.145411209161775190e-01 1.163350606832319750e-01 1.180376173140135487e-01 1.196458310914873674e-01 1.211672078533794078e-01 1.226593827024193839e-01 1.240266793365519538e-01 1.256797804154445863e-01 1.272116122795551030e-01 1.286342322540988403e-01 1.299771471702269310e-01 1.312363870885974448e-01 1.324159592492149262e-01 1.335158855992756022e-01 1.345373244012817993e-01 1.354816681574233517e-01 1.363547910407404418e-01 1.371664435483063438e-01 1.378817010691508194e-01 1.384587612428472558e-01 1.392154632908361722e-01 1.399293215481876851e-01 1.000000000000000020e+30 1.000000000000000020e+30 1.000000000000000020e+30 1.000000000000000020e+30 1.000000000000000020e+30 1.000000000000000020e+30 1.000000000000000020e+30 1.541490550606178789e-01 1.545860975167583640e-01 1.551749290919631763e-01 1.555712870481416321e-01 1.558907567656886706e-01 1.561453681845957620e-01 1.563028073859464018e-01 1.563730869566077597e-01 1.000000000000000020e+30
1.000000000000000020e+30 1.000000000000000020e+30 7.687118767148545806e-02 7.904878302214304875e-02 8.074221148459802266e-02 8.257637963723141183e-02 8.464738927306991734e-02 8.670124425746913999e-02 8.882950996725196002e-02 9.099401766546848236e-02 9.321178878210642504e-02 9.548827827173876626e-02 9.779732619241425506e-02 1.001164311528985329e-01 1.024182791318630631e-01 1.046802478620172810e-01 1.068855562707366758e-01 1.090218720458912549e-01 1.110798376954058586e-01 1.130520843112494539e-01 1.149328188674623302e-01 1.167179489806373927e-01 1.184059793660746235e-01 1.200000036683149945e-01 1.215073417940421979e-01 1.228990949356655454e-01 1.241611477588579898e-01 1.256981684425196866e-01 1.270963343868123374e-01 1.284528358966914308e-01 1.297143646322728161e-01 1.308975245872547322e-01 1.319948608610058416e-01 1.330067320719195700e-01 1.339277764276399496e-01 1.347642489973742141e-01 1.355766573651370488e-01 1.362526552973093441e-01 1.372338653253941665e-01 1.380830830829968825e-01 1.390647050252263595e-01 1.000000000000000020e+30 1.000000000000000020e+30 1.000000000000000020e+30 1.000000000000000020e+30 1.000000000000000020e+30 1.000000000000000020e+30 1.000000000000000020e+30 1.000000000000000020e+30 1.000000000000000020e+30 1.555171979239803048e-01 1.557400078588443426e-01 1.560120739871303785e-01 1.562859626096286814e-01 1.564155588447267153e-01 1.564541085831667733e-01 1.000000000000000020e+30
1.000000000000000020e+30 1.000000000000000020e+30 7.509606280413283486e-02 7.638098399665850524e-02 7.792910039147027401e-02 7.965783212797244994e-02 8.156467106170026127e-02 8.360862252774636794e-02 8.588395420521563461e-02 8.813438178893442942e-02 9.045887109875992704e-02 9.289192640789672994e-02 9.536100902314573191e-02 9.784784672045800102e-02 1.003084687453270618e-01 1.027150092227307465e-01 1.050507575677056132e-01 1.073050187351804879e-01 1.094702965729549282e-01 1.115409030461133738e-01 1.135123846436963541e-01 1.153814294704295779e-01 1.171460099611306149e-01 1.188051687941601708e-01 1.203563553351891385e-01 1.217864484862202223e-01 1.230802787854969327e-01 1.242082817332766098e-01 1.254845328330441434e-01 1.269077056715617602e-01 1.281547876899521154e-01 1.293489644932267479e-01 1.304433931195441709e-01 1.314510737356984205e-01 1.323424549303334474e-01 1.330814955979952308e-01 1.340066660478126670e-01 1.351099808390392454e-01 1.360239650077539053e-01 1.367013724400593933e-01 1.000000000000000020e+30 1.000000000000000020e+30 1.000000000000000020e+30 1.000000000000000020e+30 1.000000000000000020e+30 1.000000000000000020e+30 1.000000000000000020e+30 1.000000000000000020e+30 1.000000000000000020e+30 1.000000000000000020e+30 1.000000000000000020e+30 1.000000000000000020e+30 1.000000000000000020e+30 1.564621330451539116e-01 1.564997914728552542e-01 1.000000000000000020e+30 1.000000000000000020e+30
1.000000000000000020e+30 7.073791609598280294e-02 7.242680588454188106e-02 7.384919673106429827e-02 7.534469919595451759e-02 7.698171961890264148e-02 7.877797943859507490e-02 8.073121358908325051e-02 8.285232202004320923e-02 8.508946086627568184e-02 8.748583947565749530e-02 9.014765526286241948e-02 9.279474727639161480e-02 9.549304702070977868e-02 9.814010343039616946e-02 1.007077359843690373e-01 1.031844376378751038e-01 1.055639685783532344e-01 1.078420836650069853e-01 1.100153421144850346e-01 1.120807131979166676e-01 1.140355164998096554e-01 1.158774064003831455e-01 1.176040435142414603e-01 1.192119899499345520e-01 1.206953831736772426e-01 1.220503452247131554e-01 1.232831006837273452e-01 1.244470466002358250e-01 1.254231260169706985e-01 1.265324365427497322e-01 1.277844121306291880e-01 1.288629172511695231e-01 1.298959045500898413e-01 1.307935066316203987e-01 1.319836458336878515e-01 1.330355377576291909e-01 1.340400724598977411e-01 1.349339747395770228e-01 1.358804444021854130e-01 1.000000000000000020e+30 1.000000000000000020e+30 1.000000000000000020e+30 1.000000000000000020e+30 1.000000000000000020e+30 1.000000000000000020e+30 1.000000000000000020e+30 1.000000000000000020e+30 1.000000000000000020e+30 1.000000000000000020e+30 1.000000000000000020e+30 1.000000000000000020e+30 1.000000000000000020e+30 1.000000000000000020e+30 1.000000000000000020e+30 1.000000000000000020e+30 1.000000000000000020e+30
1.000000000000000020e+30 6.941121695408032644e-02 7.039730101295403608e-02 7.162691778066133941e-02 7.301099789638382243e-02 7.454938510176198352e-02 7.624918306155258063e-02 7.811370681136993455e-02 8.014642911730457397e-02 8.234171488823792406e-02 8.471939238852801979e-02 8.730650196070378899e-02 9.006535207479024474e-02 9.307730861782061160e-02 9.593876347976511287e-02 9.867879263441875493e-02 1.013024895717996587e-01 1.038113432516749313e-01 1.062055484459585725e-01 1.084842988681645054e-01 1.106460381674367333e-01 1.126887302797580925e-01 1.146100462263478087e-01 1.164073816137894540e-01 1.180777490881506353e-01 1.196181390036762243e-01 1.210278389568322094e-01 1.223117797075599922e-01 1.234822981476167841e-01 1.245261789405283648e-01 1.254955376712033333e-01 1.262777895729487454e-01 1.272123419361286534e-01 1.283603919634859203e-01 1.297081005719203095e-01 1.309079946473839240e-01 1.319955292369580091e-01 1.329643625075118130e-01 1.336749071258007127e-01 1.000000000000000020e+30 1.000000000000000020e+30 1.000000000000000020e+30 1.000000000000000020e+30 1.000000000000000020e+30 1.000000000000000020e+30 1.000000000000000020e+30 1.000000000000000020e+30 1.000000000000000020e+30 1.000000000000000020e+30 1.000000000000000020e+30 1.000000000000000020e+30 1.000000000000000020e+30 1.000000000000000020e+30 1.000000000000000020e+30 1.000000000000000020e+30 1.000000000000000020e+30 1.000000000000000020e+30
6.625732962189322117e-02 6.745193362393908654e-02 6.848425966945873022e-02 6.961829291386723018e-02 7.089987748418345725e-02 7.234268425266589253e-02 7.395392518605679866e-02 7.573864136056014662e-02 7.770204264744830225e-02 7.985000216610185775e-02 8.219739684389663903e-02 8.476433599061886093e-02 8.757163362348187319e-02 9.070013776912584647e-02 9.374668326450436018e-02 9.665379837707700761e-02 9.942278606535580321e-02 1.020605535394882163e-01 1.045714405958037552e-01 1.069570179733515536e-01 1.092169273553912773e-01 1.113495919585094501e-01 1.133526942171199925e-01 1.152234910154745356e-01 1.169591004344125024e-01 1.185570484113105255e-01 1.200164271248762293e-01 1.213390858987100501e-01 1.225292436635558452e-01 1.235886544912754431e-01 1.245305064729376188e-01 1.253453795690679662e-01 1.260809024778895837e-01 1.273653685531179469e-01 1.286547513867589143e-01 1.298288609194249987e-01 1.309581804980449737e-01 1.320186674855602371e-01 1.328880863404868773e-01 1.000000000000000020e+30 1.000000000000000020e+30 1.000000000000000020e+30 1.000000000000000020e+30 1.000000000000000020e+30 1.000000000000000020e+30 1.000000000000000020e+30 1.000000000000000020e+30 1.000000000000000020e+30 1.000000000000000020e+30 1.000000000000000020e+30 1.000000000000000020e+30 1.000000000000000020e+30 1.000000000000000020e+30 1.000000000000000020e+30 1.000000000000000020e+30 1.000000000000000020e+30 1.000000000000000020e+30
6.539549944963711503e-02 6.599564840561758516e-02 6.681705709054609754e-02 6.781680935693584766e-02 6.899064520025892377e-02 7.034012297658777391e-02 7.186840524508308903e-02 7.357997260118988303e-02 7.548116319183051370e-02 7.758095725355092231e-02 7.989320506240028819e-02 8.243585805744482742e-02 8.522912158531986693e-02 8.829323374009323544e-02 9.158209444087470064e-02 9.465475945579004957e-02 9.756189648838550776e-02 1.003240005673090990e-01 1.029497570237663945e-01 1.054422683286955625e-01 1.078016604709719078e-01 1.100263446293692909e-01 1.121137172780148350e-01 1.140606331895312603e-01 1.158637858488239386e-01 1.175200766297019583e-01 1.190271884570118094e-01 1.203842443448844557e-01 1.215921605435522634e-01 1.226537716504451508e-01 1.235774053740713307e-01 1.243771611547937334e-01 1.251257989451972641e-01 1.262500138350702572e-01 1.276011721663330434e-01 1.286788760497645234e-01 1.296736161103927421e-01 1.306697739660272750e-01 1.323120708431997639e-01 1.000000000000000020e+30 1.000000000000000020e+30 1.000000000000000020e+30 1.000000000000000020e+30 1.000000000000000020e+30 1.000000000000000020e+30 1.000000000000000020e+30 1.000000000000000020e+30 1.000000000000000020e+30 1.000000000000000020e+30 1.000000000000000020e+30 1.000000000000000020e+30 1.000000000000000020e+30 1.000000000000000020e+30 1.000000000000000020e+30 1.000000000000000020e+30 1.000000000000000020e+30 1.000000000000000020e+30
6.426068578529528508e-02 6.464925810077153112e-02 6.530816713284334774e-02 6.618413388608818115e-02 6.725639122834757566e-02 6.851820393495128281e-02 6.996914186915399736e-02 7.161261595721152284e-02 7.345519516851059527e-02 7.550669314646171748e-02 7.778085003533943831e-02 8.029554213528189432e-02 8.307280122835711267e-02 8.613875681534909068e-02 8.952198698333108107e-02 9.270928360023404646e-02 9.573382108914280098e-02 9.861131498476016777e-02 1.013485697052471796e-01 1.039476099238935275e-01 1.064077846732646576e-01 1.087268038488101579e-01 1.109013269987182276e-01 1.129274513601513236e-01 1.148010903152590911e-01 1.165179380396521580e-01 1.180735795614465677e-01 1.194640254878249347e-01 1.206867529740608125e-01 1.217421192612905267e-01 1.226333343172912177e-01 1.233451214880750407e-01 1.245142585947931896e-01 1.256343325687150347e-01 1.267058076402802769e-01 1.275894358451915844e-01 1.283051554208851919e-01 1.288996262614579835e-01 1.000000000000000020e+30 1.000000000000000020e+30 1.000000000000000020e+30 1.000000000000000020e+30 1.000000000000000020e+30 1.000000000000000020e+30 1.000000000000000020e+30 1.000000000000000020e+30 1.000000000000000020e+30 1.000000000000000020e+30 1.000000000000000020e+30 1.000000000000000020e+30 1.000000000000000020e+30 1.000000000000000020e+30 1.000000000000000020e+30 1.000000000000000020e+30 1.000000000000000020e+30 1.000000000000000020e+30 1.000000000000000020e+30
6.305704454951209514e-02 6.335486955448757507e-02 6.390901956671171669e-02 6.468739292712813449e-02 6.567185257625031414e-02 6.685466709297877008e-02 6.823443550919461309e-02 6.981419507643576994e-02 7.160054686041772420e-02 7.360341234087244833e-02 7.583635746642897191e-02 7.831740023929598116e-02 8.107068411803104724e-02 8.413004965544178260e-02 8.754631934146239747e-02 9.081480740180430944e-02 9.394075596111238491e-02 9.692654935793092175e-02 9.977298263619575891e-02 1.024788991863728183e-01 1.050418392285618618e-01 1.074582373271208702e-01 1.097235521444226564e-01 1.118327678304980588e-01 1.137810593097622752e-01 1.155627847390287288e-01 1.171708621542181250e-01 1.185971244938674729e-01 1.198342033044744043e-01 1.208800335091744504e-01 1.217540502133902108e-01 1.225633583611070582e-01 1.238370588866498229e-01 1.249524087724134397e-01 1.259213529742921056e-01 1.266890081863268624e-01 1.272393090403269866e-01 1.275810247499315209e-01 1.000000000000000020e+30 1.000000000000000020e+30 1.000000000000000020e+30 1.000000000000000020e+30 1.000000000000000020e+30 1.000000000000000020e+30 1.000000000000000020e+30 1.000000000000000020e+30 1.000000000000000020e+30 1.000000000000000020e+30 1.000000000000000020e+30 1.000000000000000020e+30 1.000000000000000020e+30 1.000000000000000020e+30 1.000000000000000020e+30 1.000000000000000020e+30 1.000000000000000020e+30 1.000000000000000020e+30 1.000000000000000020e+30
6.186743715958212264e-02 6.211801762231617535e-02 6.260330462595613266e-02 6.330701132209973214e-02 6.421786286252771647e-02 6.533078880140834321e-02 6.664546617992750388e-02 6.816543839728129994e-02 6.989747176363249326e-02 7.185122635703189431e-02 7.403942811365560317e-02 7.647879951219058170e-02 7.919226646020079141e-02 8.221431809428619841e-02 8.560716001839722977e-02 8.895131797683795971e-02 9.217599880729612782e-02 9.526898526122833111e-02 9.822543237017263007e-02 1.010403599283461185e-01 1.037093112358705854e-01 1.062273332504743983e-01 1.085882057794410743e-01 1.107851516166769162e-01 1.128136102102179905e-01 1.146671979691111232e-01 1.163357770212256059e-01 1.178051120431360677e-01 1.190585139966764266e-01 1.200753226271099178e-01 1.208250377969172229e-01 1.220198334653076894e-01 1.232036473269058768e-01 1.242938584659372542e-01 1.252474786048639321e-01 1.259849668395721378e-01 1.265213250889758445e-01 1.270625165305856730e-01 1.000000000000000020e+30 1.000000000000000020e+30 1.000000000000000020e+30 1.000000000000000020e+30 1.000000000000000020e+30 1.000000000000000020e+30 1.000000000000000020e+30 1.000000000000000020e+30 1.000000000000000020e+30 1.000000000000000020e+30 1.000000000000000020e+30 1.000000000000000020e+30 1.000000000000000020e+30 1.000000000000000020e+30 1.000000000000000020e+30 1.000000000000000020e+30 1.000000000000000020e+30 1.000000000000000020e+30 1.000000000000000020e+30
6.073131173750909162e-02 6.095221966058469304e-02 6.138828993004928625e-02 6.203291202799978560e-02 6.288119563843595772e-02 6.393179942451888975e-02 6.518652667193952643e-02 6.665007817249589406e-02 6.832960884929321910e-02 7.023429671670358698e-02 7.237522915974223259e-02 7.476585135243853097e-02 7.742274711247444652e-02 8.036512938270898299e-02 8.360563430657622086e-02 8.709596204334962843e-02 9.043127584320688472e-02 9.363596155073025673e-02 9.670705383193511917e-02 9.963510415063636660e-02 1.024146932329072085e-01 1.050402699176927052e-01 1.075032446333402114e-01 1.097923129005071163e-01 1.119072014225461348e-01 1.138426792138960281e-01 1.155858687773381743e-01 1.171148361870510135e-01 1.184051314330184096e-01 1.194234000217402059e-01 1.201353406664245199e-01 1.213563682043337644e-01 1.225131658358513814e-01 1.236137222620207338e-01 1.246542517931723409e-01 1.254039116302695100e-01 1.258168247259313088e-01 1.000000000000000020e+30 1.000000000000000020e+30 1.000000000000000020e+30 1.000000000000000020e+30 1.000000000000000020e+30 1.000000000000000020e+30 1.000000000000000020e+30 1.000000000000000020e+30 1.000000000000000020e+30 1.000000000000000020e+30 1.000000000000000020e+30 1.000000000000000020e+30 1.000000000000000020e+30 1.000000000000000020e+30 1.000000000000000020e+30 1.000000000000000020e+30 1.000000000000000020e+30 1.000000000000000020e+30 1.000000000000000020e+30 1.000000000000000020e+30
5.967089609903750147e-02 5.986938508199953629e-02 6.026590023626116760e-02 6.086025817978200220e-02 6.165287290282329274e-02 6.264618062669906340e-02 6.384454073558527842e-02 6.525427422521873355e-02 6.688325760468440129e-02 6.874024683829084437e-02 7.083435702940901746e-02 7.317517430105173470e-02 7.577364492727403644e-02 7.864304291144945391e-02 8.180083391098837142e-02 8.528448523028471506e-02 8.870570575121973500e-02 9.202468719452298884e-02 9.521949422489613124e-02 9.826572142757422634e-02 1.011611684312333781e-01 1.039026109627424616e-01 1.064787789918849731e-01 1.088600900167833868e-01 1.110665174773169117e-01 1.130966321941638542e-01 1.149362118123157805e-01 1.165473326222714739e-01 1.179026679551532925e-01 1.189592029087181702e-01 1.196346897180217000e-01 1.206343565758173780e-01 1.217437300238312370e-01 1.228420840395759578e-01 1.241587394348397377e-01 1.250047242190869268e-01 1.254423248705743288e-01 1.000000000000000020e+30 1.000000000000000020e+30 1.000000000000000020e+30 1.000000000000000020e+30 1.000000000000000020e+30 1.000000000000000020e+30 1.000000000000000020e+30 1.000000000000000020e+30 1.000000000000000020e+30 1.000000000000000020e+30 1.000000000000000020e+30 1.000000000000000020e+30 1.000000000000000020e+30 1.000000000000000020e+30 1.000000000000000020e+30 1.000000000000000020e+30 1.000000000000000020e+30 1.000000000000000020e+30 1.000000000000000020e+30 1.000000000000000020e+30
5.870166206214517957e-02 5.887955959538530848e-02 5.923950648095163002e-02 5.978680148499176950e-02 6.052650516005281950e-02 6.146460540402703954e-02 6.260817804461658864e-02 6.396561232748300407e-02 6.554609664727262253e-02 6.735842588544961596e-02 6.940972131350252317e-02 7.170498743444675416e-02 7.424872640967151993e-02 7.704650889302747108e-02 8.010489379238117102e-02 8.342450342791250806e-02 8.697107771404971599e-02 9.042588979071869426e-02 9.376840457729973544e-02 9.693462045342984834e-02 9.994881365100209691e-02 1.028060506371911709e-01 1.055106296270773847e-01 1.079619368663830431e-01 1.102604242518423205e-01 1.123999351637590127e-01 1.143821848347186670e-01 1.161141583990466936e-01 1.175844771183773979e-01 1.187526784329568930e-01 1.195385852815573774e-01 1.205547765183210274e-01 1.217623756801530094e-01 1.226591539255426772e-01 1.239564108920136742e-01 1.248489978418818869e-01 1.253823766474629897e-01 1.256287558733890641e-01 1.000000000000000020e+30 1.000000000000000020e+30 1.000000000000000020e+30 1.000000000000000020e+30 1.000000000000000020e+30 1.000000000000000020e+30 1.000000000000000020e+30 1.000000000000000020e+30 1.000000000000000020e+30 1.000000000000000020e+30 1.000000000000000020e+30 1.000000000000000020e+30 1.000000000000000020e+30 1.000000000000000020e+30 1.000000000000000020e+30 1.000000000000000020e+30 1.000000000000000020e+30 1.000000000000000020e+30 1.000000000000000020e+30
5.783785141935945950e-02 5.799223740597347215e-02 5.831288740724799302e-02 5.881138656740007159e-02 5.949704346649935249e-02 6.037893929674782029e-02 6.146685297280682359e-02 6.277183527838188504e-02 6.430551377703130900e-02 6.607793941091373580e-02 6.809474105976813518e-02 7.035485232331209482e-02 7.285488430487291334e-02 7.559284717328518255e-02 7.857132323842135058e-02 8.178297708666318333e-02 8.521708954303822137e-02 8.882783631372558053e-02 9.231581217373775738e-02 9.555505976640703281e-02 9.870633547888714443e-02 1.016978494425165580e-01 1.046123903447733344e-01 1.069998644581798553e-01 1.094109365553693619e-01 1.116708756746485759e-01 1.138986220896352070e-01 1.157729087324938649e-01 1.174183791499125717e-01 1.187902474456758728e-01 1.199221948146048655e-01 1.209741518099061719e-01 1.219438845773858221e-01 1.227735177870723365e-01 1.240393387549760668e-01 1.249295272413731422e-01 1.254862890113906670e-01 1.257521687305385993e-01 1.000000000000000020e+30 1.000000000000000020e+30 1.000000000000000020e+30 1.000000000000000020e+30 1.000000000000000020e+30 1.000000000000000020e+30 1.000000000000000020e+30 1.000000000000000020e+30 1.000000000000000020e+30 1.000000000000000020e+30 1.000000000000000020e+30 1.000000000000000020e+30 1.000000000000000020e+30 1.000000000000000020e+30 1.000000000000000020e+30 1.000000000000000020e+30 1.000000000000000020e+30 1.000000000000000020e+30 1.000000000000000020e+30
5.709731419710663280e-02 5.721738729324786499e-02 5.748946432503417026e-02 5.793289670480850778e-02 5.855993429310354936e-02 5.938154965395880946e-02 6.040987052607956626e-02 6.165943713137333332e-02 6.314644025390404869e-02 6.488497379521192265e-02 6.688146628992429343e-02 6.912447729887587211e-02 7.159908456739411120e-02 7.429259821286161858e-02 7.721810015537190763e-02 8.035363644346207868e-02 8.369659893825501240e-02 8.726306656062957079e-02 9.100336688760859993e-02 9.480733894016173113e-02 9.822534140509987799e-02 1.013203497298828387e-01 1.039675657139415149e-01 1.066154226259683202e-01 1.093815058635233262e-01 1.116704148880484637e-01 1.135227109257730127e-01 1.154273338897243428e-01 1.173301205632350103e-01 1.188934712291565554e-01 1.202080884315426534e-01 1.213093218649074073e-01 1.221347127408909522e-01 1.231470289317676825e-01 1.243754712554829417e-01 1.252208527968096952e-01 1.257580778228697960e-01 1.260184947429512925e-01 1.000000000000000020e+30 1.000000000000000020e+30 1.000000000000000020e+30 1.000000000000000020e+30 1.000000000000000020e+30 1.000000000000000020e+30 1.000000000000000020e+30 1.000000000000000020e+30 1.000000000000000020e+30 1.000000000000000020e+30 1.000000000000000020e+30 1.000000000000000020e+30 1.000000000000000020e+30 1.000000000000000020e+30 1.000000000000000020e+30 1.000000000000000020e+30 1.000000000000000020e+30 1.000000000000000020e+30 1.000000000000000020e+30
5.650950401564318326e-02 5.656417995495829215e-02 5.677030500275707242e-02 5.714913711546117103e-02 5.771072815927864169e-02 5.846523969987341141e-02 5.942611204610637882e-02 6.061233082349017781e-02 6.204843616725308486e-02 6.375809974299431748e-02 6.575873437497643803e-02 6.801412367852201213e-02 7.049210844909931106e-02 7.314527095580980465e-02 7.599988999101607579e-02 7.911279207086650833e-02 8.251123459169674990e-02 8.618885121737392130e-02 9.033226061832300147e-02 9.425425081645200098e-02 9.792981434295187915e-02 1.013211272769868332e-01 1.043030264404864321e-01 1.070544032112807631e-01 1.096477650984674368e-01 1.119698718536630555e-01 1.140576968479319886e-01 1.159029699615308079e-01 1.173162239090584369e-01 1.190365360099677472e-01 1.205260999098589358e-01 1.217714148457220424e-01 1.228306921238348365e-01 1.240032430143009345e-01 1.249724104186851759e-01 1.256978870636309698e-01 1.261837912483546875e-01 1.264306870947770611e-01 1.000000000000000020e+30 1.000000000000000020e+30 1.000000000000000020e+30 1.000000000000000020e+30 1.000000000000000020e+30 1.000000000000000020e+30 1.000000000000000020e+30 1.000000000000000020e+30 1.000000000000000020e+30 1.000000000000000020e+30 1.000000000000000020e+30 1.000000000000000020e+30 1.000000000000000020e+30 1.000000000000000020e+30 1.000000000000000020e+30 1.000000000000000020e+30 1.000000000000000020e+30 1.000000000000000020e+30 1.000000000000000020e+30
5.613595283796105062e-02 5.602886709432841617e-02 5.614928826608110712e-02 5.645580471818947843e-02 5.694554257926340290e-02 5.762438319936256936e-02 5.850504347877035632e-02 5.961115939587745272e-02 6.098222518969120126e-02 6.265690109668571595e-02 6.465861964228705738e-02 6.692730891112640135e-02 6.942558254942260421e-02 7.211653610720238083e-02 7.502224977376092951e-02 7.815101843697695727e-02 8.180832374400127949e-02 8.573035613365075081e-02 8.991089645066159541e-02 9.365913647363245664e-02 9.813034828408669086e-02 1.029900866952376259e-01 1.059956207023413227e-01 1.084879365509662935e-01 1.107038504772791948e-01 1.128824522097161970e-01 1.149992010678907856e-01 1.171056457723605448e-01 1.196042039983921945e-01 1.207372600360278880e-01 1.219899881997743990e-01 1.231393403999324898e-01 1.240912688143619574e-01 1.249407794919241421e-01 1.256909801589524422e-01 1.262922224339773081e-01 1.267257548521637800e-01 1.269752522339460399e-01 1.000000000000000020e+30 1.000000000000000020e+30 1.000000000000000020e+30 1.000000000000000020e+30 1.000000000000000020e+30 1.000000000000000020e+30 1.000000000000000020e+30 1.000000000000000020e+30 1.000000000000000020e+30 1.000000000000000020e+30 1.000000000000000020e+30 1.000000000000000020e+30 1.000000000000000020e+30 1.000000000000000020e+30 1.000000000000000020e+30 1.000000000000000020e+30 1.000000000000000020e+30 1.000000000000000020e+30 1.000000000000000020e+30
1.000000000000000020e+30 5.553184946841272646e-02 5.560887235473969958e-02 5.584811054497543226e-02 5.626319032544851301e-02 5.685804054078634484e-02 5.764053954434634336e-02 5.863434930197534284e-02 5.987538858980345768e-02 6.144773117171442589e-02 6.348820162267315714e-02 6.584002590951611167e-02 6.847066312681125699e-02 7.128062128310555523e-02 7.459581472780658917e-02 7.779588062362662038e-02 8.069430312562958507e-02 8.874924123523224295e-02 9.174483654986345660e-02 9.350954519111882857e-02 1.000000000000000020e+30 1.061591229016696641e-01 1.077656391003267433e-01 1.095796834791995938e-01 1.109230035742411191e-01 1.000000000000000020e+30 1.000000000000000020e+30 1.000000000000000020e+30 1.229512024836084128e-01 1.231234832333585466e-01 1.235535365712365219e-01 1.245105721084328876e-01 1.252309482168500743e-01 1.258555957160865379e-01 1.264365913089958160e-01 1.269322004773588974e-01 1.273290796995632801e-01 1.276548035305130613e-01 1.280506023160343509e-01 1.000000000000000020e+30 1.000000000000000020e+30 1.000000000000000020e+30 1.000000000000000020e+30 1.000000000000000020e+30 1.000000000000000020e+30 1.000000000000000020e+30 1.000000000000000020e+30 1.000000000000000020e+30 1.000000000000000020e+30 1.000000000000000020e+30 1.000000000000000020e+30 1.000000000000000020e+30 1.000000000000000020e+30 1.000000000000000020e+30 1.000000000000000020e+30 1.000000000000000020e+30 1.000000000000000020e+30
1.000000000000000020e+30 5.522035420504217695e-02 5.516934634296728063e-02 5.532941012565879835e-02 5.566853101196143905e-02 5.617540819338090463e-02 5.684112700977434623e-02 5.768087003592779066e-02 5.873305807393879724e-02 6.009339214298668741e-02 6.196806296446082801e-02 6.433808573954712118e-02 6.791551254351568812e-02 7.099249443460067810e-02 7.786468073546135016e-02 7.952115440212290109e-02 8.086883617762086196e-02 1.000000000000000020e+30 1.000000000000000020e+30 1.000000000000000020e+30 1.000000000000000020e+30 1.000000000000000020e+30 1.000000000000000020e+30 1.000000000000000020e+30 1.000000000000000020e+30 1.000000000000000020e+30 1.000000000000000020e+30 1.000000000000000020e+30 1.247418899984668456e-01 1.249701972035516390e-01 1.256062124394160262e-01 1.257758356522720722e-01 1.262200966402659830e-01 1.266917422774058721e-01 1.271457500712176170e-01 1.275490051036213268e-01 1.278809452384198353e-01 1.281417581520876425e-01 1.283317940311404226e-01 1.000000000000000020e+30 1.000000000000000020e+30 1.000000000000000020e+30 1.000000000000000020e+30 1.000000000000000020e+30 1.000000000000000020e+30 1.000000000000000020e+30 1.000000000000000020e+30 1.000000000000000020e+30 1.000000000000000020e+30 1.000000000000000020e+30 1.000000000000000020e+30 1.000000000000000020e+30 1.000000000000000020e+30 1.000000000000000020e+30 1.000000000000000020e+30 1.000000000000000020e+30 1.000000000000000020e+30
1.000000000000000020e+30 1.000000000000000020e+30 5.477894243182777206e-02 5.489299181414886847e-02 5.516979890002783604e-02 5.559459209677944380e-02 5.613765847011287918e-02 5.682104112775710619e-02 5.770268597993834930e-02 5.885838437548601004e-02 6.192754025807482160e-02 6.397673068289357057e-02 1.000000000000000020e+30 1.000000000000000020e+30 1.000000000000000020e+30 1.000000000000000020e+30 1.000000000000000020e+30 1.000000000000000020e+30 1.000000000000000020e+30 1.000000000000000020e+30 1.000000000000000020e+30 1.000000000000000020e+30 1.000000000000000020e+30 1.000000000000000020e+30 1.000000000000000020e+30 1.000000000000000020e+30 1.000000000000000020e+30 1.000000000000000020e+30 1.000000000000000020e+30 1.000000000000000020e+30 1.270353734942156754e-01 1.267756296143424388e-01 1.270373733282482709e-01 1.274098569784097579e-01 1.277836524141330865e-01 1.281152231625033444e-01 1.283818183087436782e-01 1.285766905403793181e-01 1.286884555487163573e-01 1.000000000000000020e+30 1.000000000000000020e+30 1.000000000000000020e+30 1.000000000000000020e+30 1.000000000000000020e+30 1.000000000000000020e+30 1.000000000000000020e+30 1.000000000000000020e+30 1.000000000000000020e+30 1.000000000000000020e+30 1.000000000000000020e+30 1.000000000000000020e+30 1.000000000000000020e+30 1.000000000000000020e+30 1.000000000000000020e+30 1.000000000000000020e+30 1.000000000000000020e+30 1.000000000000000020e+30
1.000000000000000020e+30 1.000000000000000020e+30 5.453213091117741634e-02 5.454162030101612768e-02 5.474385770345083224e-02 5.510176628286631018e-02 5.556173142848499363e-02 5.618276211840568524e-02 5.794503271243787307e-02 5.918772064575363728e-02 1.000000000000000020e+30 1.000000000000000020e+30 1.000000000000000020e+30 1.000000000000000020e+30 1.000000000000000020e+30 1.000000000000000020e+30 1.000000000000000020e+30 1.000000000000000020e+30 1.000000000000000020e+30 1.000000000000000020e+30 1.000000000000000020e+30 1.000000000000000020e+30 1.000000000000000020e+30 1.000000000000000020e+30 1.000000000000000020e+30 1.000000000000000020e+30 1.000000000000000020e+30 1.000000000000000020e+30 1.000000000000000020e+30 1.000000000000000020e+30 1.000000000000000020e+30 1.277644804391559474e-01 1.277648546470773194e-01 1.280353768427136829e-01 1.283412262873232512e-01 1.286241747295970572e-01 1.288319073460006681e-01 1.289717308291997988e-01 1.290422865905976879e-01 1.000000000000000020e+30 1.000000000000000020e+30 1.000000000000000020e+30 1.000000000000000020e+30 1.000000000000000020e+30 1.000000000000000020e+30 1.000000000000000020e+30 1.000000000000000020e+30 1.000000000000000020e+30 1.000000000000000020e+30 1.000000000000000020e+30 1.000000000000000020e+30 1.000000000000000020e+30 1.000000000000000020e+30 1.000000000000000020e+30 1.000000000000000020e+30 1.000000000000000020e+30 1.000000000000000020e+30
1.000000000000000020e+30 1.000000000000000020e+30 1.000000000000000020e+30 5.423072852139376038e-02 5.441558532472035026e-02 5.479226518186641748e-02 5.529332703870766530e-02 5.690245021633905803e-02 5.821297641048470140e-02 1.000000000000000020e+30 1.000000000000000020e+30 1.000000000000000020e+30 1.000000000000000020e+30 1.000000000000000020e+30 1.000000000000000020e+30 1.000000000000000020e+30 1.000000000000000020e+30 1.000000000000000020e+30 1.000000000000000020e+30 1.000000000000000020e+30 1.000000000000000020e+30 1.000000000000000020e+30 1.000000000000000020e+30 1.000000000000000020e+30 1.000000000000000020e+30 1.000000000000000020e+30 1.000000000000000020e+30 1.000000000000000020e+30 1.000000000000000020e+30 1.000000000000000020e+30 1.000000000000000020e+30 1.000000000000000020e+30 1.286915669674452145e-01 1.286804461264404453e-01 1.288572949271754031e-01 1.290854636869140926e-01 1.292268781717816895e-01 1.293126972405772845e-01 1.293520141970954940e-01 1.000000000000000020e+30 1.000000000000000020e+30 1.000000000000000020e+30 1.000000000000000020e+30 1.000000000000000020e+30 1.000000000000000020e+30 1.000000000000000020e+30 1.000000000000000020e+30 1.000000000000000020e+30 1.000000000000000020e+30 1.000000000000000020e+30 1.000000000000000020e+30 1.000000000000000020e+30 1.000000000000000020e+30 1.000000000000000020e+30 1.000000000000000020e+30 1.000000000000000020e+30 1.000000000000000020e+30
1.000000000000000020e+30 1.000000000000000020e+30 1.000000000000000020e+30 5.402927099096943575e-02 5.438034707691075803e-02 5.576442346493998281e-02 5.684090797442323956e-02 5.765292879665832176e-02 1.000000000000000020e+30 1.000000000000000020e+30 1.000000000000000020e+30 1.000000000000000020e+30 1.000000000000000020e+30 1.000000000000000020e+30 1.000000000000000020e+30 1.000000000000000020e+30 1.000000000000000020e+30 1.000000000000000020e+30 1.000000000000000020e+30 1.000000000000000020e+30 1.000000000000000020e+30 1.000000000000000020e+30 1.000000000000000020e+30 1.000000000000000020e+30 1.000000000000000020e+30 1.000000000000000020e+30 1.000000000000000020e+30 1.000000000000000020e+30 1.000000000000000020e+30 1.000000000000000020e+30 1.000000000000000020e+30 1.000000000000000020e+30 1.000000000000000020e+30 1.295653603868112125e-01 1.294859824496466805e-01 1.295007085784984358e-01 1.295541161816844977e-01 1.295767234350861385e-01 1.295863770209875199e-01 1.000000000000000020e+30 1.000000000000000020e+30 1.000000000000000020e+30 1.000000000000000020e+30 1.000000000000000020e+30 1.000000000000000020e+30 1.000000000000000020e+30 1.000000000000000020e+30 1.000000000000000020e+30 1.000000000000000020e+30 1.000000000000000020e+30 1.000000000000000020e+30 1.000000000000000020e+30 1.000000000000000020e+30 1.000000000000000020e+30 1.000000000000000020e+30 1.000000000000000020e+30 1.000000000000000020e+30
1.000000000000000020e+30 1.000000000000000020e+30 1.000000000000000020e+30 1.000000000000000020e+30 5.837493998397805944e-02 5.772065299409612910e-02 5.806203048425968155e-02 1.000000000000000020e+30 1.000000000000000020e+30 1.000000000000000020e+30 1.000000000000000020e+30 1.000000000000000020e+30 1.000000000000000020e+30 1.000000000000000020e+30 1.000000000000000020e+30 1.000000000000000020e+30 1.000000000000000020e+30 1.000000000000000020e+30 1.000000000000000020e+30 1.000000000000000020e+30 1.000000000000000020e+30 1.000000000000000020e+30 1.000000000000000020e+30 1.000000000000000020e+30 1.000000000000000020e+30 1.000000000000000020e+30 1.000000000000000020e+30 1.000000000000000020e+30 1.000000000000000020e+30 1.000000000000000020e+30 1.000000000000000020e+30 1.000000000000000020e+30 1.000000000000000020e+30 1.000000000000000020e+30 1.301400087359622093e-01 1.298040041847234594e-01 1.297840748658568855e-01 1.297303952292892526e-01 1.297157215788523887e-01 1.000000000000000020e+30 1.000000000000000020e+30 1.000000000000000020e+30 1.000000000000000020e+30 1.000000000000000020e+30 1.000000000000000020e+30 1.000000000000000020e+30 1.000000000000000020e+30 1.000000000000000020e+30 1.000000000000000020e+30 1.000000000000000020e+30 1.000000000000000020e+30 1.000000000000000020e+30 1.000000000000000020e+30 1.000000000000000020e+30 1.000000000000000020e+30 1.000000000000000020e+30 1.000000000000000020e+30
1.000000000000000020e+30 1.000000000000000020e+30 1.000000000000000020e+30 1.000000000000000020e+30 6.123952331743266059e-02 1.000000000000000020e+30 1.000000000000000020e+30 1.000000000000000020e+30 1.000000000000000020e+30 1.000000000000000020e+30 1.000000000000000020e+30 1.000000000000000020e+30 1.000000000000000020e+30 1.000000000000000020e+30 1.000000000000000020e+30 1.000000000000000020e+30 1.000000000000000020e+30 1.000000000000000020e+30 1.000000000000000020e+30 1.000000000000000020e+30 1.000000000000000020e+30 1.000000000000000020e+30 1.000000000000000020e+30 1.000000000000000020e+30 1.000000000000000020e+30 1.000000000000000020e+30 1.000000000000000020e+30 1.000000000000000020e+30 1.000000000000000020e+30 1.000000000000000020e+30 1.000000000000000020e+30 1.000000000000000020e+30 1.000000000000000020e+30 1.000000000000000020e+30 1.000000000000000020e+30 1.299655976911497923e-01 1.299295163007518628e-01 1.000000000000000020e+30 1.000000000000000020e+30 1.000000000000000020e+30 1.000000000000000020e+30 1.000000000000000020e+30 1.000000000000000020e+30 1.000000000000000020e+30 1.000000000000000020e+30 1.000000000000000020e+30 1.000000000000000020e+30 1.000000000000000020e+30 1.000000000000000020e+30 1.000000000000000020e+30 1.000000000000000020e+30 1.000000000000000020e+30 1.000000000000000020e+30 1.000000000000000020e+30 1.000000000000000020e+30 1.000000000000000020e+30 1.000000000000000020e+30
