1.000000000000000020e+30 1.000000000000000020e+30 1.000000000000000020e+30 1.000000000000000020e+30 1.000000000000000020e+30 1.000000000000000020e+30 1.000000000000000020e+30 1.000000000000000020e+30 1.000000000000000020e+30 1.000000000000000020e+30 1.000000000000000020e+30 1.000000000000000020e+30 1.000000000000000020e+30 1.000000000000000020e+30 1.000000000000000020e+30 1.000000000000000020e+30 1.000000000000000020e+30 1.000000000000000020e+30 1.000000000000000020e+30 1.000000000000000020e+30 1.000000000000000020e+30 1.000000000000000020e+30 1.000000000000000020e+30 1.000000000000000020e+30 1.000000000000000020e+30 1.000000000000000020e+30 1.000000000000000020e+30 1.000000000000000020e+30 1.000000000000000020e+30 1.000000000000000020e+30 1.000000000000000020e+30 1.000000000000000020e+30 1.000000000000000020e+30 1.000000000000000020e+30 1.000000000000000020e+30 1.000000000000000020e+30 1.000000000000000020e+30 1.000000000000000020e+30 1.000000000000000020e+30 1.000000000000000020e+30 1.000000000000000020e+30 1.000000000000000020e+30 1.000000000000000020e+30 1.000000000000000020e+30 1.000000000000000020e+30 1.000000000000000020e+30 1.000000000000000020e+30 1.000000000000000020e+30 1.000000000000000020e+30 1.000000000000000020e+30 1.000000000000000020e+30 1.000000000000000020e+30 1.000000000000000020e+30 1.000000000000000020e+30 1.000000000000000020e+30 1.000000000000000020e+30 1.000000000000000020e+30
1.000000000000000020e+30 1.000000000000000020e+30 1.000000000000000020e+30 1.000000000000000020e+30 1.000000000000000020e+30 1.000000000000000020e+30 1.000000000000000020e+30 1.000000000000000020e+30 1.000000000000000020e+30 1.000000000000000020e+30 1.000000000000000020e+30 1.000000000000000020e+30 1.000000000000000020e+30 1.000000000000000020e+30 1.000000000000000020e+30 1.000000000000000020e+30 1.000000000000000020e+30 1.000000000000000020e+30 1.000000000000000020e+30 1.000000000000000020e+30 1.000000000000000020e+30 1.000000000000000020e+30 1.000000000000000020e+30 1.000000000000000020e+30 1.000000000000000020e+30 1.000000000000000020e+30 1.000000000000000020e+30 9.560841068807578225e+00 9.560978972737043335e+00 9.561163539097231379e+00 9.561362207593704809e+00 9.561560193768809057e+00 9.561750638230881449e+00 9.561929495293030712e+00 9.562094251448790772e+00 9.562243331298484250e+00 9.562375859880020812e+00 9.562491568993120694e+00 9.562590707192953232e+00 9.562673853966646931e+00 9.562741558408015763e+00 9.562793555683073876e+00 9.562826551446631740e+00 1.000000000000000020e+30 1.000000000000000020e+30 1.000000000000000020e+30 1.000000000000000020e+30 1.000000000000000020e+30 1.000000000000000020e+30 1.000000000000000020e+30 1.000000000000000020e+30 1.000000000000000020e+30 1.000000000000000020e+30 1.000000000000000020e+30 1.000000000000000020e+30 1.000000000000000020e+30 1.000000000000000020e+30
1.000000000000000020e+30 1.000000000000000020e+30 1.000000000000000020e+30 1.000000000000000020e+30 1.000000000000000020e+30 1.000000000000000020e+30 1.000000000000000020e+30 1.000000000000000020e+30 1.000000000000000020e+30 1.000000000000000020e+30 1.000000000000000020e+30 1.000000000000000020e+30 1.000000000000000020e+30 1.000000000000000020e+30 1.000000000000000020e+30 1.000000000000000020e+30 1.000000000000000020e+30 1.000000000000000020e+30 1.000000000000000020e+30 1.000000000000000020e+30 1.000000000000000020e+30 1.000000000000000020e+30 1.000000000000000020e+30 1.000000000000000020e+30 9.559967703854189480e+00 9.560153369901616571e+00 9.560412612702196000e+00 9.560714577414410442e+00 9.560943724307442437e+00 9.561160853126065007e+00 9.561373317146733442e+00 9.561578467063098330e+00 9.561773050481335190e+00 9.561954443949845839e+00 9.562120753604558487e+00 9.562270694984439601e+00 9.562403537957653299e+00 9.562519114862348957e+00 9.562617819707590172e+00 9.562700529825505669e+00 9.562768534021254041e+00 9.562823795537680027e+00 9.562871000708989655e+00 9.562926607670393153e+00 9.562962321724677750e+00 9.562985380064736418e+00 9.562999837364474232e+00 9.563007698531098555e+00 1.000000000000000020e+30 1.000000000000000020e+30 1.000000000000000020e+30 1.000000000000000020e+30 1.000000000000000020e+30 1.000000000000000020e+30 1.000000000000000020e+30 1.000000000000000020e+30 1.000000000000000020e+30
1.000000000000000020e+30 1.000000000000000020e+30 1.000000000000000020e+30 1.000000000000000020e+30 1.000000000000000020e+30 1.000000000000000020e+30 1.000000000000000020e+30 1.000000000000000020e+30 1.000000000000000020e+30 1.000000000000000020e+30 1.000000000000000020e+30 1.000000000000000020e+30 1.000000000000000020e+30 1.000000000000000020e+30 1.000000000000000020e+30 1.000000000000000020e+30 1.000000000000000020e+30 1.000000000000000020e+30 1.000000000000000020e+30 1.000000000000000020e+30 1.000000000000000020e+30 9.558866074178569150e+00 9.559089076176343625e+00 9.559408749946044281e+00 9.559793443998112039e+00 9.560091200275012469e+00 9.560381299485248618e+00 9.560669643456886746e+00 9.560929817841506306e+00 9.561171977304802283e+00 9.561400887211611632e+00 9.561616804522348190e+00 9.561818509345563655e+00 9.562004577304845654e+00 9.562173801568356168e+00 9.562325313394865134e+00 9.562458650479058520e+00 9.562573846784673037e+00 9.562671499254371099e+00 9.562752753975177100e+00 9.562819267960595226e+00 9.562873299573121599e+00 9.562918133096875550e+00 9.562957752957494506e+00 9.562986330893469500e+00 9.563005381451624487e+00 9.563017849794038128e+00 9.563027024075815063e+00 9.563038466054967657e+00 1.000000000000000020e+30 1.000000000000000020e+30 1.000000000000000020e+30 1.000000000000000020e+30 1.000000000000000020e+30 1.000000000000000020e+30 1.000000000000000020e+30 1.000000000000000020e+30
1.000000000000000020e+30 1.000000000000000020e+30 1.000000000000000020e+30 1.000000000000000020e+30 1.000000000000000020e+30 1.000000000000000020e+30 1.000000000000000020e+30 1.000000000000000020e+30 1.000000000000000020e+30 1.000000000000000020e+30 1.000000000000000020e+30 1.000000000000000020e+30 1.000000000000000020e+30 1.000000000000000020e+30 1.000000000000000020e+30 1.000000000000000020e+30 1.000000000000000020e+30 1.000000000000000020e+30 9.557630728969531475e+00 9.557864771968827000e+00 9.558215081733123952e+00 9.558654475391401562e+00 9.559003807929155272e+00 9.559355133773811630e+00 9.559714524814760139e+00 9.560045946566820163e+00 9.560360891329153787e+00 9.560662073787312920e+00 9.560943307402405722e+00 9.561205791520697161e+00 9.561451018014505365e+00 9.561679191183346305e+00 9.561889746155054937e+00 9.562081910198111601e+00 9.562254994647199524e+00 9.562408522297955571e+00 9.562542326431133333e+00 9.562656671234709194e+00 9.562752356435105128e+00 9.562830728270217406e+00 9.562893596163315024e+00 9.562943104439304065e+00 9.562981615048022022e+00 9.563011091362330518e+00 9.563031274561542006e+00 9.563043620533500544e+00 9.563050685932374506e+00 9.563055528819969453e+00 9.563061374699413975e+00 9.563070883120657228e+00 1.000000000000000020e+30 1.000000000000000020e+30 1.000000000000000020e+30 1.000000000000000020e+30 1.000000000000000020e+30 1.000000000000000020e+30 1.000000000000000020e+30
1.000000000000000020e+30 1.000000000000000020e+30 1.000000000000000020e+30 1.000000000000000020e+30 1.000000000000000020e+30 1.000000000000000020e+30 1.000000000000000020e+30 1.000000000000000020e+30 1.000000000000000020e+30 1.000000000000000020e+30 1.000000000000000020e+30 1.000000000000000020e+30 1.000000000000000020e+30 1.000000000000000020e+30 1.000000000000000020e+30 1.000000000000000020e+30 9.556759159857847408e+00 9.557005136845424076e+00 9.557408088433923865e+00 9.557759907743118788e+00 9.558137400409522755e+00 9.558541074166939211e+00 9.558925517192388810e+00 9.559302222151043082e+00 9.559672505520349972e+00 9.560026460231963341e+00 9.560363809535703083e+00 9.560684186282905728e+00 9.560985349727923577e+00 9.561266688049677498e+00 9.561528101053594852e+00 9.561769283710370715e+00 9.561989730370584084e+00 9.562188923886923320e+00 9.562366472077927781e+00 9.562522185537236652e+00 9.562656161913176689e+00 9.562768912093998708e+00 9.562861461984672573e+00 9.562935357175479822e+00 9.562992539587309437e+00 9.563035153468970151e+00 9.563065344395239364e+00 9.563085007926654058e+00 9.563095572513232057e+00 9.563099000680114870e+00 9.563097776680530515e+00 9.563094619424262532e+00 9.563092089369574111e+00 9.563091861855047782e+00 9.563095315639772664e+00 9.563093883734092415e+00 1.000000000000000020e+30 1.000000000000000020e+30 1.000000000000000020e+30 1.000000000000000020e+30 1.000000000000000020e+30
1.000000000000000020e+30 1.000000000000000020e+30 1.000000000000000020e+30 1.000000000000000020e+30 1.000000000000000020e+30 1.000000000000000020e+30 1.000000000000000020e+30 1.000000000000000020e+30 1.000000000000000020e+30 1.000000000000000020e+30 1.000000000000000020e+30 1.000000000000000020e+30 1.000000000000000020e+30 1.000000000000000020e+30 1.000000000000000020e+30 9.556209206112280086e+00 9.556524585710787889e+00 9.556859564817065333e+00 9.557245949383430528e+00 9.557637853181416787e+00 9.558042005195051871e+00 9.558455509332876687e+00 9.558863954665284268e+00 9.559264972490350232e+00 9.559656258781432214e+00 9.560033243387632496e+00 9.560393565352063305e+00 9.560735510156849415e+00 9.561057260698129667e+00 9.561357551889260620e+00 9.561635489700098134e+00 9.561890318451784054e+00 9.562121391539298187e+00 9.562328230327478806e+00 9.562510572148484655e+00 9.562668408464011449e+00 9.562802053584206874e+00 9.562912256485303075e+00 9.563000296522568888e+00 9.563067967183014773e+00 9.563117427745657650e+00 9.563150988758861715e+00 9.563170933617429981e+00 9.563179438525960308e+00 9.563178650085783161e+00 9.563170977936723105e+00 9.563159031450123138e+00 9.563145350331275552e+00 9.563132078333040909e+00 9.563120658078442915e+00 9.563111724180769713e+00 9.563103929505164302e+00 9.563100556164251032e+00 1.000000000000000020e+30 1.000000000000000020e+30 1.000000000000000020e+30 1.000000000000000020e+30
1.000000000000000020e+30 1.000000000000000020e+30 1.000000000000000020e+30 1.000000000000000020e+30 1.000000000000000020e+30 1.000000000000000020e+30 1.000000000000000020e+30 1.000000000000000020e+30 1.000000000000000020e+30 1.000000000000000020e+30 1.000000000000000020e+30 1.000000000000000020e+30 1.000000000000000020e+30 1.000000000000000020e+30 9.555538435482887394e+00 9.555905229705007997e+00 9.556280978681092719e+00 9.556672443365513914e+00 9.557086572424271509e+00 9.557512194359413016e+00 9.557946165895415902e+00 9.558384170788748690e+00 9.558819224758591915e+00 9.559247021372318187e+00 9.559664016719578328e+00 9.560066545063939714e+00 9.560451712386823786e+00 9.560817159671961107e+00 9.561160809140586636e+00 9.561480946283896998e+00 9.561776182286502390e+00 9.562045399485398889e+00 9.562287752572220967e+00 9.562502691221842710e+00 9.562689972337897970e+00 9.562849680073130187e+00 9.562982291976391380e+00 9.563088786827947274e+00 9.563170725866012134e+00 9.563230217445626735e+00 9.563269743775910214e+00 9.563291934291223484e+00 9.563299392640876917e+00 9.563294667990067666e+00 9.563280359221604243e+00 9.563259296575203905e+00 9.563234326826499654e+00 9.563208037801215866e+00 9.563182489777494411e+00 9.563159059315243127e+00 9.563138541246891222e+00 9.563121306233464125e+00 9.563108664655457503e+00 9.563101822344352243e+00 1.000000000000000020e+30 1.000000000000000020e+30 1.000000000000000020e+30
1.000000000000000020e+30 1.000000000000000020e+30 1.000000000000000020e+30 1.000000000000000020e+30 1.000000000000000020e+30 1.000000000000000020e+30 1.000000000000000020e+30 1.000000000000000020e+30 1.000000000000000020e+30 1.000000000000000020e+30 1.000000000000000020e+30 1.000000000000000020e+30 1.000000000000000020e+30 9.554770285868674051e+00 9.555183044756162758e+00 9.555602677941552159e+00 9.556031201940934139e+00 9.556471298094665556e+00 9.556924654922298146e+00 9.557387315014773677e+00 9.557855588068621344e+00 9.558325255154034750e+00 9.558791364954606351e+00 9.559249591923080658e+00 9.559696064499169310e+00 9.560127152784016147e+00 9.560539659388494371e+00 9.560930798057675872e+00 9.561298118874805851e+00 9.561639507355232936e+00 9.561953184840721320e+00 9.562237718329905434e+00 9.562492043216826332e+00 9.562715477562454325e+00 9.562907724538517229e+00 9.563068894656126417e+00 9.563199582581168201e+00 9.563300983076706174e+00 9.563374967340251942e+00 9.563424031254520230e+00 9.563451095925710632e+00 9.563459246332923769e+00 9.563451536709413503e+00 9.563430976508643155e+00 9.563400625528359456e+00 9.563363669645340792e+00 9.563323332861971338e+00 9.563282399498731934e+00 9.563243006128317347e+00 9.563206558840581906e+00 9.563173920645096970e+00 9.563145759043337080e+00 9.563122952344125238e+00 9.563106465483654617e+00 9.563096986902099417e+00 1.000000000000000020e+30 1.000000000000000020e+30
1.000000000000000020e+30 1.000000000000000020e+30 1.000000000000000020e+30 1.000000000000000020e+30 1.000000000000000020e+30 1.000000000000000020e+30 1.000000000000000020e+30 1.000000000000000020e+30 1.000000000000000020e+30 1.000000000000000020e+30 1.000000000000000020e+30 1.000000000000000020e+30 9.553913319637473478e+00 9.554368930446390351e+00 9.554831099611435619e+00 9.555300709521263869e+00 9.555778653544971135e+00 9.556266089511957773e+00 9.556762797940246301e+00 9.557266270363683702e+00 9.557773152719351017e+00 9.558279525752361394e+00 9.558781106675365180e+00 9.559273716758681871e+00 9.559753379040918375e+00 9.560216324862116366e+00 9.560659072641671585e+00 9.561078458902102284e+00 9.561471639564578240e+00 9.561836105619283543e+00 9.562169712223560936e+00 9.562470717500609396e+00 9.562737815925785867e+00 9.562970150916008549e+00 9.563167318560005015e+00 9.563329403231572101e+00 9.563457077149257302e+00 9.563551737925518381e+00 9.563615594109979412e+00 9.563651603270614032e+00 9.563663240605329463e+00 9.563654190568787072e+00 9.563628111159497180e+00 9.563588579831025172e+00 9.563539192174198789e+00 9.563483609211772318e+00 9.563425407840581371e+00 9.563367697984055837e+00 9.563312801623661485e+00 9.563262137883624447e+00 9.563216506024245334e+00 9.563176472154232499e+00 9.563142725516376785e+00 9.563116175388952200e+00 9.563098995460450169e+00 1.000000000000000020e+30 1.000000000000000020e+30
1.000000000000000020e+30 1.000000000000000020e+30 1.000000000000000020e+30 1.000000000000000020e+30 1.000000000000000020e+30 1.000000000000000020e+30 1.000000000000000020e+30 1.000000000000000020e+30 1.000000000000000020e+30 1.000000000000000020e+30 1.000000000000000020e+30 9.552973610638826329e+00 9.553469111983805107e+00 9.553971333144923861e+00 9.554481225939802869e+00 9.554999188677278710e+00 9.555525875264844871e+00 9.556061147391639921e+00 9.556603822264964521e+00 9.557151492168912910e+00 9.557700917515409955e+00 9.558248317275671369e+00 9.558789607748254369e+00 9.559320643386232774e+00 9.559837332547679978e+00 9.560335698129174276e+00 9.560811946157357966e+00 9.561262523433088134e+00 9.561684163902185674e+00 9.562073938828204334e+00 9.562429315503068850e+00 9.562748215919491201e+00 9.563029056625243385e+00 9.563270761338380055e+00 9.563472770227116726e+00 9.563635094656172342e+00 9.563758448130469603e+00 9.563844418278144133e+00 9.563895576969777323e+00 9.563915419251554084e+00 9.563908101760844715e+00 9.563878074441134913e+00 9.563829776091463231e+00 9.563767523468172271e+00 9.563695576755890215e+00 9.563618186771998708e+00 9.563539418728071340e+00 9.563462730997644101e+00 9.563390632793538515e+00 9.563324536414521404e+00 9.563265056188864577e+00 9.563212441429350008e+00 9.563166906616805463e+00 9.563128405010601796e+00 9.563095369653867195e+00 9.563060524030579046e+00 1.000000000000000020e+30
1.000000000000000020e+30 1.000000000000000020e+30 1.000000000000000020e+30 1.000000000000000020e+30 1.000000000000000020e+30 1.000000000000000020e+30 1.000000000000000020e+30 1.000000000000000020e+30 1.000000000000000020e+30 1.000000000000000020e+30 9.551956510177220139e+00 9.552489512284290996e+00 9.553028608845679059e+00 9.553575793631512880e+00 9.554132010284188681e+00 9.554698122418194828e+00 9.555274069810655746e+00 9.555858580725445250e+00 9.556449708603073745e+00 9.557044798371375549e+00 9.557640515891979049e+00 9.558233029520414092e+00 9.558818216263777146e+00 9.559391827055707225e+00 9.559949580299932137e+00 9.560487223350710551e+00 9.561000599431308089e+00 9.561485722195909531e+00 9.561938854987804604e+00 9.562356596820491106e+00 9.562735972111260807e+00 9.563074509070636608e+00 9.563370286933713160e+00 9.563621950598140131e+00 9.563828727568960630e+00 9.563990504614919175e+00 9.564107996342956497e+00 9.564182963943364868e+00 9.564218367160021828e+00 9.564218321219723151e+00 9.564187811706451825e+00 9.564132255568718932e+00 9.564057096961041893e+00 9.563967607371887780e+00 9.563868907730020297e+00 9.563766028603959413e+00 9.563663707283016180e+00 9.563565759430799673e+00 9.563474804625974102e+00 9.563392216180510275e+00 9.563318284329422880e+00 9.563252788480058442e+00 9.563195576146664934e+00 9.563147050531524584e+00 9.563105689630383210e+00 9.563100918609750423e+00 1.000000000000000020e+30
1.000000000000000020e+30 1.000000000000000020e+30 1.000000000000000020e+30 1.000000000000000020e+30 1.000000000000000020e+30 1.000000000000000020e+30 1.000000000000000020e+30 1.000000000000000020e+30 1.000000000000000020e+30 9.550850241575794541e+00 9.551434911561283769e+00 9.552009935580446864e+00 9.552590073786422664e+00 9.553180077564823236e+00 9.553782043975790117e+00 9.554396691452836876e+00 9.555023460722596340e+00 9.555659351147568259e+00 9.556301641803409908e+00 9.556947444714769091e+00 9.557593227719550555e+00 9.558234960935045876e+00 9.558868326661499992e+00 9.559488853455439639e+00 9.560091982108726683e+00 9.560673110838997957e+00 9.561227655359912703e+00 9.561751132903811623e+00 9.562239267107560892e+00 9.562688107931927917e+00 9.563094153776948048e+00 9.563454452633141756e+00 9.563766660553879362e+00 9.564029061630591855e+00 9.564240594521113081e+00 9.564400952815004686e+00 9.564510796710635532e+00 9.564572031903397331e+00 9.564588025613428357e+00 9.564563606462957779e+00 9.564504770225829233e+00 9.564418158989873575e+00 9.564310512022091260e+00 9.564188318731696725e+00 9.564057792698921645e+00 9.563925031332034976e+00 9.563795853641819278e+00 9.563674375917582182e+00 9.563563131311658694e+00 9.563463260181320535e+00 9.563374667983495669e+00 9.563296317093504584e+00 9.563227187859460798e+00 9.563170321222386860e+00 9.563155185500226807e+00 9.563148103181305260e+00 1.000000000000000020e+30
1.000000000000000020e+30 1.000000000000000020e+30 1.000000000000000020e+30 1.000000000000000020e+30 1.000000000000000020e+30 1.000000000000000020e+30 1.000000000000000020e+30 1.000000000000000020e+30 9.549804890669856050e+00 9.550340648743102179e+00 9.550933716949627339e+00 9.551535514922868231e+00 9.552150880879581862e+00 9.552781750064287536e+00 9.553428879560740938e+00 9.554092822185971556e+00 9.554773646674174614e+00 9.555463800121806628e+00 9.556160186490201269e+00 9.556860183963962641e+00 9.557559990264964611e+00 9.558255235576258002e+00 9.558941288613759468e+00 9.559613359897376483e+00 9.560266530873564150e+00 9.560895775099673699e+00 9.561496006500640021e+00 9.562062167526395484e+00 9.562589354813463061e+00 9.563072970985077248e+00 9.563508880356712538e+00 9.563893536718424571e+00 9.564224058056787214e+00 9.564498255963597373e+00 9.564714673789080024e+00 9.564872712171087699e+00 9.564972889493976282e+00 9.565017197204713995e+00 9.565009410714282012e+00 9.564955173385046194e+00 9.564861726122915186e+00 9.564737294467583695e+00 9.564590311646780307e+00 9.564428791477137537e+00 9.564260203225787293e+00 9.564092019629990560e+00 9.563932424286752720e+00 9.563785347230844280e+00 9.563652751599581947e+00 9.563535343672112887e+00 9.563432583316757274e+00 9.563342211493532474e+00 9.563258309173784610e+00 9.563227567362874382e+00 9.563208725607863059e+00 9.563199793726674613e+00 1.000000000000000020e+30
1.000000000000000020e+30 1.000000000000000020e+30 1.000000000000000020e+30 1.000000000000000020e+30 1.000000000000000020e+30 1.000000000000000020e+30 1.000000000000000020e+30 9.548726737290540001e+00 9.549280540254651228e+00 9.549848163149944114e+00 9.550434029382229184e+00 9.551057099861164801e+00 9.551705921864117599e+00 9.552376892378555695e+00 9.553068659303878718e+00 9.553781947770435323e+00 9.554524546686900877e+00 9.555272195954188419e+00 9.556025336346529286e+00 9.556783272926578476e+00 9.557541395403351459e+00 9.558294761626356717e+00 9.559038340478007711e+00 9.559766961682274911e+00 9.560475280847262169e+00 9.561157773748259814e+00 9.561808770862667117e+00 9.562422547962288633e+00 9.562993470570257060e+00 9.563516176281623871e+00 9.563985764774281861e+00 9.564397955513683769e+00 9.564749183383003839e+00 9.565036641279778706e+00 9.565258331154675275e+00 9.565413214699205469e+00 9.565501526962222556e+00 9.565525226766746769e+00 9.565488446578697790e+00 9.565397733372904554e+00 9.565261881332288496e+00 9.565091244571725326e+00 9.564896585651036176e+00 9.564687827966091405e+00 9.564473494524428077e+00 9.564261923374200336e+00 9.564068542831209996e+00 9.563894478551572931e+00 9.563740041022288807e+00 9.563605376680836656e+00 9.563490154847434255e+00 9.563393456570929985e+00 9.563312007975451223e+00 9.563285061400804921e+00 9.563264550880596460e+00 9.563254153361812726e+00 1.000000000000000020e+30
1.000000000000000020e+30 1.000000000000000020e+30 1.000000000000000020e+30 1.000000000000000020e+30 1.000000000000000020e+30 1.000000000000000020e+30 9.547636434290120988e+00 9.548184345128190031e+00 9.548753006784533426e+00 9.549347498807000179e+00 9.549970524876293609e+00 9.550626647936297786e+00 9.551312585046527914e+00 9.552024962779311679e+00 9.552760614243833714e+00 9.553515502323559616e+00 9.554280559571115106e+00 9.555085374409140186e+00 9.555895983956851580e+00 9.556716402689188428e+00 9.557537706437088332e+00 9.558354211395746702e+00 9.559160552831940549e+00 9.559951178217660939e+00 9.560720270558027423e+00 9.561461738309477099e+00 9.562169238043228603e+00 9.562836271817417355e+00 9.563456352899661894e+00 9.564023218076272315e+00 9.564531051412801688e+00 9.564974673552656625e+00 9.565349661568335549e+00 9.565652407136660429e+00 9.565880179326081034e+00 9.566031295698499193e+00 9.566105486342470599e+00 9.566104453349058900e+00 9.566032515399014002e+00 9.565897130270023752e+00 9.565709019736955199e+00 9.565481550066110117e+00 9.565229024156884918e+00 9.564964065678399407e+00 9.564695388141212007e+00 9.564425166737354544e+00 9.564197438271101248e+00 9.563996727548776278e+00 9.563820631237234693e+00 9.563668874941802400e+00 9.563541569415386689e+00 9.563441555999796506e+00 9.563387172497646915e+00 9.563348439312338911e+00 9.563322530024235490e+00 9.563309723282973351e+00 1.000000000000000020e+30
1.000000000000000020e+30 1.000000000000000020e+30 1.000000000000000020e+30 1.000000000000000020e+30 1.000000000000000020e+30 9.546616833096820187e+00 9.547099936916215057e+00 9.547631768044025691e+00 9.548209612936375379e+00 9.548827917559052025e+00 9.549484013490436851e+00 9.550176712370110010e+00 9.550903195523879674e+00 9.551660071109937533e+00 9.552443549656985056e+00 9.553249089482342526e+00 9.554070792313924088e+00 9.554903122114986047e+00 9.555767183519465746e+00 9.556658929966930671e+00 9.557549022728073496e+00 9.558434027839187053e+00 9.559308768721070493e+00 9.560167350302606337e+00 9.561003434910416487e+00 9.561810295038181806e+00 9.562580806796367128e+00 9.563307570299038218e+00 9.563983106673665802e+00 9.564600099235615716e+00 9.565151647162654314e+00 9.565631485608102835e+00 9.566034131734237889e+00 9.566354959588919016e+00 9.566590270021281484e+00 9.566737468061168315e+00 9.566795455772679091e+00 9.566765288770735509e+00 9.566651058537409824e+00 9.566460877628328419e+00 9.566207703533331497e+00 9.565909325074105851e+00 9.565586117637263186e+00 9.565255828545577543e+00 9.564930340239408579e+00 9.564621311593887398e+00 9.564375252616635237e+00 9.564150984850613213e+00 9.563953911998687829e+00 9.563784873909401796e+00 9.563642232072254501e+00 9.563520140083706877e+00 9.563459070327619216e+00 9.563411420474132285e+00 9.563379689574114551e+00 9.563364094310260910e+00 1.000000000000000020e+30
1.000000000000000020e+30 1.000000000000000020e+30 1.000000000000000020e+30 1.000000000000000020e+30 1.000000000000000020e+30 9.546145144465389976e+00 9.546525343112252315e+00 9.547043268309623798e+00 9.547635215175295897e+00 9.548280438576036033e+00 9.548971223298224231e+00 9.549703575469028038e+00 9.550474070719042530e+00 9.551279133084054962e+00 9.552114834393286458e+00 9.552976870787752262e+00 9.553860802261777252e+00 9.554763289163069828e+00 9.555684825650224923e+00 9.556613443556981835e+00 9.557575682891259916e+00 9.558534367362339523e+00 9.559483500753945151e+00 9.560416535301978769e+00 9.561326497593624296e+00 9.562205972931510090e+00 9.563046915380217783e+00 9.563840860198393301e+00 9.564579176138401806e+00 9.565253326730910999e+00 9.565855141574708398e+00 9.566377063710445938e+00 9.566812324321135819e+00 9.567155036944075874e+00 9.567400268515552142e+00 9.567544197098030168e+00 9.567584477636511764e+00 9.567520915329374986e+00 9.567356536391351085e+00 9.567099186979719505e+00 9.566763772113066722e+00 9.566374427199836106e+00 9.565962685383642139e+00 9.565554806444769298e+00 9.565160539582297616e+00 9.564830021901205015e+00 9.564543540726988979e+00 9.564290990494898281e+00 9.564072563011427164e+00 9.563887863696704628e+00 9.563735333109157466e+00 9.563613966393949894e+00 9.563529997266678961e+00 9.563470901282968839e+00 9.563432931723880870e+00 9.563414467639457683e+00 1.000000000000000020e+30
1.000000000000000020e+30 1.000000000000000020e+30 1.000000000000000020e+30 1.000000000000000020e+30 9.544709551079009202e+00 9.545304433013651391e+00 9.545823956891657858e+00 9.546391168395469862e+00 9.547017101958024554e+00 9.547697429955903203e+00 9.548427343351228558e+00 9.549203090133957517e+00 9.550021267018115267e+00 9.550878326396070150e+00 9.551770381411845534e+00 9.552693273036357624e+00 9.553642782476318374e+00 9.554614942341718375e+00 9.555605869135016306e+00 9.556608430481761118e+00 9.557616202879330558e+00 9.558654564763108041e+00 9.559684743057603740e+00 9.560699383754478475e+00 9.561690828611876469e+00 9.562651095490414477e+00 9.563570968355390889e+00 9.564440692693999324e+00 9.565250309996759626e+00 9.565989894779100666e+00 9.566649811223260969e+00 9.567220984159225949e+00 9.567695110402238967e+00 9.568064783565661813e+00 9.568323568195056694e+00 9.568466108770937950e+00 9.568488372638572770e+00 9.568388139144129667e+00 9.568165951664173718e+00 9.567827089126172524e+00 9.567385946594040291e+00 9.566874502072211683e+00 9.566347947116158323e+00 9.565852400387038657e+00 9.565402662808274670e+00 9.565006597755306927e+00 9.564690215233699888e+00 9.564409823524037790e+00 9.564170903348770736e+00 9.563972112016802640e+00 9.563810301496495470e+00 9.563682908722119791e+00 9.563588428700281696e+00 9.563521540113725905e+00 9.563478743080230160e+00 9.563457953741021811e+00 1.000000000000000020e+30
1.000000000000000020e+30 1.000000000000000020e+30 1.000000000000000020e+30 1.000000000000000020e+30 9.544126085940876081e+00 9.544549933910021267e+00 9.545085586638172970e+00 9.545689970230300858e+00 9.546354424761911872e+00 9.547074995736961611e+00 9.547848255786997029e+00 9.548671157196974235e+00 9.549540681247808749e+00 9.550453507608427373e+00 9.551405890368700469e+00 9.552393741856070264e+00 9.553412758107974412e+00 9.554458443910499810e+00 9.555525821993578361e+00 9.556608647661334999e+00 9.557700209010000947e+00 9.558793298598764920e+00 9.559911979863386478e+00 9.561016081258442156e+00 9.562097214096503706e+00 9.563147655916498735e+00 9.564156273106062756e+00 9.565111704435981466e+00 9.566002515748641244e+00 9.566817250524389138e+00 9.567544604082121040e+00 9.568173731781595137e+00 9.568694518369019519e+00 9.569097764540250850e+00 9.569375293679316385e+00 9.569520013399301916e+00 9.569525937969144636e+00 9.569388173526599317e+00 9.569103017900872032e+00 9.568668773810658834e+00 9.568090594108426217e+00 9.567402325557724296e+00 9.566714900190801174e+00 9.566116603722162992e+00 9.565603192553858491e+00 9.565179251513109548e+00 9.564813200455517972e+00 9.564500033118820355e+00 9.564242391256000175e+00 9.564032670169730466e+00 9.563863756682971839e+00 9.563731323265141526e+00 9.563631460368192450e+00 9.563560147827100621e+00 9.563514429213636703e+00 9.563492200277078581e+00 1.000000000000000020e+30
1.000000000000000020e+30 1.000000000000000020e+30 1.000000000000000020e+30 9.542451920445689240e+00 9.543130084904609234e+00 9.543694836861957853e+00 9.544289464550608670e+00 9.544938424177471958e+00 9.545645599738163511e+00 9.546410164566172085e+00 9.547230254828342311e+00 9.548103717376536181e+00 9.549028070553079672e+00 9.550000328606627065e+00 9.551016945319895868e+00 9.552073906586814545e+00 9.553166827292917773e+00 9.554290943644710765e+00 9.555440934418488297e+00 9.556610635956163335e+00 9.557793107576316061e+00 9.558980570316629510e+00 9.560164299157690948e+00 9.561366459273505924e+00 9.562545258963822903e+00 9.563697217590556576e+00 9.564806030487064348e+00 9.565858579912562831e+00 9.566841993169232339e+00 9.567743233338699582e+00 9.568549101835355231e+00 9.569246688982520510e+00 9.569823733885161943e+00 9.570268933877780881e+00 9.570572165321477698e+00 9.570724597533542877e+00 9.570718516725937874e+00 9.570546561359693172e+00 9.570200196465311393e+00 9.569665901795993079e+00 9.568917501641951873e+00 9.567941982757588448e+00 9.567069302388294005e+00 9.566372257255618905e+00 9.565790228681279928e+00 9.565306042953146459e+00 9.564895505710287793e+00 9.564547346393963423e+00 9.564278941143742330e+00 9.564065415414104265e+00 9.563893375885376358e+00 9.563759340041313450e+00 9.563657897961013177e+00 9.563584973969499359e+00 9.563538312885764725e+00 9.563515740689481959e+00 1.000000000000000020e+30
1.000000000000000020e+30 1.000000000000000020e+30 1.000000000000000020e+30 9.541848788530646885e+00 9.542258712428724365e+00 9.542821000786528174e+00 9.543449138185431835e+00 9.544138809808163870e+00 9.544889538805442442e+00 9.545700199875131631e+00 9.546569675958757273e+00 9.547496597532973084e+00 9.548478988439248027e+00 9.549514202363502235e+00 9.550598896840025276e+00 9.551729151358113512e+00 9.552900576458151605e+00 9.554108331388393438e+00 9.555347010286899589e+00 9.556610437064353647e+00 9.557891512331575967e+00 9.559182046037077995e+00 9.560472481904477959e+00 9.561750977628488357e+00 9.563031213039849376e+00 9.564301243545159537e+00 9.565523494130504290e+00 9.566686022506054599e+00 9.567775010433832605e+00 9.568775970741862480e+00 9.569673458822100187e+00 9.570452129992224499e+00 9.571097131912903677e+00 9.571594634825590475e+00 9.571932299615532713e+00 9.572099736820687710e+00 9.572088462677006859e+00 9.571890471455436256e+00 9.571496436016568410e+00 9.570888693179480100e+00 9.569983697933414746e+00 9.568391455551719105e+00 9.567324647341834520e+00 9.566525496010816809e+00 9.565891671395482021e+00 9.565371164125608061e+00 9.564927451831145788e+00 9.564527209168778299e+00 9.564273197837826146e+00 9.564069290998228112e+00 9.563897327541388549e+00 9.563766732055212216e+00 9.563667596962687867e+00 9.563595177347062659e+00 9.563549666871775656e+00 9.563528215555537670e+00 1.000000000000000020e+30
1.000000000000000020e+30 1.000000000000000020e+30 1.000000000000000020e+30 9.540910735937634612e+00 9.541309956826491856e+00 9.541892627453099962e+00 9.542557699651238678e+00 9.543288598939868805e+00 9.544083879208736576e+00 9.544941880920886135e+00 9.545862481073566386e+00 9.546845294455250652e+00 9.547888668978972149e+00 9.548990230105404819e+00 9.550146761780270666e+00 9.551354442059976080e+00 9.552608978491344160e+00 9.553905627504923004e+00 9.555239084536969685e+00 9.556603261630405299e+00 9.557991052486890737e+00 9.559394179590951168e+00 9.560803247298649055e+00 9.562208370480124842e+00 9.563602310616047930e+00 9.564964524244564004e+00 9.566312312678006080e+00 9.567598638394596122e+00 9.568807607807091387e+00 9.569923710104326631e+00 9.570928310507932579e+00 9.571803245016107908e+00 9.572530417737533881e+00 9.573092805402339422e+00 9.573475231975985267e+00 9.573665779336369752e+00 9.573656796843149408e+00 9.573441724265190800e+00 9.573017675192907916e+00 9.572420372843325254e+00 9.571749256544809015e+00 1.000000000000000020e+30 1.000000000000000020e+30 1.000000000000000020e+30 1.000000000000000020e+30 1.000000000000000020e+30 1.000000000000000020e+30 9.564372340923467775e+00 9.564228970042323752e+00 9.564052879491141468e+00 9.563871917066684603e+00 9.563754482363139076e+00 9.563662213334811923e+00 9.563589972292909636e+00 9.563548445898572226e+00 9.563530736689726197e+00 1.000000000000000020e+30
1.000000000000000020e+30 1.000000000000000020e+30 9.538862353615423118e+00 9.539648483676671731e+00 9.540252775694989751e+00 9.540893267965012470e+00 9.541611397114634130e+00 9.542384825011872351e+00 9.543226000673433518e+00 9.544131464339423943e+00 9.545103910003012615e+00 9.546144764134032457e+00 9.547251887623199096e+00 9.548423140570349688e+00 9.549655179619103151e+00 9.550944264091793201e+00 9.552286352974904915e+00 9.553677017413187755e+00 9.555111263489578732e+00 9.556583249361265686e+00 9.558085973071564823e+00 9.559611056328762402e+00 9.561148717311597878e+00 9.562687935360504099e+00 9.564216458438030699e+00 9.565717641120556891e+00 9.567174425793581349e+00 9.568600454688152013e+00 9.569944821978028315e+00 9.571194640430615408e+00 9.572324616651057383e+00 9.573314196589953085e+00 9.574140929726764782e+00 9.574783630439732462e+00 9.575222702624396121e+00 9.575443656610815424e+00 9.575443007681748497e+00 9.575213370345547759e+00 9.574787658582037508e+00 9.574101949301859094e+00 9.572919808136289177e+00 1.000000000000000020e+30 1.000000000000000020e+30 1.000000000000000020e+30 1.000000000000000020e+30 1.000000000000000020e+30 1.000000000000000020e+30 1.000000000000000020e+30 1.000000000000000020e+30 1.000000000000000020e+30 9.563794497282323448e+00 9.563728566214297899e+00 9.563648221546483086e+00 9.563565392417903155e+00 9.563534840387614366e+00 9.563527038494417098e+00 1.000000000000000020e+30
1.000000000000000020e+30 1.000000000000000020e+30 9.538151230353312471e+00 9.538642768689918228e+00 9.539233966308378498e+00 9.539891364992406864e+00 9.540621265755518721e+00 9.541424412407339517e+00 9.542314459118497183e+00 9.543264599316101382e+00 9.544287778151462120e+00 9.545389331986639192e+00 9.546562823832839939e+00 9.547807321870010355e+00 9.549118468746845778e+00 9.550492631441203528e+00 9.551926335623409869e+00 9.553415798215771915e+00 9.554956614099525680e+00 9.556543400357927709e+00 9.558169405959596077e+00 9.559826204980785391e+00 9.561503551087033870e+00 9.563189338455584831e+00 9.564869429094612130e+00 9.566526976956978956e+00 9.568143106571552536e+00 9.569695989517210677e+00 9.571188541428044871e+00 9.572597280431361710e+00 9.573873244184907705e+00 9.575000166311868455e+00 9.575947985051886491e+00 9.576690832050845259e+00 9.577200985202932060e+00 9.577455434605225193e+00 9.577470043981051617e+00 9.577256652794673641e+00 9.576829386934821997e+00 9.576291902608165429e+00 1.000000000000000020e+30 1.000000000000000020e+30 1.000000000000000020e+30 1.000000000000000020e+30 1.000000000000000020e+30 1.000000000000000020e+30 1.000000000000000020e+30 1.000000000000000020e+30 1.000000000000000020e+30 1.000000000000000020e+30 1.000000000000000020e+30 1.000000000000000020e+30 1.000000000000000020e+30 9.563495755681037380e+00 9.563509985397701030e+00 1.000000000000000020e+30 1.000000000000000020e+30
1.000000000000000020e+30 9.536306341707923906e+00 9.537023469976350754e+00 9.537612198373158989e+00 9.538223535170345713e+00 9.538892770000991561e+00 9.539633447507291919e+00 9.540451968084036949e+00 9.541353580319299255e+00 9.542335294853597105e+00 9.543404127311958973e+00 9.544573346548776982e+00 9.545814698195909997e+00 9.547137089505840279e+00 9.548530854950060487e+00 9.549993160138384951e+00 9.551521840993567380e+00 9.553114272837657239e+00 9.554767002974031698e+00 9.556475379350237276e+00 9.558233108853698923e+00 9.560031868711636349e+00 9.561861071408586099e+00 9.563707769416268434e+00 9.565556597664528482e+00 9.567389724799815198e+00 9.569187252674442590e+00 9.570927917082814318e+00 9.572592052782990635e+00 9.574144764772940519e+00 9.575583007335797703e+00 9.576877535077189307e+00 9.577972594415427920e+00 9.578843476061404516e+00 9.579447606300421469e+00 9.579783227901728537e+00 9.579800925084146712e+00 9.579525766610126780e+00 9.578993202042729749e+00 9.577956000320737573e+00 1.000000000000000020e+30 1.000000000000000020e+30 1.000000000000000020e+30 1.000000000000000020e+30 1.000000000000000020e+30 1.000000000000000020e+30 1.000000000000000020e+30 1.000000000000000020e+30 1.000000000000000020e+30 1.000000000000000020e+30 1.000000000000000020e+30 1.000000000000000020e+30 1.000000000000000020e+30 1.000000000000000020e+30 1.000000000000000020e+30 1.000000000000000020e+30 1.000000000000000020e+30
1.000000000000000020e+30 9.535664201688904384e+00 9.536098271217229083e+00 9.536632934788343618e+00 9.537231094989012448e+00 9.537898750297799211e+00 9.538643543283267690e+00 9.539471440806380542e+00 9.540387120234928631e+00 9.541393207695543666e+00 9.542494593118128421e+00 9.543696624421924568e+00 9.544997552423186704e+00 9.546407868036364874e+00 9.547886988755601934e+00 9.549439159948340361e+00 9.551064974280276232e+00 9.552763576344158736e+00 9.554532862733220000e+00 9.556369220900828410e+00 9.558267072419161181e+00 9.560218409975126619e+00 9.562212474992492162e+00 9.564235617883763751e+00 9.566271301623945789e+00 9.568300225863099584e+00 9.570300649208411059e+00 9.572248831384767342e+00 9.574119376041688056e+00 9.575882832189824612e+00 9.577512601668294323e+00 9.578966789007649751e+00 9.580233987323811817e+00 9.581275555312897652e+00 9.582039160849260995e+00 9.582441277692748116e+00 9.582436778672496658e+00 9.582064301601958434e+00 9.581673523489198985e+00 1.000000000000000020e+30 1.000000000000000020e+30 1.000000000000000020e+30 1.000000000000000020e+30 1.000000000000000020e+30 1.000000000000000020e+30 1.000000000000000020e+30 1.000000000000000020e+30 1.000000000000000020e+30 1.000000000000000020e+30 1.000000000000000020e+30 1.000000000000000020e+30 1.000000000000000020e+30 1.000000000000000020e+30 1.000000000000000020e+30 1.000000000000000020e+30 1.000000000000000020e+30 1.000000000000000020e+30
9.534069187739348195e+00 9.534662714101324710e+00 9.535146940594351861e+00 9.535664057993791687e+00 9.536245754657540985e+00 9.536903914804087279e+00 9.537646238320487413e+00 9.538478311564944079e+00 9.539404956855626949e+00 9.540430274307626135e+00 9.541558938932004352e+00 9.542796029948350522e+00 9.544146724668641113e+00 9.545622347415314124e+00 9.547182512242237351e+00 9.548823498850175895e+00 9.550546797263786303e+00 9.552353407192061496e+00 9.554242884323505436e+00 9.556212969632708720e+00 9.558259097224182099e+00 9.560373839763032677e+00 9.562546465492529180e+00 9.564762710887270813e+00 9.567004778356741568e+00 9.569251523827372097e+00 9.571478816838963510e+00 9.573660014263799312e+00 9.575766380744768824e+00 9.577767081477894351e+00 9.579630226277981109e+00 9.581319388846157636e+00 9.582797454822721051e+00 9.584062057777694932e+00 9.585004682410573906e+00 9.585518274166815900e+00 9.585452742487957423e+00 9.584666517541236885e+00 9.583615508406326811e+00 1.000000000000000020e+30 1.000000000000000020e+30 1.000000000000000020e+30 1.000000000000000020e+30 1.000000000000000020e+30 1.000000000000000020e+30 1.000000000000000020e+30 1.000000000000000020e+30 1.000000000000000020e+30 1.000000000000000020e+30 1.000000000000000020e+30 1.000000000000000020e+30 1.000000000000000020e+30 1.000000000000000020e+30 1.000000000000000020e+30 1.000000000000000020e+30 1.000000000000000020e+30 1.000000000000000020e+30
9.533550633259464391e+00 9.533844463158407834e+00 9.534236412016726447e+00 9.534706826352950415e+00 9.535260290979852726e+00 9.535901278047813179e+00 9.536634969359694125e+00 9.537465990745992883e+00 9.538399024090626455e+00 9.539438563343914268e+00 9.540589409103597873e+00 9.541856845695400935e+00 9.543246698923967486e+00 9.544764884524301607e+00 9.546409788336687186e+00 9.548137637331663541e+00 9.549956884968876736e+00 9.551871667096538232e+00 9.553883647138606605e+00 9.555992265185695445e+00 9.558194323670553771e+00 9.560483319175411054e+00 9.562848808660923794e+00 9.565276015904135676e+00 9.567745763697722339e+00 9.570234690666033828e+00 9.572715721445780090e+00 9.575158797545862299e+00 9.577531814845809066e+00 9.579801556049767797e+00 9.581934406315529174e+00 9.583895609061100274e+00 9.585650769160286799e+00 9.587182985023744664e+00 9.588411617068141268e+00 9.589186644621531030e+00 9.589141398944304839e+00 9.588402488235825416e+00 9.586311346028990599e+00 1.000000000000000020e+30 1.000000000000000020e+30 1.000000000000000020e+30 1.000000000000000020e+30 1.000000000000000020e+30 1.000000000000000020e+30 1.000000000000000020e+30 1.000000000000000020e+30 1.000000000000000020e+30 1.000000000000000020e+30 1.000000000000000020e+30 1.000000000000000020e+30 1.000000000000000020e+30 1.000000000000000020e+30 1.000000000000000020e+30 1.000000000000000020e+30 1.000000000000000020e+30 1.000000000000000020e+30
9.532812916767262834e+00 9.533002461544542783e+00 9.533321124019005666e+00 9.533743063944429608e+00 9.534263587179259147e+00 9.534882324780614482e+00 9.535602287202433303e+00 9.536427247768083149e+00 9.537361692894014809e+00 9.538410240405553964e+00 9.539577867247366783e+00 9.540870237862369763e+00 9.542294072227507584e+00 9.543857005300091956e+00 9.545566814457759008e+00 9.547372614805302860e+00 9.549283112398562423e+00 9.551304102990828326e+00 9.553439223137257130e+00 9.555689882746927211e+00 9.558054689317161845e+00 9.560528552269477842e+00 9.563101715719911411e+00 9.565759061229359261e+00 9.568479917232165732e+00 9.571238263579118666e+00 9.574003292580943736e+00 9.576740496794752033e+00 9.579413405801643577e+00 9.581985712500223684e+00 9.584422880215694107e+00 9.586690369313625837e+00 9.588803305147868272e+00 9.590683755191701465e+00 9.592284410716262144e+00 9.593255042835110658e+00 9.593807182273264900e+00 9.594029460345058880e+00 1.000000000000000020e+30 1.000000000000000020e+30 1.000000000000000020e+30 1.000000000000000020e+30 1.000000000000000020e+30 1.000000000000000020e+30 1.000000000000000020e+30 1.000000000000000020e+30 1.000000000000000020e+30 1.000000000000000020e+30 1.000000000000000020e+30 1.000000000000000020e+30 1.000000000000000020e+30 1.000000000000000020e+30 1.000000000000000020e+30 1.000000000000000020e+30 1.000000000000000020e+30 1.000000000000000020e+30 1.000000000000000020e+30
9.531960264007329542e+00 9.532105753028911721e+00 9.532376333093314003e+00 9.532757202713714406e+00 9.533244908111322857e+00 9.533838547428109322e+00 9.534540642771700547e+00 9.535354808237341828e+00 9.536285572274866951e+00 9.537337665246463203e+00 9.538516190304576980e+00 9.539827125746647596e+00 9.541278056886520531e+00 9.542878596647602407e+00 9.544640657413840046e+00 9.546515259218411487e+00 9.548510616343529378e+00 9.550633845689709744e+00 9.552890783680041409e+00 9.555285252492383918e+00 9.557818298395293510e+00 9.560487017696418732e+00 9.563283009343994223e+00 9.566191104649378829e+00 9.569189065051942222e+00 9.572247721018039002e+00 9.575331418551417784e+00 9.578399373280738871e+00 9.581408535904998303e+00 9.584317868846500943e+00 9.587093703537789224e+00 9.589716035225839263e+00 9.592200621086165668e+00 9.594476492708777116e+00 9.596210944171176038e+00 9.597469114130737111e+00 9.598402417661230146e+00 9.598798867216892461e+00 1.000000000000000020e+30 1.000000000000000020e+30 1.000000000000000020e+30 1.000000000000000020e+30 1.000000000000000020e+30 1.000000000000000020e+30 1.000000000000000020e+30 1.000000000000000020e+30 1.000000000000000020e+30 1.000000000000000020e+30 1.000000000000000020e+30 1.000000000000000020e+30 1.000000000000000020e+30 1.000000000000000020e+30 1.000000000000000020e+30 1.000000000000000020e+30 1.000000000000000020e+30 1.000000000000000020e+30 1.000000000000000020e+30
9.531036746962566752e+00 9.531158397687590877e+00 9.531395095429843423e+00 9.531740928243687350e+00 9.532196473996588537e+00 9.532762695716465728e+00 9.533443048789605356e+00 9.534241735014084895e+00 9.535163639120529666e+00 9.536213625335962618e+00 9.537396743081483663e+00 9.538718930919651839e+00 9.540188100570921037e+00 9.541815042258440016e+00 9.543614876081685239e+00 9.545549640728477669e+00 9.547622107546096970e+00 9.549841356414638938e+00 9.552216369519804573e+00 9.554754026463699645e+00 9.557458696997011671e+00 9.560330970903073933e+00 9.563365006150077008e+00 9.566545979981036396e+00 9.569850101721399938e+00 9.573244714945328582e+00 9.576687976704793215e+00 9.580129888028139362e+00 9.583516439376497331e+00 9.586796421685692238e+00 9.589930722620591652e+00 9.592955809530076650e+00 9.595818837375363231e+00 9.598183090870699985e+00 9.600055934926343681e+00 9.601487564090270155e+00 9.602188202197787348e+00 9.601080404080239106e+00 1.000000000000000020e+30 1.000000000000000020e+30 1.000000000000000020e+30 1.000000000000000020e+30 1.000000000000000020e+30 1.000000000000000020e+30 1.000000000000000020e+30 1.000000000000000020e+30 1.000000000000000020e+30 1.000000000000000020e+30 1.000000000000000020e+30 1.000000000000000020e+30 1.000000000000000020e+30 1.000000000000000020e+30 1.000000000000000020e+30 1.000000000000000020e+30 1.000000000000000020e+30 1.000000000000000020e+30 1.000000000000000020e+30
9.530066231912295294e+00 9.530170479694978880e+00 9.530378649253144374e+00 9.530691299632213287e+00 9.531113464830056614e+00 9.531649038691298870e+00 9.532303289326961249e+00 9.533081563217361776e+00 9.533989343251867865e+00 9.535031572846285997e+00 9.536212904167371107e+00 9.537538614381501745e+00 9.539015983175099578e+00 9.540654988764908140e+00 9.542467187380799132e+00 9.544458940780813805e+00 9.546598757455768691e+00 9.548904595121607386e+00 9.551390856575986632e+00 9.554067788849847531e+00 9.556944042037239129e+00 9.560026069063912502e+00 9.563313036661895694e+00 9.566790535326656908e+00 9.570433283464971908e+00 9.574205600900562274e+00 9.578058484891336377e+00 9.581928532742510995e+00 9.585743842551238458e+00 9.589433597599727577e+00 9.592983817464281415e+00 9.596457569306886981e+00 9.599455715010210000e+00 9.601974028584621124e+00 9.604038817429735531e+00 9.605622555420646691e+00 9.606454389882259193e+00 1.000000000000000020e+30 1.000000000000000020e+30 1.000000000000000020e+30 1.000000000000000020e+30 1.000000000000000020e+30 1.000000000000000020e+30 1.000000000000000020e+30 1.000000000000000020e+30 1.000000000000000020e+30 1.000000000000000020e+30 1.000000000000000020e+30 1.000000000000000020e+30 1.000000000000000020e+30 1.000000000000000020e+30 1.000000000000000020e+30 1.000000000000000020e+30 1.000000000000000020e+30 1.000000000000000020e+30 1.000000000000000020e+30 1.000000000000000020e+30
9.529066151080964886e+00 9.529153169655502964e+00 9.529331749424539311e+00 9.529608451293480442e+00 9.529993060646532399e+00 9.530492948013902677e+00 9.531115692001691286e+00 9.531868141853411913e+00 9.532756524074939009e+00 9.533785707722572056e+00 9.534959422406810603e+00 9.536281456716334759e+00 9.537757785184791004e+00 9.539398152363506966e+00 9.541216689637490589e+00 9.543232921416130665e+00 9.545421395677992749e+00 9.547798897553112951e+00 9.550386176719166897e+00 9.553194203296591525e+00 9.556236173985382720e+00 9.559529186316231275e+00 9.563083586861861107e+00 9.566882735655727998e+00 9.570899542684108141e+00 9.575098394037823368e+00 9.579424319431671719e+00 9.583800472524647063e+00 9.588142656519488938e+00 9.592329581682196959e+00 9.596408402539612581e+00 9.600062015502912161e+00 9.603224671714770011e+00 9.605887743722561822e+00 9.608074484985476005e+00 9.609640572950436166e+00 9.610577036378339599e+00 1.000000000000000020e+30 1.000000000000000020e+30 1.000000000000000020e+30 1.000000000000000020e+30 1.000000000000000020e+30 1.000000000000000020e+30 1.000000000000000020e+30 1.000000000000000020e+30 1.000000000000000020e+30 1.000000000000000020e+30 1.000000000000000020e+30 1.000000000000000020e+30 1.000000000000000020e+30 1.000000000000000020e+30 1.000000000000000020e+30 1.000000000000000020e+30 1.000000000000000020e+30 1.000000000000000020e+30 1.000000000000000020e+30 1.000000000000000020e+30
9.528053765022756139e+00 9.528118879820670628e+00 9.528260874055661134e+00 9.528493937809239256e+00 9.528833314155807699e+00 9.529290156653866362e+00 9.529874581231956299e+00 9.530595174044417917e+00 9.531459042259127656e+00 9.532470793021907696e+00 9.533632448375907842e+00 9.534944814981384908e+00 9.536411079067127261e+00 9.538039590354836506e+00 9.539845341889702013e+00 9.541847512454559421e+00 9.544067066018170564e+00 9.546494897966836035e+00 9.549172216181625927e+00 9.552098605237834050e+00 9.555289782582958580e+00 9.558776236503911505e+00 9.562610086329625503e+00 9.566766648104925608e+00 9.571207143499362857e+00 9.575908448286018171e+00 9.580826698414350417e+00 9.585866714342509809e+00 9.590920078053130737e+00 9.595576163745926479e+00 9.599855077578785867e+00 9.603657278403984421e+00 9.606897074113971868e+00 9.609565206352526090e+00 9.611749016925118738e+00 9.613435253644022183e+00 9.615007394829394372e+00 9.617348271401706228e+00 1.000000000000000020e+30 1.000000000000000020e+30 1.000000000000000020e+30 1.000000000000000020e+30 1.000000000000000020e+30 1.000000000000000020e+30 1.000000000000000020e+30 1.000000000000000020e+30 1.000000000000000020e+30 1.000000000000000020e+30 1.000000000000000020e+30 1.000000000000000020e+30 1.000000000000000020e+30 1.000000000000000020e+30 1.000000000000000020e+30 1.000000000000000020e+30 1.000000000000000020e+30 1.000000000000000020e+30 1.000000000000000020e+30
9.527051012527808282e+00 9.527082351180697017e+00 9.527173214905202414e+00 9.527349329363101305e+00 9.527631993388801845e+00 9.528035881594679068e+00 9.528573519293209060e+00 9.529255448599627698e+00 9.530090026174335094e+00 9.531081656333467933e+00 9.532229717631890864e+00 9.533529136591416986e+00 9.534977692788803694e+00 9.536580310238216285e+00 9.538354523216726832e+00 9.540321268493068274e+00 9.542516542398372437e+00 9.544952884562487583e+00 9.547651808008053465e+00 9.550658229615143213e+00 9.553987708436888937e+00 9.557688634486366297e+00 9.561853861483553985e+00 9.566421839069082722e+00 9.571373778333393645e+00 9.576686180957475258e+00 9.582325612003728565e+00 9.588131052820807909e+00 9.593582363145994663e+00 9.598623145339153950e+00 9.603158845906532903e+00 9.607056094137039537e+00 9.610269200156965397e+00 9.612895577251647339e+00 9.615041363623976878e+00 9.616715660753728301e+00 9.618040905232392745e+00 9.619059938491592021e+00 1.000000000000000020e+30 1.000000000000000020e+30 1.000000000000000020e+30 1.000000000000000020e+30 1.000000000000000020e+30 1.000000000000000020e+30 1.000000000000000020e+30 1.000000000000000020e+30 1.000000000000000020e+30 1.000000000000000020e+30 1.000000000000000020e+30 1.000000000000000020e+30 1.000000000000000020e+30 1.000000000000000020e+30 1.000000000000000020e+30 1.000000000000000020e+30 1.000000000000000020e+30 1.000000000000000020e+30 1.000000000000000020e+30
9.526091708022049076e+00 9.526061003319719944e+00 9.526074744811918293e+00 9.526174400035143819e+00 9.526385345489957857e+00 9.526723959587917179e+00 9.527204459263542091e+00 9.527839735242096708e+00 9.528640486304798429e+00 9.529611935941185052e+00 9.530750720286153665e+00 9.532039293806779057e+00 9.533465936131531038e+00 9.535026111586729414e+00 9.536748239007630801e+00 9.538642835870454917e+00 9.540745518018539428e+00 9.543122693956780367e+00 9.545816528083703290e+00 9.548904738954005822e+00 9.552362141265707152e+00 9.556248496505892476e+00 9.560717074982754582e+00 9.565797628677906062e+00 9.571379582637236538e+00 9.577411667260932404e+00 9.583844149718373728e+00 9.590101899629349447e+00 9.595984717377062267e+00 9.601457685918035168e+00 9.606281930754365206e+00 9.610308108903618418e+00 9.613527585679367604e+00 9.616117964722164402e+00 9.618177750148307226e+00 9.619717546983935108e+00 9.620752247345551567e+00 9.621161447343622442e+00 1.000000000000000020e+30 1.000000000000000020e+30 1.000000000000000020e+30 1.000000000000000020e+30 1.000000000000000020e+30 1.000000000000000020e+30 1.000000000000000020e+30 1.000000000000000020e+30 1.000000000000000020e+30 1.000000000000000020e+30 1.000000000000000020e+30 1.000000000000000020e+30 1.000000000000000020e+30 1.000000000000000020e+30 1.000000000000000020e+30 1.000000000000000020e+30 1.000000000000000020e+30 1.000000000000000020e+30 1.000000000000000020e+30
9.525237933136070367e+00 9.525069980358789934e+00 9.524964955446611370e+00 9.524964435804255558e+00 9.525086959398056052e+00 9.525346326804875474e+00 9.525757084322874491e+00 9.526335364328275546e+00 9.527096892313444698e+00 9.528050789013821742e+00 9.529197120766808027e+00 9.530486505481068349e+00 9.531896548540167657e+00 9.533386125020363977e+00 9.534959040337671610e+00 9.536688498781462187e+00 9.538666242061340839e+00 9.540959362984851921e+00 9.543496587021808253e+00 9.546496897207257248e+00 9.550057261451510016e+00 9.553990637881963011e+00 9.558704868945605782e+00 9.564367230525471442e+00 9.570826324546434449e+00 9.578090967910306119e+00 9.585302244471190392e+00 9.592115710165430187e+00 9.598302377249789075e+00 9.604387611202371389e+00 9.609530393713951568e+00 9.613659396885495312e+00 9.616851887256643749e+00 9.619307675820634174e+00 9.621206765309217701e+00 9.622596941976969021e+00 9.623460611028791689e+00 9.623684287307083807e+00 1.000000000000000020e+30 1.000000000000000020e+30 1.000000000000000020e+30 1.000000000000000020e+30 1.000000000000000020e+30 1.000000000000000020e+30 1.000000000000000020e+30 1.000000000000000020e+30 1.000000000000000020e+30 1.000000000000000020e+30 1.000000000000000020e+30 1.000000000000000020e+30 1.000000000000000020e+30 1.000000000000000020e+30 1.000000000000000020e+30 1.000000000000000020e+30 1.000000000000000020e+30 1.000000000000000020e+30 1.000000000000000020e+30
9.524626969436795321e+00 9.524090857320343773e+00 9.523825390688342551e+00 9.523707681397493019e+00 9.523727649637269366e+00 9.523893569902064371e+00 9.524218996927695358e+00 9.524724727189814999e+00 9.525437614464852487e+00 9.526373086304671389e+00 9.527494709116863802e+00 9.528729898338140103e+00 9.530075553491814233e+00 9.531455678869010129e+00 9.532824363779139887e+00 9.534164903832667903e+00 9.535877445531193430e+00 9.538177332675191522e+00 9.539561173621589063e+00 9.541135555975534643e+00 9.542924120640693175e+00 9.546930722035591899e+00 9.552677056339794248e+00 9.560567269148180003e+00 9.570599108381578901e+00 9.578949451913581825e+00 9.586759340902073490e+00 9.594416159347629147e+00 9.602313545350808610e+00 9.608581163328970831e+00 9.613407980753839510e+00 9.617366604042134171e+00 9.620292707283054412e+00 9.622426624836544207e+00 9.624117235465680764e+00 9.625375095057828290e+00 9.626180305229095069e+00 9.626442950001006693e+00 1.000000000000000020e+30 1.000000000000000020e+30 1.000000000000000020e+30 1.000000000000000020e+30 1.000000000000000020e+30 1.000000000000000020e+30 1.000000000000000020e+30 1.000000000000000020e+30 1.000000000000000020e+30 1.000000000000000020e+30 1.000000000000000020e+30 1.000000000000000020e+30 1.000000000000000020e+30 1.000000000000000020e+30 1.000000000000000020e+30 1.000000000000000020e+30 1.000000000000000020e+30 1.000000000000000020e+30 1.000000000000000020e+30
1.000000000000000020e+30 9.522915905609083964e+00 9.522612782220695848e+00 9.522387867648587800e+00 9.522298391556743624e+00 9.522357674499550839e+00 9.522577582828736453e+00 9.522983584881680841e+00 9.523572104764738810e+00 9.524323352428492484e+00 9.525291444620666681e+00 9.526415469795235680e+00 9.527736189781377263e+00 9.528962984050059148e+00 9.530104691881847501e+00 9.529933534535929951e+00 9.529271697559495991e+00 9.518184510038487645e+00 9.533433214814873935e+00 9.535175244392251059e+00 9.537134928150384994e+00 9.541522870303104753e+00 9.548778370798192583e+00 9.560417521346169067e+00 9.570639846297975595e+00 9.579635217361261113e+00 9.588048121965375259e+00 9.596481216173424755e+00 9.605710241474405109e+00 9.612134366808696484e+00 9.617318338669134548e+00 9.621168883344045852e+00 9.623587422111178569e+00 9.625361082933730827e+00 9.626832699587938080e+00 9.627977873799739683e+00 9.628813631571679466e+00 9.629476405862108734e+00 9.630562372476358490e+00 1.000000000000000020e+30 1.000000000000000020e+30 1.000000000000000020e+30 1.000000000000000020e+30 1.000000000000000020e+30 1.000000000000000020e+30 1.000000000000000020e+30 1.000000000000000020e+30 1.000000000000000020e+30 1.000000000000000020e+30 1.000000000000000020e+30 1.000000000000000020e+30 1.000000000000000020e+30 1.000000000000000020e+30 1.000000000000000020e+30 1.000000000000000020e+30 1.000000000000000020e+30 1.000000000000000020e+30
1.000000000000000020e+30 9.522118901070337316e+00 9.521396739745540572e+00 9.521007234670827657e+00 9.520796393380768663e+00 9.520737474208880613e+00 9.520826805751308797e+00 9.521049605056676413e+00 9.521303163625274735e+00 9.521462197308146358e+00 9.521086323787232075e+00 9.521413478998534075e+00 9.522893763286390367e+00 9.522067342709977567e+00 9.509358753288283950e+00 9.522779667221085376e+00 9.522659749098295379e+00 1.000000000000000020e+30 1.000000000000000020e+30 1.000000000000000020e+30 1.000000000000000020e+30 1.000000000000000020e+30 1.000000000000000020e+30 1.000000000000000020e+30 1.000000000000000020e+30 1.000000000000000020e+30 1.000000000000000020e+30 1.000000000000000020e+30 9.610823457754039012e+00 9.614666592740551465e+00 9.621000824718546340e+00 9.624719674537452363e+00 9.626469825992005624e+00 9.627968974995587459e+00 9.629246420463958955e+00 9.630261681603911939e+00 9.630990730715742743e+00 9.631457653078467018e+00 9.631660390442123187e+00 1.000000000000000020e+30 1.000000000000000020e+30 1.000000000000000020e+30 1.000000000000000020e+30 1.000000000000000020e+30 1.000000000000000020e+30 1.000000000000000020e+30 1.000000000000000020e+30 1.000000000000000020e+30 1.000000000000000020e+30 1.000000000000000020e+30 1.000000000000000020e+30 1.000000000000000020e+30 1.000000000000000020e+30 1.000000000000000020e+30 1.000000000000000020e+30 1.000000000000000020e+30 1.000000000000000020e+30
1.000000000000000020e+30 1.000000000000000020e+30 9.519922851635801209e+00 9.519522657621500628e+00 9.519217253563230230e+00 9.519026913194522876e+00 9.518902054777447219e+00 9.518758521409043993e+00 9.518368644076046436e+00 9.515806259201594841e+00 9.513585548657836455e+00 9.514562649470729383e+00 1.000000000000000020e+30 1.000000000000000020e+30 1.000000000000000020e+30 1.000000000000000020e+30 1.000000000000000020e+30 1.000000000000000020e+30 1.000000000000000020e+30 1.000000000000000020e+30 1.000000000000000020e+30 1.000000000000000020e+30 1.000000000000000020e+30 1.000000000000000020e+30 1.000000000000000020e+30 1.000000000000000020e+30 1.000000000000000020e+30 1.000000000000000020e+30 1.000000000000000020e+30 1.000000000000000020e+30 9.625651675021497766e+00 9.627218970849837021e+00 9.628771323022350614e+00 9.630127247245599875e+00 9.631293652231768476e+00 9.632203122030738029e+00 9.632801076387169203e+00 9.633073533945742284e+00 9.632973276255357931e+00 1.000000000000000020e+30 1.000000000000000020e+30 1.000000000000000020e+30 1.000000000000000020e+30 1.000000000000000020e+30 1.000000000000000020e+30 1.000000000000000020e+30 1.000000000000000020e+30 1.000000000000000020e+30 1.000000000000000020e+30 1.000000000000000020e+30 1.000000000000000020e+30 1.000000000000000020e+30 1.000000000000000020e+30 1.000000000000000020e+30 1.000000000000000020e+30 1.000000000000000020e+30 1.000000000000000020e+30
1.000000000000000020e+30 1.000000000000000020e+30 9.518923975436159424e+00 9.517971112710457149e+00 9.517408043473336576e+00 9.516942440394251079e+00 9.516424924283203524e+00 9.515535705245921960e+00 9.511605593866416797e+00 9.509195971575438833e+00 9.507269171547266140e+00 1.000000000000000020e+30 1.000000000000000020e+30 1.000000000000000020e+30 1.000000000000000020e+30 1.000000000000000020e+30 1.000000000000000020e+30 1.000000000000000020e+30 1.000000000000000020e+30 1.000000000000000020e+30 1.000000000000000020e+30 1.000000000000000020e+30 1.000000000000000020e+30 1.000000000000000020e+30 1.000000000000000020e+30 1.000000000000000020e+30 1.000000000000000020e+30 1.000000000000000020e+30 1.000000000000000020e+30 1.000000000000000020e+30 1.000000000000000020e+30 9.629373850084411046e+00 9.630654930199316510e+00 9.631883081593151985e+00 9.632968443569057015e+00 9.633827006659906544e+00 9.634307680541999375e+00 9.634432374756347173e+00 9.634198041828799575e+00 1.000000000000000020e+30 1.000000000000000020e+30 1.000000000000000020e+30 1.000000000000000020e+30 1.000000000000000020e+30 1.000000000000000020e+30 1.000000000000000020e+30 1.000000000000000020e+30 1.000000000000000020e+30 1.000000000000000020e+30 1.000000000000000020e+30 1.000000000000000020e+30 1.000000000000000020e+30 1.000000000000000020e+30 1.000000000000000020e+30 1.000000000000000020e+30 1.000000000000000020e+30 1.000000000000000020e+30
1.000000000000000020e+30 1.000000000000000020e+30 1.000000000000000020e+30 9.515744748023925226e+00 9.515013509926923518e+00 9.514004920020395772e+00 9.512184049129249530e+00 9.508392815225620964e+00 9.505702424846218079e+00 1.000000000000000020e+30 1.000000000000000020e+30 1.000000000000000020e+30 1.000000000000000020e+30 1.000000000000000020e+30 1.000000000000000020e+30 1.000000000000000020e+30 1.000000000000000020e+30 1.000000000000000020e+30 1.000000000000000020e+30 1.000000000000000020e+30 1.000000000000000020e+30 1.000000000000000020e+30 1.000000000000000020e+30 1.000000000000000020e+30 1.000000000000000020e+30 1.000000000000000020e+30 1.000000000000000020e+30 1.000000000000000020e+30 1.000000000000000020e+30 1.000000000000000020e+30 1.000000000000000020e+30 1.000000000000000020e+30 9.632412283664166353e+00 9.633426057690385846e+00 9.634359521090782863e+00 9.635199136173778101e+00 9.635540631547769408e+00 9.635520301555063227e+00 9.635200602299716977e+00 1.000000000000000020e+30 1.000000000000000020e+30 1.000000000000000020e+30 1.000000000000000020e+30 1.000000000000000020e+30 1.000000000000000020e+30 1.000000000000000020e+30 1.000000000000000020e+30 1.000000000000000020e+30 1.000000000000000020e+30 1.000000000000000020e+30 1.000000000000000020e+30 1.000000000000000020e+30 1.000000000000000020e+30 1.000000000000000020e+30 1.000000000000000020e+30 1.000000000000000020e+30 1.000000000000000020e+30
1.000000000000000020e+30 1.000000000000000020e+30 1.000000000000000020e+30 9.513866104121145639e+00 9.511822975159772042e+00 9.507323105878031200e+00 9.503591100089044730e+00 9.501872889642985598e+00 1.000000000000000020e+30 1.000000000000000020e+30 1.000000000000000020e+30 1.000000000000000020e+30 1.000000000000000020e+30 1.000000000000000020e+30 1.000000000000000020e+30 1.000000000000000020e+30 1.000000000000000020e+30 1.000000000000000020e+30 1.000000000000000020e+30 1.000000000000000020e+30 1.000000000000000020e+30 1.000000000000000020e+30 1.000000000000000020e+30 1.000000000000000020e+30 1.000000000000000020e+30 1.000000000000000020e+30 1.000000000000000020e+30 1.000000000000000020e+30 1.000000000000000020e+30 1.000000000000000020e+30 1.000000000000000020e+30 1.000000000000000020e+30 1.000000000000000020e+30 9.634921261257296976e+00 9.635721217537625449e+00 9.636373610567869008e+00 9.636505381602747278e+00 9.636277416620941949e+00 9.635895568351342533e+00 1.000000000000000020e+30 1.000000000000000020e+30 1.000000000000000020e+30 1.000000000000000020e+30 1.000000000000000020e+30 1.000000000000000020e+30 1.000000000000000020e+30 1.000000000000000020e+30 1.000000000000000020e+30 1.000000000000000020e+30 1.000000000000000020e+30 1.000000000000000020e+30 1.000000000000000020e+30 1.000000000000000020e+30 1.000000000000000020e+30 1.000000000000000020e+30 1.000000000000000020e+30 1.000000000000000020e+30
1.000000000000000020e+30 1.000000000000000020e+30 1.000000000000000020e+30 1.000000000000000020e+30 9.491726036461113125e+00 9.496999544066875742e+00 9.496178917605408998e+00 1.000000000000000020e+30 1.000000000000000020e+30 1.000000000000000020e+30 1.000000000000000020e+30 1.000000000000000020e+30 1.000000000000000020e+30 1.000000000000000020e+30 1.000000000000000020e+30 1.000000000000000020e+30 1.000000000000000020e+30 1.000000000000000020e+30 1.000000000000000020e+30 1.000000000000000020e+30 1.000000000000000020e+30 1.000000000000000020e+30 1.000000000000000020e+30 1.000000000000000020e+30 1.000000000000000020e+30 1.000000000000000020e+30 1.000000000000000020e+30 1.000000000000000020e+30 1.000000000000000020e+30 1.000000000000000020e+30 1.000000000000000020e+30 1.000000000000000020e+30 1.000000000000000020e+30 1.000000000000000020e+30 9.636953170283806713e+00 9.637249279354442422e+00 9.637188200114110259e+00 9.636558099727112747e+00 9.636220784588328314e+00 1.000000000000000020e+30 1.000000000000000020e+30 1.000000000000000020e+30 1.000000000000000020e+30 1.000000000000000020e+30 1.000000000000000020e+30 1.000000000000000020e+30 1.000000000000000020e+30 1.000000000000000020e+30 1.000000000000000020e+30 1.000000000000000020e+30 1.000000000000000020e+30 1.000000000000000020e+30 1.000000000000000020e+30 1.000000000000000020e+30 1.000000000000000020e+30 1.000000000000000020e+30 1.000000000000000020e+30
1.000000000000000020e+30 1.000000000000000020e+30 1.000000000000000020e+30 1.000000000000000020e+30 9.476665997212787573e+00 1.000000000000000020e+30 1.000000000000000020e+30 1.000000000000000020e+30 1.000000000000000020e+30 1.000000000000000020e+30 1.000000000000000020e+30 1.000000000000000020e+30 1.000000000000000020e+30 1.000000000000000020e+30 1.000000000000000020e+30 1.000000000000000020e+30 1.000000000000000020e+30 1.000000000000000020e+30 1.000000000000000020e+30 1.000000000000000020e+30 1.000000000000000020e+30 1.000000000000000020e+30 1.000000000000000020e+30 1.000000000000000020e+30 1.000000000000000020e+30 1.000000000000000020e+30 1.000000000000000020e+30 1.000000000000000020e+30 1.000000000000000020e+30 1.000000000000000020e+30 1.000000000000000020e+30 1.000000000000000020e+30 1.000000000000000020e+30 1.000000000000000020e+30 1.000000000000000020e+30 9.637835733307044350e+00 9.637825117875749470e+00 1.000000000000000020e+30 1.000000000000000020e+30 1.000000000000000020e+30 1.000000000000000020e+30 1.000000000000000020e+30 1.000000000000000020e+30 1.000000000000000020e+30 1.000000000000000020e+30 1.000000000000000020e+30 1.000000000000000020e+30 1.000000000000000020e+30 1.000000000000000020e+30 1.000000000000000020e+30 1.000000000000000020e+30 1.000000000000000020e+30 1.000000000000000020e+30 1.000000000000000020e+30 1.000000000000000020e+30 1.000000000000000020e+30 1.000000000000000020e+30
