1.000000000000000020e+30 1.000000000000000020e+30 1.000000000000000020e+30 1.000000000000000020e+30 1.000000000000000020e+30 1.000000000000000020e+30 1.000000000000000020e+30 1.000000000000000020e+30 1.000000000000000020e+30 1.000000000000000020e+30 1.000000000000000020e+30 1.000000000000000020e+30 1.000000000000000020e+30 1.000000000000000020e+30 1.000000000000000020e+30 1.000000000000000020e+30 1.000000000000000020e+30 1.000000000000000020e+30 1.000000000000000020e+30 1.000000000000000020e+30 1.000000000000000020e+30 1.000000000000000020e+30 1.000000000000000020e+30 1.000000000000000020e+30 1.000000000000000020e+30 1.000000000000000020e+30 1.000000000000000020e+30 1.000000000000000020e+30 1.000000000000000020e+30 1.000000000000000020e+30 1.000000000000000020e+30 1.000000000000000020e+30 1.000000000000000020e+30 1.000000000000000020e+30 1.000000000000000020e+30 1.000000000000000020e+30 1.000000000000000020e+30 1.000000000000000020e+30 1.000000000000000020e+30 1.000000000000000020e+30 1.000000000000000020e+30 1.000000000000000020e+30 1.000000000000000020e+30 1.000000000000000020e+30 1.000000000000000020e+30 1.000000000000000020e+30 1.000000000000000020e+30 1.000000000000000020e+30 1.000000000000000020e+30 1.000000000000000020e+30 1.000000000000000020e+30 1.000000000000000020e+30 1.000000000000000020e+30 1.000000000000000020e+30 1.000000000000000020e+30 1.000000000000000020e+30 1.000000000000000020e+30
1.000000000000000020e+30 1.000000000000000020e+30 1.000000000000000020e+30 1.000000000000000020e+30 1.000000000000000020e+30 1.000000000000000020e+30 1.000000000000000020e+30 1.000000000000000020e+30 1.000000000000000020e+30 1.000000000000000020e+30 1.000000000000000020e+30 1.000000000000000020e+30 1.000000000000000020e+30 1.000000000000000020e+30 1.000000000000000020e+30 1.000000000000000020e+30 1.000000000000000020e+30 1.000000000000000020e+30 1.000000000000000020e+30 1.000000000000000020e+30 1.000000000000000020e+30 1.000000000000000020e+30 1.000000000000000020e+30 1.000000000000000020e+30 1.000000000000000020e+30 1.000000000000000020e+30 1.000000000000000020e+30 1.039232769705581205e+01 1.039459643688515200e+01 1.039696622272614768e+01 1.039874217531144929e+01 1.039967132778808079e+01 1.039965265223155377e+01 1.039864696641300412e+01 1.039664639419774339e+01 1.039366359044004540e+01 1.038972894978471118e+01 1.038489282227150490e+01 1.037923396563991218e+01 1.037288114693118679e+01 1.036607006569564149e+01 1.035930887633068131e+01 1.035391326534460532e+01 1.000000000000000020e+30 1.000000000000000020e+30 1.000000000000000020e+30 1.000000000000000020e+30 1.000000000000000020e+30 1.000000000000000020e+30 1.000000000000000020e+30 1.000000000000000020e+30 1.000000000000000020e+30 1.000000000000000020e+30 1.000000000000000020e+30 1.000000000000000020e+30 1.000000000000000020e+30 1.000000000000000020e+30
1.000000000000000020e+30 1.000000000000000020e+30 1.000000000000000020e+30 1.000000000000000020e+30 1.000000000000000020e+30 1.000000000000000020e+30 1.000000000000000020e+30 1.000000000000000020e+30 1.000000000000000020e+30 1.000000000000000020e+30 1.000000000000000020e+30 1.000000000000000020e+30 1.000000000000000020e+30 1.000000000000000020e+30 1.000000000000000020e+30 1.000000000000000020e+30 1.000000000000000020e+30 1.000000000000000020e+30 1.000000000000000020e+30 1.000000000000000020e+30 1.000000000000000020e+30 1.000000000000000020e+30 1.000000000000000020e+30 1.000000000000000020e+30 1.036780744948749877e+01 1.037273135438916860e+01 1.037929123552523158e+01 1.038690997180281883e+01 1.039134796108980829e+01 1.039441408035500380e+01 1.039644369529808721e+01 1.039747389043403913e+01 1.039749347558671566e+01 1.039649383597445720e+01 1.039447791536560040e+01 1.039146117624354382e+01 1.038747184592705608e+01 1.038255189480572938e+01 1.037675857942102198e+01 1.037016388755494134e+01 1.036283822955449807e+01 1.035475514742971725e+01 1.034532483637218903e+01 1.033120750053004500e+01 1.031877942075326793e+01 1.030757284539909513e+01 1.029795198515492771e+01 1.029127026087977370e+01 1.000000000000000020e+30 1.000000000000000020e+30 1.000000000000000020e+30 1.000000000000000020e+30 1.000000000000000020e+30 1.000000000000000020e+30 1.000000000000000020e+30 1.000000000000000020e+30 1.000000000000000020e+30
1.000000000000000020e+30 1.000000000000000020e+30 1.000000000000000020e+30 1.000000000000000020e+30 1.000000000000000020e+30 1.000000000000000020e+30 1.000000000000000020e+30 1.000000000000000020e+30 1.000000000000000020e+30 1.000000000000000020e+30 1.000000000000000020e+30 1.000000000000000020e+30 1.000000000000000020e+30 1.000000000000000020e+30 1.000000000000000020e+30 1.000000000000000020e+30 1.000000000000000020e+30 1.000000000000000020e+30 1.000000000000000020e+30 1.000000000000000020e+30 1.000000000000000020e+30 1.033055197771713907e+01 1.033761111491990015e+01 1.034753864901748166e+01 1.035971540828539439e+01 1.036793115556810818e+01 1.037507327447765171e+01 1.038151932526473331e+01 1.038632095040129499e+01 1.038975004561621596e+01 1.039199715285698389e+01 1.039313965085076319e+01 1.039320522769482658e+01 1.039220690036367678e+01 1.039015748580755449e+01 1.038707504341277854e+01 1.038298471351014562e+01 1.037791862974901314e+01 1.037191320264992811e+01 1.036499992077866317e+01 1.035717936956024587e+01 1.034835674047827148e+01 1.033822311675992545e+01 1.032630573182290767e+01 1.031433463483708302e+01 1.030275409098985051e+01 1.029177134644902836e+01 1.028134124696967255e+01 1.026996156109735558e+01 1.000000000000000020e+30 1.000000000000000020e+30 1.000000000000000020e+30 1.000000000000000020e+30 1.000000000000000020e+30 1.000000000000000020e+30 1.000000000000000020e+30 1.000000000000000020e+30
1.000000000000000020e+30 1.000000000000000020e+30 1.000000000000000020e+30 1.000000000000000020e+30 1.000000000000000020e+30 1.000000000000000020e+30 1.000000000000000020e+30 1.000000000000000020e+30 1.000000000000000020e+30 1.000000000000000020e+30 1.000000000000000020e+30 1.000000000000000020e+30 1.000000000000000020e+30 1.000000000000000020e+30 1.000000000000000020e+30 1.000000000000000020e+30 1.000000000000000020e+30 1.000000000000000020e+30 1.028403163429335088e+01 1.029235441723606570e+01 1.030462429351756626e+01 1.032029338401325447e+01 1.033154933113665663e+01 1.034210440512647367e+01 1.035240907424504364e+01 1.036103600723495255e+01 1.036838837433668381e+01 1.037461499591277203e+01 1.037951188607685715e+01 1.038311570263641137e+01 1.038550413092651681e+01 1.038673144639675705e+01 1.038682920555363154e+01 1.038581762530273700e+01 1.038371398290694536e+01 1.038053713306932835e+01 1.037630926455676672e+01 1.037105544574894900e+01 1.036480046736371285e+01 1.035756134860736211e+01 1.034933336000094251e+01 1.034007200767939416e+01 1.032969879704302230e+01 1.031824095115956119e+01 1.030627216070961971e+01 1.029410026562253044e+01 1.028179063898017986e+01 1.026910479901794027e+01 1.025531429016481688e+01 1.023982167183512004e+01 1.000000000000000020e+30 1.000000000000000020e+30 1.000000000000000020e+30 1.000000000000000020e+30 1.000000000000000020e+30 1.000000000000000020e+30 1.000000000000000020e+30
1.000000000000000020e+30 1.000000000000000020e+30 1.000000000000000020e+30 1.000000000000000020e+30 1.000000000000000020e+30 1.000000000000000020e+30 1.000000000000000020e+30 1.000000000000000020e+30 1.000000000000000020e+30 1.000000000000000020e+30 1.000000000000000020e+30 1.000000000000000020e+30 1.000000000000000020e+30 1.000000000000000020e+30 1.000000000000000020e+30 1.000000000000000020e+30 1.024653221834755712e+01 1.025632466137788334e+01 1.027246636692217230e+01 1.028517281416979756e+01 1.029800197958225105e+01 1.031123884060738405e+01 1.032298919616960120e+01 1.033373034427571291e+01 1.034359885565106474e+01 1.035224090755328419e+01 1.035966058070683005e+01 1.036587657265858020e+01 1.037083568721208771e+01 1.037453899300915339e+01 1.037701582033573899e+01 1.037829669911556785e+01 1.037840570796605988e+01 1.037736189144372823e+01 1.037518249794489833e+01 1.037188545195071399e+01 1.036749048140820761e+01 1.036201878370451013e+01 1.035549105622291322e+01 1.034792381328546718e+01 1.033932509212030482e+01 1.032969491184327104e+01 1.031904543155052245e+01 1.030746310760564377e+01 1.029517805140882203e+01 1.028233840726479897e+01 1.026892908268041360e+01 1.025470358755611144e+01 1.023908598826723804e+01 1.022102994929658770e+01 1.019782450258977669e+01 1.018432192862861463e+01 1.000000000000000020e+30 1.000000000000000020e+30 1.000000000000000020e+30 1.000000000000000020e+30 1.000000000000000020e+30
1.000000000000000020e+30 1.000000000000000020e+30 1.000000000000000020e+30 1.000000000000000020e+30 1.000000000000000020e+30 1.000000000000000020e+30 1.000000000000000020e+30 1.000000000000000020e+30 1.000000000000000020e+30 1.000000000000000020e+30 1.000000000000000020e+30 1.000000000000000020e+30 1.000000000000000020e+30 1.000000000000000020e+30 1.000000000000000020e+30 1.021946716122662835e+01 1.023345706597124583e+01 1.024670335930895071e+01 1.026108105234278689e+01 1.027462630230395213e+01 1.028774190913742359e+01 1.030045286202043187e+01 1.031223096579682874e+01 1.032303108573061934e+01 1.033282572542671574e+01 1.034148604245767622e+01 1.034896035595126840e+01 1.035522380289691036e+01 1.036024780416161839e+01 1.036402385866216846e+01 1.036656003639271439e+01 1.036787080514522685e+01 1.036797137594436258e+01 1.036687640695998880e+01 1.036460066734588636e+01 1.036116004521927003e+01 1.035657216333958885e+01 1.035085633708786901e+01 1.034403287150120043e+01 1.033612208184624670e+01 1.032714432288954143e+01 1.031712398685353982e+01 1.030610172563283733e+01 1.029415393500295295e+01 1.028139291209353345e+01 1.026788843895190517e+01 1.025361290890125865e+01 1.023840947858192152e+01 1.022199445091848702e+01 1.020406572521853938e+01 1.018477194209940251e+01 1.016745248689819014e+01 1.014965287417197892e+01 1.000000000000000020e+30 1.000000000000000020e+30 1.000000000000000020e+30 1.000000000000000020e+30
1.000000000000000020e+30 1.000000000000000020e+30 1.000000000000000020e+30 1.000000000000000020e+30 1.000000000000000020e+30 1.000000000000000020e+30 1.000000000000000020e+30 1.000000000000000020e+30 1.000000000000000020e+30 1.000000000000000020e+30 1.000000000000000020e+30 1.000000000000000020e+30 1.000000000000000020e+30 1.000000000000000020e+30 1.018514043568372252e+01 1.020215979167794274e+01 1.021782554085421779e+01 1.023266604864862117e+01 1.024725973144430036e+01 1.026125508876513237e+01 1.027464527790944793e+01 1.028737088145517475e+01 1.029923299415053251e+01 1.031012947192956908e+01 1.031998777881659635e+01 1.032872550666877842e+01 1.033628557289705086e+01 1.034263011733230364e+01 1.034773139930156205e+01 1.035157487460608117e+01 1.035415755026573770e+01 1.035548351022661429e+01 1.035556041463993893e+01 1.035439788804138495e+01 1.035200722465986800e+01 1.034840166882462675e+01 1.034359678504844204e+01 1.033761071170808243e+01 1.033046434136127978e+01 1.032218176006803390e+01 1.031279164549726346e+01 1.030233055321355806e+01 1.029084817382850936e+01 1.027841074489808193e+01 1.026509123710434501e+01 1.025093581904443774e+01 1.023593616109786275e+01 1.022002226624158183e+01 1.020309348974607389e+01 1.018512198296366122e+01 1.016637500214689283e+01 1.014766796911912294e+01 1.012842921719891898e+01 1.010806970853507636e+01 1.000000000000000020e+30 1.000000000000000020e+30 1.000000000000000020e+30
1.000000000000000020e+30 1.000000000000000020e+30 1.000000000000000020e+30 1.000000000000000020e+30 1.000000000000000020e+30 1.000000000000000020e+30 1.000000000000000020e+30 1.000000000000000020e+30 1.000000000000000020e+30 1.000000000000000020e+30 1.000000000000000020e+30 1.000000000000000020e+30 1.000000000000000020e+30 1.014511126325342438e+01 1.016475271789142454e+01 1.018286223649326061e+01 1.019969644888765359e+01 1.021557187701089831e+01 1.023075025153611683e+01 1.024521835051941565e+01 1.025895711426541368e+01 1.027190958325810932e+01 1.028396978645720949e+01 1.029504571995195050e+01 1.030505931668036901e+01 1.031393942538796260e+01 1.032162969971660615e+01 1.032808842504174329e+01 1.033328565609827621e+01 1.033720248034368261e+01 1.033982934173869239e+01 1.034116346189973790e+01 1.034120657675101995e+01 1.033996357960717916e+01 1.033744200904122579e+01 1.033365208687805925e+01 1.032860704950737407e+01 1.032232365589479528e+01 1.031482292171988924e+01 1.030613128209739138e+01 1.029628243676409483e+01 1.028531985171753149e+01 1.027329887690271981e+01 1.026028546304734768e+01 1.024634684703495502e+01 1.023153327078857089e+01 1.021586264441695135e+01 1.019932045848183222e+01 1.018188507825416700e+01 1.016357982921526215e+01 1.014453707121240278e+01 1.012498299089554266e+01 1.010485860765351340e+01 1.008420099827705840e+01 1.006323712354809885e+01 1.000000000000000020e+30 1.000000000000000020e+30
1.000000000000000020e+30 1.000000000000000020e+30 1.000000000000000020e+30 1.000000000000000020e+30 1.000000000000000020e+30 1.000000000000000020e+30 1.000000000000000020e+30 1.000000000000000020e+30 1.000000000000000020e+30 1.000000000000000020e+30 1.000000000000000020e+30 1.000000000000000020e+30 1.009989114908085739e+01 1.012203157068503678e+01 1.014249188494484244e+01 1.016146310275110665e+01 1.017917440632767168e+01 1.019584484424337489e+01 1.021164105323322424e+01 1.022661920855887274e+01 1.024078006481086689e+01 1.025408025711569238e+01 1.026644378403981683e+01 1.027778885028230427e+01 1.028803893555870452e+01 1.029712631981372262e+01 1.030499563479670933e+01 1.031160424058227854e+01 1.031692078153638548e+01 1.032092369903997309e+01 1.032359948711956932e+01 1.032494079107505769e+01 1.032494479031966783e+01 1.032361215708284519e+01 1.032094662032241672e+01 1.031695501751983279e+01 1.031164770452369162e+01 1.030503927080311755e+01 1.029714962956997582e+01 1.028800565808233713e+01 1.027764352903230716e+01 1.026611148578731125e+01 1.025347185554113416e+01 1.023979970705932807e+01 1.022517494006520344e+01 1.020966727361016702e+01 1.019332084044532039e+01 1.017615091234947400e+01 1.015816208584706892e+01 1.013936391006198434e+01 1.011976806663074768e+01 1.009938976894055962e+01 1.007829974800056583e+01 1.005706881754286286e+01 1.003865032581653871e+01 1.000000000000000020e+30 1.000000000000000020e+30
1.000000000000000020e+30 1.000000000000000020e+30 1.000000000000000020e+30 1.000000000000000020e+30 1.000000000000000020e+30 1.000000000000000020e+30 1.000000000000000020e+30 1.000000000000000020e+30 1.000000000000000020e+30 1.000000000000000020e+30 1.000000000000000020e+30 1.004930719121898797e+01 1.007421900470014187e+01 1.009714416467010167e+01 1.011826928000349568e+01 1.013790587239166818e+01 1.015630369564994240e+01 1.017362842354254759e+01 1.019001004093910723e+01 1.020551902090648611e+01 1.022016466108645716e+01 1.023390576870493440e+01 1.024666953789234114e+01 1.025837340012812149e+01 1.026893896237199044e+01 1.027829850014896884e+01 1.028639736375134994e+01 1.029319353997508024e+01 1.029865584133309575e+01 1.030276187830916612e+01 1.030549614608886699e+01 1.030684835998253845e+01 1.030681219299441231e+01 1.030538451998813265e+01 1.030256517352753320e+01 1.029835713820608767e+01 1.029276709186983574e+01 1.028580626105165585e+01 1.027749169770255477e+01 1.026784826809220519e+01 1.025691173880367657e+01 1.024473306384409632e+01 1.023138292609561084e+01 1.021695357924833303e+01 1.020155286006349904e+01 1.018528563120251640e+01 1.016822557176583963e+01 1.015039914906923180e+01 1.013182063231981722e+01 1.011248731045202476e+01 1.009228733121442190e+01 1.007097145502869751e+01 1.004829476581545933e+01 1.002347945062128787e+01 9.991947650470136111e+00 9.944586696158305372e+00 1.000000000000000020e+30
1.000000000000000020e+30 1.000000000000000020e+30 1.000000000000000020e+30 1.000000000000000020e+30 1.000000000000000020e+30 1.000000000000000020e+30 1.000000000000000020e+30 1.000000000000000020e+30 1.000000000000000020e+30 1.000000000000000020e+30 9.991445495914172525e+00 1.002074090435526976e+01 1.004693673842150758e+01 1.007050771833436187e+01 1.009202789911036824e+01 1.011211631438218816e+01 1.013106861495860223e+01 1.014894899815391760e+01 1.016587423775550114e+01 1.018193063657989050e+01 1.019712535707724577e+01 1.021140056651593220e+01 1.022466490718739962e+01 1.023682123814815625e+01 1.024778297077158840e+01 1.025748015580476036e+01 1.026585948337743837e+01 1.027288154293875522e+01 1.027851748034796842e+01 1.028274609376191506e+01 1.028555161656088934e+01 1.028692213698332480e+01 1.028684858643145361e+01 1.028532426311522485e+01 1.028234485100048801e+01 1.027790884617045286e+01 1.027201826110172966e+01 1.026467951461228623e+01 1.025590461047357138e+01 1.024571310516544997e+01 1.023413587525142887e+01 1.022122191656592705e+01 1.020704844582993331e+01 1.019173114383917245e+01 1.017542487098439352e+01 1.015829852759404517e+01 1.014047179967210255e+01 1.012194696407844319e+01 1.010275152376395980e+01 1.008296081693172397e+01 1.006236525291956241e+01 1.004030703045983230e+01 1.001676066117979147e+01 9.992862584988442265e+00 9.957229579168194178e+00 9.958076770261572008e+00 1.000000000000000020e+30
1.000000000000000020e+30 1.000000000000000020e+30 1.000000000000000020e+30 1.000000000000000020e+30 1.000000000000000020e+30 1.000000000000000020e+30 1.000000000000000020e+30 1.000000000000000020e+30 1.000000000000000020e+30 9.906887823960609296e+00 9.958333473195533969e+00 9.991537185857573888e+00 1.001860476848192860e+01 1.004229945610289043e+01 1.006363910007832985e+01 1.008392483943819506e+01 1.010340790626549534e+01 1.012176550040259393e+01 1.013918317933933189e+01 1.015581145638040894e+01 1.017164119305542336e+01 1.018656650125721264e+01 1.020044985107433178e+01 1.021316338577708827e+01 1.022460648673788874e+01 1.023470725904500256e+01 1.024341674391974166e+01 1.025070171715970879e+01 1.025653876006436604e+01 1.026091022602203928e+01 1.026380176983214554e+01 1.026520092107319648e+01 1.026509635717674129e+01 1.026347774535088853e+01 1.026033610953539466e+01 1.025566461453538025e+01 1.024945952232126700e+01 1.024172101235559040e+01 1.023245376575805388e+01 1.022166791728530022e+01 1.020938231048838674e+01 1.019563361553397129e+01 1.018049528506312207e+01 1.016410606142696693e+01 1.014669391879793992e+01 1.012855657256277730e+01 1.010992929280168973e+01 1.009064724648074929e+01 1.007072681699060723e+01 1.005065155745163885e+01 1.003027400955345172e+01 1.000744388653552264e+01 9.981823137605211116e+00 9.970145670458816056e+00 9.967749361164555566e+00 9.968475526694717814e+00 1.000000000000000020e+30
1.000000000000000020e+30 1.000000000000000020e+30 1.000000000000000020e+30 1.000000000000000020e+30 1.000000000000000020e+30 1.000000000000000020e+30 1.000000000000000020e+30 1.000000000000000020e+30 9.921114943439620859e+00 9.907372142326076769e+00 9.939543833679621798e+00 9.964643292562785248e+00 9.989883762646408982e+00 1.001273333179561575e+01 1.003263603830865236e+01 1.005291423897921810e+01 1.007330066044184136e+01 1.009199751477111739e+01 1.010980036430749607e+01 1.012704848871215724e+01 1.014365361543494970e+01 1.015939668689142472e+01 1.017405277729906565e+01 1.018744599261440875e+01 1.019946055712253496e+01 1.021002882058784778e+01 1.021911376163477847e+01 1.022669460762637783e+01 1.023275768160774390e+01 1.023729156880298952e+01 1.024028491248422590e+01 1.024172548794886417e+01 1.024159989213241140e+01 1.023989374580345846e+01 1.023659251199118714e+01 1.023168287685292022e+01 1.022515425953367618e+01 1.021699965748872430e+01 1.020721503119055562e+01 1.019579731626917152e+01 1.018274364540587307e+01 1.016805890050939887e+01 1.015178399657749964e+01 1.013405711843030943e+01 1.011520030526019021e+01 1.009577535688140237e+01 1.007647459882744556e+01 1.005638438055658135e+01 1.003522122426391050e+01 1.001497165996646999e+01 9.996917927221488753e+00 9.973596155470026758e+00 9.929091393348100425e+00 9.959791067996119907e+00 9.971253694908565279e+00 9.975721738895970248e+00 1.000000000000000020e+30
1.000000000000000020e+30 1.000000000000000020e+30 1.000000000000000020e+30 1.000000000000000020e+30 1.000000000000000020e+30 1.000000000000000020e+30 1.000000000000000020e+30 9.935845553981964784e+00 9.930921671040037424e+00 9.925920750983726393e+00 9.923866968611319450e+00 9.933703390911491127e+00 9.959694053346904496e+00 9.982295581148553865e+00 9.997480439270752584e+00 1.001806879332363209e+01 1.004122141437335003e+01 1.005952167303471967e+01 1.007742289015601322e+01 1.009542642285769709e+01 1.011306831065622802e+01 1.012989106493225755e+01 1.014552736546060885e+01 1.015974252078362206e+01 1.017241808467296238e+01 1.018350870990959756e+01 1.019300421706325643e+01 1.020090588654221797e+01 1.020721497505589426e+01 1.021192877211581873e+01 1.021504001843279497e+01 1.021653714680834746e+01 1.021640449205806433e+01 1.021462274698112260e+01 1.021117027999885707e+01 1.020602553762423703e+01 1.019916989096459936e+01 1.019058929080530973e+01 1.018027235558982291e+01 1.016820286183071431e+01 1.015434783694514920e+01 1.013865121924381540e+01 1.012105943211728132e+01 1.010162341050173929e+01 1.008070495547943679e+01 1.005924468035334485e+01 1.004013938104198367e+01 1.001948818814944886e+01 9.995062582838210474e+00 9.973322575037320448e+00 9.965017829804265759e+00 9.957063460151326595e+00 9.940309725346516245e+00 9.964777542068571137e+00 9.977903735414081154e+00 9.983610701318815117e+00 1.000000000000000020e+30
1.000000000000000020e+30 1.000000000000000020e+30 1.000000000000000020e+30 1.000000000000000020e+30 1.000000000000000020e+30 1.000000000000000020e+30 9.936189937739884570e+00 9.936975651240576468e+00 9.936949587761484182e+00 9.937598317448543384e+00 9.941101828909728155e+00 9.950542328866079700e+00 9.966123347561639534e+00 9.981709455302349099e+00 9.994518305430215577e+00 1.000555736302490750e+01 1.001023288313223958e+01 1.002375581484996125e+01 1.004131367465522828e+01 1.006059344153809931e+01 1.007978122796987996e+01 1.009809620898487204e+01 1.011498584150514368e+01 1.013017338599934192e+01 1.014358159957906302e+01 1.015522613200488067e+01 1.016514803930311217e+01 1.017338270613558748e+01 1.017995070969809213e+01 1.018485895475490643e+01 1.018810426437079819e+01 1.018967564510743529e+01 1.018955473912333076e+01 1.018771591361303663e+01 1.018412784681186167e+01 1.017875758241717321e+01 1.017157633481925672e+01 1.016256431320683973e+01 1.015170952541778426e+01 1.013899353373469481e+01 1.012435845700510306e+01 1.010766041445643637e+01 1.008864789356604597e+01 1.006707688209923290e+01 1.004308084792784683e+01 1.001660811400107320e+01 1.000154919575540013e+01 9.982532092391400269e+00 9.948355017276623968e+00 9.914348117350739287e+00 9.928856893836794484e+00 9.945396651236990238e+00 9.960951062777935405e+00 9.977241909258470542e+00 9.988170626737643332e+00 9.993433154953772046e+00 1.000000000000000020e+30
1.000000000000000020e+30 1.000000000000000020e+30 1.000000000000000020e+30 1.000000000000000020e+30 1.000000000000000020e+30 9.927425462061737704e+00 9.931662849891656819e+00 9.935154567105122680e+00 9.938506727364526228e+00 9.942588848969613480e+00 9.948535710433363377e+00 9.957369191975276479e+00 9.968684837018924938e+00 9.980052045797341620e+00 9.989491082830245006e+00 9.995582595014010252e+00 9.994785905017387506e+00 9.980176944321984323e+00 9.999760614019987059e+00 1.002219803930279163e+01 1.004377560103148426e+01 1.006419012566577287e+01 1.008265593148339256e+01 1.009893134848314666e+01 1.011308791549694241e+01 1.012527074221693191e+01 1.013560408699763649e+01 1.014416723476612070e+01 1.015099944826419431e+01 1.015611403167717164e+01 1.015950988727379034e+01 1.016117629190507010e+01 1.016109213365926145e+01 1.015922376754635970e+01 1.015552588932411560e+01 1.014994794931759436e+01 1.014244563539533495e+01 1.013299388778289156e+01 1.012159342403003492e+01 1.010825544572445800e+01 1.009294235697480069e+01 1.007544251870800700e+01 1.005518939801587663e+01 1.003127097569579895e+01 1.000414874554107136e+01 9.990147769819252233e+00 9.990611665850234857e+00 9.983143834824973695e+00 9.968998082239279412e+00 9.956367830628776616e+00 9.956650404934096699e+00 9.954632178910888030e+00 9.976962288685275126e+00 9.991263278598713882e+00 1.000035613139034574e+01 1.000479869213791773e+01 1.000000000000000020e+30
1.000000000000000020e+30 1.000000000000000020e+30 1.000000000000000020e+30 1.000000000000000020e+30 1.000000000000000020e+30 9.919418554176582248e+00 9.924124796407564730e+00 9.929717307423498340e+00 9.935571823308633199e+00 9.941940299713502682e+00 9.949298344399204908e+00 9.957927606393802478e+00 9.967413978993164392e+00 9.976549273302190102e+00 9.984041133340619822e+00 9.988718851885916905e+00 9.989345838765732566e+00 9.986176300607345624e+00 9.988087780276080352e+00 9.980916883928559358e+00 1.000526344069971785e+01 1.002862753985131405e+01 1.004896545661370233e+01 1.006630190347738640e+01 1.008109839237219951e+01 1.009372525287912126e+01 1.010441500688973271e+01 1.011328658556391780e+01 1.012038436152307774e+01 1.012571686650441904e+01 1.012928059141057524e+01 1.013106601311191213e+01 1.013105143586166790e+01 1.012919420117375502e+01 1.012542831956691813e+01 1.011967370899703589e+01 1.011185688732988730e+01 1.010194019039677293e+01 1.008995132674407635e+01 1.007598918153564682e+01 1.006016027636508703e+01 1.004236469737849191e+01 1.002171025968956997e+01 9.994895852844521755e+00 9.948217735931597971e+00 9.972143954021868595e+00 9.983670504916529964e+00 9.986517558452307597e+00 9.984216250971620354e+00 9.981565371954044252e+00 9.982835349529876723e+00 9.986551890449344882e+00 9.997187843610904068e+00 1.000675550994891339e+01 1.001350368302708382e+01 1.001694292054580693e+01 1.000000000000000020e+30
1.000000000000000020e+30 1.000000000000000020e+30 1.000000000000000020e+30 1.000000000000000020e+30 9.890969545836732379e+00 9.902880404414696969e+00 9.911900690798995939e+00 9.920240984350451541e+00 9.928363047855592427e+00 9.936551787548868475e+00 9.945046588809129062e+00 9.953894089294333725e+00 9.962768412921356287e+00 9.970971271404064140e+00 9.977688304610142112e+00 9.982180734213335072e+00 9.983955918048925682e+00 9.983317142830111734e+00 9.981702065811491664e+00 9.975529338380781041e+00 9.963983241506049637e+00 9.992411967268953532e+00 1.001465788164043325e+01 1.003264457370803164e+01 1.004775242889411047e+01 1.006062556486039661e+01 1.007158144312967885e+01 1.008074001965838029e+01 1.008811243928478163e+01 1.009367900867843204e+01 1.009742807746030380e+01 1.009935766221301989e+01 1.009945428945045798e+01 1.009766848980314435e+01 1.009390399887924517e+01 1.008802997832503934e+01 1.007991385936539963e+01 1.006947497181777251e+01 1.005676121448422045e+01 1.004202148021098751e+01 1.002571907794346728e+01 1.000845069800505982e+01 9.990615855934915857e+00 9.974519013485396712e+00 9.958695390168582406e+00 9.962579710011171485e+00 9.981508482153842010e+00 9.991185331465691988e+00 9.995959885337477147e+00 9.999037057984859089e+00 1.000278417554997645e+01 1.000778131701491525e+01 1.001476655413225458e+01 1.002140351606518998e+01 1.002633223057985568e+01 1.002891710308450790e+01 1.000000000000000020e+30
1.000000000000000020e+30 1.000000000000000020e+30 1.000000000000000020e+30 1.000000000000000020e+30 9.875011154676210268e+00 9.885280415675740784e+00 9.896470936354184289e+00 9.907151934473514387e+00 9.917296621949262203e+00 9.927097034091952210e+00 9.936706307854846543e+00 9.946118540836945243e+00 9.955096129571176178e+00 9.963193222450012598e+00 9.969879798475755450e+00 9.974676256430221599e+00 9.977282897482398383e+00 9.977715035455997139e+00 9.976128563572673968e+00 9.971731838419344740e+00 9.964924994718876050e+00 9.958622140125555688e+00 9.980917533346724824e+00 9.998228506071168198e+00 1.001304954316241691e+01 1.002589106467212510e+01 1.003702669353732979e+01 1.004648846468025170e+01 1.005417630681587582e+01 1.006000374545028997e+01 1.006394968124096323e+01 1.006604102472887696e+01 1.006629702369011881e+01 1.006467197338399444e+01 1.006102667905257952e+01 1.005514608095337969e+01 1.004678413057563979e+01 1.003573966437304499e+01 1.002200757022196065e+01 1.000597236145545565e+01 9.988533501030543604e+00 9.971313535666423533e+00 9.953905550989730955e+00 9.949928546314058764e+00 9.945481264153595902e+00 9.967541391621919544e+00 9.984726800893581000e+00 9.996955524114538250e+00 1.000564848657385220e+01 1.001211934502363654e+01 1.001778957091370081e+01 1.002335560984870000e+01 1.002906216445675369e+01 1.003416247453044363e+01 1.003793201118628353e+01 1.003991689405910925e+01 1.000000000000000020e+30
1.000000000000000020e+30 1.000000000000000020e+30 1.000000000000000020e+30 9.818541703052794389e+00 9.844583063498586029e+00 9.862654712381473843e+00 9.877543614780929460e+00 9.890677528029073073e+00 9.902718116003947912e+00 9.914029252201897791e+00 9.924801551667201238e+00 9.935051235471473063e+00 9.944606426858696224e+00 9.953149393927096966e+00 9.960298874713732431e+00 9.965703753547270338e+00 9.969121465765438117e+00 9.970454032187740623e+00 9.969664003428258425e+00 9.966608286699820241e+00 9.961580792478221369e+00 9.955434184639184281e+00 9.948391966090264660e+00 9.962587639310983789e+00 9.976657902786390864e+00 9.989238900554283873e+00 1.000056160850458475e+01 1.001045905406675196e+01 1.001857379885840338e+01 1.002470114696716053e+01 1.002882834059422912e+01 1.003106707200923431e+01 1.003152654539041144e+01 1.003019304388550559e+01 1.002686626432767270e+01 1.002120130598955861e+01 1.001276189958142737e+01 1.000107444923425426e+01 9.985887122603488208e+00 9.967594883672417083e+00 9.947322686762531063e+00 9.930465690419353564e+00 9.931358987843394104e+00 9.945972825235573467e+00 9.957109992629639805e+00 9.973457373201572551e+00 9.989078640664978082e+00 1.000251324032723232e+01 1.001386683931594845e+01 1.002235043225845956e+01 1.002927846187864702e+01 1.003519595978319146e+01 1.004039720015272152e+01 1.004470933789291287e+01 1.004779065548441430e+01 1.004938512779343540e+01 1.000000000000000020e+30
1.000000000000000020e+30 1.000000000000000020e+30 1.000000000000000020e+30 9.803171371945593293e+00 9.817616533157700331e+00 9.838894041628654108e+00 9.856205261536187479e+00 9.871245991073621440e+00 9.884911112546008738e+00 9.897617094545461569e+00 9.909598346618027520e+00 9.920909421317723798e+00 9.931403269922784105e+00 9.940808110851033774e+00 9.948797179043571859e+00 9.955068643975293341e+00 9.959400453523644003e+00 9.961665199413532790e+00 9.961798042492993943e+00 9.959760815089582664e+00 9.955619667727665600e+00 9.949354706983736918e+00 9.939961583271736956e+00 9.923274036499224238e+00 9.937996829967188361e+00 9.950137622789130276e+00 9.961861193007244708e+00 9.972589782109809065e+00 9.981364981250798962e+00 9.987825712692778524e+00 9.992035563184645142e+00 9.994318131062527755e+00 9.994992893886957219e+00 9.994141326719066853e+00 9.991459302712700108e+00 9.986417955804782309e+00 9.978335660534943585e+00 9.966206196703288001e+00 9.949107041773421756e+00 9.927364899754813621e+00 9.898787959076802423e+00 9.867874192948191236e+00 9.914922887389350237e+00 9.941486188499531806e+00 9.959581358870982726e+00 9.976236643541986027e+00 9.991838555011820944e+00 1.000644717695496411e+01 1.002131191245539732e+01 1.003053770576201487e+01 1.003821137873547364e+01 1.004421217585008641e+01 1.004910268001752804e+01 1.005298636264222445e+01 1.005564765723445220e+01 1.005696589932558815e+01 1.000000000000000020e+30
1.000000000000000020e+30 1.000000000000000020e+30 1.000000000000000020e+30 9.782846738150468013e+00 9.794431199089364881e+00 9.814551055929271683e+00 9.832775835078971127e+00 9.848973368483877167e+00 9.863964707288284117e+00 9.877928836514076494e+00 9.891147795710049095e+00 9.903739326123881526e+00 9.915505675172973099e+00 9.926151255739011248e+00 9.935323097627277278e+00 9.942712947638767673e+00 9.948103869514397957e+00 9.951370908585920105e+00 9.952457678864231383e+00 9.951353090524154510e+00 9.948085616628210559e+00 9.942661424231584277e+00 9.935024413210518546e+00 9.925819322986779270e+00 9.921464405727112634e+00 9.907651738392317498e+00 9.920409255062597964e+00 9.932970010362984326e+00 9.942798595253961480e+00 9.949552027346982186e+00 9.953535496121155290e+00 9.955548840061783977e+00 9.956355302914428052e+00 9.956278510894689404e+00 9.954748669675815620e+00 9.950980013895227572e+00 9.944216059164887156e+00 9.932506364361973539e+00 9.913093244372078061e+00 9.890021013322007448e+00 9.848564658401741667e+00 1.000000000000000020e+30 1.000000000000000020e+30 1.000000000000000020e+30 1.000000000000000020e+30 1.000000000000000020e+30 1.000000000000000020e+30 1.000000000000000020e+30 1.003079266247701895e+01 1.003671723676718130e+01 1.004529016905026495e+01 1.005083622057216886e+01 1.005533112995845535e+01 1.005901638646755636e+01 1.006138747161986657e+01 1.006240914806971531e+01 1.000000000000000020e+30
1.000000000000000020e+30 1.000000000000000020e+30 9.744455393133266696e+00 9.758871361126191246e+00 9.771545529353886650e+00 9.787312175949182347e+00 9.806785272789840135e+00 9.823483148409771104e+00 9.839762537746141291e+00 9.854823486789104692e+00 9.869268557404655695e+00 9.883434087697215986e+00 9.896854269952020999e+00 9.909168368847858233e+00 9.919893301199616431e+00 9.928666373092944752e+00 9.935274528618341705e+00 9.939618816774325794e+00 9.941675027967130873e+00 9.941465417898806223e+00 9.939043184420162547e+00 9.934480979124078459e+00 9.927909176962804949e+00 9.919715844731532783e+00 9.910553557187055773e+00 9.896313509126207109e+00 9.875317341475284394e+00 9.892288878807597996e+00 9.903544276356720744e+00 9.910309343746320110e+00 9.913281884428354118e+00 9.914269804279470577e+00 9.914882286415844348e+00 9.916137999473924936e+00 9.916522552359245068e+00 9.914747510369522843e+00 9.911205035590940682e+00 9.902602581607283128e+00 9.898485946930611235e+00 9.887202533283540262e+00 9.869919634041176337e+00 1.000000000000000020e+30 1.000000000000000020e+30 1.000000000000000020e+30 1.000000000000000020e+30 1.000000000000000020e+30 1.000000000000000020e+30 1.000000000000000020e+30 1.000000000000000020e+30 1.000000000000000020e+30 1.005189835598040027e+01 1.005503473528866287e+01 1.005890882261017971e+01 1.006291336390916236e+01 1.006503655587909662e+01 1.006543652886799656e+01 1.000000000000000020e+30
1.000000000000000020e+30 1.000000000000000020e+30 9.735034862268664213e+00 9.742738058087940800e+00 9.752647637713014461e+00 9.764676592444464731e+00 9.778716152299109510e+00 9.793733256032995271e+00 9.812262761646914910e+00 9.827960053519477768e+00 9.843425000457704854e+00 9.859754827518138143e+00 9.875305406746067050e+00 9.889875716225221325e+00 9.902605502507068280e+00 9.913045840172488354e+00 9.921022459729607945e+00 9.926502505587096792e+00 9.929523561987547708e+00 9.930158195738659543e+00 9.928497143088826249e+00 9.924642590836716849e+00 9.918713192247087918e+00 9.910836197012896420e+00 9.900928473814964548e+00 9.887879195154614109e+00 9.871528720266146806e+00 9.853434866676703763e+00 9.864911989493021949e+00 9.871015520579714320e+00 9.871183757544102377e+00 9.869544662815487257e+00 9.868942852547547773e+00 9.873034144444792659e+00 9.876597002791420721e+00 9.876385833772847178e+00 9.879320394116550830e+00 9.885275392649996107e+00 9.887058189405074415e+00 9.886367230641324610e+00 1.000000000000000020e+30 1.000000000000000020e+30 1.000000000000000020e+30 1.000000000000000020e+30 1.000000000000000020e+30 1.000000000000000020e+30 1.000000000000000020e+30 1.000000000000000020e+30 1.000000000000000020e+30 1.000000000000000020e+30 1.000000000000000020e+30 1.000000000000000020e+30 1.000000000000000020e+30 1.006541270021810064e+01 1.006698177707611919e+01 1.000000000000000020e+30 1.000000000000000020e+30
1.000000000000000020e+30 9.714377051258050955e+00 9.722196453077552647e+00 9.729272308690449123e+00 9.737265933829505116e+00 9.746599697212058544e+00 9.757324110876371748e+00 9.769283055810195293e+00 9.782796746385653108e+00 9.796687308242084669e+00 9.812226624018911991e+00 9.832526218478644608e+00 9.850561796361983369e+00 9.868392427369810704e+00 9.883700013871379753e+00 9.896081749815571982e+00 9.905534949033144798e+00 9.912165619468137123e+00 9.916111261362189566e+00 9.917514187108530166e+00 9.916511693279661088e+00 9.913232427970950056e+00 9.907792937846906511e+00 9.900280099637909004e+00 9.890692588068160873e+00 9.878935511447449969e+00 9.865598580117032057e+00 9.852835272452637128e+00 9.846205587271215975e+00 9.833697477632483697e+00 9.826940463961969741e+00 9.819837974610901910e+00 9.814365155610486724e+00 9.826507138611928482e+00 9.836470356483074440e+00 9.850165305405692351e+00 9.859901601148894912e+00 9.868153595138750234e+00 9.874159755116757253e+00 9.880895579017622055e+00 1.000000000000000020e+30 1.000000000000000020e+30 1.000000000000000020e+30 1.000000000000000020e+30 1.000000000000000020e+30 1.000000000000000020e+30 1.000000000000000020e+30 1.000000000000000020e+30 1.000000000000000020e+30 1.000000000000000020e+30 1.000000000000000020e+30 1.000000000000000020e+30 1.000000000000000020e+30 1.000000000000000020e+30 1.000000000000000020e+30 1.000000000000000020e+30 1.000000000000000020e+30
1.000000000000000020e+30 9.709297219017992475e+00 9.713426035966058691e+00 9.718747631173869195e+00 9.725016517992967735e+00 9.732317112579988105e+00 9.740705492753317429e+00 9.750204019323964744e+00 9.760918582903791219e+00 9.772797851471818120e+00 9.786496901749256239e+00 9.802971659850864938e+00 9.821629337728875697e+00 9.845235273367540785e+00 9.863692226696432641e+00 9.878152754732200336e+00 9.889078180160957743e+00 9.896794630495849177e+00 9.901570590537255967e+00 9.903631949063621320e+00 9.903169648633783240e+00 9.900344937398642742e+00 9.895291774151425912e+00 9.888116412640261643e+00 9.878904885367921551e+00 9.867798851670231741e+00 9.855258070160527240e+00 9.842192932869785693e+00 9.829405217304456599e+00 9.813741858111182381e+00 9.794960579052300886e+00 9.764420060687614367e+00 9.738085124279100668e+00 9.778081952846729763e+00 9.805178613296646972e+00 9.823890103225954462e+00 9.837999307246040104e+00 9.849352379194318274e+00 9.856627960938213917e+00 1.000000000000000020e+30 1.000000000000000020e+30 1.000000000000000020e+30 1.000000000000000020e+30 1.000000000000000020e+30 1.000000000000000020e+30 1.000000000000000020e+30 1.000000000000000020e+30 1.000000000000000020e+30 1.000000000000000020e+30 1.000000000000000020e+30 1.000000000000000020e+30 1.000000000000000020e+30 1.000000000000000020e+30 1.000000000000000020e+30 1.000000000000000020e+30 1.000000000000000020e+30 1.000000000000000020e+30
9.698411358637541113e+00 9.702455242839398863e+00 9.706136564903351527e+00 9.710347584420235378e+00 9.715284091698707769e+00 9.721046456072855335e+00 9.727713326411162598e+00 9.735370365192256514e+00 9.744157376530470316e+00 9.754282985980934129e+00 9.766244505033203183e+00 9.780768871696638556e+00 9.798743323489691903e+00 9.822837494997507690e+00 9.843513074967189525e+00 9.859764527400917800e+00 9.871966469014159529e+00 9.880594246559287086e+00 9.886038862124037152e+00 9.888607778816306038e+00 9.888545018391697639e+00 9.886045534590651940e+00 9.881263567410968562e+00 9.874318699339749372e+00 9.865308949915448267e+00 9.854349918921675666e+00 9.841639242580756175e+00 9.827405200843820410e+00 9.811541167129464114e+00 9.792882052247907865e+00 9.770636428128195661e+00 9.743545476796237281e+00 9.715586908628408125e+00 9.751113317511338252e+00 9.778186990067135653e+00 9.798220137275215791e+00 9.814917057307981807e+00 9.830491766668437492e+00 9.843228717845308395e+00 1.000000000000000020e+30 1.000000000000000020e+30 1.000000000000000020e+30 1.000000000000000020e+30 1.000000000000000020e+30 1.000000000000000020e+30 1.000000000000000020e+30 1.000000000000000020e+30 1.000000000000000020e+30 1.000000000000000020e+30 1.000000000000000020e+30 1.000000000000000020e+30 1.000000000000000020e+30 1.000000000000000020e+30 1.000000000000000020e+30 1.000000000000000020e+30 1.000000000000000020e+30 1.000000000000000020e+30
9.695941634223775196e+00 9.697844311335712675e+00 9.700456206676156157e+00 9.703678143164241376e+00 9.707547450045213466e+00 9.712123304239385746e+00 9.717484061765832237e+00 9.723739506291517287e+00 9.731059812793530384e+00 9.739711659217364925e+00 9.750135061685565319e+00 9.762957327765828808e+00 9.778995585054349959e+00 9.799278366202004875e+00 9.823442887344500107e+00 9.841321028387028491e+00 9.854483002978934536e+00 9.863746173579846399e+00 9.869632035831152450e+00 9.872516816569856246e+00 9.872688976756881729e+00 9.870373229444473040e+00 9.865741079675766301e+00 9.858914164868140872e+00 9.849964147796823610e+00 9.838916200423390990e+00 9.825757174870785704e+00 9.810399097730018170e+00 9.792551104849021470e+00 9.771603102606011504e+00 9.747058741019230865e+00 9.719336332130589895e+00 9.696259442956259633e+00 9.728401737582011322e+00 9.754158628972300349e+00 9.771902810325125088e+00 9.787555312278632513e+00 9.803032749314901650e+00 9.827108339663707781e+00 1.000000000000000020e+30 1.000000000000000020e+30 1.000000000000000020e+30 1.000000000000000020e+30 1.000000000000000020e+30 1.000000000000000020e+30 1.000000000000000020e+30 1.000000000000000020e+30 1.000000000000000020e+30 1.000000000000000020e+30 1.000000000000000020e+30 1.000000000000000020e+30 1.000000000000000020e+30 1.000000000000000020e+30 1.000000000000000020e+30 1.000000000000000020e+30 1.000000000000000020e+30 1.000000000000000020e+30
9.692966622207178418e+00 9.694059594256696499e+00 9.695891559710069885e+00 9.698328428329306305e+00 9.701354731627205297e+00 9.705003766375149610e+00 9.709347586292865984e+00 9.714501466207464020e+00 9.720643697015971085e+00 9.728044995516553328e+00 9.737111730385050734e+00 9.748421707528313718e+00 9.762767636148309336e+00 9.781221169576797436e+00 9.805192019325033925e+00 9.823372758360978452e+00 9.836862026715484930e+00 9.846373638285744079e+00 9.852419407627625247e+00 9.855395368013486035e+00 9.855617091952815656e+00 9.853333718677738773e+00 9.848734302354518633e+00 9.841944863634408236e+00 9.833008234224429600e+00 9.821851019257113791e+00 9.808285227198110690e+00 9.792033940346973608e+00 9.772737838672025390e+00 9.749908845068974372e+00 9.722547144603463920e+00 9.686264727163148791e+00 9.698799974275139846e+00 9.717299846025746035e+00 9.734070813505113051e+00 9.747637228801558251e+00 9.758134769989238677e+00 9.766240788801320960e+00 1.000000000000000020e+30 1.000000000000000020e+30 1.000000000000000020e+30 1.000000000000000020e+30 1.000000000000000020e+30 1.000000000000000020e+30 1.000000000000000020e+30 1.000000000000000020e+30 1.000000000000000020e+30 1.000000000000000020e+30 1.000000000000000020e+30 1.000000000000000020e+30 1.000000000000000020e+30 1.000000000000000020e+30 1.000000000000000020e+30 1.000000000000000020e+30 1.000000000000000020e+30 1.000000000000000020e+30 1.000000000000000020e+30
9.690084620129974624e+00 9.690800670438299846e+00 9.692119136229468523e+00 9.693968349866242562e+00 9.696337644963438862e+00 9.699254621705476254e+00 9.702786679452497509e+00 9.707045704162863942e+00 9.712203493542862276e+00 9.718514884272796195e+00 9.726351911285053831e+00 9.736249078023130110e+00 9.748976651194860565e+00 9.765676894631706517e+00 9.788127495373773357e+00 9.805777906491394802e+00 9.819084234565284675e+00 9.828483357712167745e+00 9.834401102977009757e+00 9.837226875772509871e+00 9.837296627918053815e+00 9.834883428059708166e+00 9.830200979624748925e+00 9.823402449401003267e+00 9.814536079193644014e+00 9.803428155969275082e+00 9.789688984925520643e+00 9.772844434174761119e+00 9.752511527464216456e+00 9.728706942592520335e+00 9.702805501007130573e+00 9.679921076199439867e+00 9.691149622479343861e+00 9.703781474558970999e+00 9.716596979104290099e+00 9.727106006954926443e+00 9.734306276491381027e+00 9.738771463067362077e+00 1.000000000000000020e+30 1.000000000000000020e+30 1.000000000000000020e+30 1.000000000000000020e+30 1.000000000000000020e+30 1.000000000000000020e+30 1.000000000000000020e+30 1.000000000000000020e+30 1.000000000000000020e+30 1.000000000000000020e+30 1.000000000000000020e+30 1.000000000000000020e+30 1.000000000000000020e+30 1.000000000000000020e+30 1.000000000000000020e+30 1.000000000000000020e+30 1.000000000000000020e+30 1.000000000000000020e+30 1.000000000000000020e+30
9.687469118583910799e+00 9.687973053768439868e+00 9.688943989333772322e+00 9.690354194678423738e+00 9.692208669772412577e+00 9.694537393838812633e+00 9.697404285588470785e+00 9.700913169233334798e+00 9.705220530975850579e+00 9.710553415338143424e+00 9.717236801531063506e+00 9.725735104576132883e+00 9.736725121745472222e+00 9.751249845783997117e+00 9.771127626415976763e+00 9.788066096239468550e+00 9.800969771346748516e+00 9.809995135873299077e+00 9.815515284387906547e+00 9.817938572622361804e+00 9.817638415382448969e+00 9.814914665965716267e+00 9.810011467569269783e+00 9.803156535328627186e+00 9.794522082813093888e+00 9.783827848910490843e+00 9.770348939766277496e+00 9.753235400241914377e+00 9.731769209582422420e+00 9.705512819368196986e+00 9.675843866354407297e+00 9.671709973870731503e+00 9.677888606445710806e+00 9.688720128580390778e+00 9.700574418787688558e+00 9.710245128876991316e+00 9.717679501079924620e+00 9.727461442853218898e+00 1.000000000000000020e+30 1.000000000000000020e+30 1.000000000000000020e+30 1.000000000000000020e+30 1.000000000000000020e+30 1.000000000000000020e+30 1.000000000000000020e+30 1.000000000000000020e+30 1.000000000000000020e+30 1.000000000000000020e+30 1.000000000000000020e+30 1.000000000000000020e+30 1.000000000000000020e+30 1.000000000000000020e+30 1.000000000000000020e+30 1.000000000000000020e+30 1.000000000000000020e+30 1.000000000000000020e+30 1.000000000000000020e+30
9.685148564975850860e+00 9.685512930262966336e+00 9.686232695508456558e+00 9.687304260149565138e+00 9.688745217875990079e+00 9.690588678209675066e+00 9.692894699789018631e+00 9.695756418041241886e+00 9.699310216084089831e+00 9.703748043907713949e+00 9.709335194030943583e+00 9.716434142433621801e+00 9.725532781455454412e+00 9.737252483112435186e+00 9.752186601018506096e+00 9.769789125931755081e+00 9.782362927213274162e+00 9.790818717083707767e+00 9.795663571873177489e+00 9.797403234218226231e+00 9.796495382856027945e+00 9.793255581969694035e+00 9.787924180314337974e+00 9.780845955618966414e+00 9.772716428673843936e+00 9.763140752364616759e+00 9.750736358885140120e+00 9.734015461679355496e+00 9.711770738292564431e+00 9.681570667489342696e+00 9.638110227172596467e+00 9.648312948554378821e+00 9.657711609581490109e+00 9.670268022722176227e+00 9.684760404247406029e+00 9.695209328758970457e+00 9.700929941536905687e+00 1.000000000000000020e+30 1.000000000000000020e+30 1.000000000000000020e+30 1.000000000000000020e+30 1.000000000000000020e+30 1.000000000000000020e+30 1.000000000000000020e+30 1.000000000000000020e+30 1.000000000000000020e+30 1.000000000000000020e+30 1.000000000000000020e+30 1.000000000000000020e+30 1.000000000000000020e+30 1.000000000000000020e+30 1.000000000000000020e+30 1.000000000000000020e+30 1.000000000000000020e+30 1.000000000000000020e+30 1.000000000000000020e+30 1.000000000000000020e+30
9.683100014726862881e+00 9.683359131714455614e+00 9.683881410348472940e+00 9.684677019122402086e+00 9.685771800123625042e+00 9.687200438310579642e+00 9.689018238712678865e+00 9.691306730268005154e+00 9.694181353839175230e+00 9.697798432618764508e+00 9.702363806544731517e+00 9.708142759448964654e+00 9.715469797095492410e+00 9.724760037883054764e+00 9.736542759687411674e+00 9.751776842898181030e+00 9.763353646647100703e+00 9.770922692221727601e+00 9.774727838223212117e+00 9.775426348644751684e+00 9.773663542205106580e+00 9.769711340822089696e+00 9.763631757665859112e+00 9.755643823592448527e+00 9.748412302021904452e+00 9.741325427303067386e+00 9.731456416264812503e+00 9.716230600371478232e+00 9.695389340125361244e+00 9.665840103910634085e+00 9.621425121450057460e+00 9.623351680736899283e+00 9.632009298472695491e+00 9.647557209930925026e+00 9.670403387314443933e+00 9.683556614279050123e+00 9.689826109388109288e+00 1.000000000000000020e+30 1.000000000000000020e+30 1.000000000000000020e+30 1.000000000000000020e+30 1.000000000000000020e+30 1.000000000000000020e+30 1.000000000000000020e+30 1.000000000000000020e+30 1.000000000000000020e+30 1.000000000000000020e+30 1.000000000000000020e+30 1.000000000000000020e+30 1.000000000000000020e+30 1.000000000000000020e+30 1.000000000000000020e+30 1.000000000000000020e+30 1.000000000000000020e+30 1.000000000000000020e+30 1.000000000000000020e+30 1.000000000000000020e+30
9.681285140081627105e+00 9.681452537411919579e+00 9.681802585966707397e+00 9.682356156000544445e+00 9.683144620398628888e+00 9.684202405141993708e+00 9.685579251945110713e+00 9.687345683614060121e+00 9.689599005494969219e+00 9.692465630994018255e+00 9.696101228307046682e+00 9.700689137344820523e+00 9.706430756144580840e+00 9.713539196648685703e+00 9.722210692343283611e+00 9.732477983171508029e+00 9.743657302591005376e+00 9.750297362866193751e+00 9.752557547638856406e+00 9.751675985446603079e+00 9.748859869211488061e+00 9.743922324480935870e+00 9.736456798008802593e+00 9.724669193777744525e+00 9.718863911489078689e+00 9.717276068324778748e+00 9.712589609478783359e+00 9.701823834127825563e+00 9.685259931393014554e+00 9.662198441656839165e+00 9.630882542944812386e+00 9.625081299320767059e+00 9.637190532779774443e+00 9.643018101586118718e+00 9.663953284191181936e+00 9.677083271554664634e+00 9.683832330651986453e+00 9.684916608506469515e+00 1.000000000000000020e+30 1.000000000000000020e+30 1.000000000000000020e+30 1.000000000000000020e+30 1.000000000000000020e+30 1.000000000000000020e+30 1.000000000000000020e+30 1.000000000000000020e+30 1.000000000000000020e+30 1.000000000000000020e+30 1.000000000000000020e+30 1.000000000000000020e+30 1.000000000000000020e+30 1.000000000000000020e+30 1.000000000000000020e+30 1.000000000000000020e+30 1.000000000000000020e+30 1.000000000000000020e+30 1.000000000000000020e+30
9.679667788127130024e+00 9.679738898756966137e+00 9.679918315530667172e+00 9.680240025883890098e+00 9.680739093585762234e+00 9.681447322869091821e+00 9.682407711327519095e+00 9.683681150689201544e+00 9.685352815134129045e+00 9.687530912817933881e+00 9.690337729372261677e+00 9.693902609637643053e+00 9.698321049512376391e+00 9.703654712465626275e+00 9.709933818074221179e+00 9.716824627963546845e+00 9.723600820871521222e+00 9.729370064473377155e+00 9.727894447708555603e+00 9.723663037624524108e+00 9.719345426885576344e+00 9.716086379773612336e+00 9.708524699829403914e+00 9.681454038724602640e+00 9.679513642003920282e+00 9.692166375834267100e+00 9.696585723561909731e+00 9.690767677266084235e+00 9.679778834682860378e+00 9.665342660901073302e+00 9.650696186599137860e+00 9.645180706657070502e+00 9.646525453375641490e+00 9.646669549411642564e+00 9.664206316708058964e+00 9.675769814924597867e+00 9.682366894570243687e+00 9.684914314217534681e+00 1.000000000000000020e+30 1.000000000000000020e+30 1.000000000000000020e+30 1.000000000000000020e+30 1.000000000000000020e+30 1.000000000000000020e+30 1.000000000000000020e+30 1.000000000000000020e+30 1.000000000000000020e+30 1.000000000000000020e+30 1.000000000000000020e+30 1.000000000000000020e+30 1.000000000000000020e+30 1.000000000000000020e+30 1.000000000000000020e+30 1.000000000000000020e+30 1.000000000000000020e+30 1.000000000000000020e+30 1.000000000000000020e+30
9.678229079580928484e+00 9.678169999624337549e+00 9.678154165910500595e+00 9.678232739543467744e+00 9.678439609890393314e+00 9.678799235028821002e+00 9.679344833667789416e+00 9.680127854681478183e+00 9.681229999157169530e+00 9.682760652760109110e+00 9.684828313886184148e+00 9.687563071409350357e+00 9.690966749047102979e+00 9.694957390715636336e+00 9.699738284501480123e+00 9.704617668761127192e+00 9.708068822946597010e+00 9.708956023090458132e+00 9.699876931499861854e+00 9.713574571807878755e+00 9.714913688143731463e+00 9.709637467015895140e+00 9.693861330401430720e+00 9.686636971023125042e+00 9.687295019263427065e+00 9.690232351470665861e+00 9.687695792596045408e+00 9.682663761307862771e+00 9.676262279009769429e+00 9.667589585375402805e+00 9.660053847552672934e+00 9.656483925566636373e+00 9.655320329516879241e+00 9.655747310151044260e+00 9.669091093896019729e+00 9.678219825503367346e+00 9.683834991183076113e+00 9.686387142803521755e+00 1.000000000000000020e+30 1.000000000000000020e+30 1.000000000000000020e+30 1.000000000000000020e+30 1.000000000000000020e+30 1.000000000000000020e+30 1.000000000000000020e+30 1.000000000000000020e+30 1.000000000000000020e+30 1.000000000000000020e+30 1.000000000000000020e+30 1.000000000000000020e+30 1.000000000000000020e+30 1.000000000000000020e+30 1.000000000000000020e+30 1.000000000000000020e+30 1.000000000000000020e+30 1.000000000000000020e+30 1.000000000000000020e+30
9.676995117841899585e+00 9.676696596083255386e+00 9.676428419604947706e+00 9.676234736310123097e+00 9.676130909092723442e+00 9.676125127877366339e+00 9.676234099261847632e+00 9.676493564361834387e+00 9.676991703854428195e+00 9.677878280996447202e+00 9.679237204493485791e+00 9.681362694369322952e+00 9.684123706984189894e+00 9.686921269506365562e+00 9.690906905071891231e+00 9.695323976796132115e+00 9.699590163373869700e+00 9.702419971511623942e+00 9.706265947587747078e+00 9.712751933322719466e+00 9.714204777773320032e+00 9.710583756363991625e+00 9.701928983190063249e+00 9.695786876337837867e+00 9.693665335042393139e+00 9.692517123250031119e+00 9.688702365817967177e+00 9.682141481211123946e+00 9.672964411422633191e+00 9.667483745296930664e+00 9.664410714549100945e+00 9.663947846981097101e+00 9.665507764166477500e+00 9.669871141592009778e+00 9.676892727307841113e+00 9.683015491413538456e+00 9.687279005405192933e+00 9.689430387645623810e+00 1.000000000000000020e+30 1.000000000000000020e+30 1.000000000000000020e+30 1.000000000000000020e+30 1.000000000000000020e+30 1.000000000000000020e+30 1.000000000000000020e+30 1.000000000000000020e+30 1.000000000000000020e+30 1.000000000000000020e+30 1.000000000000000020e+30 1.000000000000000020e+30 1.000000000000000020e+30 1.000000000000000020e+30 1.000000000000000020e+30 1.000000000000000020e+30 1.000000000000000020e+30 1.000000000000000020e+30 1.000000000000000020e+30
9.676114258273578628e+00 9.675221497814478155e+00 9.674630862137474807e+00 9.674132635739734809e+00 9.673690981722673499e+00 9.673290372767569423e+00 9.672921494699052047e+00 9.672575111649376112e+00 9.672345746545472522e+00 9.672564566592329882e+00 9.672715482003066967e+00 9.674199693665380906e+00 9.676804109256881503e+00 9.680243917602345149e+00 9.685138390687187737e+00 9.690635324900593872e+00 9.699541757308178802e+00 9.705039384935833624e+00 9.710993677151160242e+00 9.716404294986441315e+00 9.718877415510933204e+00 9.719236691714202792e+00 9.714747917836598745e+00 9.710163308797861603e+00 9.706545094249651839e+00 9.699976011494646500e+00 9.694663024776900784e+00 9.688155404007893878e+00 9.681410146905200520e+00 9.673921280852855631e+00 9.672868862164659021e+00 9.674137233472379194e+00 9.676599606416393939e+00 9.679976243670617819e+00 9.684372924146504857e+00 9.688554903481360725e+00 9.691787564794770660e+00 9.693679078207454225e+00 1.000000000000000020e+30 1.000000000000000020e+30 1.000000000000000020e+30 1.000000000000000020e+30 1.000000000000000020e+30 1.000000000000000020e+30 1.000000000000000020e+30 1.000000000000000020e+30 1.000000000000000020e+30 1.000000000000000020e+30 1.000000000000000020e+30 1.000000000000000020e+30 1.000000000000000020e+30 1.000000000000000020e+30 1.000000000000000020e+30 1.000000000000000020e+30 1.000000000000000020e+30 1.000000000000000020e+30 1.000000000000000020e+30
1.000000000000000020e+30 9.673359111542580990e+00 9.672603816778670094e+00 9.671789791503957900e+00 9.670985226352158293e+00 9.670154497918330705e+00 9.669272820299132931e+00 9.668183240528216871e+00 9.666682290888376272e+00 9.665924729576790497e+00 9.665805102678191929e+00 9.667158673463577045e+00 9.670691151674994046e+00 9.675575668472102819e+00 9.686036480529452319e+00 9.694805820392758733e+00 9.703007289493189802e+00 9.727425411901732488e+00 9.720838279094648371e+00 9.723121866820770620e+00 1.000000000000000020e+30 9.727697266109942120e+00 9.725151510265368060e+00 9.722018063521613129e+00 9.719763129472195118e+00 1.000000000000000020e+30 1.000000000000000020e+30 1.000000000000000020e+30 9.692675553868959071e+00 9.686086434150558588e+00 9.681009170187401480e+00 9.682882117260044552e+00 9.685175968488074716e+00 9.687826813213678889e+00 9.690932650433230933e+00 9.693987462840476965e+00 9.696635290125511730e+00 9.698917156975806364e+00 9.701825121249694206e+00 1.000000000000000020e+30 1.000000000000000020e+30 1.000000000000000020e+30 1.000000000000000020e+30 1.000000000000000020e+30 1.000000000000000020e+30 1.000000000000000020e+30 1.000000000000000020e+30 1.000000000000000020e+30 1.000000000000000020e+30 1.000000000000000020e+30 1.000000000000000020e+30 1.000000000000000020e+30 1.000000000000000020e+30 1.000000000000000020e+30 1.000000000000000020e+30 1.000000000000000020e+30 1.000000000000000020e+30
1.000000000000000020e+30 9.672018659051255796e+00 9.670336783152531979e+00 9.669065865461067943e+00 9.667864810146717502e+00 9.666549961670291680e+00 9.665226613200353256e+00 9.663174598108318136e+00 9.661224043637917092e+00 9.659087423150294782e+00 9.657025271731157545e+00 9.658435051645758662e+00 9.671417799081405420e+00 9.680820069788408588e+00 9.709256369339540171e+00 9.705802315322817009e+00 9.709663975050789375e+00 1.000000000000000020e+30 1.000000000000000020e+30 1.000000000000000020e+30 1.000000000000000020e+30 1.000000000000000020e+30 1.000000000000000020e+30 1.000000000000000020e+30 1.000000000000000020e+30 1.000000000000000020e+30 1.000000000000000020e+30 1.000000000000000020e+30 9.700266922943376002e+00 9.697080177316928840e+00 9.693452963799067845e+00 9.690351047267160567e+00 9.691898376004150606e+00 9.694093459033288340e+00 9.696485415267353858e+00 9.698827540443334172e+00 9.700892794733912083e+00 9.702603317471927724e+00 9.703912856009688781e+00 1.000000000000000020e+30 1.000000000000000020e+30 1.000000000000000020e+30 1.000000000000000020e+30 1.000000000000000020e+30 1.000000000000000020e+30 1.000000000000000020e+30 1.000000000000000020e+30 1.000000000000000020e+30 1.000000000000000020e+30 1.000000000000000020e+30 1.000000000000000020e+30 1.000000000000000020e+30 1.000000000000000020e+30 1.000000000000000020e+30 1.000000000000000020e+30 1.000000000000000020e+30 1.000000000000000020e+30
1.000000000000000020e+30 1.000000000000000020e+30 9.667175561748910795e+00 9.665679013165291877e+00 9.664159315984807819e+00 9.662097331362952346e+00 9.660553602921774896e+00 9.658742061505122933e+00 9.656644505956011315e+00 9.652096338251745067e+00 9.661166299599280194e+00 9.665106262457337394e+00 1.000000000000000020e+30 1.000000000000000020e+30 1.000000000000000020e+30 1.000000000000000020e+30 1.000000000000000020e+30 1.000000000000000020e+30 1.000000000000000020e+30 1.000000000000000020e+30 1.000000000000000020e+30 1.000000000000000020e+30 1.000000000000000020e+30 1.000000000000000020e+30 1.000000000000000020e+30 1.000000000000000020e+30 1.000000000000000020e+30 1.000000000000000020e+30 1.000000000000000020e+30 1.000000000000000020e+30 9.699816577574276621e+00 9.696440855346969201e+00 9.697184392568198419e+00 9.699055028767855191e+00 9.701093184926525836e+00 9.702992993679375289e+00 9.704586379359829706e+00 9.705794270953274960e+00 9.706505920036253343e+00 1.000000000000000020e+30 1.000000000000000020e+30 1.000000000000000020e+30 1.000000000000000020e+30 1.000000000000000020e+30 1.000000000000000020e+30 1.000000000000000020e+30 1.000000000000000020e+30 1.000000000000000020e+30 1.000000000000000020e+30 1.000000000000000020e+30 1.000000000000000020e+30 1.000000000000000020e+30 1.000000000000000020e+30 1.000000000000000020e+30 1.000000000000000020e+30 1.000000000000000020e+30 1.000000000000000020e+30
1.000000000000000020e+30 1.000000000000000020e+30 9.664767320151391061e+00 9.661314296505079113e+00 9.659491190520336446e+00 9.657953470659061068e+00 9.656610576040778327e+00 9.655790301486904426e+00 9.662691071365253848e+00 9.662812547488801584e+00 1.000000000000000020e+30 1.000000000000000020e+30 1.000000000000000020e+30 1.000000000000000020e+30 1.000000000000000020e+30 1.000000000000000020e+30 1.000000000000000020e+30 1.000000000000000020e+30 1.000000000000000020e+30 1.000000000000000020e+30 1.000000000000000020e+30 1.000000000000000020e+30 1.000000000000000020e+30 1.000000000000000020e+30 1.000000000000000020e+30 1.000000000000000020e+30 1.000000000000000020e+30 1.000000000000000020e+30 1.000000000000000020e+30 1.000000000000000020e+30 1.000000000000000020e+30 9.702384150904650895e+00 9.701808030296160013e+00 9.703161064759106225e+00 9.704892815011584517e+00 9.706550995037993346e+00 9.707775876417921168e+00 9.708607633647929447e+00 9.709024357791149029e+00 1.000000000000000020e+30 1.000000000000000020e+30 1.000000000000000020e+30 1.000000000000000020e+30 1.000000000000000020e+30 1.000000000000000020e+30 1.000000000000000020e+30 1.000000000000000020e+30 1.000000000000000020e+30 1.000000000000000020e+30 1.000000000000000020e+30 1.000000000000000020e+30 1.000000000000000020e+30 1.000000000000000020e+30 1.000000000000000020e+30 1.000000000000000020e+30 1.000000000000000020e+30 1.000000000000000020e+30
1.000000000000000020e+30 1.000000000000000020e+30 1.000000000000000020e+30 9.656125521333947859e+00 9.655410420299949337e+00 9.654928852129547323e+00 9.654372954151984487e+00 9.663867319904491993e+00 9.669908617760551550e+00 1.000000000000000020e+30 1.000000000000000020e+30 1.000000000000000020e+30 1.000000000000000020e+30 1.000000000000000020e+30 1.000000000000000020e+30 1.000000000000000020e+30 1.000000000000000020e+30 1.000000000000000020e+30 1.000000000000000020e+30 1.000000000000000020e+30 1.000000000000000020e+30 1.000000000000000020e+30 1.000000000000000020e+30 1.000000000000000020e+30 1.000000000000000020e+30 1.000000000000000020e+30 1.000000000000000020e+30 1.000000000000000020e+30 1.000000000000000020e+30 1.000000000000000020e+30 1.000000000000000020e+30 1.000000000000000020e+30 9.707659438905267280e+00 9.707340672668289372e+00 9.708278342126696714e+00 9.709657225636041389e+00 9.710491247066453724e+00 9.710979544751559445e+00 9.711188953701730853e+00 1.000000000000000020e+30 1.000000000000000020e+30 1.000000000000000020e+30 1.000000000000000020e+30 1.000000000000000020e+30 1.000000000000000020e+30 1.000000000000000020e+30 1.000000000000000020e+30 1.000000000000000020e+30 1.000000000000000020e+30 1.000000000000000020e+30 1.000000000000000020e+30 1.000000000000000020e+30 1.000000000000000020e+30 1.000000000000000020e+30 1.000000000000000020e+30 1.000000000000000020e+30 1.000000000000000020e+30
1.000000000000000020e+30 1.000000000000000020e+30 1.000000000000000020e+30 9.652963481752070862e+00 9.653864985769637030e+00 9.663100128167007696e+00 9.668594638992477286e+00 9.672629373721200352e+00 1.000000000000000020e+30 1.000000000000000020e+30 1.000000000000000020e+30 1.000000000000000020e+30 1.000000000000000020e+30 1.000000000000000020e+30 1.000000000000000020e+30 1.000000000000000020e+30 1.000000000000000020e+30 1.000000000000000020e+30 1.000000000000000020e+30 1.000000000000000020e+30 1.000000000000000020e+30 1.000000000000000020e+30 1.000000000000000020e+30 1.000000000000000020e+30 1.000000000000000020e+30 1.000000000000000020e+30 1.000000000000000020e+30 1.000000000000000020e+30 1.000000000000000020e+30 1.000000000000000020e+30 1.000000000000000020e+30 1.000000000000000020e+30 1.000000000000000020e+30 9.713028278762401158e+00 9.712400358179348103e+00 9.712409056550164621e+00 9.712702077704799208e+00 9.712786814523211021e+00 9.712804659977422261e+00 1.000000000000000020e+30 1.000000000000000020e+30 1.000000000000000020e+30 1.000000000000000020e+30 1.000000000000000020e+30 1.000000000000000020e+30 1.000000000000000020e+30 1.000000000000000020e+30 1.000000000000000020e+30 1.000000000000000020e+30 1.000000000000000020e+30 1.000000000000000020e+30 1.000000000000000020e+30 1.000000000000000020e+30 1.000000000000000020e+30 1.000000000000000020e+30 1.000000000000000020e+30 1.000000000000000020e+30
1.000000000000000020e+30 1.000000000000000020e+30 1.000000000000000020e+30 1.000000000000000020e+30 9.683501969173246238e+00 9.678081901088843253e+00 9.679701786975334343e+00 1.000000000000000020e+30 1.000000000000000020e+30 1.000000000000000020e+30 1.000000000000000020e+30 1.000000000000000020e+30 1.000000000000000020e+30 1.000000000000000020e+30 1.000000000000000020e+30 1.000000000000000020e+30 1.000000000000000020e+30 1.000000000000000020e+30 1.000000000000000020e+30 1.000000000000000020e+30 1.000000000000000020e+30 1.000000000000000020e+30 1.000000000000000020e+30 1.000000000000000020e+30 1.000000000000000020e+30 1.000000000000000020e+30 1.000000000000000020e+30 1.000000000000000020e+30 1.000000000000000020e+30 1.000000000000000020e+30 1.000000000000000020e+30 1.000000000000000020e+30 1.000000000000000020e+30 1.000000000000000020e+30 9.716654840194648202e+00 9.714462366831298823e+00 9.714258185591004846e+00 9.713826300741978059e+00 9.713688319540816352e+00 1.000000000000000020e+30 1.000000000000000020e+30 1.000000000000000020e+30 1.000000000000000020e+30 1.000000000000000020e+30 1.000000000000000020e+30 1.000000000000000020e+30 1.000000000000000020e+30 1.000000000000000020e+30 1.000000000000000020e+30 1.000000000000000020e+30 1.000000000000000020e+30 1.000000000000000020e+30 1.000000000000000020e+30 1.000000000000000020e+30 1.000000000000000020e+30 1.000000000000000020e+30 1.000000000000000020e+30
1.000000000000000020e+30 1.000000000000000020e+30 1.000000000000000020e+30 1.000000000000000020e+30 9.706379402776962095e+00 1.000000000000000020e+30 1.000000000000000020e+30 1.000000000000000020e+30 1.000000000000000020e+30 1.000000000000000020e+30 1.000000000000000020e+30 1.000000000000000020e+30 1.000000000000000020e+30 1.000000000000000020e+30 1.000000000000000020e+30 1.000000000000000020e+30 1.000000000000000020e+30 1.000000000000000020e+30 1.000000000000000020e+30 1.000000000000000020e+30 1.000000000000000020e+30 1.000000000000000020e+30 1.000000000000000020e+30 1.000000000000000020e+30 1.000000000000000020e+30 1.000000000000000020e+30 1.000000000000000020e+30 1.000000000000000020e+30 1.000000000000000020e+30 1.000000000000000020e+30 1.000000000000000020e+30 1.000000000000000020e+30 1.000000000000000020e+30 1.000000000000000020e+30 1.000000000000000020e+30 9.715558565788519729e+00 9.715263889929202534e+00 1.000000000000000020e+30 1.000000000000000020e+30 1.000000000000000020e+30 1.000000000000000020e+30 1.000000000000000020e+30 1.000000000000000020e+30 1.000000000000000020e+30 1.000000000000000020e+30 1.000000000000000020e+30 1.000000000000000020e+30 1.000000000000000020e+30 1.000000000000000020e+30 1.000000000000000020e+30 1.000000000000000020e+30 1.000000000000000020e+30 1.000000000000000020e+30 1.000000000000000020e+30 1.000000000000000020e+30 1.000000000000000020e+30 1.000000000000000020e+30
