1.000000000000000020e+30 1.000000000000000020e+30 1.000000000000000020e+30 1.000000000000000020e+30 1.000000000000000020e+30 1.000000000000000020e+30 1.000000000000000020e+30 1.000000000000000020e+30 1.000000000000000020e+30 1.000000000000000020e+30 1.000000000000000020e+30 1.000000000000000020e+30 1.000000000000000020e+30 1.000000000000000020e+30 1.000000000000000020e+30 1.000000000000000020e+30 1.000000000000000020e+30 1.000000000000000020e+30 1.000000000000000020e+30 1.000000000000000020e+30 1.000000000000000020e+30 1.000000000000000020e+30 1.000000000000000020e+30 1.000000000000000020e+30 1.000000000000000020e+30 1.000000000000000020e+30 1.000000000000000020e+30 1.000000000000000020e+30 1.000000000000000020e+30 1.000000000000000020e+30 1.000000000000000020e+30 1.000000000000000020e+30 1.000000000000000020e+30 1.000000000000000020e+30 1.000000000000000020e+30 1.000000000000000020e+30 1.000000000000000020e+30 1.000000000000000020e+30 1.000000000000000020e+30 1.000000000000000020e+30 1.000000000000000020e+30 1.000000000000000020e+30 1.000000000000000020e+30 1.000000000000000020e+30 1.000000000000000020e+30 1.000000000000000020e+30 1.000000000000000020e+30 1.000000000000000020e+30 1.000000000000000020e+30 1.000000000000000020e+30 1.000000000000000020e+30 1.000000000000000020e+30 1.000000000000000020e+30 1.000000000000000020e+30 1.000000000000000020e+30 1.000000000000000020e+30 1.000000000000000020e+30
1.000000000000000020e+30 1.000000000000000020e+30 1.000000000000000020e+30 1.000000000000000020e+30 1.000000000000000020e+30 1.000000000000000020e+30 1.000000000000000020e+30 1.000000000000000020e+30 1.000000000000000020e+30 1.000000000000000020e+30 1.000000000000000020e+30 1.000000000000000020e+30 1.000000000000000020e+30 1.000000000000000020e+30 1.000000000000000020e+30 1.000000000000000020e+30 1.000000000000000020e+30 1.000000000000000020e+30 1.000000000000000020e+30 1.000000000000000020e+30 1.000000000000000020e+30 1.000000000000000020e+30 1.000000000000000020e+30 1.000000000000000020e+30 1.000000000000000020e+30 1.000000000000000020e+30 1.000000000000000020e+30 1.036302369040752147e+01 1.036542146216398130e+01 1.036791499475757661e+01 1.036976847885713759e+01 1.037071543528806394e+01 1.037065045571680599e+01 1.036953322569276281e+01 1.036735613086906049e+01 1.036413290302277446e+01 1.035989564380446559e+01 1.035469725340936620e+01 1.034862055789077928e+01 1.034180154152649855e+01 1.033449049403288278e+01 1.032723020447378026e+01 1.032143219596630779e+01 1.000000000000000020e+30 1.000000000000000020e+30 1.000000000000000020e+30 1.000000000000000020e+30 1.000000000000000020e+30 1.000000000000000020e+30 1.000000000000000020e+30 1.000000000000000020e+30 1.000000000000000020e+30 1.000000000000000020e+30 1.000000000000000020e+30 1.000000000000000020e+30 1.000000000000000020e+30 1.000000000000000020e+30
1.000000000000000020e+30 1.000000000000000020e+30 1.000000000000000020e+30 1.000000000000000020e+30 1.000000000000000020e+30 1.000000000000000020e+30 1.000000000000000020e+30 1.000000000000000020e+30 1.000000000000000020e+30 1.000000000000000020e+30 1.000000000000000020e+30 1.000000000000000020e+30 1.000000000000000020e+30 1.000000000000000020e+30 1.000000000000000020e+30 1.000000000000000020e+30 1.000000000000000020e+30 1.000000000000000020e+30 1.000000000000000020e+30 1.000000000000000020e+30 1.000000000000000020e+30 1.000000000000000020e+30 1.000000000000000020e+30 1.000000000000000020e+30 1.033690928901780381e+01 1.034217580735279363e+01 1.034917127593109498e+01 1.035727211080228116e+01 1.036197811917467249e+01 1.036521381352452487e+01 1.036733813223314016e+01 1.036839257354649035e+01 1.036836714567011875e+01 1.036725398639205764e+01 1.036505699449971019e+01 1.036179285662709404e+01 1.035749133393139587e+01 1.035219635790146064e+01 1.034596775970545579e+01 1.033888074858351835e+01 1.033100808239914770e+01 1.032231772778815504e+01 1.031216979904724163e+01 1.029696200676799123e+01 1.028356311324053607e+01 1.027146434027783961e+01 1.026105855418182600e+01 1.025381602204287290e+01 1.000000000000000020e+30 1.000000000000000020e+30 1.000000000000000020e+30 1.000000000000000020e+30 1.000000000000000020e+30 1.000000000000000020e+30 1.000000000000000020e+30 1.000000000000000020e+30 1.000000000000000020e+30
1.000000000000000020e+30 1.000000000000000020e+30 1.000000000000000020e+30 1.000000000000000020e+30 1.000000000000000020e+30 1.000000000000000020e+30 1.000000000000000020e+30 1.000000000000000020e+30 1.000000000000000020e+30 1.000000000000000020e+30 1.000000000000000020e+30 1.000000000000000020e+30 1.000000000000000020e+30 1.000000000000000020e+30 1.000000000000000020e+30 1.000000000000000020e+30 1.000000000000000020e+30 1.000000000000000020e+30 1.000000000000000020e+30 1.000000000000000020e+30 1.000000000000000020e+30 1.029673605008326476e+01 1.030438839304914111e+01 1.031511174412763765e+01 1.032821911956431116e+01 1.033703766280189029e+01 1.034467564081456992e+01 1.035154581145939012e+01 1.035664790177776240e+01 1.036027533297487757e+01 1.036263381217568380e+01 1.036380803016995245e+01 1.036382935011253004e+01 1.036271292904086572e+01 1.036047315744445996e+01 1.035712947261355765e+01 1.035270835345739115e+01 1.034724328260954707e+01 1.034077190020868819e+01 1.033332608441965483e+01 1.032490391980070932e+01 1.031540031223385689e+01 1.030447900296820940e+01 1.029162686409751437e+01 1.027870339077934503e+01 1.026618175462068905e+01 1.025428002632284397e+01 1.024294090477452102e+01 1.023052125077694718e+01 1.000000000000000020e+30 1.000000000000000020e+30 1.000000000000000020e+30 1.000000000000000020e+30 1.000000000000000020e+30 1.000000000000000020e+30 1.000000000000000020e+30 1.000000000000000020e+30
1.000000000000000020e+30 1.000000000000000020e+30 1.000000000000000020e+30 1.000000000000000020e+30 1.000000000000000020e+30 1.000000000000000020e+30 1.000000000000000020e+30 1.000000000000000020e+30 1.000000000000000020e+30 1.000000000000000020e+30 1.000000000000000020e+30 1.000000000000000020e+30 1.000000000000000020e+30 1.000000000000000020e+30 1.000000000000000020e+30 1.000000000000000020e+30 1.000000000000000020e+30 1.000000000000000020e+30 1.024579434186255611e+01 1.025496142137528821e+01 1.026842246141397830e+01 1.028554668123143401e+01 1.029780249399781233e+01 1.030924344866208031e+01 1.032036963413794695e+01 1.032965648329786212e+01 1.033754494551050485e+01 1.034420301439791601e+01 1.034942140367013508e+01 1.035324436442079232e+01 1.035575828932286591e+01 1.035702369781709287e+01 1.035707621307297721e+01 1.035593873126831355e+01 1.035363041867362277e+01 1.035017157599725124e+01 1.034558557401101986e+01 1.033989844183144236e+01 1.033313554791668309e+01 1.032531357409055595e+01 1.031642536096818219e+01 1.030642059288945234e+01 1.029521179773782258e+01 1.028282458812689093e+01 1.026987193971413070e+01 1.025667893024504629e+01 1.024330727990981771e+01 1.022948735217688743e+01 1.021441349430322276e+01 1.019742145982407067e+01 1.000000000000000020e+30 1.000000000000000020e+30 1.000000000000000020e+30 1.000000000000000020e+30 1.000000000000000020e+30 1.000000000000000020e+30 1.000000000000000020e+30
1.000000000000000020e+30 1.000000000000000020e+30 1.000000000000000020e+30 1.000000000000000020e+30 1.000000000000000020e+30 1.000000000000000020e+30 1.000000000000000020e+30 1.000000000000000020e+30 1.000000000000000020e+30 1.000000000000000020e+30 1.000000000000000020e+30 1.000000000000000020e+30 1.000000000000000020e+30 1.000000000000000020e+30 1.000000000000000020e+30 1.000000000000000020e+30 1.020406299255076377e+01 1.021498938713792271e+01 1.023293983217711656e+01 1.024700761370042912e+01 1.026113960914990919e+01 1.027565689904035651e+01 1.028849760672133407e+01 1.030018891660020763e+01 1.031088992784068914e+01 1.032023042791809964e+01 1.032822337492299525e+01 1.033489689006738210e+01 1.034020145321232143e+01 1.034414371685513956e+01 1.034675906039611171e+01 1.034808307700846797e+01 1.034814362864443282e+01 1.034696246974014500e+01 1.034455878669278661e+01 1.034095192267281504e+01 1.033616268035352448e+01 1.033021307482479934e+01 1.032312432152009052e+01 1.031491294894165556e+01 1.030558617383471542e+01 1.029514235303481939e+01 1.028359249222644500e+01 1.027102674117356607e+01 1.025768849080674627e+01 1.024373064605617145e+01 1.022912703510930399e+01 1.021359720877588728e+01 1.019649806304043338e+01 1.017666453516809710e+01 1.015109220786547262e+01 1.013618907686028159e+01 1.000000000000000020e+30 1.000000000000000020e+30 1.000000000000000020e+30 1.000000000000000020e+30 1.000000000000000020e+30
1.000000000000000020e+30 1.000000000000000020e+30 1.000000000000000020e+30 1.000000000000000020e+30 1.000000000000000020e+30 1.000000000000000020e+30 1.000000000000000020e+30 1.000000000000000020e+30 1.000000000000000020e+30 1.000000000000000020e+30 1.000000000000000020e+30 1.000000000000000020e+30 1.000000000000000020e+30 1.000000000000000020e+30 1.000000000000000020e+30 1.017355792400181436e+01 1.018932362521113610e+01 1.020418558968817990e+01 1.022024201256076559e+01 1.023530855364434267e+01 1.024983170820854461e+01 1.026384604501827980e+01 1.027678232816490045e+01 1.028859916620826453e+01 1.029927621232914348e+01 1.030868418711363788e+01 1.031677612526295640e+01 1.032353323474918305e+01 1.032893191339221239e+01 1.033296875579019236e+01 1.033565680431252787e+01 1.033701483232177409e+01 1.033706145497762563e+01 1.033581386692913995e+01 1.033328866507398303e+01 1.032950304899860861e+01 1.032447562193414825e+01 1.031822650708987332e+01 1.031077675915331682e+01 1.030214746084133637e+01 1.029235984095202738e+01 1.028143956811143056e+01 1.026942970288999391e+01 1.025641117667747437e+01 1.024250215042554935e+01 1.022777249477583261e+01 1.021218308149021681e+01 1.019555064524828047e+01 1.017755026848811362e+01 1.015783481880123063e+01 1.013655480906285078e+01 1.011738540900873495e+01 1.009759840163298250e+01 1.000000000000000020e+30 1.000000000000000020e+30 1.000000000000000020e+30 1.000000000000000020e+30
1.000000000000000020e+30 1.000000000000000020e+30 1.000000000000000020e+30 1.000000000000000020e+30 1.000000000000000020e+30 1.000000000000000020e+30 1.000000000000000020e+30 1.000000000000000020e+30 1.000000000000000020e+30 1.000000000000000020e+30 1.000000000000000020e+30 1.000000000000000020e+30 1.000000000000000020e+30 1.000000000000000020e+30 1.013454356763689468e+01 1.015388826324646843e+01 1.017163138250739074e+01 1.018837567479068795e+01 1.020477391512646470e+01 1.022043728281834163e+01 1.023536022645810917e+01 1.024948290248161875e+01 1.026259490656852513e+01 1.027459273954685592e+01 1.028540650160938519e+01 1.029495628752064995e+01 1.030318927350422520e+01 1.031007275670575751e+01 1.031558406251364168e+01 1.031971354487760628e+01 1.032246273542496517e+01 1.032383960050904648e+01 1.032385489331330852e+01 1.032252054486932025e+01 1.031984948034729399e+01 1.031585607555456718e+01 1.031055674265504685e+01 1.030397042712798594e+01 1.029611905465199051e+01 1.028702826546005333e+01 1.027672914604974430e+01 1.026526189063311278e+01 1.025268135484889065e+01 1.023906022571377683e+01 1.022447737946621871e+01 1.020898007714577282e+01 1.019255209522488492e+01 1.017510456625971571e+01 1.015651032782974461e+01 1.013671958258579764e+01 1.011600826713933898e+01 1.009526077227284446e+01 1.007383311732427700e+01 1.005107124338692159e+01 1.000000000000000020e+30 1.000000000000000020e+30 1.000000000000000020e+30
1.000000000000000020e+30 1.000000000000000020e+30 1.000000000000000020e+30 1.000000000000000020e+30 1.000000000000000020e+30 1.000000000000000020e+30 1.000000000000000020e+30 1.000000000000000020e+30 1.000000000000000020e+30 1.000000000000000020e+30 1.000000000000000020e+30 1.000000000000000020e+30 1.000000000000000020e+30 1.008868480002929147e+01 1.011117997190215334e+01 1.013185870557303581e+01 1.015102994159155614e+01 1.016905763971009868e+01 1.018623536258860263e+01 1.020254828724097429e+01 1.021797639003620084e+01 1.023246086604369864e+01 1.024589185418226656e+01 1.025817668359921342e+01 1.026923930270936580e+01 1.027901190321463432e+01 1.028744266723188261e+01 1.029449504742267330e+01 1.030014430703774053e+01 1.030437646007042218e+01 1.030718635228906876e+01 1.030857489191259724e+01 1.030854668944961183e+01 1.030710871169004683e+01 1.030426987641280157e+01 1.030004127719392137e+01 1.029443677311169658e+01 1.028747382788847275e+01 1.027917465583363210e+01 1.026956788501929196e+01 1.025869097901887272e+01 1.024659331234087567e+01 1.023333861575200565e+01 1.021900325328118697e+01 1.020366492495753619e+01 1.018738040776497300e+01 1.017016540542175029e+01 1.015199142004518329e+01 1.013281324662343330e+01 1.011262976359677346e+01 1.009156049483198636e+01 1.006983484814153229e+01 1.004737944928487714e+01 1.002424491739574819e+01 1.000070791575173601e+01 1.000000000000000020e+30 1.000000000000000020e+30
1.000000000000000020e+30 1.000000000000000020e+30 1.000000000000000020e+30 1.000000000000000020e+30 1.000000000000000020e+30 1.000000000000000020e+30 1.000000000000000020e+30 1.000000000000000020e+30 1.000000000000000020e+30 1.000000000000000020e+30 1.000000000000000020e+30 1.000000000000000020e+30 1.003653713149985727e+01 1.006203858368587767e+01 1.008554716776096427e+01 1.010731237720341191e+01 1.012760866349119304e+01 1.014667977508154983e+01 1.016470371587283772e+01 1.018173638168622297e+01 1.019777604710330898e+01 1.021277675699303522e+01 1.022666051328737780e+01 1.023934573252438973e+01 1.025075836741039836e+01 1.026083479327075132e+01 1.026952481629005121e+01 1.027679145983233688e+01 1.028260898347945940e+01 1.028696101600729484e+01 1.028983855251679458e+01 1.029123789093688757e+01 1.029115894796786002e+01 1.028960424585035049e+01 1.028657859509839945e+01 1.028208935342117591e+01 1.027614713621859899e+01 1.026876694209859409e+01 1.025996978956027306e+01 1.024978507039490694e+01 1.023825377112549795e+01 1.022543225063217953e+01 1.021139511786521759e+01 1.019623401520209782e+01 1.018004801793419567e+01 1.016292384586191844e+01 1.014491247334222379e+01 1.012601823137124590e+01 1.010621738440704398e+01 1.008548117403000788e+01 1.006378364656565161e+01 1.004111274869661230e+01 1.001753539140393912e+01 9.993711373440234524e+00 9.973022226535714907e+00 1.000000000000000020e+30 1.000000000000000020e+30
1.000000000000000020e+30 1.000000000000000020e+30 1.000000000000000020e+30 1.000000000000000020e+30 1.000000000000000020e+30 1.000000000000000020e+30 1.000000000000000020e+30 1.000000000000000020e+30 1.000000000000000020e+30 1.000000000000000020e+30 1.000000000000000020e+30 9.977970814858739601e+00 1.000673955892567335e+01 1.003316065197136631e+01 1.005750101971568888e+01 1.008014591369856205e+01 1.010138303650676761e+01 1.012137681281122781e+01 1.014024642753533456e+01 1.015805328564843180e+01 1.017480017847883822e+01 1.019044149827367107e+01 1.020490233664423130e+01 1.021810080312909541e+01 1.022996175200329105e+01 1.024042257169203296e+01 1.024943479947491376e+01 1.025696295515406575e+01 1.026298215023089710e+01 1.026747565676169494e+01 1.027043273881190011e+01 1.027184684842807805e+01 1.027171432133528661e+01 1.027003366839207743e+01 1.026680546515462211e+01 1.026203277008624326e+01 1.025572199396232342e+01 1.024788421779014591e+01 1.023853711733874228e+01 1.022770785849953334e+01 1.021543743371459811e+01 1.020178660054696351e+01 1.018684238584141966e+01 1.017072165832103003e+01 1.015356501178890802e+01 1.013551282136337406e+01 1.011666251683114659e+01 1.009703291268656322e+01 1.007659865626916584e+01 1.005529595437005064e+01 1.003294255887707642e+01 1.000921983305510032e+01 9.983821381819558027e+00 9.955884227545409360e+00 9.920456896738794939e+00 9.866813763859662245e+00 1.000000000000000020e+30
1.000000000000000020e+30 1.000000000000000020e+30 1.000000000000000020e+30 1.000000000000000020e+30 1.000000000000000020e+30 1.000000000000000020e+30 1.000000000000000020e+30 1.000000000000000020e+30 1.000000000000000020e+30 1.000000000000000020e+30 9.910941241991309880e+00 9.944751235197662353e+00 9.974915028400726413e+00 1.000206170308447717e+01 1.002692179266905192e+01 1.005022353136302549e+01 1.007229975339581429e+01 1.009315775129673298e+01 1.011286973051714000e+01 1.013150310327127990e+01 1.014905469638239488e+01 1.016545987125913975e+01 1.018062420298622150e+01 1.019445150425769775e+01 1.020685952351104042e+01 1.021778488147767838e+01 1.022718189984259851e+01 1.023501892245638167e+01 1.024127432467985521e+01 1.024593320899015225e+01 1.024898496289447891e+01 1.025042157394477371e+01 1.025023660521752333e+01 1.024842478680533375e+01 1.024498218103351199e+01 1.023990683815558533e+01 1.023319982908957826e+01 1.022486659998300240e+01 1.021491882301815579e+01 1.020337736629300807e+01 1.019027758705724906e+01 1.017567847055451580e+01 1.015967625985295442e+01 1.014241957479179845e+01 1.012411490829507166e+01 1.010499945600300720e+01 1.008525313904340770e+01 1.006487505922294368e+01 1.004383270736515321e+01 1.002210743939244253e+01 9.999377984998035984e+00 9.974870539558461147e+00 9.948473869154440763e+00 9.921329745437498460e+00 9.881839631077850683e+00 9.882475012987850249e+00 1.000000000000000020e+30
1.000000000000000020e+30 1.000000000000000020e+30 1.000000000000000020e+30 1.000000000000000020e+30 1.000000000000000020e+30 1.000000000000000020e+30 1.000000000000000020e+30 1.000000000000000020e+30 1.000000000000000020e+30 9.813543318277483607e+00 9.872516579099407608e+00 9.910644529987916229e+00 9.941651454942137534e+00 9.968870668281349268e+00 9.993591016680076322e+00 1.001728388426484706e+01 1.004025765884122379e+01 1.006197102462382276e+01 1.008251845348088160e+01 1.010203890345925970e+01 1.012051386142568354e+01 1.013782768513920018e+01 1.015383810604777892e+01 1.016841866545261830e+01 1.018147484071783815e+01 1.019294348209992229e+01 1.020278525439928607e+01 1.021097624643367574e+01 1.021750137690054494e+01 1.022235003483124949e+01 1.022551346378877923e+01 1.022698328811997115e+01 1.022675080951019666e+01 1.022480693911131944e+01 1.022114272142443525e+01 1.021575034188560593e+01 1.020862437986829008e+01 1.019976302743985563e+01 1.018916924536891777e+01 1.017685260469564490e+01 1.016283401616043669e+01 1.014715742719775804e+01 1.012991358682955756e+01 1.011127783732143648e+01 1.009155028582193125e+01 1.007115354024579545e+01 1.005047412347446034e+01 1.002934246085615122e+01 1.000767348463943307e+01 9.985810195742478967e+00 9.963441242586586810e+00 9.938222438631592937e+00 9.909646064253308850e+00 9.894852524809369498e+00 9.893376511767629111e+00 9.894443454815419869e+00 1.000000000000000020e+30
1.000000000000000020e+30 1.000000000000000020e+30 1.000000000000000020e+30 1.000000000000000020e+30 1.000000000000000020e+30 1.000000000000000020e+30 1.000000000000000020e+30 1.000000000000000020e+30 9.828146255872962200e+00 9.813531082694234797e+00 9.850233990670830053e+00 9.879040721160835758e+00 9.907638995055727094e+00 9.933713362555090853e+00 9.956892190327041092e+00 9.980737005416621344e+00 1.000521790217522522e+01 1.002775791618732804e+01 1.004906459506452876e+01 1.006955023086323386e+01 1.008912038507906317e+01 1.010753756990903440e+01 1.012456888530376986e+01 1.014004117207611699e+01 1.015384795739086599e+01 1.016593369846646588e+01 1.017627366908933340e+01 1.018485822379754424e+01 1.019168315618747300e+01 1.019674476952404163e+01 1.020003768428152391e+01 1.020155394380497782e+01 1.020128276429990599e+01 1.019921085036729913e+01 1.019532338582451025e+01 1.018960563261387975e+01 1.018204468515244798e+01 1.017263058261075592e+01 1.016135602124816728e+01 1.014821486318871457e+01 1.013320221962529466e+01 1.011632360604657599e+01 1.009762689515484801e+01 1.007727446711832897e+01 1.005566295888247375e+01 1.003355990551598609e+01 1.001207952788139899e+01 9.990243058387271446e+00 9.967569110823697898e+00 9.945844743028050772e+00 9.926146427514678905e+00 9.900687834273464105e+00 9.852749247998781712e+00 9.885255581411582781e+00 9.898048249633076168e+00 9.903156410001825449e+00 1.000000000000000020e+30
1.000000000000000020e+30 1.000000000000000020e+30 1.000000000000000020e+30 1.000000000000000020e+30 1.000000000000000020e+30 1.000000000000000020e+30 1.000000000000000020e+30 9.842237789825691863e+00 9.837855824922325354e+00 9.833067287030937464e+00 9.831068429811169906e+00 9.842946675104451870e+00 9.871523996944484125e+00 9.896895704601654131e+00 9.915040704480549749e+00 9.939137647553279109e+00 9.967774552774175234e+00 9.990502144750257330e+00 1.001222077463537552e+01 1.003382783097596231e+01 1.005478909174950353e+01 1.007459713729487838e+01 1.009287282660476315e+01 1.010938904226040869e+01 1.012404287171515449e+01 1.013680631472558602e+01 1.014768486951477477e+01 1.015669272722267458e+01 1.016384145887312052e+01 1.016913648692261418e+01 1.017257675185194721e+01 1.017415504876405841e+01 1.017385830821701198e+01 1.017166818512142967e+01 1.016756258445436245e+01 1.016151830548414736e+01 1.015351409585946385e+01 1.014353241413647311e+01 1.013155749719935450e+01 1.011756774866177011e+01 1.010152366483023023e+01 1.008336070995891731e+01 1.006301205905383256e+01 1.004050775730705070e+01 1.001620495446793235e+01 9.991241736990737365e+00 9.969902572737209923e+00 9.947808339316072335e+00 9.922309358885073038e+00 9.899616417640903165e+00 9.890346028511249443e+00 9.881332979001154371e+00 9.863055199188103472e+00 9.891040253115061631e+00 9.906079858275221639e+00 9.912656614401324617e+00 1.000000000000000020e+30
1.000000000000000020e+30 1.000000000000000020e+30 1.000000000000000020e+30 1.000000000000000020e+30 1.000000000000000020e+30 1.000000000000000020e+30 9.838999753912093027e+00 9.841615822704836702e+00 9.843018384847072255e+00 9.844909356389180743e+00 9.849752362308031195e+00 9.861208417186027475e+00 9.879184476249037061e+00 9.897304699218992141e+00 9.912631273265271048e+00 9.925949411305222014e+00 9.931804060872881479e+00 9.949890503586289014e+00 9.971190624511002909e+00 9.994517809318072210e+00 1.001743855611931622e+01 1.003907352637288675e+01 1.005887308930963897e+01 1.007658364735093492e+01 1.009215494949737391e+01 1.010562780179746412e+01 1.011706263476039780e+01 1.012650873246078298e+01 1.013399695231037256e+01 1.013954218588596135e+01 1.014314740983824059e+01 1.014480597896291592e+01 1.014450207390966163e+01 1.014221093524011152e+01 1.013790074378014161e+01 1.013153702057380556e+01 1.012308868257272820e+01 1.011253285531159385e+01 1.009985326817081841e+01 1.008502528413066912e+01 1.006798222355127770e+01 1.004856699816464705e+01 1.002649904675542381e+01 1.000144582117072467e+01 9.973271144605494243e+00 9.941119518960423562e+00 9.924265854988512103e+00 9.904532364443991099e+00 9.869966670442382295e+00 9.835661161625692372e+00 9.849966308514577662e+00 9.866903685505217680e+00 9.886169582398524724e+00 9.905434989694942516e+00 9.918250566181621153e+00 9.924415565637163539e+00 1.000000000000000020e+30
1.000000000000000020e+30 1.000000000000000020e+30 1.000000000000000020e+30 1.000000000000000020e+30 1.000000000000000020e+30 9.824378590405684619e+00 9.831277118079480459e+00 9.837151390367246506e+00 9.842687973333637430e+00 9.848853246666596561e+00 9.856929678771678027e+00 9.868115536923959041e+00 9.881931204890033626e+00 9.895803212673497384e+00 9.907589595021361717e+00 9.915644584191346311e+00 9.916052030720347688e+00 9.901606461023316541e+00 9.923742283830993216e+00 9.951291164782020360e+00 9.977115223585348858e+00 1.000118647391641602e+01 1.002281804113838781e+01 1.004182245940335250e+01 1.005831431933975750e+01 1.007247457275883562e+01 1.008444932597172361e+01 1.009433020818967286e+01 1.010216489638213844e+01 1.010797372493491864e+01 1.011176147314423091e+01 1.011352170504028258e+01 1.011323575333824287e+01 1.011087073999349784e+01 1.010638094016181299e+01 1.009971480450061598e+01 1.009082691604258386e+01 1.007969102184925170e+01 1.006630568587116770e+01 1.005067726266866046e+01 1.003276054169104015e+01 1.001233906115197136e+01 9.988846848758967667e+00 9.961339636996289215e+00 9.930101443591050625e+00 9.911879162513935526e+00 9.913686132862371991e+00 9.906925907261255659e+00 9.893279785865612297e+00 9.880974091948546700e+00 9.881289821025008635e+00 9.878423342921243133e+00 9.904934843532247513e+00 9.921952428006754587e+00 9.932755047759767919e+00 9.938028619459377211e+00 1.000000000000000020e+30
1.000000000000000020e+30 1.000000000000000020e+30 1.000000000000000020e+30 1.000000000000000020e+30 1.000000000000000020e+30 9.812282312504086335e+00 9.819423279040185193e+00 9.827915659449320884e+00 9.836676554345540779e+00 9.845884698208458019e+00 9.856051184919772723e+00 9.867505415455596562e+00 9.879796848131785936e+00 9.891625850478245496e+00 9.901579189784033730e+00 9.908344706147257597e+00 9.910559410848653883e+00 9.908550206107063829e+00 9.911861977291820835e+00 9.905370884616980121e+00 9.934195682536877570e+00 9.961453201951723457e+00 9.985161398843317215e+00 1.000539610883397934e+01 1.002267277531342948e+01 1.003741383149440303e+01 1.004987071051354874e+01 1.006016689452664004e+01 1.006835028414469768e+01 1.007443490468456382e+01 1.007842306870818661e+01 1.008030967507460218e+01 1.008007533831385594e+01 1.007767789022912019e+01 1.007305091558799681e+01 1.006611412529706584e+01 1.005679507759514557e+01 1.004505887762332073e+01 1.003093636471165162e+01 1.001452462411092803e+01 9.995919858905589095e+00 9.975024507159849563e+00 9.951015560653328151e+00 9.920729129901966203e+00 9.869633260234216721e+00 9.893937612596591435e+00 9.907352357755843997e+00 9.911876401555559823e+00 9.910910545844675568e+00 9.909311685161311445e+00 9.911437276268012297e+00 9.916049823423424669e+00 9.928859609304101497e+00 9.940370996660544023e+00 9.948483651611109480e+00 9.952615906991242767e+00 1.000000000000000020e+30
1.000000000000000020e+30 1.000000000000000020e+30 1.000000000000000020e+30 1.000000000000000020e+30 9.770390798844973190e+00 9.787809833167479212e+00 9.801012932738913719e+00 9.813247780155949229e+00 9.825107653374001160e+00 9.836897762604618123e+00 9.848879649832257499e+00 9.861111857062216046e+00 9.873240159274562444e+00 9.884501344179486892e+00 9.893994480542803061e+00 9.900891039304566377e+00 9.904638537380535013e+00 9.905567975758586385e+00 9.905229246354943839e+00 9.899795006479770620e+00 9.888400164189306452e+00 9.920893464302229958e+00 9.946662269353964803e+00 9.967664735053769931e+00 9.985350116022049249e+00 1.000046092924894303e+01 1.001331107622611682e+01 1.002400355108617269e+01 1.003254481910401630e+01 1.003892048493156430e+01 1.004312618256519762e+01 1.004516514549467665e+01 1.004502593790149056e+01 1.004265877543455865e+01 1.003796643245022935e+01 1.003081846367491536e+01 1.002108606896523213e+01 1.000869795461974121e+01 9.993717198238694976e+00 9.976399186500133354e+00 9.957174685129821512e+00 9.936596619323580626e+00 9.915199735503188450e+00 9.896625151756232697e+00 9.879138738266506792e+00 9.882534524616787053e+00 9.905570433166566602e+00 9.917982907434511830e+00 9.924840953339431948e+00 9.929591198446198419e+00 9.934766702477094924e+00 9.941152531903048484e+00 9.949772723104214123e+00 9.957892740961264977e+00 9.963903696054844161e+00 9.967051322846494088e+00 1.000000000000000020e+30
1.000000000000000020e+30 1.000000000000000020e+30 1.000000000000000020e+30 1.000000000000000020e+30 9.747635129053257685e+00 9.762256910687757028e+00 9.778310127496400384e+00 9.793741070786857961e+00 9.808438420768752053e+00 9.822598428277810712e+00 9.836391227042879493e+00 9.849813980781839007e+00 9.862602950750162023e+00 9.874258478933855443e+00 9.884180335170661635e+00 9.891818590587329041e+00 9.896822742216260238e+00 9.899191966227860462e+00 9.899078123025311982e+00 9.895606480556462969e+00 9.889137966435910698e+00 9.882590051520688590e+00 9.908524381273762671e+00 9.928899712988947357e+00 9.946298668939990151e+00 9.961506465452540482e+00 9.974682195137363649e+00 9.985794055314830331e+00 9.994731409222948670e+00 1.000142064224819194e+01 1.000585325857211139e+01 1.000806325704718702e+01 1.000807102885551103e+01 1.000582849449817147e+01 1.000119365623321777e+01 9.993951352661277099e+00 9.983860934183365288e+00 9.970738302711989576e+00 9.954621395538518769e+00 9.935941396629312194e+00 9.915517138817888210e+00 9.894692132190128220e+00 9.872234062113736996e+00 9.867079095671808631e+00 9.863384333054758812e+00 9.889299644968238212e+00 9.910058791897537134e+00 9.925306841409422987e+00 9.936552225248943770e+00 9.945126780151895218e+00 9.952575959724811128e+00 9.959720838807024634e+00 9.966898547758257010e+00 9.973247650580008283e+00 9.977916191855133121e+00 9.980367628930009616e+00 1.000000000000000020e+30
1.000000000000000020e+30 1.000000000000000020e+30 1.000000000000000020e+30 9.669215208153804753e+00 9.704891367035719085e+00 9.729929129137167010e+00 9.750916554271720216e+00 9.769697737801552151e+00 9.787077251633123254e+00 9.803484393258946383e+00 9.819144154006918868e+00 9.834078382477230207e+00 9.848087272077776788e+00 9.860797949436927112e+00 9.871758705726149330e+00 9.880547880355882384e+00 9.886865710938256058e+00 9.890575867373655683e+00 9.891610709486210240e+00 9.889784396237990549e+00 9.885362064228386814e+00 9.879181754036753915e+00 9.871449829696562261e+00 9.888670810285539403e+00 9.905045833525662147e+00 9.920233605370398777e+00 9.933802854855702691e+00 9.945475045003865588e+00 9.954906591286185602e+00 9.961936677274394469e+00 9.966575499749572131e+00 9.968944144443858235e+00 9.969149937735968692e+00 9.967172203159805122e+00 9.962803666878638609e+00 9.955697047433611502e+00 9.945418130960067771e+00 9.931504966176465388e+00 9.913799812199826533e+00 9.892916117724993796e+00 9.869923987323966585e+00 9.850056601802256395e+00 9.847710362810280671e+00 9.864325126377533337e+00 9.877486021419009887e+00 9.896839025881821073e+00 9.915702404940677894e+00 9.932297515092399109e+00 9.946614690332927111e+00 9.957482208700943360e+00 9.966397401050908655e+00 9.973977640933878064e+00 9.980585916744010078e+00 9.986026659436669561e+00 9.989893523672041198e+00 9.991886666837748621e+00 1.000000000000000020e+30
1.000000000000000020e+30 1.000000000000000020e+30 1.000000000000000020e+30 9.647582234636001175e+00 9.667378004659374469e+00 9.696264520025129841e+00 9.720374785382581706e+00 9.741732331803600431e+00 9.761402887908793957e+00 9.779876889193170442e+00 9.797432849998376270e+00 9.814133730664966748e+00 9.829793577221462186e+00 9.844070727842394675e+00 9.856551883681062165e+00 9.866850671318838195e+00 9.874675511620035095e+00 9.879848445878486984e+00 9.882268380493410831e+00 9.881868084923356221e+00 9.878694400779087559e+00 9.872709949606207402e+00 9.862858622776048634e+00 9.844755546543087377e+00 9.860495195304704197e+00 9.876137858156305072e+00 9.890416905653065527e+00 9.903024481672828117e+00 9.913136343265826156e+00 9.920516628613086141e+00 9.925254630473625994e+00 9.927683478860704014e+00 9.928112021422029088e+00 9.926605860653026525e+00 9.922846069908704436e+00 9.916300360235538847e+00 9.906281945645284637e+00 9.891719302582032469e+00 9.871792800753443231e+00 9.847614536406444685e+00 9.816800053724413999e+00 9.783474086504019951e+00 9.832081450920444610e+00 9.860607883150624531e+00 9.880994859604022906e+00 9.900490695522456974e+00 9.919260663807422773e+00 9.937234772446652542e+00 9.955816537520817633e+00 9.967497656822990493e+00 9.977278069515868708e+00 9.984946185395092044e+00 9.991192689585185249e+00 9.996141727547273703e+00 9.999510337335756560e+00 1.000116743736206004e+01 1.000000000000000020e+30
1.000000000000000020e+30 1.000000000000000020e+30 1.000000000000000020e+30 9.618736282995499209e+00 9.634686568764672998e+00 9.661951674164823700e+00 9.687187943421422531e+00 9.710082457902153408e+00 9.731587877166493428e+00 9.751891553111336819e+00 9.771328795891713881e+00 9.790034998386182963e+00 9.807743433600753846e+00 9.824058341116383986e+00 9.838505114284604502e+00 9.850663694577169949e+00 9.860230804069457733e+00 9.867022602872408399e+00 9.870946609279053874e+00 9.871973078594205475e+00 9.870127913211696580e+00 9.865432048013241584e+00 9.857874969939967258e+00 9.848257651983320926e+00 9.843682798840083237e+00 9.828870339996623073e+00 9.844207563302115105e+00 9.858607987255968652e+00 9.869662712011997741e+00 9.877324406151505087e+00 9.881843391234696128e+00 9.884033508153393655e+00 9.884624538073152777e+00 9.883910001847015181e+00 9.881288278374110945e+00 9.875983260964265043e+00 9.867285791547248053e+00 9.852877585124248938e+00 9.829597520287238765e+00 9.804489548660736631e+00 9.761707045549620432e+00 1.000000000000000020e+30 1.000000000000000020e+30 1.000000000000000020e+30 1.000000000000000020e+30 1.000000000000000020e+30 1.000000000000000020e+30 1.000000000000000020e+30 9.967616915573731973e+00 9.975131522656784711e+00 9.986007917270786294e+00 9.993092025004216339e+00 9.998865508950309788e+00 1.000361613929220717e+01 1.000662108958215057e+01 1.000788923371426087e+01 1.000000000000000020e+30
1.000000000000000020e+30 1.000000000000000020e+30 9.564028390926935685e+00 9.584574402559290718e+00 9.602385471923312821e+00 9.624211459859489892e+00 9.650908463397430026e+00 9.674409152453126381e+00 9.697591892543117709e+00 9.719427680685889470e+00 9.740654948101880706e+00 9.761682231911033014e+00 9.781887734298429393e+00 9.800770355295970404e+00 9.817659759255434437e+00 9.832038928838017000e+00 9.843589133808992031e+00 9.852147624349788302e+00 9.857658068098178461e+00 9.860134317204670040e+00 9.859641086005819233e+00 9.856283217578317490e+00 9.850252128515542438e+00 9.842044760641375234e+00 9.832462867527212325e+00 9.817151594022794470e+00 9.794347322758161667e+00 9.812985647018210855e+00 9.825058721680028029e+00 9.832773479054740307e+00 9.836275539304109472e+00 9.837508172438669263e+00 9.837975000141327087e+00 9.838656808713004409e+00 9.837948526125767756e+00 9.834588722521356630e+00 9.829522040621109014e+00 9.818414225759500624e+00 9.814876249521601537e+00 9.802992113214825665e+00 9.784629063000144455e+00 1.000000000000000020e+30 1.000000000000000020e+30 1.000000000000000020e+30 1.000000000000000020e+30 1.000000000000000020e+30 1.000000000000000020e+30 1.000000000000000020e+30 1.000000000000000020e+30 1.000000000000000020e+30 9.994278991186732242e+00 9.998313161259318349e+00 1.000334080223571931e+01 1.000862911101798858e+01 1.001126464027466945e+01 1.001167524310001333e+01 1.000000000000000020e+30
1.000000000000000020e+30 1.000000000000000020e+30 9.550420927876995592e+00 9.561473403863345766e+00 9.575594605555128425e+00 9.592597944553251210e+00 9.612361104989664895e+00 9.633609123781251782e+00 9.659523300188913808e+00 9.682186109224630854e+00 9.704834262346555107e+00 9.728848587011587057e+00 9.752100462102841760e+00 9.774272577524021344e+00 9.794175513200420014e+00 9.811149456373996713e+00 9.824901418962429744e+00 9.835338071275707250e+00 9.842474226124798165e+00 9.846385499593138135e+00 9.847185157308219416e+00 9.845014713671861983e+00 9.840048101059283070e+00 9.832478774419739054e+00 9.822269588627753123e+00 9.808238747957894077e+00 9.790135736886153239e+00 9.769286947868909721e+00 9.780201158338259759e+00 9.787847328152851745e+00 9.788406276189490995e+00 9.787190033720801097e+00 9.786560274786943125e+00 9.790249123300723610e+00 9.792717529361258499e+00 9.790356006737734873e+00 9.793250977598964013e+00 9.801240497288404185e+00 9.803947802824808377e+00 9.803416705084302407e+00 1.000000000000000020e+30 1.000000000000000020e+30 1.000000000000000020e+30 1.000000000000000020e+30 1.000000000000000020e+30 1.000000000000000020e+30 1.000000000000000020e+30 1.000000000000000020e+30 1.000000000000000020e+30 1.000000000000000020e+30 1.000000000000000020e+30 1.000000000000000020e+30 1.000000000000000020e+30 1.001231948196446453e+01 1.001393634836426294e+01 1.000000000000000020e+30 1.000000000000000020e+30
1.000000000000000020e+30 9.520365489137292414e+00 9.531775565125242267e+00 9.542065795672622031e+00 9.553637064379843835e+00 9.567091464601510609e+00 9.582526652074546902e+00 9.599773161798546894e+00 9.619258323019222345e+00 9.639540229826421225e+00 9.662262429370402472e+00 9.691430945634953886e+00 9.718089001710676911e+00 9.744786192487039145e+00 9.768411908969538260e+00 9.788325851468956174e+00 9.804426834303045624e+00 9.816781105735367774e+00 9.825520525885876211e+00 9.830804245714789502e+00 9.832802313977092368e+00 9.831687824097093298e+00 9.827629515335829069e+00 9.820767141299571179e+00 9.811138207709712233e+00 9.798656840167494053e+00 9.783939015133823247e+00 9.769263719860676431e+00 9.760782155318983300e+00 9.745335177926207848e+00 9.737656132823513389e+00 9.731642676324804953e+00 9.726194211959898084e+00 9.738438702928160495e+00 9.747697848223603856e+00 9.763794091598592573e+00 9.775013989249764279e+00 9.784753302683094844e+00 9.791672048715255983e+00 9.798731849921150427e+00 1.000000000000000020e+30 1.000000000000000020e+30 1.000000000000000020e+30 1.000000000000000020e+30 1.000000000000000020e+30 1.000000000000000020e+30 1.000000000000000020e+30 1.000000000000000020e+30 1.000000000000000020e+30 1.000000000000000020e+30 1.000000000000000020e+30 1.000000000000000020e+30 1.000000000000000020e+30 1.000000000000000020e+30 1.000000000000000020e+30 1.000000000000000020e+30 1.000000000000000020e+30
1.000000000000000020e+30 9.512923343289330091e+00 9.518995621459486856e+00 9.526822327705364302e+00 9.536032433652218643e+00 9.546748289571416635e+00 9.559068288401483926e+00 9.573052182194164317e+00 9.588870134022057456e+00 9.606504794022496796e+00 9.626838657920380626e+00 9.651140437634904146e+00 9.678691091011559777e+00 9.713063699621148572e+00 9.741096393488215099e+00 9.764099423113762555e+00 9.782534110432084873e+00 9.796726823332210898e+00 9.806963079448793863e+00 9.813500277123461402e+00 9.816571700313495796e+00 9.816388310112957427e+00 9.813137487643027512e+00 9.806978058325398706e+00 9.798042970371797722e+00 9.786516608881086654e+00 9.772920508393351469e+00 9.758278827010519407e+00 9.743573385233366579e+00 9.725560119541576398e+00 9.704533495159465062e+00 9.670802770804364457e+00 9.643416719950254290e+00 9.684913137084006252e+00 9.715857262756825818e+00 9.737445588442289690e+00 9.753613257516413171e+00 9.766461044181587781e+00 9.774642800738476467e+00 1.000000000000000020e+30 1.000000000000000020e+30 1.000000000000000020e+30 1.000000000000000020e+30 1.000000000000000020e+30 1.000000000000000020e+30 1.000000000000000020e+30 1.000000000000000020e+30 1.000000000000000020e+30 1.000000000000000020e+30 1.000000000000000020e+30 1.000000000000000020e+30 1.000000000000000020e+30 1.000000000000000020e+30 1.000000000000000020e+30 1.000000000000000020e+30 1.000000000000000020e+30 1.000000000000000020e+30
9.496882654566286774e+00 9.502866706725617618e+00 9.508334085505296684e+00 9.514602768158955115e+00 9.521962354727230959e+00 9.530567507397909921e+00 9.540548219379541450e+00 9.552049358976303139e+00 9.565292290426791411e+00 9.580595823348300399e+00 9.598653389862937146e+00 9.620454655981134806e+00 9.647190967639375003e+00 9.682328767688730409e+00 9.713495703813938675e+00 9.739169031272021826e+00 9.759658248932984392e+00 9.775454305911965847e+00 9.786981745682426848e+00 9.794590256947858009e+00 9.798572888191134922e+00 9.799178380397862043e+00 9.796616763079899926e+00 9.791062628407166457e+00 9.782666716527776529e+00 9.771597902352761267e+00 9.758118240612107641e+00 9.742542822563018845e+00 9.724868699650336623e+00 9.703999986807122724e+00 9.679317421047880288e+00 9.649501399648475086e+00 9.618978860267072051e+00 9.657685086844864486e+00 9.688640096695518622e+00 9.711817454032878771e+00 9.730856113025286191e+00 9.747938435998321438e+00 9.761494930853926277e+00 1.000000000000000020e+30 1.000000000000000020e+30 1.000000000000000020e+30 1.000000000000000020e+30 1.000000000000000020e+30 1.000000000000000020e+30 1.000000000000000020e+30 1.000000000000000020e+30 1.000000000000000020e+30 1.000000000000000020e+30 1.000000000000000020e+30 1.000000000000000020e+30 1.000000000000000020e+30 1.000000000000000020e+30 1.000000000000000020e+30 1.000000000000000020e+30 1.000000000000000020e+30 1.000000000000000020e+30
9.493252723107810098e+00 9.496093289489108358e+00 9.500013850758636025e+00 9.504871884621168832e+00 9.510727492425868235e+00 9.517678445052576208e+00 9.525855077899423762e+00 9.535436484624598918e+00 9.546688225895007207e+00 9.560009076234848635e+00 9.576027180831761854e+00 9.595613334688669838e+00 9.619875554689221175e+00 9.650172048875843345e+00 9.686026760274138780e+00 9.714097582795526264e+00 9.736193314829238332e+00 9.753215710656000681e+00 9.765734917601312404e+00 9.774172498644064788e+00 9.778866941929599932e+00 9.780097601047641476e+00 9.778092709531378546e+00 9.773030278187766484e+00 9.765036466733002740e+00 9.754189534453113097e+00 9.740532458061597509e+00 9.724042787537582555e+00 9.704508038013445415e+00 9.681410120901785987e+00 9.654392523101764212e+00 9.624057514960005832e+00 9.598935980370768561e+00 9.633397234503313200e+00 9.664433062155756815e+00 9.685594642176193148e+00 9.703460035842061515e+00 9.720356250517648178e+00 9.745268319640260302e+00 1.000000000000000020e+30 1.000000000000000020e+30 1.000000000000000020e+30 1.000000000000000020e+30 1.000000000000000020e+30 1.000000000000000020e+30 1.000000000000000020e+30 1.000000000000000020e+30 1.000000000000000020e+30 1.000000000000000020e+30 1.000000000000000020e+30 1.000000000000000020e+30 1.000000000000000020e+30 1.000000000000000020e+30 1.000000000000000020e+30 1.000000000000000020e+30 1.000000000000000020e+30 1.000000000000000020e+30
9.488885232827074745e+00 9.490539099144552182e+00 9.493326423517030932e+00 9.497055041856178548e+00 9.501709621557502317e+00 9.507352107990998391e+00 9.514105196328939584e+00 9.522157387878344537e+00 9.531788401490089768e+00 9.543406787311633721e+00 9.557603443371370133e+00 9.575192893184667042e+00 9.597260588070248843e+00 9.625232554862844125e+00 9.660937123618870359e+00 9.689627555739139808e+00 9.712466163171205480e+00 9.730189040903262310e+00 9.743326848699130238e+00 9.752305126998646045e+00 9.757481639458880807e+00 9.759156539489385551e+00 9.757573996954066686e+00 9.752916152510090697e+00 9.745280132779713611e+00 9.734640807807819485e+00 9.720852335019030122e+00 9.703679553905374178e+00 9.682816119814559030e+00 9.657854204015341892e+00 9.627902021191756532e+00 9.588513422692697574e+00 9.603288949109950678e+00 9.624775126108525924e+00 9.645304040024736736e+00 9.661799801488507811e+00 9.674375691533276367e+00 9.683821834028121245e+00 1.000000000000000020e+30 1.000000000000000020e+30 1.000000000000000020e+30 1.000000000000000020e+30 1.000000000000000020e+30 1.000000000000000020e+30 1.000000000000000020e+30 1.000000000000000020e+30 1.000000000000000020e+30 1.000000000000000020e+30 1.000000000000000020e+30 1.000000000000000020e+30 1.000000000000000020e+30 1.000000000000000020e+30 1.000000000000000020e+30 1.000000000000000020e+30 1.000000000000000020e+30 1.000000000000000020e+30 1.000000000000000020e+30
9.484663833649420894e+00 9.485766207118178528e+00 9.487806279068369264e+00 9.490685441892168228e+00 9.494397138155683535e+00 9.498996722916233537e+00 9.504601963480217464e+00 9.511398762068374424e+00 9.519660933762189359e+00 9.529779782191175386e+00 9.542306249120525052e+00 9.558004943540556297e+00 9.577940635408886294e+00 9.603641183041121465e+00 9.637418911070204430e+00 9.665591950764655493e+00 9.688470714730501143e+00 9.706404199236143171e+00 9.719781224057655322e+00 9.728991499437867674e+00 9.734399510261317445e+00 9.736322584364639710e+00 9.735025314016287012e+00 9.730715880560120823e+00 9.723498989723136532e+00 9.713244298842804270e+00 9.699585712831556350e+00 9.682057287850261318e+00 9.660289062696055140e+00 9.634365515281206882e+00 9.605928218506862848e+00 9.581155379850423870e+00 9.596041012219545863e+00 9.612260238369314536e+00 9.628585059616757036e+00 9.641996009946051771e+00 9.651326388145353263e+00 9.657020373089643783e+00 1.000000000000000020e+30 1.000000000000000020e+30 1.000000000000000020e+30 1.000000000000000020e+30 1.000000000000000020e+30 1.000000000000000020e+30 1.000000000000000020e+30 1.000000000000000020e+30 1.000000000000000020e+30 1.000000000000000020e+30 1.000000000000000020e+30 1.000000000000000020e+30 1.000000000000000020e+30 1.000000000000000020e+30 1.000000000000000020e+30 1.000000000000000020e+30 1.000000000000000020e+30 1.000000000000000020e+30 1.000000000000000020e+30
9.480846419141293779e+00 9.481639016660043495e+00 9.483173325862878755e+00 9.485416543413661472e+00 9.488386431535234422e+00 9.492143338515008466e+00 9.496801808835758862e+00 9.502538545726975983e+00 9.509608973017849465e+00 9.518370283569606016e+00 9.529315270107773017e+00 9.543122287356778699e+00 9.560742469846827518e+00 9.583586162319731372e+00 9.614030065908343303e+00 9.641395581594924380e+00 9.663994248819697930e+00 9.681786588246460212e+00 9.695056669106298486e+00 9.704182085871472907e+00 9.709553493218120224e+00 9.711508800348452652e+00 9.710334963861560809e+00 9.706312056445749903e+00 9.699683199044313753e+00 9.690213135726326144e+00 9.677179406870347833e+00 9.659689316816397309e+00 9.636950580620272433e+00 9.608436783512532386e+00 9.575343632644218062e+00 9.573125330728204929e+00 9.582564715678275391e+00 9.597128488390966439e+00 9.612846707656805378e+00 9.625756028973443179e+00 9.635386341065487414e+00 9.646134623249828621e+00 1.000000000000000020e+30 1.000000000000000020e+30 1.000000000000000020e+30 1.000000000000000020e+30 1.000000000000000020e+30 1.000000000000000020e+30 1.000000000000000020e+30 1.000000000000000020e+30 1.000000000000000020e+30 1.000000000000000020e+30 1.000000000000000020e+30 1.000000000000000020e+30 1.000000000000000020e+30 1.000000000000000020e+30 1.000000000000000020e+30 1.000000000000000020e+30 1.000000000000000020e+30 1.000000000000000020e+30 1.000000000000000020e+30
9.477476862082575337e+00 9.478066444201425966e+00 9.479236217115156293e+00 9.480989500361399536e+00 9.483363444314520052e+00 9.486424207211230808e+00 9.490282358870432589e+00 9.495101390830798849e+00 9.501111127460651673e+00 9.508623813511876577e+00 9.518056070750613884e+00 9.529957123714970280e+00 9.545040314818734828e+00 9.564185139406879088e+00 9.588218825412498703e+00 9.616481057572981328e+00 9.638863259428102737e+00 9.656263547187421636e+00 9.669089599414361302e+00 9.677785281327171418e+00 9.682830689435389715e+00 9.684580175196854768e+00 9.683297093998453065e+00 9.679362156292816266e+00 9.673597565179106184e+00 9.665671471800878933e+00 9.654187655264044210e+00 9.637555512630934018e+00 9.614394090269554383e+00 9.582108115072456300e+00 9.535228618909917131e+00 9.547867554729982942e+00 9.560536756952977555e+00 9.577267785759191909e+00 9.596854486442536469e+00 9.611311134216940388e+00 9.619260108520295560e+00 1.000000000000000020e+30 1.000000000000000020e+30 1.000000000000000020e+30 1.000000000000000020e+30 1.000000000000000020e+30 1.000000000000000020e+30 1.000000000000000020e+30 1.000000000000000020e+30 1.000000000000000020e+30 1.000000000000000020e+30 1.000000000000000020e+30 1.000000000000000020e+30 1.000000000000000020e+30 1.000000000000000020e+30 1.000000000000000020e+30 1.000000000000000020e+30 1.000000000000000020e+30 1.000000000000000020e+30 1.000000000000000020e+30 1.000000000000000020e+30
9.474523430520381595e+00 9.474961429118884837e+00 9.475846977713272778e+00 9.477203723113744260e+00 9.479081428794920328e+00 9.481549530617908061e+00 9.484713073164542152e+00 9.488720602367941126e+00 9.493774396739292243e+00 9.500139810171448929e+00 9.508155959567774929e+00 9.518247197505472101e+00 9.530933469778050338e+00 9.546840022262502501e+00 9.566735887463527988e+00 9.591940515609321594e+00 9.613227890250925611e+00 9.629857245752999617e+00 9.641832567491539052e+00 9.649661955213325371e+00 9.654074419489697689e+00 9.655403569066708158e+00 9.653678650760031843e+00 9.649055482337484335e+00 9.644530393925403899e+00 9.639584719896463483e+00 9.631277742462350133e+00 9.616851085186018722e+00 9.595694914622425742e+00 9.564480634357154898e+00 9.516479967767757842e+00 9.519182795873682323e+00 9.531053539415966114e+00 9.551176477354324845e+00 9.582143216991660495e+00 9.600547050963971429e+00 9.609619224843592988e+00 1.000000000000000020e+30 1.000000000000000020e+30 1.000000000000000020e+30 1.000000000000000020e+30 1.000000000000000020e+30 1.000000000000000020e+30 1.000000000000000020e+30 1.000000000000000020e+30 1.000000000000000020e+30 1.000000000000000020e+30 1.000000000000000020e+30 1.000000000000000020e+30 1.000000000000000020e+30 1.000000000000000020e+30 1.000000000000000020e+30 1.000000000000000020e+30 1.000000000000000020e+30 1.000000000000000020e+30 1.000000000000000020e+30 1.000000000000000020e+30
9.471932313510059487e+00 9.472240943946042435e+00 9.472883011854889901e+00 9.473897217333503207e+00 9.475341611083369031e+00 9.477286130260592856e+00 9.479829010683262780e+00 9.483104321402468173e+00 9.487289779315647209e+00 9.492610081350727924e+00 9.499337140450908379e+00 9.507787448916328543e+00 9.518311797789383633e+00 9.531283490678905679e+00 9.547058407224680465e+00 9.565798804773045561e+00 9.586748096767806260e+00 9.602627060143749560e+00 9.613277108477392474e+00 9.619552050009026800e+00 9.623043831572859474e+00 9.623651220081010038e+00 9.620841392897077071e+00 9.612316714821428576e+00 9.609491600740074801e+00 9.610592504473451925e+00 9.608368542584326377e+00 9.599162093904020310e+00 9.583242626191744051e+00 9.559634031953750721e+00 9.525979761931928635e+00 9.521508688019862277e+00 9.538213069409556155e+00 9.547315881133451754e+00 9.576721041855066119e+00 9.595852080453125765e+00 9.606648856536216030e+00 9.610880197871113140e+00 1.000000000000000020e+30 1.000000000000000020e+30 1.000000000000000020e+30 1.000000000000000020e+30 1.000000000000000020e+30 1.000000000000000020e+30 1.000000000000000020e+30 1.000000000000000020e+30 1.000000000000000020e+30 1.000000000000000020e+30 1.000000000000000020e+30 1.000000000000000020e+30 1.000000000000000020e+30 1.000000000000000020e+30 1.000000000000000020e+30 1.000000000000000020e+30 1.000000000000000020e+30 1.000000000000000020e+30 1.000000000000000020e+30
9.469653453978777335e+00 9.469830996606775741e+00 9.470238937986076522e+00 9.470933362374509557e+00 9.471977801145989417e+00 9.473439558511959291e+00 9.475408690439019566e+00 9.478006726128901605e+00 9.481394207629405102e+00 9.485769168078418190e+00 9.491356282987149839e+00 9.498394706467315984e+00 9.507100577491852889e+00 9.517659308047447198e+00 9.530213642869080459e+00 9.544505989401489643e+00 9.559829394739457697e+00 9.575136774298696807e+00 9.582230769865967446e+00 9.584570603186101323e+00 9.586490498546666572e+00 9.588699872038585426e+00 9.586533583876514442e+00 9.561415949222229926e+00 9.562860015173201944e+00 9.578820299819348350e+00 9.587483923067509295e+00 9.584206089916811777e+00 9.575344913993998119e+00 9.562301500273433064e+00 9.548721851330318700e+00 9.545385989231693458e+00 9.549788144191582617e+00 9.553108059368684124e+00 9.579286975563734430e+00 9.597108935433293908e+00 9.607886194482878395e+00 9.612781777270926753e+00 1.000000000000000020e+30 1.000000000000000020e+30 1.000000000000000020e+30 1.000000000000000020e+30 1.000000000000000020e+30 1.000000000000000020e+30 1.000000000000000020e+30 1.000000000000000020e+30 1.000000000000000020e+30 1.000000000000000020e+30 1.000000000000000020e+30 1.000000000000000020e+30 1.000000000000000020e+30 1.000000000000000020e+30 1.000000000000000020e+30 1.000000000000000020e+30 1.000000000000000020e+30 1.000000000000000020e+30 1.000000000000000020e+30
9.467661285955356831e+00 9.467669315041558065e+00 9.467819605966690588e+00 9.468190364725861841e+00 9.468844271338170415e+00 9.469840238136391974e+00 9.471257013970451055e+00 9.473204960549143294e+00 9.475838589698986070e+00 9.479352571002078065e+00 9.483950678627216746e+00 9.489847305959209223e+00 9.497145302439955472e+00 9.505866205762188770e+00 9.516306481845923315e+00 9.527821535817228238e+00 9.538954170428606716e+00 9.548359831705470313e+00 9.548323760749399369e+00 9.571475860289961446e+00 9.580016289796521534e+00 9.579984181547379407e+00 9.566527040450973018e+00 9.562752492647739189e+00 9.569310927673962297e+00 9.575483492937374663e+00 9.573606153509233607e+00 9.571033944211560396e+00 9.568876620546266309e+00 9.563340936565511541e+00 9.558896176072822826e+00 9.558555298378077936e+00 9.559777698868591855e+00 9.565689904652920461e+00 9.587834500899823809e+00 9.603070066595366328e+00 9.612685294401185132e+00 9.617275232906907334e+00 1.000000000000000020e+30 1.000000000000000020e+30 1.000000000000000020e+30 1.000000000000000020e+30 1.000000000000000020e+30 1.000000000000000020e+30 1.000000000000000020e+30 1.000000000000000020e+30 1.000000000000000020e+30 1.000000000000000020e+30 1.000000000000000020e+30 1.000000000000000020e+30 1.000000000000000020e+30 1.000000000000000020e+30 1.000000000000000020e+30 1.000000000000000020e+30 1.000000000000000020e+30 1.000000000000000020e+30 1.000000000000000020e+30
9.465989806468849466e+00 9.465697528107552827e+00 9.465527752270972428e+00 9.465550706834683581e+00 9.465806277926338552e+00 9.466334223653561253e+00 9.467194930314818180e+00 9.468483137356548340e+00 9.470360745500801869e+00 9.473062286090486950e+00 9.476781810116520433e+00 9.481844398496917847e+00 9.488215492956516783e+00 9.495393374204860848e+00 9.504498622334804026e+00 9.515025293809058482e+00 9.526606086051593536e+00 9.537891946457575543e+00 9.552366703175071194e+00 9.568364763015560825e+00 9.577719948116646620e+00 9.580074104965451198e+00 9.575480757383882491e+00 9.573277711719578420e+00 9.575563876342940262e+00 9.577604554555231076e+00 9.575623605498471136e+00 9.570718660993581040e+00 9.561720837104557447e+00 9.560625024415092099e+00 9.562830244202727314e+00 9.567796863636203852e+00 9.574829870036669632e+00 9.587078369981137271e+00 9.600958510498848852e+00 9.612354216278740537e+00 9.620232742411740645e+00 9.624254693661507432e+00 1.000000000000000020e+30 1.000000000000000020e+30 1.000000000000000020e+30 1.000000000000000020e+30 1.000000000000000020e+30 1.000000000000000020e+30 1.000000000000000020e+30 1.000000000000000020e+30 1.000000000000000020e+30 1.000000000000000020e+30 1.000000000000000020e+30 1.000000000000000020e+30 1.000000000000000020e+30 1.000000000000000020e+30 1.000000000000000020e+30 1.000000000000000020e+30 1.000000000000000020e+30 1.000000000000000020e+30 1.000000000000000020e+30
9.464827127226485004e+00 9.463803996022473797e+00 9.463239193902129642e+00 9.462890601838591209e+00 9.462733431810569584e+00 9.462779387939745490e+00 9.463059847667716795e+00 9.463627651753348857e+00 9.464657614652219664e+00 9.466551707597679055e+00 9.468962668984570286e+00 9.473168801588572663e+00 9.479093757306818802e+00 9.486560596841380644e+00 9.496317052120028634e+00 9.507630027095597569e+00 9.524616051022189112e+00 9.539196437706324971e+00 9.554980274169057708e+00 9.568966568207187606e+00 9.580680916504402234e+00 9.589393822150805491e+00 9.589484009647648577e+00 9.588624061359992012e+00 9.588521740393330717e+00 9.585243106630647603e+00 9.582405856927158183e+00 9.578699577143318322e+00 9.576959475893264795e+00 9.574146217045873541e+00 9.579321160538238900e+00 9.587012201369057962e+00 9.595344491430680023e+00 9.604510802260810109e+00 9.614285901253206035e+00 9.622907956482217529e+00 9.629409632333963742e+00 9.633206314840718321e+00 1.000000000000000020e+30 1.000000000000000020e+30 1.000000000000000020e+30 1.000000000000000020e+30 1.000000000000000020e+30 1.000000000000000020e+30 1.000000000000000020e+30 1.000000000000000020e+30 1.000000000000000020e+30 1.000000000000000020e+30 1.000000000000000020e+30 1.000000000000000020e+30 1.000000000000000020e+30 1.000000000000000020e+30 1.000000000000000020e+30 1.000000000000000020e+30 1.000000000000000020e+30 1.000000000000000020e+30 1.000000000000000020e+30
1.000000000000000020e+30 9.461529292748911857e+00 9.460781071637416773e+00 9.460071970928169094e+00 9.459496216602857999e+00 9.459044226363385377e+00 9.458724450605455303e+00 9.458451128637079819e+00 9.458108987257245914e+00 9.458827178545229586e+00 9.460748672470634446e+00 9.464626904003653252e+00 9.471315895014226882e+00 9.480082444474662751e+00 9.496039481468821819e+00 9.510298272524893903e+00 9.523910270540262957e+00 9.561087656199653395e+00 9.566801361316647601e+00 9.573335437955753591e+00 1.000000000000000020e+30 9.601593623586298420e+00 9.601483348088903469e+00 9.601089908260677319e+00 9.600914760942826476e+00 1.000000000000000020e+30 1.000000000000000020e+30 1.000000000000000020e+30 9.596989940418485077e+00 9.594004403281600091e+00 9.595384844768105381e+00 9.604336446923637638e+00 9.611832330349031395e+00 9.619069673634845330e+00 9.626540566569195434e+00 9.633388564459869130e+00 9.639119832447976322e+00 9.643968750884944541e+00 9.650043709803899361e+00 1.000000000000000020e+30 1.000000000000000020e+30 1.000000000000000020e+30 1.000000000000000020e+30 1.000000000000000020e+30 1.000000000000000020e+30 1.000000000000000020e+30 1.000000000000000020e+30 1.000000000000000020e+30 1.000000000000000020e+30 1.000000000000000020e+30 1.000000000000000020e+30 1.000000000000000020e+30 1.000000000000000020e+30 1.000000000000000020e+30 1.000000000000000020e+30 1.000000000000000020e+30 1.000000000000000020e+30
1.000000000000000020e+30 9.459935516450343584e+00 9.458174105456750524e+00 9.456973768243889467e+00 9.455968982123362565e+00 9.454994085932437287e+00 9.454152930859073933e+00 9.452834056998257850e+00 9.451787193795118114e+00 9.450828137310219645e+00 9.450359432408069082e+00 9.453868225628323074e+00 9.470645394009824969e+00 9.483541865412908223e+00 9.519090037543904259e+00 9.522385829864926876e+00 9.528811695675770466e+00 1.000000000000000020e+30 1.000000000000000020e+30 1.000000000000000020e+30 1.000000000000000020e+30 1.000000000000000020e+30 1.000000000000000020e+30 1.000000000000000020e+30 1.000000000000000020e+30 1.000000000000000020e+30 1.000000000000000020e+30 1.000000000000000020e+30 9.609273597257415034e+00 9.609799247277166501e+00 9.615510094725864931e+00 9.619539150747069556e+00 9.625128530349094547e+00 9.631187622321045083e+00 9.637247853802543673e+00 9.642847425642067094e+00 9.647598556975362172e+00 9.651417101890865879e+00 9.654249012097293914e+00 1.000000000000000020e+30 1.000000000000000020e+30 1.000000000000000020e+30 1.000000000000000020e+30 1.000000000000000020e+30 1.000000000000000020e+30 1.000000000000000020e+30 1.000000000000000020e+30 1.000000000000000020e+30 1.000000000000000020e+30 1.000000000000000020e+30 1.000000000000000020e+30 1.000000000000000020e+30 1.000000000000000020e+30 1.000000000000000020e+30 1.000000000000000020e+30 1.000000000000000020e+30 1.000000000000000020e+30
1.000000000000000020e+30 1.000000000000000020e+30 9.454733312701055326e+00 9.453339148457480690e+00 9.452017796464280863e+00 9.450322313116547690e+00 9.449173482386834522e+00 9.447888280438121456e+00 9.446464702536673030e+00 9.442844110873506835e+00 9.453676560400140261e+00 9.459066323479044414e+00 1.000000000000000020e+30 1.000000000000000020e+30 1.000000000000000020e+30 1.000000000000000020e+30 1.000000000000000020e+30 1.000000000000000020e+30 1.000000000000000020e+30 1.000000000000000020e+30 1.000000000000000020e+30 1.000000000000000020e+30 1.000000000000000020e+30 1.000000000000000020e+30 1.000000000000000020e+30 1.000000000000000020e+30 1.000000000000000020e+30 1.000000000000000020e+30 1.000000000000000020e+30 1.000000000000000020e+30 9.630599833808261678e+00 9.630987863882991107e+00 9.635583576451136167e+00 9.640979966327750006e+00 9.646298470891187193e+00 9.651069156116729886e+00 9.654950841265167227e+00 9.657811808482739124e+00 9.659447406518848922e+00 1.000000000000000020e+30 1.000000000000000020e+30 1.000000000000000020e+30 1.000000000000000020e+30 1.000000000000000020e+30 1.000000000000000020e+30 1.000000000000000020e+30 1.000000000000000020e+30 1.000000000000000020e+30 1.000000000000000020e+30 1.000000000000000020e+30 1.000000000000000020e+30 1.000000000000000020e+30 1.000000000000000020e+30 1.000000000000000020e+30 1.000000000000000020e+30 1.000000000000000020e+30 1.000000000000000020e+30
1.000000000000000020e+30 1.000000000000000020e+30 9.452202382989375096e+00 9.448932268767419984e+00 9.447292463435887910e+00 9.446016024693776103e+00 9.444981021647157249e+00 9.444525606193723277e+00 9.451852355850260068e+00 9.452624073297640095e+00 1.000000000000000020e+30 1.000000000000000020e+30 1.000000000000000020e+30 1.000000000000000020e+30 1.000000000000000020e+30 1.000000000000000020e+30 1.000000000000000020e+30 1.000000000000000020e+30 1.000000000000000020e+30 1.000000000000000020e+30 1.000000000000000020e+30 1.000000000000000020e+30 1.000000000000000020e+30 1.000000000000000020e+30 1.000000000000000020e+30 1.000000000000000020e+30 1.000000000000000020e+30 1.000000000000000020e+30 1.000000000000000020e+30 1.000000000000000020e+30 1.000000000000000020e+30 9.641400397280680323e+00 9.644394439721358125e+00 9.649052997885824823e+00 9.653826503421239380e+00 9.658141567210581258e+00 9.661310613219519894e+00 9.663434074424152698e+00 9.664481562891070965e+00 1.000000000000000020e+30 1.000000000000000020e+30 1.000000000000000020e+30 1.000000000000000020e+30 1.000000000000000020e+30 1.000000000000000020e+30 1.000000000000000020e+30 1.000000000000000020e+30 1.000000000000000020e+30 1.000000000000000020e+30 1.000000000000000020e+30 1.000000000000000020e+30 1.000000000000000020e+30 1.000000000000000020e+30 1.000000000000000020e+30 1.000000000000000020e+30 1.000000000000000020e+30 1.000000000000000020e+30
1.000000000000000020e+30 1.000000000000000020e+30 1.000000000000000020e+30 9.443752122777969049e+00 9.443162792298755548e+00 9.442879264398683858e+00 9.442574462159925019e+00 9.452160786133779524e+00 9.458430192850414642e+00 1.000000000000000020e+30 1.000000000000000020e+30 1.000000000000000020e+30 1.000000000000000020e+30 1.000000000000000020e+30 1.000000000000000020e+30 1.000000000000000020e+30 1.000000000000000020e+30 1.000000000000000020e+30 1.000000000000000020e+30 1.000000000000000020e+30 1.000000000000000020e+30 1.000000000000000020e+30 1.000000000000000020e+30 1.000000000000000020e+30 1.000000000000000020e+30 1.000000000000000020e+30 1.000000000000000020e+30 1.000000000000000020e+30 1.000000000000000020e+30 1.000000000000000020e+30 1.000000000000000020e+30 1.000000000000000020e+30 9.653938554294398955e+00 9.656698958962046220e+00 9.660401008460095085e+00 9.664364604691208172e+00 9.666743740905159754e+00 9.668173098486384731e+00 9.668802052770560707e+00 1.000000000000000020e+30 1.000000000000000020e+30 1.000000000000000020e+30 1.000000000000000020e+30 1.000000000000000020e+30 1.000000000000000020e+30 1.000000000000000020e+30 1.000000000000000020e+30 1.000000000000000020e+30 1.000000000000000020e+30 1.000000000000000020e+30 1.000000000000000020e+30 1.000000000000000020e+30 1.000000000000000020e+30 1.000000000000000020e+30 1.000000000000000020e+30 1.000000000000000020e+30 1.000000000000000020e+30
1.000000000000000020e+30 1.000000000000000020e+30 1.000000000000000020e+30 9.440589278740228352e+00 9.441599890081834090e+00 9.450810692613247355e+00 9.456395518383867937e+00 9.460512699491957278e+00 1.000000000000000020e+30 1.000000000000000020e+30 1.000000000000000020e+30 1.000000000000000020e+30 1.000000000000000020e+30 1.000000000000000020e+30 1.000000000000000020e+30 1.000000000000000020e+30 1.000000000000000020e+30 1.000000000000000020e+30 1.000000000000000020e+30 1.000000000000000020e+30 1.000000000000000020e+30 1.000000000000000020e+30 1.000000000000000020e+30 1.000000000000000020e+30 1.000000000000000020e+30 1.000000000000000020e+30 1.000000000000000020e+30 1.000000000000000020e+30 1.000000000000000020e+30 1.000000000000000020e+30 1.000000000000000020e+30 1.000000000000000020e+30 1.000000000000000020e+30 9.665507345570116371e+00 9.667607648718854918e+00 9.669905812201267992e+00 9.671190197973903224e+00 9.671785989754036805e+00 9.672024252811214140e+00 1.000000000000000020e+30 1.000000000000000020e+30 1.000000000000000020e+30 1.000000000000000020e+30 1.000000000000000020e+30 1.000000000000000020e+30 1.000000000000000020e+30 1.000000000000000020e+30 1.000000000000000020e+30 1.000000000000000020e+30 1.000000000000000020e+30 1.000000000000000020e+30 1.000000000000000020e+30 1.000000000000000020e+30 1.000000000000000020e+30 1.000000000000000020e+30 1.000000000000000020e+30 1.000000000000000020e+30
1.000000000000000020e+30 1.000000000000000020e+30 1.000000000000000020e+30 1.000000000000000020e+30 9.471191845893903505e+00 9.465643202355373376e+00 9.467265487359808773e+00 1.000000000000000020e+30 1.000000000000000020e+30 1.000000000000000020e+30 1.000000000000000020e+30 1.000000000000000020e+30 1.000000000000000020e+30 1.000000000000000020e+30 1.000000000000000020e+30 1.000000000000000020e+30 1.000000000000000020e+30 1.000000000000000020e+30 1.000000000000000020e+30 1.000000000000000020e+30 1.000000000000000020e+30 1.000000000000000020e+30 1.000000000000000020e+30 1.000000000000000020e+30 1.000000000000000020e+30 1.000000000000000020e+30 1.000000000000000020e+30 1.000000000000000020e+30 1.000000000000000020e+30 1.000000000000000020e+30 1.000000000000000020e+30 1.000000000000000020e+30 1.000000000000000020e+30 1.000000000000000020e+30 9.674577760564385898e+00 9.674000764705027677e+00 9.674307650019464688e+00 9.673855039109163556e+00 9.673783241366628260e+00 1.000000000000000020e+30 1.000000000000000020e+30 1.000000000000000020e+30 1.000000000000000020e+30 1.000000000000000020e+30 1.000000000000000020e+30 1.000000000000000020e+30 1.000000000000000020e+30 1.000000000000000020e+30 1.000000000000000020e+30 1.000000000000000020e+30 1.000000000000000020e+30 1.000000000000000020e+30 1.000000000000000020e+30 1.000000000000000020e+30 1.000000000000000020e+30 1.000000000000000020e+30 1.000000000000000020e+30
1.000000000000000020e+30 1.000000000000000020e+30 1.000000000000000020e+30 1.000000000000000020e+30 9.494275171288688142e+00 1.000000000000000020e+30 1.000000000000000020e+30 1.000000000000000020e+30 1.000000000000000020e+30 1.000000000000000020e+30 1.000000000000000020e+30 1.000000000000000020e+30 1.000000000000000020e+30 1.000000000000000020e+30 1.000000000000000020e+30 1.000000000000000020e+30 1.000000000000000020e+30 1.000000000000000020e+30 1.000000000000000020e+30 1.000000000000000020e+30 1.000000000000000020e+30 1.000000000000000020e+30 1.000000000000000020e+30 1.000000000000000020e+30 1.000000000000000020e+30 1.000000000000000020e+30 1.000000000000000020e+30 1.000000000000000020e+30 1.000000000000000020e+30 1.000000000000000020e+30 1.000000000000000020e+30 1.000000000000000020e+30 1.000000000000000020e+30 1.000000000000000020e+30 1.000000000000000020e+30 9.676287112047409877e+00 9.676221036339677894e+00 1.000000000000000020e+30 1.000000000000000020e+30 1.000000000000000020e+30 1.000000000000000020e+30 1.000000000000000020e+30 1.000000000000000020e+30 1.000000000000000020e+30 1.000000000000000020e+30 1.000000000000000020e+30 1.000000000000000020e+30 1.000000000000000020e+30 1.000000000000000020e+30 1.000000000000000020e+30 1.000000000000000020e+30 1.000000000000000020e+30 1.000000000000000020e+30 1.000000000000000020e+30 1.000000000000000020e+30 1.000000000000000020e+30 1.000000000000000020e+30
