1.000000000000000020e+30 1.000000000000000020e+30 1.000000000000000020e+30 1.000000000000000020e+30 1.000000000000000020e+30 1.000000000000000020e+30 1.000000000000000020e+30 1.000000000000000020e+30 1.000000000000000020e+30 1.000000000000000020e+30 1.000000000000000020e+30 1.000000000000000020e+30 1.000000000000000020e+30 1.000000000000000020e+30 1.000000000000000020e+30 1.000000000000000020e+30 1.000000000000000020e+30 1.000000000000000020e+30 1.000000000000000020e+30 1.000000000000000020e+30 1.000000000000000020e+30 1.000000000000000020e+30 1.000000000000000020e+30 1.000000000000000020e+30 1.000000000000000020e+30 1.000000000000000020e+30 1.000000000000000020e+30 1.000000000000000020e+30 1.000000000000000020e+30 1.000000000000000020e+30 1.000000000000000020e+30 1.000000000000000020e+30 1.000000000000000020e+30 1.000000000000000020e+30 1.000000000000000020e+30 1.000000000000000020e+30 1.000000000000000020e+30 1.000000000000000020e+30 1.000000000000000020e+30 1.000000000000000020e+30 1.000000000000000020e+30 1.000000000000000020e+30 1.000000000000000020e+30 1.000000000000000020e+30 1.000000000000000020e+30 1.000000000000000020e+30 1.000000000000000020e+30 1.000000000000000020e+30 1.000000000000000020e+30 1.000000000000000020e+30 1.000000000000000020e+30 1.000000000000000020e+30 1.000000000000000020e+30 1.000000000000000020e+30 1.000000000000000020e+30 1.000000000000000020e+30 1.000000000000000020e+30
1.000000000000000020e+30 1.000000000000000020e+30 1.000000000000000020e+30 1.000000000000000020e+30 1.000000000000000020e+30 1.000000000000000020e+30 1.000000000000000020e+30 1.000000000000000020e+30 1.000000000000000020e+30 1.000000000000000020e+30 1.000000000000000020e+30 1.000000000000000020e+30 1.000000000000000020e+30 1.000000000000000020e+30 1.000000000000000020e+30 1.000000000000000020e+30 1.000000000000000020e+30 1.000000000000000020e+30 1.000000000000000020e+30 1.000000000000000020e+30 1.000000000000000020e+30 1.000000000000000020e+30 1.000000000000000020e+30 1.000000000000000020e+30 1.000000000000000020e+30 1.000000000000000020e+30 1.000000000000000020e+30 1.034792593698851704e+01 1.035011809422174167e+01 1.035239224712324457e+01 1.035407274613164397e+01 1.035491392762998331e+01 1.035481820568102052e+01 1.035374807576152278e+01 1.035169654223964031e+01 1.034867675912401452e+01 1.034471931130398481e+01 1.033987446531494037e+01 1.033422059604544962e+01 1.032788562670016042e+01 1.032110343292530885e+01 1.031437816240402228e+01 1.030901529156153451e+01 1.000000000000000020e+30 1.000000000000000020e+30 1.000000000000000020e+30 1.000000000000000020e+30 1.000000000000000020e+30 1.000000000000000020e+30 1.000000000000000020e+30 1.000000000000000020e+30 1.000000000000000020e+30 1.000000000000000020e+30 1.000000000000000020e+30 1.000000000000000020e+30 1.000000000000000020e+30 1.000000000000000020e+30
1.000000000000000020e+30 1.000000000000000020e+30 1.000000000000000020e+30 1.000000000000000020e+30 1.000000000000000020e+30 1.000000000000000020e+30 1.000000000000000020e+30 1.000000000000000020e+30 1.000000000000000020e+30 1.000000000000000020e+30 1.000000000000000020e+30 1.000000000000000020e+30 1.000000000000000020e+30 1.000000000000000020e+30 1.000000000000000020e+30 1.000000000000000020e+30 1.000000000000000020e+30 1.000000000000000020e+30 1.000000000000000020e+30 1.000000000000000020e+30 1.000000000000000020e+30 1.000000000000000020e+30 1.000000000000000020e+30 1.000000000000000020e+30 1.032400833275123198e+01 1.032881388904562137e+01 1.033520880472580217e+01 1.034262979548585193e+01 1.034693412109250765e+01 1.034988589116513680e+01 1.035181302524521918e+01 1.035275221693023617e+01 1.035269328939098799e+01 1.035162843973196978e+01 1.034956117110099783e+01 1.034650726157444822e+01 1.034249502759455019e+01 1.033756632520595176e+01 1.033177813468819117e+01 1.032520207265426393e+01 1.031790791574140798e+01 1.030986931579271726e+01 1.030050023768128753e+01 1.028648567888325793e+01 1.027414688246923724e+01 1.026301972629590864e+01 1.025346553578115838e+01 1.024682828915555532e+01 1.000000000000000020e+30 1.000000000000000020e+30 1.000000000000000020e+30 1.000000000000000020e+30 1.000000000000000020e+30 1.000000000000000020e+30 1.000000000000000020e+30 1.000000000000000020e+30 1.000000000000000020e+30
1.000000000000000020e+30 1.000000000000000020e+30 1.000000000000000020e+30 1.000000000000000020e+30 1.000000000000000020e+30 1.000000000000000020e+30 1.000000000000000020e+30 1.000000000000000020e+30 1.000000000000000020e+30 1.000000000000000020e+30 1.000000000000000020e+30 1.000000000000000020e+30 1.000000000000000020e+30 1.000000000000000020e+30 1.000000000000000020e+30 1.000000000000000020e+30 1.000000000000000020e+30 1.000000000000000020e+30 1.000000000000000020e+30 1.000000000000000020e+30 1.000000000000000020e+30 1.028751936954813218e+01 1.029443675063958175e+01 1.030415740209301134e+01 1.031607456810936263e+01 1.032410144405189278e+01 1.033106620739381398e+01 1.033733997000663685e+01 1.034199650265365555e+01 1.034530076790871078e+01 1.034743887496564518e+01 1.034848665888948460e+01 1.034847161406420923e+01 1.034740689423684756e+01 1.034530548604220002e+01 1.034218552922256507e+01 1.033807211885849497e+01 1.033299723148133431e+01 1.032699705877280216e+01 1.032010281480621394e+01 1.031231484141875043e+01 1.030353860480036765e+01 1.029346665005878414e+01 1.028162837864575785e+01 1.026973783207149005e+01 1.025823447047435621e+01 1.024732292873399508e+01 1.023695624463325515e+01 1.022564092267318969e+01 1.000000000000000020e+30 1.000000000000000020e+30 1.000000000000000020e+30 1.000000000000000020e+30 1.000000000000000020e+30 1.000000000000000020e+30 1.000000000000000020e+30 1.000000000000000020e+30
1.000000000000000020e+30 1.000000000000000020e+30 1.000000000000000020e+30 1.000000000000000020e+30 1.000000000000000020e+30 1.000000000000000020e+30 1.000000000000000020e+30 1.000000000000000020e+30 1.000000000000000020e+30 1.000000000000000020e+30 1.000000000000000020e+30 1.000000000000000020e+30 1.000000000000000020e+30 1.000000000000000020e+30 1.000000000000000020e+30 1.000000000000000020e+30 1.000000000000000020e+30 1.000000000000000020e+30 1.024179681601795977e+01 1.024998287470078751e+01 1.026204080015294196e+01 1.027743032733919826e+01 1.028847058062847708e+01 1.029880975817350652e+01 1.030889272454463068e+01 1.031732180432474699e+01 1.032449247770289524e+01 1.033055140334850464e+01 1.033529980561294082e+01 1.033877353363879514e+01 1.034104855911728116e+01 1.034217808372437730e+01 1.034219319987574437e+01 1.034111394142842144e+01 1.033895747852435676e+01 1.033574252673454552e+01 1.033149106126389150e+01 1.032622786626439115e+01 1.031997740301771316e+01 1.031275634369803740e+01 1.030455953857256013e+01 1.029534220443626147e+01 1.028502548088802193e+01 1.027363499278128423e+01 1.026173809296129313e+01 1.024963849503610547e+01 1.023739905167862752e+01 1.022478050285663187e+01 1.021105542657532972e+01 1.019562601768350518e+01 1.000000000000000020e+30 1.000000000000000020e+30 1.000000000000000020e+30 1.000000000000000020e+30 1.000000000000000020e+30 1.000000000000000020e+30 1.000000000000000020e+30
1.000000000000000020e+30 1.000000000000000020e+30 1.000000000000000020e+30 1.000000000000000020e+30 1.000000000000000020e+30 1.000000000000000020e+30 1.000000000000000020e+30 1.000000000000000020e+30 1.000000000000000020e+30 1.000000000000000020e+30 1.000000000000000020e+30 1.000000000000000020e+30 1.000000000000000020e+30 1.000000000000000020e+30 1.000000000000000020e+30 1.000000000000000020e+30 1.020478451954132915e+01 1.021445079316084126e+01 1.023037285172804722e+01 1.024288575232133880e+01 1.025550169773000952e+01 1.026850450322286079e+01 1.028003361456304710e+01 1.029055931087160225e+01 1.030021767758130302e+01 1.030866338045053432e+01 1.031590132925038894e+01 1.032195066146961437e+01 1.032675996023849585e+01 1.033033055441345915e+01 1.033269128714125529e+01 1.033387215059391195e+01 1.033389682739417914e+01 1.033278406039231356e+01 1.033055080835973349e+01 1.032721465924248072e+01 1.032279493168556606e+01 1.031731234348208481e+01 1.031078705609504276e+01 1.030323499922215902e+01 1.029466354919585491e+01 1.028507196518145861e+01 1.027447134736876677e+01 1.026294621101560445e+01 1.025072326075279072e+01 1.023794754640430327e+01 1.022460154215191608e+01 1.021043698179070347e+01 1.019487677547605387e+01 1.017687203986312028e+01 1.015370941000806937e+01 1.014021801211402973e+01 1.000000000000000020e+30 1.000000000000000020e+30 1.000000000000000020e+30 1.000000000000000020e+30 1.000000000000000020e+30
1.000000000000000020e+30 1.000000000000000020e+30 1.000000000000000020e+30 1.000000000000000020e+30 1.000000000000000020e+30 1.000000000000000020e+30 1.000000000000000020e+30 1.000000000000000020e+30 1.000000000000000020e+30 1.000000000000000020e+30 1.000000000000000020e+30 1.000000000000000020e+30 1.000000000000000020e+30 1.000000000000000020e+30 1.000000000000000020e+30 1.017795806904275402e+01 1.019181475857305053e+01 1.020490904524048048e+01 1.021909908171336667e+01 1.023244898165587458e+01 1.024535762679075290e+01 1.025785235597307121e+01 1.026941612525117620e+01 1.028000634502061672e+01 1.028959778813364778e+01 1.029806560189436127e+01 1.030536024612227308e+01 1.031145826049897174e+01 1.031633234831177326e+01 1.031997462425507095e+01 1.032239324548501180e+01 1.032360251433431308e+01 1.032361737208587016e+01 1.032245213532008599e+01 1.032012114624198951e+01 1.031663976335065058e+01 1.031202497335913826e+01 1.030629536154963866e+01 1.029947042929484091e+01 1.029156963096575161e+01 1.028261239898926860e+01 1.027262210717425894e+01 1.026163816769114590e+01 1.024973528123875965e+01 1.023702347686116987e+01 1.022357015448035256e+01 1.020934504566930201e+01 1.019418848541567968e+01 1.017781349497881038e+01 1.015991336366882791e+01 1.014063036651024063e+01 1.012329160399306538e+01 1.010543809812867799e+01 1.000000000000000020e+30 1.000000000000000020e+30 1.000000000000000020e+30 1.000000000000000020e+30
1.000000000000000020e+30 1.000000000000000020e+30 1.000000000000000020e+30 1.000000000000000020e+30 1.000000000000000020e+30 1.000000000000000020e+30 1.000000000000000020e+30 1.000000000000000020e+30 1.000000000000000020e+30 1.000000000000000020e+30 1.000000000000000020e+30 1.000000000000000020e+30 1.000000000000000020e+30 1.000000000000000020e+30 1.014383354667223536e+01 1.016074212536996590e+01 1.017627632046337816e+01 1.019096538805919927e+01 1.020538690830860773e+01 1.021919706623868151e+01 1.023239158687384176e+01 1.024491462267981490e+01 1.025657291581046238e+01 1.026726804805401017e+01 1.027693057008296940e+01 1.028548119045259490e+01 1.029286522889764477e+01 1.029904663728592773e+01 1.030399906515466668e+01 1.030770885040388585e+01 1.031017342294445349e+01 1.031139694909181870e+01 1.031138692257735023e+01 1.031015259710413012e+01 1.030770470775257230e+01 1.030405576103530052e+01 1.029922042205724431e+01 1.029321579804632414e+01 1.028606165949204865e+01 1.027778092491807094e+01 1.026840109829156944e+01 1.025795757269376907e+01 1.024649885207075428e+01 1.023408986108783125e+01 1.022080200229996017e+01 1.020667951046240063e+01 1.019171143979948368e+01 1.017582406354624602e+01 1.015891173246765256e+01 1.014094011567535603e+01 1.012216853559407781e+01 1.010340361028816503e+01 1.008406670510705183e+01 1.006356358667915707e+01 1.000000000000000020e+30 1.000000000000000020e+30 1.000000000000000020e+30
1.000000000000000020e+30 1.000000000000000020e+30 1.000000000000000020e+30 1.000000000000000020e+30 1.000000000000000020e+30 1.000000000000000020e+30 1.000000000000000020e+30 1.000000000000000020e+30 1.000000000000000020e+30 1.000000000000000020e+30 1.000000000000000020e+30 1.000000000000000020e+30 1.000000000000000020e+30 1.010391078810302901e+01 1.012348697344605242e+01 1.014150086269831341e+01 1.015821666061383155e+01 1.017395504145678764e+01 1.018897897530095342e+01 1.020327870012893889e+01 1.021683821894591304e+01 1.022960400920339730e+01 1.024147413899618364e+01 1.025236023253579454e+01 1.026218749903074645e+01 1.027088782070800654e+01 1.027840743724932793e+01 1.028470673297013072e+01 1.028975738999187861e+01 1.029354163295196223e+01 1.029605057528377010e+01 1.029728169605672861e+01 1.029723663133865585e+01 1.029591985594872838e+01 1.029333819800390337e+01 1.028950090256760852e+01 1.028441999783722238e+01 1.027811085402456470e+01 1.027059298739532700e+01 1.026189131162825241e+01 1.025203808517131776e+01 1.024107551376696357e+01 1.022905793424518883e+01 1.021605050842688733e+01 1.020211972051685656e+01 1.018731464430764788e+01 1.017165084899927052e+01 1.015510953659797622e+01 1.013766247617228800e+01 1.011932439472694156e+01 1.010021790525530250e+01 1.008055980559061382e+01 1.006028506951595247e+01 1.003942905024506871e+01 1.001822289727634896e+01 1.000000000000000020e+30 1.000000000000000020e+30
1.000000000000000020e+30 1.000000000000000020e+30 1.000000000000000020e+30 1.000000000000000020e+30 1.000000000000000020e+30 1.000000000000000020e+30 1.000000000000000020e+30 1.000000000000000020e+30 1.000000000000000020e+30 1.000000000000000020e+30 1.000000000000000020e+30 1.000000000000000020e+30 1.005865266615803222e+01 1.008079406387163246e+01 1.010121138559648557e+01 1.012010940177387397e+01 1.013772667994554055e+01 1.015428508835534593e+01 1.016995234940238291e+01 1.018478657375589158e+01 1.019879098165283260e+01 1.021192519823292244e+01 1.022411664588266156e+01 1.023528701081752068e+01 1.024536315398784225e+01 1.025428053774917103e+01 1.026198663121039090e+01 1.026844119283101087e+01 1.027361477768183562e+01 1.027748722209851451e+01 1.028004590079354585e+01 1.028128384993352817e+01 1.028119818188000245e+01 1.027978907411306153e+01 1.027705936233196304e+01 1.027301462710158475e+01 1.026766365284197668e+01 1.026101921493525637e+01 1.025309927216585315e+01 1.024392874677215381e+01 1.023354203689050124e+01 1.022198600749944752e+01 1.020932221965684050e+01 1.019562571230717474e+01 1.018097693132654591e+01 1.016544598170608360e+01 1.014907573573861654e+01 1.013187687491353906e+01 1.011384564946524911e+01 1.009498011935653672e+01 1.007527882736521185e+01 1.005474432440451871e+01 1.003343887628731324e+01 1.001193754832263849e+01 9.993243610105237096e+00 1.000000000000000020e+30 1.000000000000000020e+30
1.000000000000000020e+30 1.000000000000000020e+30 1.000000000000000020e+30 1.000000000000000020e+30 1.000000000000000020e+30 1.000000000000000020e+30 1.000000000000000020e+30 1.000000000000000020e+30 1.000000000000000020e+30 1.000000000000000020e+30 1.000000000000000020e+30 1.000783635033661234e+01 1.003284120899049547e+01 1.005579291254620955e+01 1.007690025322035510e+01 1.009649422419757059e+01 1.011483350426072825e+01 1.013208339478402564e+01 1.014837235047793129e+01 1.016377122985962700e+01 1.017829110162057660e+01 1.019189338011584489e+01 1.020450843624452908e+01 1.021605719524044176e+01 1.022646485423862117e+01 1.023566717303906870e+01 1.024361269179969725e+01 1.025026215233547155e+01 1.025558659929586369e+01 1.025956530504635822e+01 1.026218384128855377e+01 1.026343242107662768e+01 1.026330465395373892e+01 1.026179681275944056e+01 1.025890761777175619e+01 1.025463847056791344e+01 1.024899405442257638e+01 1.024198327876536752e+01 1.023362068719171525e+01 1.022392863558920695e+01 1.021294064417186576e+01 1.020070604460115504e+01 1.018729497124171424e+01 1.017280065738240147e+01 1.015733360126817075e+01 1.014100215861236443e+01 1.012388157763646923e+01 1.010599392137858565e+01 1.008734264052712248e+01 1.006790933260028886e+01 1.004756351830627636e+01 1.002603603055660209e+01 1.000306244153672885e+01 9.977839462051207420e+00 9.945706789547241300e+00 9.897256437176251254e+00 1.000000000000000020e+30
1.000000000000000020e+30 1.000000000000000020e+30 1.000000000000000020e+30 1.000000000000000020e+30 1.000000000000000020e+30 1.000000000000000020e+30 1.000000000000000020e+30 1.000000000000000020e+30 1.000000000000000020e+30 1.000000000000000020e+30 9.949440844607877921e+00 9.978999294931279351e+00 1.000532766387644479e+01 1.002894671040863805e+01 1.005047406374081476e+01 1.007055712088556199e+01 1.008950193382075255e+01 1.010736098390235149e+01 1.012424338131593338e+01 1.014023466507704718e+01 1.015534359382647445e+01 1.016951481544936620e+01 1.018266014496036398e+01 1.019468615597039474e+01 1.020551024780447058e+01 1.021506643099256095e+01 1.022330506334222555e+01 1.023018992067428101e+01 1.023569473982296785e+01 1.023980025620556233e+01 1.024249196413771479e+01 1.024375853436190020e+01 1.024359081134339178e+01 1.024198135348013849e+01 1.023892447791342164e+01 1.023441672768625565e+01 1.022845764011812264e+01 1.022105073519159646e+01 1.021220484231086267e+01 1.020193628912112338e+01 1.019027299969275191e+01 1.017726179367675421e+01 1.016297924460590885e+01 1.014754300306295143e+01 1.013111368456572414e+01 1.011386967513023549e+01 1.009593922300311419e+01 1.007732088694935335e+01 1.005802735617180765e+01 1.003811212029422606e+01 1.001733922682554834e+01 9.995021725712589955e+00 9.971109207833993793e+00 9.946730244225998163e+00 9.910442458423858625e+00 9.911396726127886581e+00 1.000000000000000020e+30
1.000000000000000020e+30 1.000000000000000020e+30 1.000000000000000020e+30 1.000000000000000020e+30 1.000000000000000020e+30 1.000000000000000020e+30 1.000000000000000020e+30 1.000000000000000020e+30 1.000000000000000020e+30 9.863249444204750915e+00 9.915839998474851313e+00 9.949453645217475994e+00 9.976667887091320353e+00 1.000040953300732660e+01 1.002176979235370879e+01 1.004209386457345943e+01 1.006164914643902186e+01 1.008006276648398192e+01 1.009750330202105495e+01 1.011412385424990745e+01 1.012991820626716155e+01 1.014478303004335658e+01 1.015858411168065700e+01 1.017119778123850260e+01 1.018252808159930822e+01 1.019250778425587178e+01 1.020109222820867068e+01 1.020825188468260691e+01 1.021396631079279871e+01 1.021822006840236163e+01 1.022100023822899217e+01 1.022229499121594287e+01 1.022209286631696301e+01 1.022038262424695354e+01 1.021715363730782933e+01 1.021239671330647347e+01 1.020610511583207547e+01 1.019827548206816026e+01 1.018890855165059861e+01 1.017801033358118801e+01 1.016559568989756990e+01 1.015169799068240053e+01 1.013638904857334566e+01 1.011980955494690626e+01 1.010219655554933382e+01 1.008386812324634718e+01 1.006508670266883243e+01 1.004568329403110383e+01 1.002565130663123760e+01 1.000544352927365388e+01 9.984875760247929222e+00 9.961751847319201048e+00 9.935688678954342379e+00 9.923496826228586087e+00 9.921446870454195377e+00 9.922331336588555928e+00 1.000000000000000020e+30
1.000000000000000020e+30 1.000000000000000020e+30 1.000000000000000020e+30 1.000000000000000020e+30 1.000000000000000020e+30 1.000000000000000020e+30 1.000000000000000020e+30 1.000000000000000020e+30 9.879398172806038048e+00 9.864496883097251256e+00 9.897034445990396279e+00 9.922250798262169269e+00 9.947513253846945958e+00 9.970353658603434255e+00 9.990264315944685336e+00 1.001062707098390625e+01 1.003123488645108630e+01 1.005010035702572324e+01 1.006800582687107593e+01 1.008531592564974666e+01 1.010194748427021239e+01 1.011768303634059762e+01 1.013230102861110460e+01 1.014563062467897758e+01 1.015756183463998319e+01 1.016803271603149206e+01 1.017701135580200500e+01 1.018448124520341302e+01 1.019043206030505999e+01 1.019485483241889234e+01 1.019773975709465219e+01 1.019907527372644651e+01 1.019884775741522454e+01 1.019704172881311166e+01 1.019364069307575171e+01 1.018862855957801905e+01 1.018199121306013133e+01 1.017371744648428589e+01 1.016379846477657090e+01 1.015222605653441690e+01 1.013899203085250633e+01 1.012409608302076514e+01 1.010757473730230060e+01 1.008956469855901261e+01 1.007039638434930673e+01 1.005066769375905089e+01 1.003115566116252744e+01 1.001092945718440497e+01 9.989663067521043160e+00 9.969300972484862911e+00 9.951080471619476953e+00 9.927463167259388044e+00 9.882343108500013074e+00 9.913568745678681182e+00 9.925409299540206121e+00 9.930063053727243627e+00 1.000000000000000020e+30
1.000000000000000020e+30 1.000000000000000020e+30 1.000000000000000020e+30 1.000000000000000020e+30 1.000000000000000020e+30 1.000000000000000020e+30 1.000000000000000020e+30 9.895655781474644641e+00 9.890043197265596220e+00 9.884236753816901810e+00 9.881301011705140525e+00 9.890835352635031441e+00 9.916679550898580331e+00 9.939186216398960383e+00 9.954325954523158160e+00 9.975005907631279811e+00 9.998743977244116010e+00 1.001736076091848204e+01 1.003543794794641286e+01 1.005358492085947297e+01 1.007132874100275011e+01 1.008820737982811622e+01 1.010385712473821762e+01 1.011805026255446904e+01 1.013067608685131837e+01 1.014169650027633374e+01 1.015110743113747915e+01 1.015891498621329347e+01 1.016512407295852682e+01 1.016973458097730365e+01 1.017274086347583584e+01 1.017413199080859876e+01 1.017389195576298278e+01 1.017200013197825648e+01 1.016843261263347031e+01 1.016316465545173564e+01 1.015617359116379426e+01 1.014744055431906666e+01 1.013694865236318421e+01 1.012467553127885189e+01 1.011058149584641086e+01 1.009460296020267478e+01 1.007667717978237221e+01 1.005684315489049396e+01 1.003545240503986058e+01 1.001347710383146250e+01 9.994109558903636170e+00 9.973341590985059568e+00 9.948855728709352420e+00 9.927061055182340610e+00 9.918679288209689915e+00 9.910605014974017024e+00 9.893595301610094594e+00 9.918914356579028535e+00 9.932503697613508820e+00 9.938421932405709924e+00 1.000000000000000020e+30
1.000000000000000020e+30 1.000000000000000020e+30 1.000000000000000020e+30 1.000000000000000020e+30 1.000000000000000020e+30 1.000000000000000020e+30 9.896618994786619439e+00 9.897128594832803827e+00 9.896694438189207688e+00 9.896856614711129652e+00 9.899876862245974962e+00 9.909014185219037429e+00 9.924391943813528627e+00 9.939811571022362457e+00 9.952451295317088054e+00 9.963261192596689853e+00 9.967421404789011063e+00 9.981309525216357059e+00 9.999030608037477563e+00 1.001856402195624618e+01 1.003795105884018035e+01 1.005639689479179388e+01 1.007335787713691033e+01 1.008856902852209991e+01 1.010196421215241180e+01 1.011356856239737745e+01 1.012343034830466770e+01 1.013159016630985398e+01 1.013807232992005858e+01 1.014288634716479898e+01 1.014603062292957958e+01 1.014749471778964995e+01 1.014725977146632196e+01 1.014529858705188303e+01 1.014157724620825896e+01 1.013605922201769438e+01 1.012871125958050378e+01 1.011950827312898582e+01 1.010843219430849516e+01 1.009545773422670933e+01 1.008051936289860961e+01 1.006346432586908080e+01 1.004402816158145662e+01 1.002193941820202028e+01 9.997261182433236471e+00 9.969746301614097916e+00 9.954470039673752879e+00 9.935437396512936559e+00 9.901289003229770458e+00 9.867308763881450062e+00 9.881845547986872091e+00 9.898526286908140293e+00 9.914948804812334870e+00 9.931915601452459441e+00 9.943266983785722601e+00 9.948730140199165461e+00 1.000000000000000020e+30
1.000000000000000020e+30 1.000000000000000020e+30 1.000000000000000020e+30 1.000000000000000020e+30 1.000000000000000020e+30 9.887656168734899609e+00 9.891974788908445504e+00 9.895411949026398091e+00 9.898602638569883538e+00 9.902454514749726044e+00 9.908152641528038984e+00 9.916778949032002188e+00 9.927916741082759344e+00 9.939104399359445452e+00 9.948325917014763320e+00 9.954108257998409925e+00 9.952816623592781298e+00 9.937452698230579529e+00 9.956918359709758803e+00 9.979889373579174716e+00 1.000179859964291573e+01 1.002242742988988233e+01 1.004102522832918787e+01 1.005737119849473160e+01 1.007155268356677880e+01 1.008372732040366415e+01 1.009402746774314785e+01 1.010253743421292505e+01 1.010929987773488392e+01 1.011433050295807234e+01 1.011762968065934842e+01 1.011918711501660439e+01 1.011898099285128261e+01 1.011697582782786675e+01 1.011312338991918303e+01 1.010736921738300786e+01 1.009966421408474346e+01 1.008997775708490785e+01 1.007830421905707219e+01 1.006464755949828671e+01 1.004896227090059568e+01 1.003102938093871543e+01 1.001027562155638861e+01 9.985772934256736733e+00 9.957929885225302868e+00 9.943148195025594660e+00 9.944038809861428518e+00 9.936810386711339760e+00 9.922828796323241107e+00 9.910303214939872873e+00 9.910607326487111735e+00 9.908388116025925285e+00 9.931644438847790468e+00 9.946527080157380851e+00 9.955978803100705932e+00 9.960593708372417865e+00 1.000000000000000020e+30
1.000000000000000020e+30 1.000000000000000020e+30 1.000000000000000020e+30 1.000000000000000020e+30 1.000000000000000020e+30 9.879122263657173164e+00 9.884033181651551203e+00 9.889786892502115734e+00 9.895714190915406050e+00 9.902078645113364885e+00 9.909382310530370219e+00 9.917933438984851691e+00 9.927319919381302427e+00 9.936319853751443887e+00 9.943618622070385271e+00 9.948016751094256094e+00 9.948250629794076261e+00 9.944595473878118597e+00 9.946101706872960690e+00 9.938353317907036910e+00 9.963107277090999858e+00 9.986754829373083453e+00 1.000728102087649418e+01 1.002473247187511340e+01 1.003959038400950909e+01 1.005224223783322124e+01 1.006292833842504031e+01 1.007177103515514283e+01 1.007881706342490702e+01 1.008407700776367300e+01 1.008754873851049183e+01 1.008922304836271522e+01 1.008907730908349087e+01 1.008706668917844418e+01 1.008312190864813473e+01 1.007715865459067750e+01 1.006909846960454402e+01 1.005889814629571788e+01 1.004657921629890716e+01 1.003223299273255797e+01 1.001595673201154035e+01 9.997644625796356266e+00 9.976413349918031415e+00 9.948982912364412456e+00 9.901443194848011942e+00 9.925557461336952159e+00 9.937559905269722549e+00 9.940795458919271965e+00 9.938780713094072183e+00 9.936337108826815978e+00 9.937758989055728520e+00 9.941626177611443183e+00 9.952693979453734130e+00 9.962643566691529173e+00 9.969656656570146325e+00 9.973229087168432372e+00 1.000000000000000020e+30
1.000000000000000020e+30 1.000000000000000020e+30 1.000000000000000020e+30 1.000000000000000020e+30 9.848589485646579433e+00 9.861379384054419717e+00 9.870993716248410266e+00 9.879778364660879220e+00 9.888222838810850845e+00 9.896630571655419928e+00 9.905262475796128285e+00 9.914183344768787265e+00 9.923073760483299921e+00 9.931231111334453132e+00 9.937829916873445413e+00 9.942118021529923411e+00 9.943595050496599086e+00 9.942576436980434806e+00 9.940531204956378986e+00 9.933814480114918410e+00 9.921592415034108825e+00 9.950370806886255082e+00 9.972858490429745260e+00 9.990999813270498464e+00 1.000620005959029868e+01 1.001913300013204378e+01 1.003011890897806069e+01 1.003927633363764294e+01 1.004661702734222573e+01 1.005212332861092506e+01 1.005578521205659115e+01 1.005760102826637947e+01 1.005755609728094058e+01 1.005559833080435617e+01 1.005162770486459500e+01 1.004550878705827976e+01 1.003710389911160838e+01 1.002632721260563819e+01 1.001322169308484789e+01 9.998028845262661335e+00 9.981196250695870020e+00 9.963304354336147028e+00 9.944779003596057265e+00 9.928221255433379966e+00 9.912088264250794367e+00 9.915877229891398414e+00 9.935721849197564737e+00 9.945960705152090853e+00 9.951128217786012087e+00 9.954496074959934049e+00 9.958474916322558101e+00 9.963694503500844846e+00 9.970961454660043799e+00 9.977857820974154635e+00 9.982976375509629463e+00 9.985659575700909230e+00 1.000000000000000020e+30
1.000000000000000020e+30 1.000000000000000020e+30 1.000000000000000020e+30 1.000000000000000020e+30 9.831199967255528804e+00 9.842338735372493375e+00 9.854401853592717586e+00 9.865810969918204165e+00 9.876533740567023045e+00 9.886780567261849839e+00 9.896726984063786148e+00 9.906385102920909347e+00 9.915526279460065595e+00 9.923705016962111713e+00 9.930386096895174930e+00 9.935083298524796547e+00 9.937493582680019699e+00 9.937635712803475130e+00 9.935669886000303208e+00 9.930785783236892428e+00 9.923372041820858414e+00 9.916336864830817888e+00 9.938930542565705295e+00 9.956427860967121291e+00 9.971355325448827855e+00 9.984298479344092314e+00 9.995506848886952511e+00 1.000500019378625716e+01 1.001267799075922582e+01 1.001845769878763370e+01 1.002232099067842519e+01 1.002429536755358086e+01 1.002439845541003471e+01 1.002258123206340379e+01 1.001870004557338412e+01 1.001253471261588501e+01 1.000383370407208439e+01 9.992391099206409777e+00 9.978201070884667345e+00 9.961646914083367221e+00 9.943597555248439690e+00 9.925604433555550443e+00 9.907075451143526834e+00 9.902857014633136501e+00 9.898577604654512641e+00 9.921479508328102881e+00 9.939390648244465609e+00 9.952185650406407902e+00 9.961321223707809480e+00 9.968131235013775182e+00 9.974071068075256008e+00 9.979870249788572067e+00 9.985799116143351029e+00 9.991091384422825072e+00 9.995000901462306686e+00 9.997058609382376559e+00 1.000000000000000020e+30
1.000000000000000020e+30 1.000000000000000020e+30 1.000000000000000020e+30 9.769209390381174529e+00 9.797885530216232652e+00 9.817705559375298208e+00 9.833917537539226927e+00 9.848098028720952968e+00 9.860979718024159624e+00 9.872969983498354196e+00 9.884290916921383285e+00 9.894980215312715544e+00 9.904876123959954981e+00 9.913662145207398524e+00 9.920952964180747458e+00 9.926392293793099952e+00 9.929734596447174155e+00 9.930882150726620949e+00 9.929797858133269983e+00 9.926333213426032032e+00 9.920776684825471037e+00 9.913974742853346456e+00 9.906138673072542034e+00 9.920541284469436505e+00 9.934670836368828972e+00 9.947430728579714554e+00 9.958889487730120393e+00 9.968857407256921377e+00 9.976983299115097736e+00 9.983074162569890220e+00 9.987122362035117717e+00 9.989240535673287624e+00 9.989535355878608414e+00 9.987988564427725535e+00 9.984394301222430101e+00 9.978401834019315686e+00 9.969568149643997401e+00 9.957412214677853868e+00 9.941690566906144610e+00 9.922832091408965383e+00 9.901926222714692472e+00 9.884311021769690342e+00 9.884404406958276823e+00 9.899443561367345268e+00 9.910977063506852147e+00 9.927909037526214675e+00 9.944130214706122572e+00 9.958114214109405893e+00 9.969952029643840419e+00 9.978800369912031343e+00 9.986013320970569040e+00 9.992159174787497378e+00 9.997551460280103441e+00 1.000201719218381413e+01 1.000520691650854488e+01 1.000685680169749681e+01 1.000000000000000020e+30
1.000000000000000020e+30 1.000000000000000020e+30 1.000000000000000020e+30 9.752351061859201309e+00 9.768271283846988950e+00 9.791750467192203544e+00 9.810718848729981900e+00 9.827079054031820249e+00 9.841831880626330076e+00 9.855447359401727780e+00 9.868198652145292016e+00 9.880165379132860082e+00 9.891208372155794848e+00 9.901053543983479699e+00 9.909366350343139729e+00 9.915837308435826003e+00 9.920240178937868691e+00 9.922447272700482657e+00 9.922395428412006169e+00 9.920047532622634279e+00 9.915470017493067445e+00 9.908639724501320245e+00 9.898535747375946769e+00 9.880926532607190893e+00 9.895408975495564974e+00 9.907983589650042333e+00 9.919940108560762582e+00 9.930778494156403013e+00 9.939577827882315475e+00 9.946009481600489366e+00 9.950142507368608946e+00 9.952301280490699398e+00 9.952800454185918966e+00 9.951714776796601214e+00 9.948732766976840836e+00 9.943319735151709082e+00 9.934785906212479034e+00 9.922098463606429775e+00 9.904343053646190498e+00 9.882011748921806671e+00 9.852822362752716501e+00 9.821063970089728201e+00 9.868350437471359982e+00 9.895269782343639520e+00 9.913784125006305459e+00 9.930955102711598315e+00 9.947111715141380373e+00 9.962281586061616068e+00 9.977740599212665984e+00 9.987330079793057536e+00 9.995293218486684950e+00 1.000151002056217564e+01 1.000656966418010896e+01 1.001058396105885073e+01 1.001333298443141118e+01 1.001469382417383436e+01 1.000000000000000020e+30
1.000000000000000020e+30 1.000000000000000020e+30 1.000000000000000020e+30 9.730080746342197884e+00 9.742855135864518346e+00 9.765096563499932714e+00 9.785141294883743512e+00 9.802852048078586122e+00 9.819152117991126971e+00 9.834247539477376066e+00 9.848465619096440804e+00 9.861955125136224964e+00 9.874515970244718943e+00 9.885841146930721024e+00 9.895559816559956090e+00 9.903349580301886945e+00 9.908987054917227866e+00 9.912347842368204098e+00 9.913380592669758684e+00 9.912081242320686769e+00 9.908486084965877794e+00 9.902609669185075347e+00 9.894408013689773185e+00 9.884562730681953013e+00 9.879665538348636034e+00 9.865144199843651762e+00 9.878170183181287811e+00 9.890851296967781536e+00 9.900688902421446613e+00 9.907416720276083666e+00 9.911324302142782372e+00 9.913213361975724780e+00 9.913836412255406572e+00 9.913506929526455735e+00 9.911643787858910315e+00 9.907459274370241431e+00 9.900203367152384359e+00 9.887825755582436926e+00 9.867454307887708609e+00 9.843849731459773267e+00 9.802000041006678543e+00 1.000000000000000020e+30 1.000000000000000020e+30 1.000000000000000020e+30 1.000000000000000020e+30 1.000000000000000020e+30 1.000000000000000020e+30 1.000000000000000020e+30 9.987613036932842192e+00 9.993757944493543377e+00 1.000263838885798506e+01 1.000837539507809382e+01 1.001301916889015153e+01 1.001682435704763563e+01 1.001926805703878998e+01 1.002031849244295536e+01 1.000000000000000020e+30
1.000000000000000020e+30 1.000000000000000020e+30 9.688015411784840936e+00 9.703819410702770654e+00 9.717756872735115792e+00 9.735139714613595174e+00 9.756637886475397536e+00 9.774968285865028861e+00 9.792779448709787005e+00 9.809179570811238591e+00 9.824855466634890178e+00 9.840199036865623583e+00 9.854706644122153136e+00 9.867993560494877414e+00 9.879537785409558737e+00 9.888951305235790912e+00 9.896012383160648795e+00 9.900625341381445566e+00 9.902776226994708608e+00 9.902500926853820218e+00 9.899867688631649898e+00 9.894965281262104284e+00 9.887943202069735094e+00 9.879216913230589370e+00 9.869473608595230374e+00 9.854533050636300473e+00 9.832681510897428367e+00 9.849759438676144896e+00 9.860937348987361517e+00 9.867698757816262045e+00 9.870594745987597562e+00 9.871467137955317384e+00 9.871895295055812980e+00 9.872886053239662729e+00 9.872898986784216291e+00 9.870648587730833867e+00 9.866663065015414347e+00 9.857380664639753931e+00 9.853356714811049244e+00 9.841838771084495008e+00 9.824096668537716681e+00 1.000000000000000020e+30 1.000000000000000020e+30 1.000000000000000020e+30 1.000000000000000020e+30 1.000000000000000020e+30 1.000000000000000020e+30 1.000000000000000020e+30 1.000000000000000020e+30 1.000000000000000020e+30 1.000948437897015353e+01 1.001272422862516365e+01 1.001672495395794193e+01 1.002086693067881917e+01 1.002304740440490782e+01 1.002344791554572545e+01 1.000000000000000020e+30
1.000000000000000020e+30 1.000000000000000020e+30 9.677739991284553867e+00 9.686176773110041438e+00 9.697051625478637860e+00 9.710276659125453236e+00 9.725725765891064967e+00 9.742233889386190171e+00 9.762642200999707143e+00 9.779835071400414748e+00 9.796741439741762036e+00 9.814603793370430651e+00 9.831596112599880755e+00 9.847508944763575300e+00 9.861392720429028813e+00 9.872758386616988346e+00 9.881424791944791508e+00 9.887369325991137714e+00 9.890647937270138357e+00 9.891354736974466988e+00 9.889602568666406412e+00 9.885515165557020367e+00 9.879231911963511692e+00 9.870899047974051044e+00 9.860443277466185208e+00 9.846729539377466978e+00 9.829564001337640633e+00 9.810426906727505170e+00 9.821488243435560150e+00 9.827763037075717634e+00 9.827822413059504214e+00 9.826106536124303403e+00 9.825328838372540119e+00 9.829163937304139509e+00 9.832305608316175949e+00 9.831411886458248262e+00 9.834211406687945356e+00 9.840570157721769462e+00 9.842484092817318952e+00 9.841754170577409866e+00 1.000000000000000020e+30 1.000000000000000020e+30 1.000000000000000020e+30 1.000000000000000020e+30 1.000000000000000020e+30 1.000000000000000020e+30 1.000000000000000020e+30 1.000000000000000020e+30 1.000000000000000020e+30 1.000000000000000020e+30 1.000000000000000020e+30 1.000000000000000020e+30 1.000000000000000020e+30 1.002349180084914515e+01 1.002507639848028020e+01 1.000000000000000020e+30 1.000000000000000020e+30
1.000000000000000020e+30 9.655259177069831722e+00 9.663767160657727118e+00 9.671487897949765156e+00 9.680232227552414415e+00 9.690464469596268060e+00 9.702234599209305088e+00 9.715364181924179832e+00 9.730211839790946726e+00 9.745460000540822065e+00 9.762541386078339656e+00 9.784949959003055753e+00 9.804829281783893791e+00 9.824500877038955693e+00 9.841375645436079012e+00 9.855011679094312527e+00 9.865416920487071195e+00 9.872722944008597068e+00 9.877097844623014211e+00 9.878715205285061529e+00 9.877741997766243287e+00 9.874333733101806843e+00 9.868630150348099761e+00 9.860736247488880224e+00 9.850660537177992282e+00 9.838306061645825551e+00 9.824260793945729375e+00 9.810699096677346631e+00 9.803325953914127311e+00 9.789804005838306011e+00 9.782598298556756333e+00 9.775593017467514301e+00 9.769933169899305270e+00 9.781907636531903094e+00 9.791484524324202354e+00 9.805599821999665622e+00 9.815507882101183412e+00 9.823945493247778771e+00 9.830027410115842912e+00 9.836714835215872199e+00 1.000000000000000020e+30 1.000000000000000020e+30 1.000000000000000020e+30 1.000000000000000020e+30 1.000000000000000020e+30 1.000000000000000020e+30 1.000000000000000020e+30 1.000000000000000020e+30 1.000000000000000020e+30 1.000000000000000020e+30 1.000000000000000020e+30 1.000000000000000020e+30 1.000000000000000020e+30 1.000000000000000020e+30 1.000000000000000020e+30 1.000000000000000020e+30 1.000000000000000020e+30
1.000000000000000020e+30 9.649769000509257566e+00 9.654251310185850699e+00 9.660039709377485906e+00 9.666874582849102282e+00 9.674853366388290965e+00 9.684036443280586326e+00 9.694448350329233577e+00 9.706210067647402795e+00 9.719268979734197345e+00 9.734366728970908156e+00 9.752583598108097718e+00 9.773267440697468444e+00 9.799528007728049772e+00 9.820045264948687347e+00 9.836117012533200921e+00 9.848268121027158983e+00 9.856875436809623636e+00 9.862253740430910298e+00 9.864671171347803025e+00 9.864356342228258967e+00 9.861503058457424586e+00 9.856272180430629248e+00 9.848790558275307916e+00 9.839157888691678622e+00 9.827523519761019344e+00 9.814355444971679887e+00 9.800582323574221988e+00 9.787039452794848771e+00 9.770533412389699635e+00 9.750949858139975390e+00 9.719342063528412012e+00 9.692505738884211297e+00 9.732659379067793992e+00 9.760506260458402750e+00 9.779672621021449075e+00 9.794005220588823946e+00 9.805458788403269565e+00 9.812773907124402228e+00 1.000000000000000020e+30 1.000000000000000020e+30 1.000000000000000020e+30 1.000000000000000020e+30 1.000000000000000020e+30 1.000000000000000020e+30 1.000000000000000020e+30 1.000000000000000020e+30 1.000000000000000020e+30 1.000000000000000020e+30 1.000000000000000020e+30 1.000000000000000020e+30 1.000000000000000020e+30 1.000000000000000020e+30 1.000000000000000020e+30 1.000000000000000020e+30 1.000000000000000020e+30 1.000000000000000020e+30
9.638043215020182686e+00 9.642397024414233186e+00 9.646372815164093950e+00 9.650933076830314761e+00 9.656295835504515424e+00 9.662572794199178361e+00 9.669852613221507909e+00 9.678233399861152719e+00 9.687876534518624183e+00 9.699022917276613143e+00 9.712239245865095683e+00 9.728351306092136497e+00 9.748366938968318962e+00 9.775296750569976822e+00 9.798426035850843263e+00 9.816622016847714960e+00 9.830310527338983917e+00 9.840035005808033475e+00 9.846247370421529865e+00 9.849307686686675112e+00 9.849505158925742521e+00 9.847072851935456228e+00 9.842196005394930225e+00 9.835017997769195830e+00 9.825653712280713492e+00 9.814230100882777919e+00 9.800954085392067583e+00 9.786064929196456319e+00 9.769468177772447248e+00 9.749999261782724247e+00 9.726892270681917196e+00 9.698848303135163107e+00 9.669938504365719112e+00 9.706030109342407286e+00 9.733794826301970460e+00 9.754269001006850459e+00 9.771140053630000821e+00 9.786674106678635354e+00 9.799280166348152576e+00 1.000000000000000020e+30 1.000000000000000020e+30 1.000000000000000020e+30 1.000000000000000020e+30 1.000000000000000020e+30 1.000000000000000020e+30 1.000000000000000020e+30 1.000000000000000020e+30 1.000000000000000020e+30 1.000000000000000020e+30 1.000000000000000020e+30 1.000000000000000020e+30 1.000000000000000020e+30 1.000000000000000020e+30 1.000000000000000020e+30 1.000000000000000020e+30 1.000000000000000020e+30 1.000000000000000020e+30
9.635400596348869584e+00 9.637445076931031807e+00 9.640255236128545846e+00 9.643728979149670977e+00 9.647915209774142298e+00 9.652882007525571240e+00 9.658720100834848665e+00 9.665556881052120630e+00 9.673589948011434458e+00 9.683127420019914666e+00 9.694673894621395505e+00 9.708945815600506180e+00 9.726873968078299626e+00 9.749627429534481138e+00 9.776814898387963026e+00 9.796960749094662191e+00 9.811840718320313570e+00 9.822382955373946345e+00 9.829185428847857509e+00 9.832685172656777439e+00 9.833221701818477101e+00 9.831062535570668004e+00 9.826413938484774846e+00 9.819424299717356419e+00 9.810184325559864860e+00 9.798731394681059470e+00 9.785059694935039687e+00 9.769086216986782034e+00 9.750524323164604823e+00 9.728768034960017630e+00 9.703334054330888137e+00 9.674662044183165222e+00 9.650740689810721307e+00 9.683173898476903574e+00 9.709961352643555088e+00 9.728162983704455868e+00 9.743796558836477217e+00 9.758785916101171409e+00 9.780135844064583139e+00 1.000000000000000020e+30 1.000000000000000020e+30 1.000000000000000020e+30 1.000000000000000020e+30 1.000000000000000020e+30 1.000000000000000020e+30 1.000000000000000020e+30 1.000000000000000020e+30 1.000000000000000020e+30 1.000000000000000020e+30 1.000000000000000020e+30 1.000000000000000020e+30 1.000000000000000020e+30 1.000000000000000020e+30 1.000000000000000020e+30 1.000000000000000020e+30 1.000000000000000020e+30 1.000000000000000020e+30
9.632225667024354010e+00 9.633394942250617987e+00 9.635356033300778833e+00 9.637969508813833741e+00 9.641228084667893938e+00 9.645172988891541621e+00 9.649889707082637713e+00 9.655513563604102956e+00 9.662253076210662428e+00 9.670422848365367585e+00 9.680492014839575887e+00 9.693124251068907071e+00 9.709226737406515539e+00 9.730022895867660893e+00 9.757123347017035542e+00 9.777733093644160434e+00 9.793099783506425737e+00 9.804034220911495012e+00 9.811121780638025314e+00 9.814820343742145070e+00 9.815499406769692570e+00 9.813454278824366384e+00 9.808911867403940832e+00 9.802027512843933366e+00 9.792864776158126006e+00 9.781362062113142741e+00 9.767335131175913787e+00 9.750505157306152526e+00 9.730508865086965997e+00 9.706856316840605459e+00 9.678547059146607623e+00 9.641137246351053847e+00 9.653987983700694997e+00 9.672930976077275034e+00 9.690294262998047969e+00 9.704159679941033900e+00 9.714562645009143793e+00 9.722122220970057072e+00 1.000000000000000020e+30 1.000000000000000020e+30 1.000000000000000020e+30 1.000000000000000020e+30 1.000000000000000020e+30 1.000000000000000020e+30 1.000000000000000020e+30 1.000000000000000020e+30 1.000000000000000020e+30 1.000000000000000020e+30 1.000000000000000020e+30 1.000000000000000020e+30 1.000000000000000020e+30 1.000000000000000020e+30 1.000000000000000020e+30 1.000000000000000020e+30 1.000000000000000020e+30 1.000000000000000020e+30 1.000000000000000020e+30
9.629154997399430371e+00 9.629915399433642165e+00 9.631316521263855179e+00 9.633285909895818122e+00 9.635821696928891456e+00 9.638959588914799426e+00 9.642780944264336185e+00 9.647418517162831719e+00 9.653074921769400518e+00 9.660048556067666325e+00 9.668772066188331848e+00 9.679863308505556319e+00 9.694208380675330972e+00 9.713116682142754144e+00 9.738623688645253296e+00 9.758758499037231360e+00 9.774042812464953656e+00 9.784972679807342644e+00 9.792033250778560571e+00 9.795671782133945626e+00 9.796279192994516549e+00 9.794177296466461513e+00 9.789620121455140378e+00 9.782792538772769220e+00 9.773765849490862578e+00 9.762377551016808042e+00 9.748236605194591675e+00 9.730857230843097838e+00 9.709840337354084028e+00 9.685194643371881185e+00 9.658333573952923246e+00 9.634628822621586153e+00 9.646535627459076778e+00 9.659755614060088647e+00 9.673096265940436922e+00 9.683919052309235553e+00 9.691166026738239125e+00 9.695481192419022065e+00 1.000000000000000020e+30 1.000000000000000020e+30 1.000000000000000020e+30 1.000000000000000020e+30 1.000000000000000020e+30 1.000000000000000020e+30 1.000000000000000020e+30 1.000000000000000020e+30 1.000000000000000020e+30 1.000000000000000020e+30 1.000000000000000020e+30 1.000000000000000020e+30 1.000000000000000020e+30 1.000000000000000020e+30 1.000000000000000020e+30 1.000000000000000020e+30 1.000000000000000020e+30 1.000000000000000020e+30 1.000000000000000020e+30
9.626367219638281014e+00 9.626896260779629344e+00 9.627916871346231531e+00 9.629403734683949168e+00 9.631371942596409497e+00 9.633860030637418248e+00 9.636945980908693699e+00 9.640754238803292964e+00 9.645471150910152502e+00 9.651365070572841987e+00 9.658817347773547723e+00 9.668369278741158368e+00 9.680805096226650974e+00 9.697327688523708744e+00 9.720029169579619932e+00 9.739483467048305698e+00 9.754443619687839018e+00 9.765085510874602193e+00 9.771829487054155550e+00 9.775138026034085215e+00 9.775442151319641226e+00 9.773093688381427668e+00 9.768378724854001049e+00 9.761558668518945936e+00 9.752834535158443785e+00 9.741938045951467728e+00 9.728136454991959781e+00 9.710553201128128364e+00 9.688429191492973658e+00 9.661272537044906628e+00 9.630363274966981635e+00 9.626462594379699311e+00 9.633179306069662218e+00 9.644630789281467997e+00 9.657116902881831777e+00 9.667244145022479529e+00 9.674886818529792265e+00 9.684606044183015072e+00 1.000000000000000020e+30 1.000000000000000020e+30 1.000000000000000020e+30 1.000000000000000020e+30 1.000000000000000020e+30 1.000000000000000020e+30 1.000000000000000020e+30 1.000000000000000020e+30 1.000000000000000020e+30 1.000000000000000020e+30 1.000000000000000020e+30 1.000000000000000020e+30 1.000000000000000020e+30 1.000000000000000020e+30 1.000000000000000020e+30 1.000000000000000020e+30 1.000000000000000020e+30 1.000000000000000020e+30 1.000000000000000020e+30
9.623885088587607939e+00 9.624260513296034603e+00 9.625003991487666610e+00 9.626116235329867266e+00 9.627626007895944582e+00 9.629575298358181712e+00 9.632037955594389800e+00 9.635126781494111725e+00 9.639006037630050372e+00 9.643905321809805642e+00 9.650139849692385141e+00 9.658137589943835977e+00 9.668471659889190661e+00 9.681870105128940196e+00 9.699034422721524606e+00 9.719377494954963836e+00 9.734103629051684692e+00 9.744251178031687388e+00 9.750384252378138328e+00 9.753061725538486826e+00 9.752808973104043488e+00 9.749999434921731378e+00 9.744913992928694313e+00 9.737929104924139878e+00 9.729786905249541817e+00 9.720108921404445823e+00 9.707497902839778092e+00 9.690420557552428704e+00 9.667601476375633496e+00 9.636534215357302813e+00 9.591817072827860002e+00 9.602379885525278880e+00 9.612306733249550206e+00 9.625597703392083204e+00 9.641066408226823370e+00 9.652263351663945556e+00 9.658368702339505063e+00 1.000000000000000020e+30 1.000000000000000020e+30 1.000000000000000020e+30 1.000000000000000020e+30 1.000000000000000020e+30 1.000000000000000020e+30 1.000000000000000020e+30 1.000000000000000020e+30 1.000000000000000020e+30 1.000000000000000020e+30 1.000000000000000020e+30 1.000000000000000020e+30 1.000000000000000020e+30 1.000000000000000020e+30 1.000000000000000020e+30 1.000000000000000020e+30 1.000000000000000020e+30 1.000000000000000020e+30 1.000000000000000020e+30 1.000000000000000020e+30
9.621676745692928634e+00 9.621934551684011794e+00 9.622457201151858541e+00 9.623260651482116401e+00 9.624382822003623161e+00 9.625867437581192121e+00 9.627783055072628215e+00 9.630229525248724443e+00 9.633347700268432234e+00 9.637327348661676396e+00 9.642417252653993742e+00 9.648936800178477213e+00 9.657287737483313705e+00 9.667968132929004810e+00 9.681613571194443324e+00 9.699365806837702664e+00 9.713101975663319010e+00 9.722417338109215379e+00 9.727559018253039369e+00 9.729217735769713826e+00 9.728139711961075520e+00 9.724666447684850112e+00 9.718889114108701932e+00 9.711031590504266120e+00 9.703868532265758517e+00 9.696810353215823852e+00 9.686909195641790760e+00 9.671514179886759877e+00 9.650251606063257270e+00 9.619939274920655592e+00 9.574222774758064602e+00 9.576044465875765965e+00 9.585227684687172456e+00 9.601638684398961843e+00 9.626300559790760047e+00 9.640577138955565673e+00 9.647401994131911351e+00 1.000000000000000020e+30 1.000000000000000020e+30 1.000000000000000020e+30 1.000000000000000020e+30 1.000000000000000020e+30 1.000000000000000020e+30 1.000000000000000020e+30 1.000000000000000020e+30 1.000000000000000020e+30 1.000000000000000020e+30 1.000000000000000020e+30 1.000000000000000020e+30 1.000000000000000020e+30 1.000000000000000020e+30 1.000000000000000020e+30 1.000000000000000020e+30 1.000000000000000020e+30 1.000000000000000020e+30 1.000000000000000020e+30 1.000000000000000020e+30
9.619694898226798685e+00 9.619847766755345475e+00 9.620173897268804453e+00 9.620701853031196293e+00 9.621476068356608735e+00 9.622540068029847404e+00 9.623956154844584887e+00 9.625811702593541241e+00 9.628226952364869362e+00 9.631357801032264021e+00 9.635396482732851098e+00 9.640570189676351376e+00 9.647131703049874218e+00 9.655352300400481980e+00 9.665491227656099582e+00 9.677638729825664754e+00 9.691078770403104059e+00 9.699553049399790794e+00 9.703201124376624520e+00 9.703237754412905147e+00 9.701103102856876603e+00 9.696676879500364166e+00 9.689563049016467033e+00 9.677848107379563913e+00 9.672185409170268144e+00 9.670794427367273016e+00 9.666346430754709118e+00 9.655638049208359774e+00 9.638925379595255194e+00 9.615415191073399370e+00 9.583162338419239035e+00 9.577429770175777790e+00 9.590474391606166549e+00 9.596843464339212204e+00 9.619694948126323197e+00 9.634115049336330117e+00 9.641657501120311835e+00 9.643230727023555104e+00 1.000000000000000020e+30 1.000000000000000020e+30 1.000000000000000020e+30 1.000000000000000020e+30 1.000000000000000020e+30 1.000000000000000020e+30 1.000000000000000020e+30 1.000000000000000020e+30 1.000000000000000020e+30 1.000000000000000020e+30 1.000000000000000020e+30 1.000000000000000020e+30 1.000000000000000020e+30 1.000000000000000020e+30 1.000000000000000020e+30 1.000000000000000020e+30 1.000000000000000020e+30 1.000000000000000020e+30 1.000000000000000020e+30
9.617896461847143641e+00 9.617935777510973949e+00 9.618062202307704922e+00 9.618320625066356655e+00 9.618760268848486561e+00 9.619421918361366508e+00 9.620360293948419184e+00 9.621651689791123729e+00 9.623402074656057792e+00 9.625746076326237244e+00 9.628837811320515527e+00 9.632842320770039990e+00 9.637894672876416990e+00 9.644096050297971345e+00 9.651513223959957699e+00 9.659837758088169579e+00 9.668345908199814431e+00 9.676096786383940440e+00 9.676004890841911177e+00 9.672383501532165084e+00 9.668655703970522097e+00 9.665824985772713873e+00 9.658813265939757642e+00 9.631415813216648303e+00 9.629774032132774053e+00 9.642876771743120301e+00 9.648120922697412283e+00 9.642690317736406058e+00 9.631994289577894719e+00 9.617660269198372802e+00 9.603039355028974100e+00 9.597858278856840286e+00 9.599757755845425677e+00 9.600447949658232005e+00 9.619947499056403117e+00 9.632866470634926515e+00 9.640317008814150768e+00 9.643299924217361152e+00 1.000000000000000020e+30 1.000000000000000020e+30 1.000000000000000020e+30 1.000000000000000020e+30 1.000000000000000020e+30 1.000000000000000020e+30 1.000000000000000020e+30 1.000000000000000020e+30 1.000000000000000020e+30 1.000000000000000020e+30 1.000000000000000020e+30 1.000000000000000020e+30 1.000000000000000020e+30 1.000000000000000020e+30 1.000000000000000020e+30 1.000000000000000020e+30 1.000000000000000020e+30 1.000000000000000020e+30 1.000000000000000020e+30
9.616260549714196415e+00 9.616141710601237236e+00 9.616033798993516513e+00 9.616003507496710512e+00 9.616099193777339238e+00 9.616353594387300419e+00 9.616810473812160254e+00 9.617535226292959649e+00 9.618628648546618365e+00 9.620224917165051792e+00 9.622462687234603962e+00 9.625501314541665465e+00 9.629376462522644786e+00 9.634032851243247819e+00 9.639695328416427955e+00 9.645680904451609194e+00 9.650460163334951602e+00 9.652798758864664208e+00 9.645137461747090413e+00 9.660354025293226954e+00 9.662463599545517923e+00 9.657360842521162780e+00 9.641078407511395554e+00 9.633974496972944834e+00 9.635726505802606923e+00 9.639253071346912449e+00 9.636703854650656709e+00 9.632140645844623705e+00 9.626668384711491555e+00 9.618590085044527171e+00 9.611662007371897687e+00 9.608748414098293722e+00 9.608003612053396481e+00 9.609618673244124665e+00 9.624985573533002992e+00 9.635456877382896579e+00 9.641913615341751509e+00 9.644872981667679923e+00 1.000000000000000020e+30 1.000000000000000020e+30 1.000000000000000020e+30 1.000000000000000020e+30 1.000000000000000020e+30 1.000000000000000020e+30 1.000000000000000020e+30 1.000000000000000020e+30 1.000000000000000020e+30 1.000000000000000020e+30 1.000000000000000020e+30 1.000000000000000020e+30 1.000000000000000020e+30 1.000000000000000020e+30 1.000000000000000020e+30 1.000000000000000020e+30 1.000000000000000020e+30 1.000000000000000020e+30 1.000000000000000020e+30
9.614822860555458206e+00 9.614407344220133211e+00 9.613990949298697686e+00 9.613631825390422492e+00 9.613355913866561409e+00 9.613177923320977314e+00 9.613123187291256144e+00 9.613239676235611597e+00 9.613633089264052245e+00 9.614477761206540407e+00 9.615893708673619145e+00 9.618193854416158928e+00 9.621288625522248950e+00 9.624591845684332014e+00 9.629191051343580554e+00 9.634394286811064134e+00 9.639732205960678257e+00 9.643824802964385157e+00 9.649369362215821866e+00 9.657153628913524912e+00 9.659419073030381497e+00 9.655657851166878913e+00 9.646608764977381512e+00 9.640588618434859924e+00 9.639228237757063056e+00 9.639000282402987452e+00 9.635819096618337909e+00 9.629964557475432230e+00 9.620890929686948922e+00 9.616383846048153217e+00 9.614618080458837923e+00 9.615501410158437068e+00 9.618351769549242647e+00 9.624581537404552023e+00 9.633187089048460550e+00 9.640486173179590779e+00 9.645524639874617279e+00 9.648057939660105831e+00 1.000000000000000020e+30 1.000000000000000020e+30 1.000000000000000020e+30 1.000000000000000020e+30 1.000000000000000020e+30 1.000000000000000020e+30 1.000000000000000020e+30 1.000000000000000020e+30 1.000000000000000020e+30 1.000000000000000020e+30 1.000000000000000020e+30 1.000000000000000020e+30 1.000000000000000020e+30 1.000000000000000020e+30 1.000000000000000020e+30 1.000000000000000020e+30 1.000000000000000020e+30 1.000000000000000020e+30 1.000000000000000020e+30
9.613772286837029668e+00 9.612614314889896150e+00 9.611800577162153303e+00 9.611070014502654857e+00 9.610384468118528645e+00 9.609734420465574800e+00 9.609115631873796914e+00 9.608528572411989543e+00 9.608083167300296878e+00 9.608131302484563818e+00 9.608172618353496119e+00 9.609620974606379207e+00 9.612356354170008998e+00 9.616073415084716913e+00 9.621383591829745896e+00 9.627315429388321633e+00 9.637452076433090653e+00 9.644250347938871926e+00 9.650356316204561580e+00 9.655726646667623925e+00 9.657817468233593772e+00 9.655214108056151545e+00 9.649832267865980029e+00 9.645333854511232374e+00 9.642846834619200891e+00 9.639906209928829739e+00 9.636179759900644015e+00 9.630775419509658875e+00 9.624826057886453512e+00 9.621789046755452546e+00 9.623179218487745601e+00 9.626448799200503004e+00 9.630518665862545902e+00 9.635370574774389851e+00 9.641070155021729704e+00 9.646277092534539577e+00 9.650220742764156867e+00 9.652487726254834755e+00 1.000000000000000020e+30 1.000000000000000020e+30 1.000000000000000020e+30 1.000000000000000020e+30 1.000000000000000020e+30 1.000000000000000020e+30 1.000000000000000020e+30 1.000000000000000020e+30 1.000000000000000020e+30 1.000000000000000020e+30 1.000000000000000020e+30 1.000000000000000020e+30 1.000000000000000020e+30 1.000000000000000020e+30 1.000000000000000020e+30 1.000000000000000020e+30 1.000000000000000020e+30 1.000000000000000020e+30 1.000000000000000020e+30
1.000000000000000020e+30 9.610282314217620581e+00 9.609270856129906946e+00 9.608152033080305188e+00 9.607022483290212023e+00 9.605853717779423206e+00 9.604621406057084698e+00 9.603175131274166887e+00 9.601289786143055949e+00 9.600026420097851343e+00 9.599380572873846162e+00 9.600392692507151438e+00 9.603933153527618671e+00 9.608937547501930965e+00 9.620057822781589607e+00 9.627913791189865123e+00 9.634802092115444694e+00 9.644531403473164843e+00 9.653085536661516031e+00 9.655815990407061733e+00 1.000000000000000020e+30 9.654748003035930282e+00 9.651917465884135794e+00 9.648840836016267630e+00 9.646976225746289657e+00 1.000000000000000020e+30 1.000000000000000020e+30 1.000000000000000020e+30 9.629070978637644274e+00 9.628469256504928353e+00 9.630701329400825017e+00 9.635630146209287261e+00 9.639706915357784567e+00 9.643680177703881640e+00 9.647936694612715414e+00 9.651918917718827373e+00 9.655246186460143321e+00 9.657968211698722882e+00 9.661163649806489673e+00 1.000000000000000020e+30 1.000000000000000020e+30 1.000000000000000020e+30 1.000000000000000020e+30 1.000000000000000020e+30 1.000000000000000020e+30 1.000000000000000020e+30 1.000000000000000020e+30 1.000000000000000020e+30 1.000000000000000020e+30 1.000000000000000020e+30 1.000000000000000020e+30 1.000000000000000020e+30 1.000000000000000020e+30 1.000000000000000020e+30 1.000000000000000020e+30 1.000000000000000020e+30 1.000000000000000020e+30
1.000000000000000020e+30 9.608591040443961617e+00 9.606401006784720309e+00 9.604712587334713447e+00 9.603090764168982219e+00 9.601336663203351662e+00 9.599542441253465341e+00 9.596946784403048269e+00 9.594201582358518721e+00 9.590888988822371175e+00 9.586870469478125045e+00 9.586966076570725193e+00 9.600290319666040517e+00 9.607635472209391736e+00 9.620508501026231230e+00 9.631400417963183358e+00 9.634911908436146533e+00 1.000000000000000020e+30 1.000000000000000020e+30 1.000000000000000020e+30 1.000000000000000020e+30 1.000000000000000020e+30 1.000000000000000020e+30 1.000000000000000020e+30 1.000000000000000020e+30 1.000000000000000020e+30 1.000000000000000020e+30 1.000000000000000020e+30 9.632129335634292744e+00 9.633285285413862198e+00 9.638413235242870414e+00 9.643340020238914789e+00 9.646750572209420227e+00 9.650213366030678586e+00 9.653674971583098952e+00 9.656887981357753503e+00 9.659604394459817556e+00 9.661745881214468312e+00 9.663277464245128456e+00 1.000000000000000020e+30 1.000000000000000020e+30 1.000000000000000020e+30 1.000000000000000020e+30 1.000000000000000020e+30 1.000000000000000020e+30 1.000000000000000020e+30 1.000000000000000020e+30 1.000000000000000020e+30 1.000000000000000020e+30 1.000000000000000020e+30 1.000000000000000020e+30 1.000000000000000020e+30 1.000000000000000020e+30 1.000000000000000020e+30 1.000000000000000020e+30 1.000000000000000020e+30 1.000000000000000020e+30
1.000000000000000020e+30 1.000000000000000020e+30 9.602363980604634364e+00 9.600411888110835790e+00 9.598372579466156296e+00 9.595756216416301498e+00 9.593531269012329332e+00 9.590785060603460366e+00 9.587287961681280279e+00 9.579130395211938875e+00 9.586090697391593807e+00 9.588576350564144590e+00 1.000000000000000020e+30 1.000000000000000020e+30 1.000000000000000020e+30 1.000000000000000020e+30 1.000000000000000020e+30 1.000000000000000020e+30 1.000000000000000020e+30 1.000000000000000020e+30 1.000000000000000020e+30 1.000000000000000020e+30 1.000000000000000020e+30 1.000000000000000020e+30 1.000000000000000020e+30 1.000000000000000020e+30 1.000000000000000020e+30 1.000000000000000020e+30 1.000000000000000020e+30 1.000000000000000020e+30 9.645819512258823281e+00 9.648650038586692901e+00 9.652028885049354301e+00 9.655268268069329807e+00 9.658349899588889897e+00 9.661101119071052068e+00 9.663331133487320201e+00 9.664958202508978857e+00 9.665871862131499626e+00 1.000000000000000020e+30 1.000000000000000020e+30 1.000000000000000020e+30 1.000000000000000020e+30 1.000000000000000020e+30 1.000000000000000020e+30 1.000000000000000020e+30 1.000000000000000020e+30 1.000000000000000020e+30 1.000000000000000020e+30 1.000000000000000020e+30 1.000000000000000020e+30 1.000000000000000020e+30 1.000000000000000020e+30 1.000000000000000020e+30 1.000000000000000020e+30 1.000000000000000020e+30 1.000000000000000020e+30
1.000000000000000020e+30 1.000000000000000020e+30 9.599306190018506157e+00 9.594909310071150443e+00 9.592293769848046381e+00 9.589883992326909024e+00 9.587475241846034280e+00 9.585055789374887780e+00 9.587370906667747050e+00 9.584951629583249755e+00 1.000000000000000020e+30 1.000000000000000020e+30 1.000000000000000020e+30 1.000000000000000020e+30 1.000000000000000020e+30 1.000000000000000020e+30 1.000000000000000020e+30 1.000000000000000020e+30 1.000000000000000020e+30 1.000000000000000020e+30 1.000000000000000020e+30 1.000000000000000020e+30 1.000000000000000020e+30 1.000000000000000020e+30 1.000000000000000020e+30 1.000000000000000020e+30 1.000000000000000020e+30 1.000000000000000020e+30 1.000000000000000020e+30 1.000000000000000020e+30 1.000000000000000020e+30 9.652919450260172951e+00 9.656161363140146392e+00 9.659243058325614584e+00 9.662115709173397349e+00 9.664644985947015599e+00 9.666507311385327483e+00 9.667753295478185294e+00 9.668365572609081582e+00 1.000000000000000020e+30 1.000000000000000020e+30 1.000000000000000020e+30 1.000000000000000020e+30 1.000000000000000020e+30 1.000000000000000020e+30 1.000000000000000020e+30 1.000000000000000020e+30 1.000000000000000020e+30 1.000000000000000020e+30 1.000000000000000020e+30 1.000000000000000020e+30 1.000000000000000020e+30 1.000000000000000020e+30 1.000000000000000020e+30 1.000000000000000020e+30 1.000000000000000020e+30 1.000000000000000020e+30
1.000000000000000020e+30 1.000000000000000020e+30 1.000000000000000020e+30 9.587731751178855788e+00 9.586045810896898445e+00 9.584140773330847907e+00 9.581252992673636726e+00 9.586397763890550650e+00 9.589218768161929418e+00 1.000000000000000020e+30 1.000000000000000020e+30 1.000000000000000020e+30 1.000000000000000020e+30 1.000000000000000020e+30 1.000000000000000020e+30 1.000000000000000020e+30 1.000000000000000020e+30 1.000000000000000020e+30 1.000000000000000020e+30 1.000000000000000020e+30 1.000000000000000020e+30 1.000000000000000020e+30 1.000000000000000020e+30 1.000000000000000020e+30 1.000000000000000020e+30 1.000000000000000020e+30 1.000000000000000020e+30 1.000000000000000020e+30 1.000000000000000020e+30 1.000000000000000020e+30 1.000000000000000020e+30 1.000000000000000020e+30 9.659736177388465350e+00 9.662631694803575755e+00 9.665250633877194630e+00 9.667716616456862866e+00 9.669190253230114607e+00 9.670089322072417559e+00 9.670491721145781483e+00 1.000000000000000020e+30 1.000000000000000020e+30 1.000000000000000020e+30 1.000000000000000020e+30 1.000000000000000020e+30 1.000000000000000020e+30 1.000000000000000020e+30 1.000000000000000020e+30 1.000000000000000020e+30 1.000000000000000020e+30 1.000000000000000020e+30 1.000000000000000020e+30 1.000000000000000020e+30 1.000000000000000020e+30 1.000000000000000020e+30 1.000000000000000020e+30 1.000000000000000020e+30 1.000000000000000020e+30
1.000000000000000020e+30 1.000000000000000020e+30 1.000000000000000020e+30 9.582790567051246100e+00 9.581414876995545171e+00 9.585781021476444508e+00 9.587054474107720381e+00 9.588990083870701397e+00 1.000000000000000020e+30 1.000000000000000020e+30 1.000000000000000020e+30 1.000000000000000020e+30 1.000000000000000020e+30 1.000000000000000020e+30 1.000000000000000020e+30 1.000000000000000020e+30 1.000000000000000020e+30 1.000000000000000020e+30 1.000000000000000020e+30 1.000000000000000020e+30 1.000000000000000020e+30 1.000000000000000020e+30 1.000000000000000020e+30 1.000000000000000020e+30 1.000000000000000020e+30 1.000000000000000020e+30 1.000000000000000020e+30 1.000000000000000020e+30 1.000000000000000020e+30 1.000000000000000020e+30 1.000000000000000020e+30 1.000000000000000020e+30 1.000000000000000020e+30 9.665647970174685355e+00 9.668241421352758991e+00 9.670428288657802796e+00 9.671374109909534056e+00 9.671859607633662037e+00 9.672069310911801665e+00 1.000000000000000020e+30 1.000000000000000020e+30 1.000000000000000020e+30 1.000000000000000020e+30 1.000000000000000020e+30 1.000000000000000020e+30 1.000000000000000020e+30 1.000000000000000020e+30 1.000000000000000020e+30 1.000000000000000020e+30 1.000000000000000020e+30 1.000000000000000020e+30 1.000000000000000020e+30 1.000000000000000020e+30 1.000000000000000020e+30 1.000000000000000020e+30 1.000000000000000020e+30 1.000000000000000020e+30
1.000000000000000020e+30 1.000000000000000020e+30 1.000000000000000020e+30 1.000000000000000020e+30 9.590027282922342522e+00 9.590165229559556082e+00 9.590836165846155836e+00 1.000000000000000020e+30 1.000000000000000020e+30 1.000000000000000020e+30 1.000000000000000020e+30 1.000000000000000020e+30 1.000000000000000020e+30 1.000000000000000020e+30 1.000000000000000020e+30 1.000000000000000020e+30 1.000000000000000020e+30 1.000000000000000020e+30 1.000000000000000020e+30 1.000000000000000020e+30 1.000000000000000020e+30 1.000000000000000020e+30 1.000000000000000020e+30 1.000000000000000020e+30 1.000000000000000020e+30 1.000000000000000020e+30 1.000000000000000020e+30 1.000000000000000020e+30 1.000000000000000020e+30 1.000000000000000020e+30 1.000000000000000020e+30 1.000000000000000020e+30 1.000000000000000020e+30 1.000000000000000020e+30 9.670858784507158745e+00 9.672403859487163302e+00 9.672891262347485863e+00 9.672865504681896098e+00 9.672926730899828129e+00 1.000000000000000020e+30 1.000000000000000020e+30 1.000000000000000020e+30 1.000000000000000020e+30 1.000000000000000020e+30 1.000000000000000020e+30 1.000000000000000020e+30 1.000000000000000020e+30 1.000000000000000020e+30 1.000000000000000020e+30 1.000000000000000020e+30 1.000000000000000020e+30 1.000000000000000020e+30 1.000000000000000020e+30 1.000000000000000020e+30 1.000000000000000020e+30 1.000000000000000020e+30 1.000000000000000020e+30
1.000000000000000020e+30 1.000000000000000020e+30 1.000000000000000020e+30 1.000000000000000020e+30 9.597764460570138212e+00 1.000000000000000020e+30 1.000000000000000020e+30 1.000000000000000020e+30 1.000000000000000020e+30 1.000000000000000020e+30 1.000000000000000020e+30 1.000000000000000020e+30 1.000000000000000020e+30 1.000000000000000020e+30 1.000000000000000020e+30 1.000000000000000020e+30 1.000000000000000020e+30 1.000000000000000020e+30 1.000000000000000020e+30 1.000000000000000020e+30 1.000000000000000020e+30 1.000000000000000020e+30 1.000000000000000020e+30 1.000000000000000020e+30 1.000000000000000020e+30 1.000000000000000020e+30 1.000000000000000020e+30 1.000000000000000020e+30 1.000000000000000020e+30 1.000000000000000020e+30 1.000000000000000020e+30 1.000000000000000020e+30 1.000000000000000020e+30 1.000000000000000020e+30 1.000000000000000020e+30 9.673553428610221161e+00 9.673771820793396259e+00 1.000000000000000020e+30 1.000000000000000020e+30 1.000000000000000020e+30 1.000000000000000020e+30 1.000000000000000020e+30 1.000000000000000020e+30 1.000000000000000020e+30 1.000000000000000020e+30 1.000000000000000020e+30 1.000000000000000020e+30 1.000000000000000020e+30 1.000000000000000020e+30 1.000000000000000020e+30 1.000000000000000020e+30 1.000000000000000020e+30 1.000000000000000020e+30 1.000000000000000020e+30 1.000000000000000020e+30 1.000000000000000020e+30 1.000000000000000020e+30
