1.000000000000000020e+30 1.000000000000000020e+30 1.000000000000000020e+30 1.000000000000000020e+30 1.000000000000000020e+30 1.000000000000000020e+30 1.000000000000000020e+30 1.000000000000000020e+30 1.000000000000000020e+30 1.000000000000000020e+30 1.000000000000000020e+30 1.000000000000000020e+30 1.000000000000000020e+30 1.000000000000000020e+30 1.000000000000000020e+30 1.000000000000000020e+30 1.000000000000000020e+30 1.000000000000000020e+30 1.000000000000000020e+30 1.000000000000000020e+30 1.000000000000000020e+30 1.000000000000000020e+30 1.000000000000000020e+30 1.000000000000000020e+30 1.000000000000000020e+30 1.000000000000000020e+30 1.000000000000000020e+30 1.000000000000000020e+30 1.000000000000000020e+30 1.000000000000000020e+30 1.000000000000000020e+30 1.000000000000000020e+30 1.000000000000000020e+30 1.000000000000000020e+30 1.000000000000000020e+30 1.000000000000000020e+30 1.000000000000000020e+30 1.000000000000000020e+30 1.000000000000000020e+30 1.000000000000000020e+30 1.000000000000000020e+30 1.000000000000000020e+30 1.000000000000000020e+30 1.000000000000000020e+30 1.000000000000000020e+30 1.000000000000000020e+30 1.000000000000000020e+30 1.000000000000000020e+30 1.000000000000000020e+30 1.000000000000000020e+30 1.000000000000000020e+30 1.000000000000000020e+30 1.000000000000000020e+30 1.000000000000000020e+30 1.000000000000000020e+30 1.000000000000000020e+30 1.000000000000000020e+30
1.000000000000000020e+30 1.000000000000000020e+30 1.000000000000000020e+30 1.000000000000000020e+30 1.000000000000000020e+30 1.000000000000000020e+30 1.000000000000000020e+30 1.000000000000000020e+30 1.000000000000000020e+30 1.000000000000000020e+30 1.000000000000000020e+30 1.000000000000000020e+30 1.000000000000000020e+30 1.000000000000000020e+30 1.000000000000000020e+30 1.000000000000000020e+30 1.000000000000000020e+30 1.000000000000000020e+30 1.000000000000000020e+30 1.000000000000000020e+30 1.000000000000000020e+30 1.000000000000000020e+30 1.000000000000000020e+30 1.000000000000000020e+30 1.000000000000000020e+30 1.000000000000000020e+30 1.000000000000000020e+30 9.001842427787106971e+00 9.005360108973741617e+00 9.009614413900779439e+00 9.013775378825366502e+00 9.017586444960738135e+00 9.020980006948009944e+00 9.023958756283548155e+00 9.026555961628965008e+00 9.028821198884612542e+00 9.030814995226137398e+00 9.032607320849381338e+00 9.034276771702490549e+00 9.035906322355387488e+00 9.037565532628157428e+00 9.039250745550246435e+00 9.040689178635755496e+00 1.000000000000000020e+30 1.000000000000000020e+30 1.000000000000000020e+30 1.000000000000000020e+30 1.000000000000000020e+30 1.000000000000000020e+30 1.000000000000000020e+30 1.000000000000000020e+30 1.000000000000000020e+30 1.000000000000000020e+30 1.000000000000000020e+30 1.000000000000000020e+30 1.000000000000000020e+30 1.000000000000000020e+30
1.000000000000000020e+30 1.000000000000000020e+30 1.000000000000000020e+30 1.000000000000000020e+30 1.000000000000000020e+30 1.000000000000000020e+30 1.000000000000000020e+30 1.000000000000000020e+30 1.000000000000000020e+30 1.000000000000000020e+30 1.000000000000000020e+30 1.000000000000000020e+30 1.000000000000000020e+30 1.000000000000000020e+30 1.000000000000000020e+30 1.000000000000000020e+30 1.000000000000000020e+30 1.000000000000000020e+30 1.000000000000000020e+30 1.000000000000000020e+30 1.000000000000000020e+30 1.000000000000000020e+30 1.000000000000000020e+30 1.000000000000000020e+30 8.970146118313936157e+00 8.975961003281216932e+00 8.984075897699124624e+00 8.994147517841986073e+00 9.000441584838924314e+00 9.005516706149268913e+00 9.009920612142323648e+00 9.013781492051768041e+00 9.017150238360624570e+00 9.020069757926721721e+00 9.022588215492651997e+00 9.024760697615985094e+00 9.026649697913196491e+00 9.028326689213610479e+00 9.029875446173138087e+00 9.031397997597817806e+00 9.033025476334364257e+00 9.034952876552116763e+00 9.037563040792953473e+00 9.041971528024651761e+00 9.051170404770767064e+00 9.066245465162127815e+00 9.088703252223316653e+00 9.068397898020595704e+00 1.000000000000000020e+30 1.000000000000000020e+30 1.000000000000000020e+30 1.000000000000000020e+30 1.000000000000000020e+30 1.000000000000000020e+30 1.000000000000000020e+30 1.000000000000000020e+30 1.000000000000000020e+30
1.000000000000000020e+30 1.000000000000000020e+30 1.000000000000000020e+30 1.000000000000000020e+30 1.000000000000000020e+30 1.000000000000000020e+30 1.000000000000000020e+30 1.000000000000000020e+30 1.000000000000000020e+30 1.000000000000000020e+30 1.000000000000000020e+30 1.000000000000000020e+30 1.000000000000000020e+30 1.000000000000000020e+30 1.000000000000000020e+30 1.000000000000000020e+30 1.000000000000000020e+30 1.000000000000000020e+30 1.000000000000000020e+30 1.000000000000000020e+30 1.000000000000000020e+30 8.928368957684334362e+00 8.935782921080894781e+00 8.946472425112963478e+00 8.960146213652246061e+00 8.969478245028327024e+00 8.977937732460517850e+00 8.986047460184302338e+00 8.992554043254509466e+00 8.997893432421884441e+00 9.002397109906308259e+00 9.006238764372534789e+00 9.009517450652394288e+00 9.012303680833049668e+00 9.014659025281256177e+00 9.016643974404031425e+00 9.018322060658091388e+00 9.019763910462357259e+00 9.021053672944413293e+00 9.022300915726457760e+00 9.023665693555836143e+00 9.025415214456524282e+00 9.028050047490312480e+00 9.032557875426659777e+00 9.040651885804127375e+00 9.054218321523084256e+00 9.076425324712989351e+00 9.043418258539364984e+00 9.013840282144151672e+00 1.000000000000000020e+30 1.000000000000000020e+30 1.000000000000000020e+30 1.000000000000000020e+30 1.000000000000000020e+30 1.000000000000000020e+30 1.000000000000000020e+30 1.000000000000000020e+30
1.000000000000000020e+30 1.000000000000000020e+30 1.000000000000000020e+30 1.000000000000000020e+30 1.000000000000000020e+30 1.000000000000000020e+30 1.000000000000000020e+30 1.000000000000000020e+30 1.000000000000000020e+30 1.000000000000000020e+30 1.000000000000000020e+30 1.000000000000000020e+30 1.000000000000000020e+30 1.000000000000000020e+30 1.000000000000000020e+30 1.000000000000000020e+30 1.000000000000000020e+30 1.000000000000000020e+30 8.879858758381034889e+00 8.888145261349830406e+00 8.900508287335211932e+00 8.916728035293324695e+00 8.928288673846930479e+00 8.939280084657642789e+00 8.950291413039630939e+00 8.959676438781581709e+00 8.967958930472967438e+00 8.975357900263041699e+00 8.981635453674435610e+00 8.986897779947293330e+00 8.991313453782943554e+00 8.995018717060943914e+00 8.998114506563730686e+00 9.000679742389612770e+00 9.002781835430059942e+00 9.004482979211690719e+00 9.005844278500983791e+00 9.006929810754918719e+00 9.007812662632792566e+00 9.008585834939912829e+00 9.009382849890586797e+00 9.010418279738892977e+00 9.012058221254687140e+00 9.014925733299458344e+00 9.020012029553452493e+00 9.028898218715696089e+00 9.045548487254338355e+00 9.010294366235953589e+00 8.979491125108197025e+00 8.947342551203769645e+00 1.000000000000000020e+30 1.000000000000000020e+30 1.000000000000000020e+30 1.000000000000000020e+30 1.000000000000000020e+30 1.000000000000000020e+30 1.000000000000000020e+30
1.000000000000000020e+30 1.000000000000000020e+30 1.000000000000000020e+30 1.000000000000000020e+30 1.000000000000000020e+30 1.000000000000000020e+30 1.000000000000000020e+30 1.000000000000000020e+30 1.000000000000000020e+30 1.000000000000000020e+30 1.000000000000000020e+30 1.000000000000000020e+30 1.000000000000000020e+30 1.000000000000000020e+30 1.000000000000000020e+30 1.000000000000000020e+30 8.841299894892291178e+00 8.851033476397413224e+00 8.867277780147478694e+00 8.879786347553199732e+00 8.892386568130779878e+00 8.905504413655631168e+00 8.917133833350700201e+00 8.927848893360378568e+00 8.937852586796063648e+00 8.946772231384899854e+00 8.954660202091218935e+00 8.961584008939460944e+00 8.967520128279058866e+00 8.972526482146134796e+00 8.976703394898779109e+00 8.980152672125518265e+00 8.982963937860370507e+00 8.985214193775224345e+00 8.986970683476901200e+00 8.988293583351076421e+00 8.989238071232952265e+00 8.989856315401933529e+00 8.990200207032598811e+00 8.990325986720018037e+00 8.990302096651410224e+00 8.990221163449939823e+00 8.990211033289776665e+00 8.990420647032534518e+00 8.990900985360203990e+00 8.991135391228016971e+00 8.988271670625531229e+00 8.967960372059794238e+00 8.941668839761526044e+00 8.910323355286180913e+00 8.870332627633182199e+00 8.848382546078752853e+00 1.000000000000000020e+30 1.000000000000000020e+30 1.000000000000000020e+30 1.000000000000000020e+30 1.000000000000000020e+30
1.000000000000000020e+30 1.000000000000000020e+30 1.000000000000000020e+30 1.000000000000000020e+30 1.000000000000000020e+30 1.000000000000000020e+30 1.000000000000000020e+30 1.000000000000000020e+30 1.000000000000000020e+30 1.000000000000000020e+30 1.000000000000000020e+30 1.000000000000000020e+30 1.000000000000000020e+30 1.000000000000000020e+30 1.000000000000000020e+30 8.813090399273576736e+00 8.827212723653859783e+00 8.840184244191165774e+00 8.854118352175667894e+00 8.867044533552492780e+00 8.879471674397052539e+00 8.891508962069336164e+00 8.902646914635804265e+00 8.912893801183274789e+00 8.922270803886213741e+00 8.930677497989808700e+00 8.938104506383504955e+00 8.944573890770787017e+00 8.950103885579098417e+00 8.954743063437900830e+00 8.958564360390235848e+00 8.961648824707525662e+00 8.964075297583040225e+00 8.965916173707521253e+00 8.967236118152044355e+00 8.968091625706550829e+00 8.968530509015055330e+00 8.968590966219592175e+00 8.968299914112142446e+00 8.967669984946965656e+00 8.966693815253982791e+00 8.965332604233303471e+00 8.963491589794283954e+00 8.960966821794311699e+00 8.957340209513315443e+00 8.951847111469360740e+00 8.943692662759271883e+00 8.926800947084895910e+00 8.904036805609111482e+00 8.877035585518187943e+00 8.847325972223289980e+00 8.821439824149331699e+00 8.795206050838688228e+00 1.000000000000000020e+30 1.000000000000000020e+30 1.000000000000000020e+30 1.000000000000000020e+30
1.000000000000000020e+30 1.000000000000000020e+30 1.000000000000000020e+30 1.000000000000000020e+30 1.000000000000000020e+30 1.000000000000000020e+30 1.000000000000000020e+30 1.000000000000000020e+30 1.000000000000000020e+30 1.000000000000000020e+30 1.000000000000000020e+30 1.000000000000000020e+30 1.000000000000000020e+30 1.000000000000000020e+30 8.777392660454632178e+00 8.794571618899054144e+00 8.809901307211362109e+00 8.824016935560820230e+00 8.837637286548295279e+00 8.850489088355358192e+00 8.862650178583336924e+00 8.874132151875267382e+00 8.884783958407375337e+00 8.894552283459933761e+00 8.903410715080745774e+00 8.911318094280124669e+00 8.918262648481048771e+00 8.924256078579483997e+00 8.929324063195128502e+00 8.933511687054593864e+00 8.936880691802258525e+00 8.939501698525234019e+00 8.941447092902681248e+00 8.942786124836707984e+00 8.943581610702004525e+00 8.943887297188464203e+00 8.943745142018077132e+00 8.943181790718794488e+00 8.942203142058943399e+00 8.940785074377229691e+00 8.938857218530960935e+00 8.936275361324032218e+00 8.932776708198586491e+00 8.927909992531462890e+00 8.920919827778812206e+00 8.914069113622565155e+00 8.903048866748717316e+00 8.886661710244544210e+00 8.865743883739243714e+00 8.841516799403700944e+00 8.815512484093281032e+00 8.789834819165177393e+00 8.763942224116309632e+00 8.736730178435605509e+00 1.000000000000000020e+30 1.000000000000000020e+30 1.000000000000000020e+30
1.000000000000000020e+30 1.000000000000000020e+30 1.000000000000000020e+30 1.000000000000000020e+30 1.000000000000000020e+30 1.000000000000000020e+30 1.000000000000000020e+30 1.000000000000000020e+30 1.000000000000000020e+30 1.000000000000000020e+30 1.000000000000000020e+30 1.000000000000000020e+30 1.000000000000000020e+30 8.735952395714960517e+00 8.755764901241724019e+00 8.773478438326399953e+00 8.789403217904206755e+00 8.803970370052232042e+00 8.817568581784696491e+00 8.830285898620712004e+00 8.842186527044335165e+00 8.853279764227750093e+00 8.863511885768604159e+00 8.872838390920534835e+00 8.881226602494770361e+00 8.888650197316788848e+00 8.895100670301578916e+00 8.900588656751839522e+00 8.905141691972120910e+00 8.908804008324045398e+00 8.911633873617409662e+00 8.913698608059789308e+00 8.915069134796878458e+00 8.915815047364819890e+00 8.916000260615499329e+00 8.915678951396648344e+00 8.914891384491943072e+00 8.913658937251339509e+00 8.911976852401222615e+00 8.909801808464765216e+00 8.907029549423588932e+00 8.903456722986467398e+00 8.898723618679623470e+00 8.892247117937481349e+00 8.885008007217065185e+00 8.875660031625905333e+00 8.862922182876321386e+00 8.846158614857133173e+00 8.825826632054972976e+00 8.802807692545837170e+00 8.778376478178802955e+00 8.753420680060552073e+00 8.728958572521642978e+00 8.704468975438905076e+00 8.683766886784519912e+00 1.000000000000000020e+30 1.000000000000000020e+30
1.000000000000000020e+30 1.000000000000000020e+30 1.000000000000000020e+30 1.000000000000000020e+30 1.000000000000000020e+30 1.000000000000000020e+30 1.000000000000000020e+30 1.000000000000000020e+30 1.000000000000000020e+30 1.000000000000000020e+30 1.000000000000000020e+30 1.000000000000000020e+30 8.689195121655775012e+00 8.711634589727784928e+00 8.731757800568603400e+00 8.749720894670728555e+00 8.765837779684460429e+00 8.780487233421116144e+00 8.793994305546629420e+00 8.806531577042713721e+00 8.818179619167796801e+00 8.828952997665489022e+00 8.838822632696446746e+00 8.847749868651446192e+00 8.855700909815428901e+00 8.862652512083410983e+00 8.868597860716318948e+00 8.873548554033391156e+00 8.877534020360375422e+00 8.880600185428928484e+00 8.882806770406826757e+00 8.884223260038682568e+00 8.884924150328977532e+00 8.884983937456128800e+00 8.884472038069555211e+00 8.883447745848744859e+00 8.881955330456840159e+00 8.880019123616536447e+00 8.877637403823726459e+00 8.874771567813017015e+00 8.871323389223574551e+00 8.867089363531372115e+00 8.861681080894909357e+00 8.854420111572526508e+00 8.846406478203997281e+00 8.835794097337295483e+00 8.821930304906796749e+00 8.804293956380547570e+00 8.783633059785966424e+00 8.760520318467481360e+00 8.736753104710045292e+00 8.711485338175270599e+00 8.688959888274430554e+00 8.663374011723231405e+00 8.639358679815373421e+00 1.000000000000000020e+30 1.000000000000000020e+30
1.000000000000000020e+30 1.000000000000000020e+30 1.000000000000000020e+30 1.000000000000000020e+30 1.000000000000000020e+30 1.000000000000000020e+30 1.000000000000000020e+30 1.000000000000000020e+30 1.000000000000000020e+30 1.000000000000000020e+30 1.000000000000000020e+30 8.636660194006042346e+00 8.662194515900027980e+00 8.685098560449585392e+00 8.705401995029776074e+00 8.723329870329141755e+00 8.739280509512205697e+00 8.753707179146006823e+00 8.766970259563846568e+00 8.779265410711902362e+00 8.790663071706637410e+00 8.801160346709803406e+00 8.810718366910734289e+00 8.819289534586381762e+00 8.826832914687321008e+00 8.833322163740925603e+00 8.838749909480197786e+00 8.843129075194546829e+00 8.846492142167939221e+00 8.848889313941961987e+00 8.850385743778337755e+00 8.851057857118775019e+00 8.850988851908232036e+00 8.850263442589339391e+00 8.848961977306167626e+00 8.847154346644959588e+00 8.844894562627251489e+00 8.842217150287455141e+00 8.839135720790251227e+00 8.835640943355063115e+00 8.831688292560098574e+00 8.827155333999117559e+00 8.821730127729949800e+00 8.814397083955647361e+00 8.805565560477957021e+00 8.794294835299924173e+00 8.779786387442401363e+00 8.760495763150050408e+00 8.738905725758870702e+00 8.713879912094776969e+00 8.691608657096443480e+00 8.661773904929045642e+00 8.626259282006472517e+00 8.595951836033021820e+00 8.565854483570880973e+00 8.524824205654105924e+00 1.000000000000000020e+30
1.000000000000000020e+30 1.000000000000000020e+30 1.000000000000000020e+30 1.000000000000000020e+30 1.000000000000000020e+30 1.000000000000000020e+30 1.000000000000000020e+30 1.000000000000000020e+30 1.000000000000000020e+30 1.000000000000000020e+30 8.576469058793946942e+00 8.606515073175401653e+00 8.633237078454351732e+00 8.656599964190681007e+00 8.676886913897176257e+00 8.694401383147102536e+00 8.709752518722183368e+00 8.723616044625655874e+00 8.736458578034117295e+00 8.748458923108081819e+00 8.759625165388177592e+00 8.769899240160686560e+00 8.779204881740550803e+00 8.787469794499431330e+00 8.794637628130130835e+00 8.800674242799136238e+00 8.805570106225056648e+00 8.809339972698964516e+00 8.812021033661988412e+00 8.813670424663481384e+00 8.814362360057971912e+00 8.814184740426922460e+00 8.813234859030103507e+00 8.811613798773269224e+00 8.809419366087855252e+00 8.806738123773794058e+00 8.803638370367277588e+00 8.800167537096722725e+00 8.796358291285969244e+00 8.792244928957122951e+00 8.787881812513067104e+00 8.783341508492929606e+00 8.778693124715077900e+00 8.771044530592350341e+00 8.762288398812435375e+00 8.751116898647964604e+00 8.737474394559898272e+00 8.714018299493799802e+00 8.692614876119622025e+00 8.659467629284927526e+00 8.623320397467862719e+00 8.588488829803756275e+00 8.553267113919607922e+00 8.523201782907023016e+00 8.498136662693868359e+00 8.478609179011311170e+00 1.000000000000000020e+30
1.000000000000000020e+30 1.000000000000000020e+30 1.000000000000000020e+30 1.000000000000000020e+30 1.000000000000000020e+30 1.000000000000000020e+30 1.000000000000000020e+30 1.000000000000000020e+30 1.000000000000000020e+30 8.498658490520561770e+00 8.541774527647632453e+00 8.575063418173424878e+00 8.603027889125556271e+00 8.626591780275777666e+00 8.646576836010881451e+00 8.663087289848059314e+00 8.677182155636145922e+00 8.690034400849363294e+00 8.702295216431611635e+00 8.714009161101879286e+00 8.725017060752401576e+00 8.735157353536864733e+00 8.744293805528878138e+00 8.752317049035024610e+00 8.759148675305040044e+00 8.764744008342834292e+00 8.769091379528234143e+00 8.772208979164265230e+00 8.774141016792427195e+00 8.774954306648540481e+00 8.774735474383721368e+00 8.773588237527164324e+00 8.771629747869557292e+00 8.768984825937403471e+00 8.765777193017052937e+00 8.762117838893299648e+00 8.758093003109815200e+00 8.753758367047703715e+00 8.749151168536144496e+00 8.744333241317617578e+00 8.739462179763384242e+00 8.734829615528957092e+00 8.730696774281906158e+00 8.723937255283095382e+00 8.716521480604864536e+00 8.705469902753810274e+00 8.700010061221519209e+00 8.660496298348141053e+00 8.623179070441215899e+00 8.586727986427346693e+00 8.548643092113504593e+00 8.510488369026097288e+00 8.469982799067107493e+00 8.440291571668190329e+00 8.419691691624475283e+00 8.407659508722225894e+00 1.000000000000000020e+30
1.000000000000000020e+30 1.000000000000000020e+30 1.000000000000000020e+30 1.000000000000000020e+30 1.000000000000000020e+30 1.000000000000000020e+30 1.000000000000000020e+30 1.000000000000000020e+30 8.555257418819872228e+00 8.529985422877704337e+00 8.512246723997977327e+00 8.544289361915385683e+00 8.572592557197500795e+00 8.595549871031000322e+00 8.615144181904121012e+00 8.629607825449916447e+00 8.641289560426871574e+00 8.652495152230848419e+00 8.664145088404495709e+00 8.675746474325197966e+00 8.686771123155777374e+00 8.696925813192565968e+00 8.706012344801543179e+00 8.713879735929570103e+00 8.720424325057875237e+00 8.725591249306923203e+00 8.729369530342497185e+00 8.731784373754960527e+00 8.732890228718847681e+00 8.732766262521272083e+00 8.731514196518512350e+00 8.729257286530932802e+00 8.726138494031616233e+00 8.722315486659516282e+00 8.717950078396953018e+00 8.713190519305003434e+00 8.708147962485952576e+00 8.702875827437338785e+00 8.697374967183892025e+00 8.691666157430882222e+00 8.685974455728985077e+00 8.680976910499738963e+00 8.677602531357633708e+00 8.672595218582854315e+00 8.669463530000003360e+00 8.649274588573049982e+00 8.618772844349813056e+00 8.584275728062957356e+00 8.547820147502250165e+00 8.510528988843541143e+00 8.468908751234019761e+00 8.429684144311885063e+00 8.370703947061887362e+00 8.343089855371129460e+00 8.327456592464265839e+00 8.319445255890316915e+00 1.000000000000000020e+30
1.000000000000000020e+30 1.000000000000000020e+30 1.000000000000000020e+30 1.000000000000000020e+30 1.000000000000000020e+30 1.000000000000000020e+30 1.000000000000000020e+30 8.598028497243056734e+00 8.575873801713498779e+00 8.549115094170295137e+00 8.510957164630287508e+00 8.512600128648355025e+00 8.542857249904187711e+00 8.563236044973356442e+00 8.584219988034432092e+00 8.594300087409523670e+00 8.601274725884772820e+00 8.609925263137819584e+00 8.621469607925897449e+00 8.633498869247624441e+00 8.644845042013361791e+00 8.655222654410371419e+00 8.664418821871093357e+00 8.672240337815022571e+00 8.678556339670745245e+00 8.683306276621280517e+00 8.686487210230948719e+00 8.688138022015717610e+00 8.688327723489594590e+00 8.687149879215622761e+00 8.684722298392522077e+00 8.681189684411849683e+00 8.676726020814015783e+00 8.671532763850624548e+00 8.665828132330315015e+00 8.659822060766618534e+00 8.653672518982435946e+00 8.647427235256527567e+00 8.640980455900839630e+00 8.634130375037369021e+00 8.626924601890602062e+00 8.620627246202948513e+00 8.615244765654349379e+00 8.614460852100009447e+00 8.588560460499417459e+00 8.564771209068799962e+00 8.536499209678865441e+00 8.504940091545870828e+00 8.468185230168398192e+00 8.433516411979510963e+00 8.381609048150377106e+00 8.363443272161246611e+00 8.378894349144294651e+00 8.374619691290734025e+00 8.368386150494448117e+00 8.364532593861815357e+00 1.000000000000000020e+30
1.000000000000000020e+30 1.000000000000000020e+30 1.000000000000000020e+30 1.000000000000000020e+30 1.000000000000000020e+30 1.000000000000000020e+30 8.632389677445017284e+00 8.615556488866406681e+00 8.596452731536425418e+00 8.574989793306562191e+00 8.552339752350127000e+00 8.538541618545089307e+00 8.518340390134373052e+00 8.525665541122950941e+00 8.559557961235050527e+00 8.557462323657521353e+00 8.554954319101909732e+00 8.559839096899516164e+00 8.573695521343813297e+00 8.587329961813134460e+00 8.599292175583833853e+00 8.610113803354737527e+00 8.619619629125811144e+00 8.627530997805516577e+00 8.633681357722576166e+00 8.638016714701389986e+00 8.640557579818302969e+00 8.641367898690962335e+00 8.640536607669877966e+00 8.638171855122138254e+00 8.634404868401286848e+00 8.629399510237808713e+00 8.623362834954665601e+00 8.616551220276067014e+00 8.609264993461236415e+00 8.601820413650049346e+00 8.594481890287427817e+00 8.587336525907851126e+00 8.580116909458462615e+00 8.572056290846425952e+00 8.562061538385394854e+00 8.550245146684817499e+00 8.532328680843821900e+00 8.518731762664438989e+00 8.500538609602232398e+00 8.479698157580250140e+00 8.452419139681857985e+00 8.425672558965951353e+00 8.381307373704242281e+00 8.368561823096269947e+00 8.389810674969991666e+00 8.394538237040196194e+00 8.401588199518432276e+00 8.402879102394450683e+00 8.401694912512960300e+00 8.400522232553409907e+00 1.000000000000000020e+30
1.000000000000000020e+30 1.000000000000000020e+30 1.000000000000000020e+30 1.000000000000000020e+30 1.000000000000000020e+30 8.655939584186466362e+00 8.644632254687952155e+00 8.630746637502198837e+00 8.614765849521278440e+00 8.597417368975760255e+00 8.580220576672520139e+00 8.566226116159269210e+00 8.554723721642510270e+00 8.554512094623795804e+00 8.566231965282822713e+00 8.516380811100914272e+00 8.496582086806933276e+00 8.496123753730165262e+00 8.521491219260541428e+00 8.538187201543662397e+00 8.550239853167013848e+00 8.561686226610731865e+00 8.571784903220081020e+00 8.579955639770952658e+00 8.585995176007138241e+00 8.589893643205407159e+00 8.591725660055923086e+00 8.591598355198996728e+00 8.589626141401820902e+00 8.585927758502130303e+00 8.580638281845509141e+00 8.573930292030444988e+00 8.566038052424454818e+00 8.557278700194999033e+00 8.548063398949986791e+00 8.538883534698250344e+00 8.530236812500222143e+00 8.522428744017783941e+00 8.515177321800994292e+00 8.506980282699869278e+00 8.494074110123044363e+00 8.470440636469311002e+00 8.440104991247117994e+00 8.422568832366376768e+00 8.410089296790001612e+00 8.395951175615584461e+00 8.362662196090960620e+00 8.358853739584576559e+00 8.385242552662129256e+00 8.395848754626561217e+00 8.409323027869831435e+00 8.418095834981102144e+00 8.424823932106011881e+00 8.428394503198706644e+00 8.429765147643715650e+00 8.430110988631104973e+00 1.000000000000000020e+30
1.000000000000000020e+30 1.000000000000000020e+30 1.000000000000000020e+30 1.000000000000000020e+30 1.000000000000000020e+30 8.662690423930428096e+00 8.654880465731142891e+00 8.643441955480090755e+00 8.629845618457885337e+00 8.615073260832152968e+00 8.600262602783002919e+00 8.586769311733027266e+00 8.575159342538354323e+00 8.566770855992604794e+00 8.557789442600697072e+00 8.533069678939854796e+00 8.512757508617912805e+00 8.496502368687210094e+00 8.473269436770330287e+00 8.489002009400612891e+00 8.497110425879499829e+00 8.509925420260207929e+00 8.521198924447316969e+00 8.529832842880360033e+00 8.535770225396502653e+00 8.539153741848165780e+00 8.540163676748862898e+00 8.538975224382769014e+00 8.535730992793583383e+00 8.530548175304970115e+00 8.523544516974659757e+00 8.514877269759297818e+00 8.504787013414631502e+00 8.493640996801248733e+00 8.481975786792826710e+00 8.470532880993330238e+00 8.460243245568625170e+00 8.452027928091938591e+00 8.446225048718620343e+00 8.441639183554189074e+00 8.431829551314402593e+00 8.388047698654350626e+00 8.330035374331796305e+00 8.316257985848817924e+00 8.316169432751504331e+00 8.326195697210314606e+00 8.361088835868551783e+00 8.379566216925855571e+00 8.399754446219844795e+00 8.415058025333550518e+00 8.428327612751067122e+00 8.438491084873444237e+00 8.446012540080650055e+00 8.450907413090268605e+00 8.453652851311167282e+00 8.454838698723143864e+00 1.000000000000000020e+30
1.000000000000000020e+30 1.000000000000000020e+30 1.000000000000000020e+30 1.000000000000000020e+30 8.680661717653796572e+00 8.672708274822870322e+00 8.664202064939393821e+00 8.653723398285736224e+00 8.641516970027691258e+00 8.628162739442359452e+00 8.614364161678340182e+00 8.600791008139028193e+00 8.587723443708807025e+00 8.574964284248331126e+00 8.560420420075615766e+00 8.540667799123065507e+00 8.520177204258772008e+00 8.499148247852550853e+00 8.474116480430064158e+00 8.442718646079892864e+00 8.434549908425672982e+00 8.454980523839083162e+00 8.468525627960890034e+00 8.477677354252074693e+00 8.483366148168585141e+00 8.486048900525231531e+00 8.486053841461878022e+00 8.483651382425573928e+00 8.479004914932605885e+00 8.472203986693006783e+00 8.463310054100450230e+00 8.452421366387003587e+00 8.439741803059126468e+00 8.425646617033679675e+00 8.410762975180322343e+00 8.396099089834143214e+00 8.383220108954624550e+00 8.374237528905132066e+00 8.371062301059563282e+00 8.376518724715104725e+00 8.398547951119892829e+00 8.329392208001927145e+00 8.281708639620944723e+00 8.305406947369457171e+00 8.323711874275598888e+00 8.344330729652897460e+00 8.370726747646475729e+00 8.393357826156472967e+00 8.413940913203621363e+00 8.431094606800774827e+00 8.445237777607749408e+00 8.456335298733492323e+00 8.464641430092344265e+00 8.470389179961294701e+00 8.473917081259314088e+00 8.475570860807632556e+00 1.000000000000000020e+30
1.000000000000000020e+30 1.000000000000000020e+30 1.000000000000000020e+30 1.000000000000000020e+30 8.684111036230030223e+00 8.678758131444148205e+00 8.670959897537791505e+00 8.661185222789516303e+00 8.649767776027241339e+00 8.637107396463511222e+00 8.623631060247129554e+00 8.609679907656396125e+00 8.595335647737208262e+00 8.580284050347378511e+00 8.563586896810429394e+00 8.544312715167039940e+00 8.523426426379854703e+00 8.501072061671413493e+00 8.476589653320921514e+00 8.450704482446395716e+00 8.428933483480358646e+00 8.402153341494694061e+00 8.415473424714006612e+00 8.424206792243033703e+00 8.429183442478064947e+00 8.430829111377475371e+00 8.429548936219388722e+00 8.425757437900486480e+00 8.419605372348156536e+00 8.411108770455539840e+00 8.400207923683652211e+00 8.386873405170042872e+00 8.371206998314860925e+00 8.353511984309644589e+00 8.334377829584976638e+00 8.314904739676837409e+00 8.297304241439112715e+00 8.285627320343575519e+00 8.282246654891073590e+00 8.289806316821177745e+00 8.310028419272970979e+00 8.244194563997719882e+00 8.264456485809548170e+00 8.294782404173309587e+00 8.323746829459693686e+00 8.351479385715254722e+00 8.378914589957194181e+00 8.403983543217572461e+00 8.426349210747709151e+00 8.444943722582149093e+00 8.460007542461450925e+00 8.471796485667676180e+00 8.480664709689188285e+00 8.486935322762064970e+00 8.490899324110978696e+00 8.492803179811039271e+00 1.000000000000000020e+30
1.000000000000000020e+30 1.000000000000000020e+30 1.000000000000000020e+30 8.692799118540024850e+00 8.688420056443403539e+00 8.682748910896631145e+00 8.675174594459203803e+00 8.665758011109524261e+00 8.654708166241695366e+00 8.642292828695834928e+00 8.628776564853000153e+00 8.614345277980037352e+00 8.599018695020225422e+00 8.582593398647979654e+00 8.564654717151864105e+00 8.544873434028092518e+00 8.523426862949468941e+00 8.500387208813647177e+00 8.475709888344965748e+00 8.449802521740396699e+00 8.423536139108181331e+00 8.394501043268029150e+00 8.362193218943779982e+00 8.369669070359432084e+00 8.373497664192413481e+00 8.373690188261731393e+00 8.370698305517771942e+00 8.365353707740569078e+00 8.357665286444085240e+00 8.347516466390935364e+00 8.334620391918402760e+00 8.318719221028013422e+00 8.299742719085267950e+00 8.277838071388504915e+00 8.253333284107064571e+00 8.226821064271735651e+00 8.200432718973088342e+00 8.183678696780216200e+00 8.177446044244579326e+00 8.185394138087596971e+00 8.180548366306341634e+00 8.171084967439488977e+00 8.231989656830142721e+00 8.280333421396248283e+00 8.319805520719452119e+00 8.353706801988083797e+00 8.384249603793538341e+00 8.412100555961261605e+00 8.437328955094963945e+00 8.457138868193107228e+00 8.472883990418846878e+00 8.485026903100447271e+00 8.494146114368009037e+00 8.500659163656468564e+00 8.504813379620625113e+00 8.506813787778130020e+00 1.000000000000000020e+30
1.000000000000000020e+30 1.000000000000000020e+30 1.000000000000000020e+30 8.692713376015921867e+00 8.689543901330443632e+00 8.684152807160552712e+00 8.676732478703952367e+00 8.667445029029217096e+00 8.656473743829579348e+00 8.644016443036118602e+00 8.630252159932499723e+00 8.615298636557366052e+00 8.599170598784855457e+00 8.581763508019408349e+00 8.562889365072408054e+00 8.542400025051009038e+00 8.520297205203988256e+00 8.496593383054547033e+00 8.471290681131311118e+00 8.444467959661198009e+00 8.416094729133684282e+00 8.385288021466454467e+00 8.351426753714719098e+00 8.313911939739726975e+00 8.316567783043790740e+00 8.314841303585387422e+00 8.309291455109843128e+00 8.302369684366096791e+00 8.293245732285960514e+00 8.281715202489108307e+00 8.267064874936187024e+00 8.248650141020910098e+00 8.226199320602319176e+00 8.199740629020160654e+00 8.169257394363606650e+00 8.133561738022942578e+00 8.088865369017057105e+00 8.066143319797539846e+00 8.053403227296138667e+00 8.047828740586957963e+00 8.050613351681686680e+00 8.114025582119758440e+00 8.206916677519455305e+00 8.269558311209912915e+00 8.316219054786657239e+00 8.354070622020859815e+00 8.387058605981046355e+00 8.417634633177470960e+00 8.448540015573115625e+00 8.468230986440422825e+00 8.484214994889468286e+00 8.496153118518996905e+00 8.505119799315307816e+00 8.511639715663461558e+00 8.515780007198470614e+00 8.517725746984933011e+00 1.000000000000000020e+30
1.000000000000000020e+30 1.000000000000000020e+30 1.000000000000000020e+30 8.691337365260357828e+00 8.688421733728745266e+00 8.683106219967926975e+00 8.675668247026207425e+00 8.666306895732446947e+00 8.655194911685594406e+00 8.642493780830891481e+00 8.628340607772894799e+00 8.612826261470422295e+00 8.595976755444873163e+00 8.577750691659312920e+00 8.558063450563125230e+00 8.536838011447693830e+00 8.514039818271101012e+00 8.489643003785831255e+00 8.463609581533447113e+00 8.435875979212482889e+00 8.406253408218958612e+00 8.374271419508284353e+00 8.339431459959142146e+00 8.301210292642215549e+00 8.259097321200671971e+00 8.254875820191182711e+00 8.244299205179002499e+00 8.236613528939354723e+00 8.226241653140396792e+00 8.214026285804282068e+00 8.198250571441787926e+00 8.177579144861109484e+00 8.151612336690426730e+00 8.120604634068000038e+00 8.085321425181207999e+00 8.044223613060767164e+00 8.037502105501745930e+00 8.021358344727751444e+00 8.002752186213328400e+00 7.980164937631625044e+00 7.943151744115482416e+00 1.000000000000000020e+30 1.000000000000000020e+30 1.000000000000000020e+30 1.000000000000000020e+30 1.000000000000000020e+30 1.000000000000000020e+30 1.000000000000000020e+30 8.465787018254218310e+00 8.477873826505007315e+00 8.494459809480488843e+00 8.505144656852047902e+00 8.513450206403485154e+00 8.519922504224361148e+00 8.523865334956354900e+00 8.525507731965387137e+00 1.000000000000000020e+30
1.000000000000000020e+30 1.000000000000000020e+30 8.689010465274519035e+00 8.688422709489406870e+00 8.685238146747442656e+00 8.679709022933291607e+00 8.672044105381532475e+00 8.662416187446723370e+00 8.650980256751518382e+00 8.637875563661248535e+00 8.623218817439655126e+00 8.607092640459731214e+00 8.589537013840882196e+00 8.570549619698379473e+00 8.550098499886830794e+00 8.528143003596277083e+00 8.504646242845941728e+00 8.479565017022197893e+00 8.452834907310720070e+00 8.424349781435349627e+00 8.393919244061102347e+00 8.361231934448387193e+00 8.325908707897802685e+00 8.287464691879854684e+00 8.245051575023765622e+00 8.196283826437003484e+00 8.171414574847295498e+00 8.168523397856997548e+00 8.156043379539228866e+00 8.144843934289648146e+00 8.129263848235506629e+00 8.106723366207832626e+00 8.076976830094279691e+00 8.040648656305711128e+00 8.002101625514550065e+00 7.999364127805941749e+00 7.990472008807635085e+00 7.973959540609626195e+00 7.951022933973822759e+00 7.921887520682366457e+00 7.891508163501081086e+00 1.000000000000000020e+30 1.000000000000000020e+30 1.000000000000000020e+30 1.000000000000000020e+30 1.000000000000000020e+30 1.000000000000000020e+30 1.000000000000000020e+30 1.000000000000000020e+30 1.000000000000000020e+30 8.505488922326858159e+00 8.511419519703508740e+00 8.518538733267167373e+00 8.525678454997168032e+00 8.529196052613649215e+00 8.529874896481777213e+00 1.000000000000000020e+30
1.000000000000000020e+30 1.000000000000000020e+30 8.685154768970383188e+00 8.683655141171607639e+00 8.679940837877500925e+00 8.673983152559371135e+00 8.665901054850586149e+00 8.655831929874720387e+00 8.643911031564352143e+00 8.630263198590219176e+00 8.614995831812748861e+00 8.598191944863575742e+00 8.579905317839905621e+00 8.560160215699649910e+00 8.538956529504101667e+00 8.516277649092419466e+00 8.492094568840778734e+00 8.466361818007998252e+00 8.439009220537306177e+00 8.409930832926573174e+00 8.378971617566095986e+00 8.345926427292173599e+00 8.310573711642398109e+00 8.272725139143229711e+00 8.232368657072973051e+00 8.190331483896907017e+00 8.151742516489781210e+00 8.104961027875722479e+00 8.079485585145482318e+00 8.074947849066331784e+00 8.062130772993404193e+00 8.037958065218154147e+00 8.003802763733848025e+00 7.957791016002358830e+00 7.958301136716724677e+00 7.955556888704159668e+00 7.945978896896445320e+00 7.927925107312129072e+00 7.900461015108096063e+00 7.859851338344106431e+00 1.000000000000000020e+30 1.000000000000000020e+30 1.000000000000000020e+30 1.000000000000000020e+30 1.000000000000000020e+30 1.000000000000000020e+30 1.000000000000000020e+30 1.000000000000000020e+30 1.000000000000000020e+30 1.000000000000000020e+30 1.000000000000000020e+30 1.000000000000000020e+30 1.000000000000000020e+30 8.530288804136075598e+00 8.532320780758629652e+00 1.000000000000000020e+30 1.000000000000000020e+30
1.000000000000000020e+30 8.676805447832066420e+00 8.678353056139011201e+00 8.676651487334538615e+00 8.672427093722486546e+00 8.665914553850543101e+00 8.657260079892921567e+00 8.646594526533034397e+00 8.634042435847245400e+00 8.619720871347798408e+00 8.603734870475609142e+00 8.586172843547380751e+00 8.567102850924388946e+00 8.546570779438599885e+00 8.524600648248023660e+00 8.501195913048047004e+00 8.476339643682736735e+00 8.449992466790812173e+00 8.422089655227205540e+00 8.392538959259153941e+00 8.361221937386694947e+00 8.328006271338185940e+00 8.292778796131907271e+00 8.255505072494548457e+00 8.216346862325194067e+00 8.175882490330529606e+00 8.135188826588024114e+00 8.092664615976904230e+00 8.053045690959299563e+00 8.008202693586465415e+00 8.001215155174861593e+00 7.974031758056363550e+00 7.937341623303048266e+00 7.900731117103326540e+00 7.912633682075296271e+00 7.913485573708634924e+00 7.904893924817287143e+00 7.886267878201459247e+00 7.858050517645428279e+00 7.831617640035252847e+00 1.000000000000000020e+30 1.000000000000000020e+30 1.000000000000000020e+30 1.000000000000000020e+30 1.000000000000000020e+30 1.000000000000000020e+30 1.000000000000000020e+30 1.000000000000000020e+30 1.000000000000000020e+30 1.000000000000000020e+30 1.000000000000000020e+30 1.000000000000000020e+30 1.000000000000000020e+30 1.000000000000000020e+30 1.000000000000000020e+30 1.000000000000000020e+30 1.000000000000000020e+30
1.000000000000000020e+30 8.670807574209147717e+00 8.670349375158428629e+00 8.667714155478590143e+00 8.662741741321013933e+00 8.655513049911338186e+00 8.646137741262862164e+00 8.634731141493507067e+00 8.621409194646028951e+00 8.606285237465964855e+00 8.589466624698758324e+00 8.571051090458647437e+00 8.551123015042303876e+00 8.529749795984830740e+00 8.506978440225987370e+00 8.482832427174415102e+00 8.457309074416237138e+00 8.430378122405301156e+00 8.401982574508387813e+00 8.372042685797111972e+00 8.340464494858370159e+00 8.307155758922755595e+00 8.272052519571269968e+00 8.235157287281079874e+00 8.196585998103120829e+00 8.156586868539438484e+00 8.115362396894655106e+00 8.072336597858033258e+00 8.026685899965455562e+00 7.970798007463696599e+00 7.955333647909028194e+00 7.914448351519909330e+00 7.865642011944328438e+00 7.863466300792525843e+00 7.872897781169384324e+00 7.875772848453729935e+00 7.868799492484193969e+00 7.849206208928727335e+00 7.808909293901999504e+00 1.000000000000000020e+30 1.000000000000000020e+30 1.000000000000000020e+30 1.000000000000000020e+30 1.000000000000000020e+30 1.000000000000000020e+30 1.000000000000000020e+30 1.000000000000000020e+30 1.000000000000000020e+30 1.000000000000000020e+30 1.000000000000000020e+30 1.000000000000000020e+30 1.000000000000000020e+30 1.000000000000000020e+30 1.000000000000000020e+30 1.000000000000000020e+30 1.000000000000000020e+30 1.000000000000000020e+30
8.657767483160359490e+00 8.660809894884648585e+00 8.660062347529876803e+00 8.656647328785496143e+00 8.650841461064583626e+00 8.642771235068407165e+00 8.632541607514804483e+00 8.620258158350901923e+00 8.606031032720492746e+00 8.589973189377438700e+00 8.572198094647781375e+00 8.552816770945348424e+00 8.531933781617441426e+00 8.509641654485113449e+00 8.486013699978549596e+00 8.461096199101021398e+00 8.434902244513450498e+00 8.407409940479707799e+00 8.378566116732674374e+00 8.348295104668508770e+00 8.316511640576841558e+00 8.283137228540715213e+00 8.248119300081256711e+00 8.211450882373442894e+00 8.173183966955491542e+00 8.133415636378487079e+00 8.092208074004741292e+00 8.049481093000315113e+00 8.005394571819143934e+00 7.961317670353850851e+00 7.929697320536218008e+00 7.857609379030311203e+00 7.815191399603943267e+00 7.809449977751786065e+00 7.834609140759256185e+00 7.842844303813541806e+00 7.840313205037787725e+00 7.827617803995449819e+00 7.791560553851080151e+00 1.000000000000000020e+30 1.000000000000000020e+30 1.000000000000000020e+30 1.000000000000000020e+30 1.000000000000000020e+30 1.000000000000000020e+30 1.000000000000000020e+30 1.000000000000000020e+30 1.000000000000000020e+30 1.000000000000000020e+30 1.000000000000000020e+30 1.000000000000000020e+30 1.000000000000000020e+30 1.000000000000000020e+30 1.000000000000000020e+30 1.000000000000000020e+30 1.000000000000000020e+30 1.000000000000000020e+30
8.650249809260879275e+00 8.650130330879006735e+00 8.647968465244547431e+00 8.643496793464361616e+00 8.636718040214521608e+00 8.627685611157083656e+00 8.616477426063191558e+00 8.603186663315762317e+00 8.587918858250914056e+00 8.570788943292816597e+00 8.551919632878496103e+00 8.531439505451666960e+00 8.509479140078354931e+00 8.486163611349919478e+00 8.461600544494281451e+00 8.435865337999929991e+00 8.408988773595526212e+00 8.380953683387076580e+00 8.351702005218474056e+00 8.321149306915350152e+00 8.289202762223641940e+00 8.255778645648335967e+00 8.220816423064356115e+00 8.184286762929618320e+00 8.146192326540802497e+00 8.106560094646566128e+00 8.065420887579543674e+00 8.022809698469037798e+00 7.978903461984406142e+00 7.934188208084863803e+00 7.889272595604435168e+00 7.834761977510546593e+00 7.790177921151401286e+00 7.784628500722098110e+00 7.808151130089965974e+00 7.815643769230476323e+00 7.815672876754615750e+00 7.817868449612229043e+00 8.067933422466929017e+00 1.000000000000000020e+30 1.000000000000000020e+30 1.000000000000000020e+30 1.000000000000000020e+30 1.000000000000000020e+30 1.000000000000000020e+30 1.000000000000000020e+30 1.000000000000000020e+30 1.000000000000000020e+30 1.000000000000000020e+30 1.000000000000000020e+30 1.000000000000000020e+30 1.000000000000000020e+30 1.000000000000000020e+30 1.000000000000000020e+30 1.000000000000000020e+30 1.000000000000000020e+30 1.000000000000000020e+30
8.638364538881265986e+00 8.637005293194757627e+00 8.633692143729531310e+00 8.628159422782609056e+00 8.620340841954019950e+00 8.610251925777319570e+00 8.597952652562923959e+00 8.583528041756705917e+00 8.567081427360559331e+00 8.548731384698408320e+00 8.528611995046839311e+00 8.506873531478458261e+00 8.483680378259469634e+00 8.459202366725973476e+00 8.433596441392538168e+00 8.406979684686787024e+00 8.379404020181228319e+00 8.350850019863491625e+00 8.321240236081937525e+00 8.290463518174380653e+00 8.258402030569543584e+00 8.224952846890914770e+00 8.190039700816139856e+00 8.153610546529648673e+00 8.115627085869030921e+00 8.076067695615584796e+00 8.034932983299649223e+00 7.992237368819537835e+00 7.948010201858586754e+00 7.902043725819444475e+00 7.853235581059387904e+00 7.796791767233950843e+00 7.788908607916927629e+00 7.787453042979366025e+00 7.792651474424259206e+00 7.792451693490145992e+00 7.778942919299081993e+00 7.713309209900272023e+00 1.000000000000000020e+30 1.000000000000000020e+30 1.000000000000000020e+30 1.000000000000000020e+30 1.000000000000000020e+30 1.000000000000000020e+30 1.000000000000000020e+30 1.000000000000000020e+30 1.000000000000000020e+30 1.000000000000000020e+30 1.000000000000000020e+30 1.000000000000000020e+30 1.000000000000000020e+30 1.000000000000000020e+30 1.000000000000000020e+30 1.000000000000000020e+30 1.000000000000000020e+30 1.000000000000000020e+30 1.000000000000000020e+30
8.623332338030136768e+00 8.621325597112335259e+00 8.617121060539290056e+00 8.610590571649607838e+00 8.601702401891438754e+00 8.590479834773793399e+00 8.576984310572024484e+00 8.561300771335854876e+00 8.543532882461484235e+00 8.523802660960944522e+00 8.502255088278079853e+00 8.479064516233773219e+00 8.454438118843839334e+00 8.428609122608843762e+00 8.401811030130959423e+00 8.374228107053960812e+00 8.345939740719643396e+00 8.316910967558092338e+00 8.287020638008042894e+00 8.256103839351251139e+00 8.223996121932421133e+00 8.190563655508849905e+00 8.155717044643127522e+00 8.119392359051941455e+00 8.081508034322204992e+00 8.041989239020995939e+00 8.000816145714725991e+00 7.957983364209868959e+00 7.913627170945673583e+00 7.867506556417921182e+00 7.819607579347747972e+00 7.770446427753520346e+00 7.776044977760290244e+00 7.778512450175807835e+00 7.780281857055911132e+00 7.776201916054604091e+00 7.759563290422320847e+00 7.718953010665530634e+00 1.000000000000000020e+30 1.000000000000000020e+30 1.000000000000000020e+30 1.000000000000000020e+30 1.000000000000000020e+30 1.000000000000000020e+30 1.000000000000000020e+30 1.000000000000000020e+30 1.000000000000000020e+30 1.000000000000000020e+30 1.000000000000000020e+30 1.000000000000000020e+30 1.000000000000000020e+30 1.000000000000000020e+30 1.000000000000000020e+30 1.000000000000000020e+30 1.000000000000000020e+30 1.000000000000000020e+30 1.000000000000000020e+30
8.605776129613570191e+00 8.603309797739001397e+00 8.598335287304673002e+00 8.590834769488349565e+00 8.580838626040597106e+00 8.568402920758837027e+00 8.553605246176259058e+00 8.536536620031091260e+00 8.517300878603062841e+00 8.496018945375677589e+00 8.472840538603744420e+00 8.447960975213813839e+00 8.421637353592013042e+00 8.394192425524259704e+00 8.365986074115198790e+00 8.337325625233622972e+00 8.308327543529051340e+00 8.278913207641661387e+00 8.248875306762753823e+00 8.217950861791615935e+00 8.185898582692953340e+00 8.152539890854987092e+00 8.117791295262245299e+00 8.081620355717815229e+00 8.043878419414113523e+00 8.004390017846118255e+00 7.963156628521777414e+00 7.920027412495184826e+00 7.875766723361389943e+00 7.829499255770670629e+00 7.782001434946136165e+00 7.749231330002921858e+00 7.761152497822836338e+00 7.767975016541050159e+00 7.771331221665524147e+00 7.768332628852943067e+00 7.756032865160904066e+00 7.732516181778697373e+00 1.000000000000000020e+30 1.000000000000000020e+30 1.000000000000000020e+30 1.000000000000000020e+30 1.000000000000000020e+30 1.000000000000000020e+30 1.000000000000000020e+30 1.000000000000000020e+30 1.000000000000000020e+30 1.000000000000000020e+30 1.000000000000000020e+30 1.000000000000000020e+30 1.000000000000000020e+30 1.000000000000000020e+30 1.000000000000000020e+30 1.000000000000000020e+30 1.000000000000000020e+30 1.000000000000000020e+30 1.000000000000000020e+30
8.586126578377994534e+00 8.583238877531949029e+00 8.577504737894050990e+00 8.568999019922042493e+00 8.557822878649142595e+00 8.544077563046881707e+00 8.527864991474942258e+00 8.509284269448732729e+00 8.488434613589912914e+00 8.465424240729777949e+00 8.440391070695000053e+00 8.413535580180417028e+00 8.385161337087044586e+00 8.355709553004546208e+00 8.325756544644933754e+00 8.295871278884819233e+00 8.266211676726960889e+00 8.236589084460421262e+00 8.206636924135356281e+00 8.175916650017157394e+00 8.144068993786088839e+00 8.110838148735023623e+00 8.076190475646006561e+00 8.040292497664855986e+00 8.002839596735972449e+00 7.963352679098536946e+00 7.922184746237650010e+00 7.877973038295811747e+00 7.834665858633840685e+00 7.787465013644485623e+00 7.723839230229435415e+00 7.737435318070917667e+00 7.748499949796960884e+00 7.758087215450102825e+00 7.766101185563950793e+00 7.767198834160644161e+00 7.760366166040707725e+00 1.000000000000000020e+30 1.000000000000000020e+30 1.000000000000000020e+30 1.000000000000000020e+30 1.000000000000000020e+30 1.000000000000000020e+30 1.000000000000000020e+30 1.000000000000000020e+30 1.000000000000000020e+30 1.000000000000000020e+30 1.000000000000000020e+30 1.000000000000000020e+30 1.000000000000000020e+30 1.000000000000000020e+30 1.000000000000000020e+30 1.000000000000000020e+30 1.000000000000000020e+30 1.000000000000000020e+30 1.000000000000000020e+30 1.000000000000000020e+30
8.564772720665429162e+00 8.561418384873093146e+00 8.554841631312848804e+00 8.545224062962649469e+00 8.532749908290282903e+00 8.517573430312410210e+00 8.499824467913223103e+00 8.479608733996908398e+00 8.457011425689668016e+00 8.432107459850705311e+00 8.404990396353682058e+00 8.375825754377979493e+00 8.344929493475468973e+00 8.312864301926270016e+00 8.280565812014231142e+00 8.249268658258513298e+00 8.219107916438805006e+00 8.189616237048610969e+00 8.160161666076421128e+00 8.129978594864434527e+00 8.098565495084882215e+00 8.065470500306826551e+00 8.030731367376596097e+00 7.995385101243233983e+00 7.958675082216734253e+00 7.918812876991949246e+00 7.879051774371518491e+00 7.829639391937916137e+00 7.791627104966424078e+00 7.755176060283647033e+00 7.720134723597508852e+00 7.725625091457366977e+00 7.734622432728983199e+00 7.747140095587914388e+00 7.765367632763825689e+00 7.772009017818596099e+00 7.770244391917275451e+00 1.000000000000000020e+30 1.000000000000000020e+30 1.000000000000000020e+30 1.000000000000000020e+30 1.000000000000000020e+30 1.000000000000000020e+30 1.000000000000000020e+30 1.000000000000000020e+30 1.000000000000000020e+30 1.000000000000000020e+30 1.000000000000000020e+30 1.000000000000000020e+30 1.000000000000000020e+30 1.000000000000000020e+30 1.000000000000000020e+30 1.000000000000000020e+30 1.000000000000000020e+30 1.000000000000000020e+30 1.000000000000000020e+30 1.000000000000000020e+30
8.542146421697513148e+00 8.538189149070900541e+00 8.530579423547868245e+00 8.519659620001972300e+00 8.505715685121721492e+00 8.488957951734143137e+00 8.469544038694980514e+00 8.447584138063644943e+00 8.423138689044010974e+00 8.396220500831731215e+00 8.366825761663745809e+00 8.335007000154867285e+00 8.300996812772046596e+00 8.265353693973818139e+00 8.229447020013349601e+00 8.196576076937590827e+00 8.166356154137364598e+00 8.137603303707372504e+00 8.109389016133146555e+00 8.080222320585093598e+00 8.049673994182336756e+00 8.016158248818593179e+00 7.979429209759709707e+00 7.945176705968018283e+00 7.910836466611989692e+00 7.866953465205808627e+00 7.838469079716406718e+00 7.824294717994138892e+00 7.799786889799169565e+00 7.772751525122504113e+00 7.743765774312682204e+00 7.738986895511272834e+00 7.749920414961838588e+00 7.754521371870866098e+00 7.773221893931175686e+00 7.782684363843569209e+00 7.785494289825112268e+00 7.785645987325405137e+00 1.000000000000000020e+30 1.000000000000000020e+30 1.000000000000000020e+30 1.000000000000000020e+30 1.000000000000000020e+30 1.000000000000000020e+30 1.000000000000000020e+30 1.000000000000000020e+30 1.000000000000000020e+30 1.000000000000000020e+30 1.000000000000000020e+30 1.000000000000000020e+30 1.000000000000000020e+30 1.000000000000000020e+30 1.000000000000000020e+30 1.000000000000000020e+30 1.000000000000000020e+30 1.000000000000000020e+30 1.000000000000000020e+30
8.518814507107823175e+00 8.513944621230443488e+00 8.504950083710815179e+00 8.492435291718845036e+00 8.476793095899791908e+00 8.458275827261433122e+00 8.437063787951286642e+00 8.413275485430490974e+00 8.386943978508726971e+00 8.357989061920173768e+00 8.326236880045334132e+00 8.291503692762649536e+00 8.253793495208814335e+00 8.213176200142537908e+00 8.170336388534430228e+00 8.136252590932574691e+00 8.107135784614449392e+00 8.080030470496208039e+00 8.051926560570642266e+00 8.023147028434994610e+00 7.993687964084157827e+00 7.961061949145889827e+00 7.914994770862671558e+00 7.885689645986844631e+00 7.864569905831163332e+00 7.859189776795651561e+00 7.842782222596579089e+00 7.826859904417654334e+00 7.808622348476593089e+00 7.790454455641113718e+00 7.775022361904420087e+00 7.768702627724823451e+00 7.768277709774584316e+00 7.769235566083055211e+00 7.787625349376090078e+00 7.798100561219855287e+00 7.801623067942976775e+00 7.798764543585321896e+00 1.000000000000000020e+30 1.000000000000000020e+30 1.000000000000000020e+30 1.000000000000000020e+30 1.000000000000000020e+30 1.000000000000000020e+30 1.000000000000000020e+30 1.000000000000000020e+30 1.000000000000000020e+30 1.000000000000000020e+30 1.000000000000000020e+30 1.000000000000000020e+30 1.000000000000000020e+30 1.000000000000000020e+30 1.000000000000000020e+30 1.000000000000000020e+30 1.000000000000000020e+30 1.000000000000000020e+30 1.000000000000000020e+30
8.495653463208546086e+00 8.489120132299273536e+00 8.478126005526508635e+00 8.463615906284999824e+00 8.446004475788866372e+00 8.425526643656880310e+00 8.402375337383496401e+00 8.376702541426279680e+00 8.348541271271615827e+00 8.317698744508049913e+00 8.283747514175665572e+00 8.246070312002443004e+00 8.204565020975888245e+00 8.158264834357671802e+00 8.097490357157521856e+00 8.065962659360430109e+00 8.038773290110828640e+00 8.011163588604132357e+00 7.981196632641307076e+00 7.952151968043052577e+00 7.925085264036079380e+00 7.903843940910049604e+00 7.903679306074308464e+00 7.888172911625320083e+00 7.872019088548610988e+00 7.859708208549164077e+00 7.844975583089509819e+00 7.830191264969923459e+00 7.816060831064981507e+00 7.804019569865956463e+00 7.795184962122717387e+00 7.789737957957969527e+00 7.782756646957365021e+00 7.789220626674133285e+00 7.807964774766179339e+00 7.818626401379638935e+00 7.822413327293435081e+00 7.818238744751877967e+00 1.000000000000000020e+30 1.000000000000000020e+30 1.000000000000000020e+30 1.000000000000000020e+30 1.000000000000000020e+30 1.000000000000000020e+30 1.000000000000000020e+30 1.000000000000000020e+30 1.000000000000000020e+30 1.000000000000000020e+30 1.000000000000000020e+30 1.000000000000000020e+30 1.000000000000000020e+30 1.000000000000000020e+30 1.000000000000000020e+30 1.000000000000000020e+30 1.000000000000000020e+30 1.000000000000000020e+30 1.000000000000000020e+30
8.474292332648417414e+00 8.464015952538186838e+00 8.450065714142365181e+00 8.433137532602186681e+00 8.413303081766487779e+00 8.390651528824582428e+00 8.365387398354483750e+00 8.337775583613527886e+00 8.307955593109602077e+00 8.275630835147749664e+00 8.240075499598738418e+00 8.199533782466810194e+00 8.155178224845162305e+00 8.112835032191739515e+00 8.064000314679988790e+00 8.057737764744210551e+00 8.039968523567452507e+00 8.016541073688189911e+00 7.989571556026734633e+00 7.962016972526997804e+00 7.935901897236292690e+00 7.915625601692988234e+00 7.904551107775085406e+00 7.890574938922231496e+00 7.875781423225692635e+00 7.861504009304603358e+00 7.846339532726152477e+00 7.832231270167739901e+00 7.821107755816385065e+00 7.814184177241909168e+00 7.811280482423220484e+00 7.810530753782355617e+00 7.807494156597158508e+00 7.821157155901237168e+00 7.834491278959180960e+00 7.844260901905051320e+00 7.849515526769115681e+00 7.849377528601490184e+00 1.000000000000000020e+30 1.000000000000000020e+30 1.000000000000000020e+30 1.000000000000000020e+30 1.000000000000000020e+30 1.000000000000000020e+30 1.000000000000000020e+30 1.000000000000000020e+30 1.000000000000000020e+30 1.000000000000000020e+30 1.000000000000000020e+30 1.000000000000000020e+30 1.000000000000000020e+30 1.000000000000000020e+30 1.000000000000000020e+30 1.000000000000000020e+30 1.000000000000000020e+30 1.000000000000000020e+30 1.000000000000000020e+30
8.458444097997270816e+00 8.437811446628384004e+00 8.420195550081148284e+00 8.400768929222738990e+00 8.378603802631706898e+00 8.353555250550579458e+00 8.325893934318628453e+00 8.296184261044974306e+00 8.264983788549109534e+00 8.231884515814467562e+00 8.194284471123658875e+00 8.147126899646195852e+00 8.089853672289056163e+00 8.059009539298248370e+00 8.061118731886939059e+00 8.055743124705369240e+00 8.042246581291266239e+00 8.021493332604540782e+00 7.997418204033085232e+00 7.973929618815946085e+00 7.945347320498750143e+00 7.920613482915229042e+00 7.906975799296604102e+00 7.894239555358768534e+00 7.881002754327882442e+00 7.864088696345408636e+00 7.849043249967709635e+00 7.836096465506360076e+00 7.827975218882353481e+00 7.823908329054945376e+00 7.827573874315597813e+00 7.834087682397868235e+00 7.841046658604347463e+00 7.851509822233836644e+00 7.862789101934986036e+00 7.872734104254201171e+00 7.880441749671113882e+00 7.885633544432962161e+00 1.000000000000000020e+30 1.000000000000000020e+30 1.000000000000000020e+30 1.000000000000000020e+30 1.000000000000000020e+30 1.000000000000000020e+30 1.000000000000000020e+30 1.000000000000000020e+30 1.000000000000000020e+30 1.000000000000000020e+30 1.000000000000000020e+30 1.000000000000000020e+30 1.000000000000000020e+30 1.000000000000000020e+30 1.000000000000000020e+30 1.000000000000000020e+30 1.000000000000000020e+30 1.000000000000000020e+30 1.000000000000000020e+30
1.000000000000000020e+30 8.403784278952096898e+00 8.387314307359373444e+00 8.366301767218693897e+00 8.341940660902084304e+00 8.314207897712737605e+00 8.283568462217532513e+00 8.251187940738331505e+00 8.217479814745216160e+00 8.177589985300180331e+00 8.134664987648250190e+00 8.073556298254562336e+00 8.077440013666139507e+00 8.066877094152648198e+00 8.063033137599498801e+00 8.058006728853420952e+00 8.050332884075446671e+00 8.023009535737198661e+00 7.995033259793382641e+00 7.983927071104822915e+00 1.000000000000000020e+30 7.915365506320495292e+00 7.907720851903746073e+00 7.898423381181470582e+00 7.890911268080457397e+00 1.000000000000000020e+30 1.000000000000000020e+30 1.000000000000000020e+30 7.837279687589771449e+00 7.838092816573791310e+00 7.844990445688028835e+00 7.857940007633079205e+00 7.868471666176039214e+00 7.879257051144002766e+00 7.890735952821362531e+00 7.901864412463857512e+00 7.912403283530359488e+00 7.923969841040974238e+00 7.943456882020840659e+00 1.000000000000000020e+30 1.000000000000000020e+30 1.000000000000000020e+30 1.000000000000000020e+30 1.000000000000000020e+30 1.000000000000000020e+30 1.000000000000000020e+30 1.000000000000000020e+30 1.000000000000000020e+30 1.000000000000000020e+30 1.000000000000000020e+30 1.000000000000000020e+30 1.000000000000000020e+30 1.000000000000000020e+30 1.000000000000000020e+30 1.000000000000000020e+30 1.000000000000000020e+30 1.000000000000000020e+30
1.000000000000000020e+30 8.381384866061710071e+00 8.354121999936108267e+00 8.330316532974606503e+00 8.303775759843588844e+00 8.272879660275547664e+00 8.238084178049962958e+00 8.198654995430780801e+00 8.154950341442496864e+00 8.074561329466881432e+00 7.996145887949611009e+00 8.046417604666190826e+00 8.065600405902763725e+00 8.066848866834083864e+00 8.063066188384990340e+00 8.058082094158447006e+00 8.054885796236241902e+00 1.000000000000000020e+30 1.000000000000000020e+30 1.000000000000000020e+30 1.000000000000000020e+30 1.000000000000000020e+30 1.000000000000000020e+30 1.000000000000000020e+30 1.000000000000000020e+30 1.000000000000000020e+30 1.000000000000000020e+30 1.000000000000000020e+30 7.844155140893161793e+00 7.848980928132972323e+00 7.866009909991282356e+00 7.881118657432553576e+00 7.892339281364213477e+00 7.904637191611890046e+00 7.917453418397652598e+00 7.930099620337225375e+00 7.941945969583515286e+00 7.953093062843006322e+00 7.963493667514938146e+00 1.000000000000000020e+30 1.000000000000000020e+30 1.000000000000000020e+30 1.000000000000000020e+30 1.000000000000000020e+30 1.000000000000000020e+30 1.000000000000000020e+30 1.000000000000000020e+30 1.000000000000000020e+30 1.000000000000000020e+30 1.000000000000000020e+30 1.000000000000000020e+30 1.000000000000000020e+30 1.000000000000000020e+30 1.000000000000000020e+30 1.000000000000000020e+30 1.000000000000000020e+30 1.000000000000000020e+30
1.000000000000000020e+30 1.000000000000000020e+30 8.312593270661743361e+00 8.292176866320916773e+00 8.265066860642100721e+00 8.230089988592965256e+00 8.186716487830516087e+00 8.121755595219799062e+00 8.063006730539322930e+00 8.064488996641275165e+00 8.031438786515593620e+00 8.041030397862122925e+00 1.000000000000000020e+30 1.000000000000000020e+30 1.000000000000000020e+30 1.000000000000000020e+30 1.000000000000000020e+30 1.000000000000000020e+30 1.000000000000000020e+30 1.000000000000000020e+30 1.000000000000000020e+30 1.000000000000000020e+30 1.000000000000000020e+30 1.000000000000000020e+30 1.000000000000000020e+30 1.000000000000000020e+30 1.000000000000000020e+30 1.000000000000000020e+30 1.000000000000000020e+30 1.000000000000000020e+30 7.888939972929136957e+00 7.899559618152721896e+00 7.913078410132881935e+00 7.927583906202236186e+00 7.942858917625029491e+00 7.957740282104561302e+00 7.970880056528700131e+00 7.981738638787692963e+00 7.989721887890099516e+00 1.000000000000000020e+30 1.000000000000000020e+30 1.000000000000000020e+30 1.000000000000000020e+30 1.000000000000000020e+30 1.000000000000000020e+30 1.000000000000000020e+30 1.000000000000000020e+30 1.000000000000000020e+30 1.000000000000000020e+30 1.000000000000000020e+30 1.000000000000000020e+30 1.000000000000000020e+30 1.000000000000000020e+30 1.000000000000000020e+30 1.000000000000000020e+30 1.000000000000000020e+30 1.000000000000000020e+30
1.000000000000000020e+30 1.000000000000000020e+30 8.286579914745310305e+00 8.254693009315586139e+00 8.224761142775614431e+00 8.181319902028743485e+00 8.122304678023009927e+00 8.119029378276639619e+00 8.091328449992950311e+00 8.077400145264849840e+00 1.000000000000000020e+30 1.000000000000000020e+30 1.000000000000000020e+30 1.000000000000000020e+30 1.000000000000000020e+30 1.000000000000000020e+30 1.000000000000000020e+30 1.000000000000000020e+30 1.000000000000000020e+30 1.000000000000000020e+30 1.000000000000000020e+30 1.000000000000000020e+30 1.000000000000000020e+30 1.000000000000000020e+30 1.000000000000000020e+30 1.000000000000000020e+30 1.000000000000000020e+30 1.000000000000000020e+30 1.000000000000000020e+30 1.000000000000000020e+30 1.000000000000000020e+30 7.916807113482250635e+00 7.932241129795816192e+00 7.949082595176048649e+00 7.967262811113027254e+00 7.985809309625734542e+00 8.000860485675140410e+00 8.012098142175531734e+00 8.018188864191611032e+00 1.000000000000000020e+30 1.000000000000000020e+30 1.000000000000000020e+30 1.000000000000000020e+30 1.000000000000000020e+30 1.000000000000000020e+30 1.000000000000000020e+30 1.000000000000000020e+30 1.000000000000000020e+30 1.000000000000000020e+30 1.000000000000000020e+30 1.000000000000000020e+30 1.000000000000000020e+30 1.000000000000000020e+30 1.000000000000000020e+30 1.000000000000000020e+30 1.000000000000000020e+30 1.000000000000000020e+30
1.000000000000000020e+30 1.000000000000000020e+30 1.000000000000000020e+30 8.201793309858638636e+00 8.176456126706002081e+00 8.105605205603813701e+00 8.115962260269387940e+00 8.115928353966694431e+00 8.105221438634298892e+00 1.000000000000000020e+30 1.000000000000000020e+30 1.000000000000000020e+30 1.000000000000000020e+30 1.000000000000000020e+30 1.000000000000000020e+30 1.000000000000000020e+30 1.000000000000000020e+30 1.000000000000000020e+30 1.000000000000000020e+30 1.000000000000000020e+30 1.000000000000000020e+30 1.000000000000000020e+30 1.000000000000000020e+30 1.000000000000000020e+30 1.000000000000000020e+30 1.000000000000000020e+30 1.000000000000000020e+30 1.000000000000000020e+30 1.000000000000000020e+30 1.000000000000000020e+30 1.000000000000000020e+30 1.000000000000000020e+30 7.952106235718655824e+00 7.971509390540972184e+00 7.992332184895071912e+00 8.016134666626973271e+00 8.033486357270986034e+00 8.046501842481271538e+00 8.050150283377149663e+00 1.000000000000000020e+30 1.000000000000000020e+30 1.000000000000000020e+30 1.000000000000000020e+30 1.000000000000000020e+30 1.000000000000000020e+30 1.000000000000000020e+30 1.000000000000000020e+30 1.000000000000000020e+30 1.000000000000000020e+30 1.000000000000000020e+30 1.000000000000000020e+30 1.000000000000000020e+30 1.000000000000000020e+30 1.000000000000000020e+30 1.000000000000000020e+30 1.000000000000000020e+30 1.000000000000000020e+30
1.000000000000000020e+30 1.000000000000000020e+30 1.000000000000000020e+30 8.153522016859078292e+00 8.133492126503446329e+00 8.120853733133449381e+00 8.120025537622790779e+00 8.119157277962825603e+00 1.000000000000000020e+30 1.000000000000000020e+30 1.000000000000000020e+30 1.000000000000000020e+30 1.000000000000000020e+30 1.000000000000000020e+30 1.000000000000000020e+30 1.000000000000000020e+30 1.000000000000000020e+30 1.000000000000000020e+30 1.000000000000000020e+30 1.000000000000000020e+30 1.000000000000000020e+30 1.000000000000000020e+30 1.000000000000000020e+30 1.000000000000000020e+30 1.000000000000000020e+30 1.000000000000000020e+30 1.000000000000000020e+30 1.000000000000000020e+30 1.000000000000000020e+30 1.000000000000000020e+30 1.000000000000000020e+30 1.000000000000000020e+30 1.000000000000000020e+30 7.996202156881654588e+00 8.022901097378458246e+00 8.049919466982075278e+00 8.069341321900543207e+00 8.089222782540923973e+00 8.085207937899815178e+00 1.000000000000000020e+30 1.000000000000000020e+30 1.000000000000000020e+30 1.000000000000000020e+30 1.000000000000000020e+30 1.000000000000000020e+30 1.000000000000000020e+30 1.000000000000000020e+30 1.000000000000000020e+30 1.000000000000000020e+30 1.000000000000000020e+30 1.000000000000000020e+30 1.000000000000000020e+30 1.000000000000000020e+30 1.000000000000000020e+30 1.000000000000000020e+30 1.000000000000000020e+30 1.000000000000000020e+30
1.000000000000000020e+30 1.000000000000000020e+30 1.000000000000000020e+30 1.000000000000000020e+30 8.132435588417504135e+00 8.125136534840654789e+00 8.123758639508231738e+00 1.000000000000000020e+30 1.000000000000000020e+30 1.000000000000000020e+30 1.000000000000000020e+30 1.000000000000000020e+30 1.000000000000000020e+30 1.000000000000000020e+30 1.000000000000000020e+30 1.000000000000000020e+30 1.000000000000000020e+30 1.000000000000000020e+30 1.000000000000000020e+30 1.000000000000000020e+30 1.000000000000000020e+30 1.000000000000000020e+30 1.000000000000000020e+30 1.000000000000000020e+30 1.000000000000000020e+30 1.000000000000000020e+30 1.000000000000000020e+30 1.000000000000000020e+30 1.000000000000000020e+30 1.000000000000000020e+30 1.000000000000000020e+30 1.000000000000000020e+30 1.000000000000000020e+30 1.000000000000000020e+30 8.054165576539073612e+00 8.079013510960756150e+00 8.102004798613839043e+00 8.154836779728999119e+00 8.118874895946461834e+00 1.000000000000000020e+30 1.000000000000000020e+30 1.000000000000000020e+30 1.000000000000000020e+30 1.000000000000000020e+30 1.000000000000000020e+30 1.000000000000000020e+30 1.000000000000000020e+30 1.000000000000000020e+30 1.000000000000000020e+30 1.000000000000000020e+30 1.000000000000000020e+30 1.000000000000000020e+30 1.000000000000000020e+30 1.000000000000000020e+30 1.000000000000000020e+30 1.000000000000000020e+30 1.000000000000000020e+30
1.000000000000000020e+30 1.000000000000000020e+30 1.000000000000000020e+30 1.000000000000000020e+30 8.136784093506186366e+00 1.000000000000000020e+30 1.000000000000000020e+30 1.000000000000000020e+30 1.000000000000000020e+30 1.000000000000000020e+30 1.000000000000000020e+30 1.000000000000000020e+30 1.000000000000000020e+30 1.000000000000000020e+30 1.000000000000000020e+30 1.000000000000000020e+30 1.000000000000000020e+30 1.000000000000000020e+30 1.000000000000000020e+30 1.000000000000000020e+30 1.000000000000000020e+30 1.000000000000000020e+30 1.000000000000000020e+30 1.000000000000000020e+30 1.000000000000000020e+30 1.000000000000000020e+30 1.000000000000000020e+30 1.000000000000000020e+30 1.000000000000000020e+30 1.000000000000000020e+30 1.000000000000000020e+30 1.000000000000000020e+30 1.000000000000000020e+30 1.000000000000000020e+30 1.000000000000000020e+30 8.089802633515700947e+00 8.097996289354384203e+00 1.000000000000000020e+30 1.000000000000000020e+30 1.000000000000000020e+30 1.000000000000000020e+30 1.000000000000000020e+30 1.000000000000000020e+30 1.000000000000000020e+30 1.000000000000000020e+30 1.000000000000000020e+30 1.000000000000000020e+30 1.000000000000000020e+30 1.000000000000000020e+30 1.000000000000000020e+30 1.000000000000000020e+30 1.000000000000000020e+30 1.000000000000000020e+30 1.000000000000000020e+30 1.000000000000000020e+30 1.000000000000000020e+30 1.000000000000000020e+30
