1.000000000000000020e+30 1.000000000000000020e+30 1.000000000000000020e+30 1.000000000000000020e+30 1.000000000000000020e+30 1.000000000000000020e+30 1.000000000000000020e+30 1.000000000000000020e+30 1.000000000000000020e+30 1.000000000000000020e+30 1.000000000000000020e+30 1.000000000000000020e+30 1.000000000000000020e+30 1.000000000000000020e+30 1.000000000000000020e+30 1.000000000000000020e+30 1.000000000000000020e+30 1.000000000000000020e+30 1.000000000000000020e+30 1.000000000000000020e+30 1.000000000000000020e+30 1.000000000000000020e+30 1.000000000000000020e+30 1.000000000000000020e+30 1.000000000000000020e+30 1.000000000000000020e+30 1.000000000000000020e+30 1.000000000000000020e+30 1.000000000000000020e+30 1.000000000000000020e+30 1.000000000000000020e+30 1.000000000000000020e+30 1.000000000000000020e+30 1.000000000000000020e+30 1.000000000000000020e+30 1.000000000000000020e+30 1.000000000000000020e+30 1.000000000000000020e+30 1.000000000000000020e+30 1.000000000000000020e+30 1.000000000000000020e+30 1.000000000000000020e+30 1.000000000000000020e+30 1.000000000000000020e+30 1.000000000000000020e+30 1.000000000000000020e+30 1.000000000000000020e+30 1.000000000000000020e+30 1.000000000000000020e+30 1.000000000000000020e+30 1.000000000000000020e+30 1.000000000000000020e+30 1.000000000000000020e+30 1.000000000000000020e+30 1.000000000000000020e+30 1.000000000000000020e+30 1.000000000000000020e+30
1.000000000000000020e+30 1.000000000000000020e+30 1.000000000000000020e+30 1.000000000000000020e+30 1.000000000000000020e+30 1.000000000000000020e+30 1.000000000000000020e+30 1.000000000000000020e+30 1.000000000000000020e+30 1.000000000000000020e+30 1.000000000000000020e+30 1.000000000000000020e+30 1.000000000000000020e+30 1.000000000000000020e+30 1.000000000000000020e+30 1.000000000000000020e+30 1.000000000000000020e+30 1.000000000000000020e+30 1.000000000000000020e+30 1.000000000000000020e+30 1.000000000000000020e+30 1.000000000000000020e+30 1.000000000000000020e+30 1.000000000000000020e+30 1.000000000000000020e+30 1.000000000000000020e+30 1.000000000000000020e+30 1.036912204618026401e+01 1.037196109391691046e+01 1.037503686261084468e+01 1.037752370674628466e+01 1.037912542023027385e+01 1.037972505119308586e+01 1.037927600292979236e+01 1.037776531681696390e+01 1.037520074093099787e+01 1.037160693927618738e+01 1.036702753430298607e+01 1.036153391635057019e+01 1.035524789560247250e+01 1.034840138220431349e+01 1.034151111174461235e+01 1.033594466296822034e+01 1.000000000000000020e+30 1.000000000000000020e+30 1.000000000000000020e+30 1.000000000000000020e+30 1.000000000000000020e+30 1.000000000000000020e+30 1.000000000000000020e+30 1.000000000000000020e+30 1.000000000000000020e+30 1.000000000000000020e+30 1.000000000000000020e+30 1.000000000000000020e+30 1.000000000000000020e+30 1.000000000000000020e+30
1.000000000000000020e+30 1.000000000000000020e+30 1.000000000000000020e+30 1.000000000000000020e+30 1.000000000000000020e+30 1.000000000000000020e+30 1.000000000000000020e+30 1.000000000000000020e+30 1.000000000000000020e+30 1.000000000000000020e+30 1.000000000000000020e+30 1.000000000000000020e+30 1.000000000000000020e+30 1.000000000000000020e+30 1.000000000000000020e+30 1.000000000000000020e+30 1.000000000000000020e+30 1.000000000000000020e+30 1.000000000000000020e+30 1.000000000000000020e+30 1.000000000000000020e+30 1.000000000000000020e+30 1.000000000000000020e+30 1.000000000000000020e+30 1.033967606211706602e+01 1.034550259005458273e+01 1.035332657202036799e+01 1.036252133053994129e+01 1.036796831937109609e+01 1.037187561810771896e+01 1.037466301066898744e+01 1.037638404476759924e+01 1.037703017638567182e+01 1.037659168901425844e+01 1.037506886496049496e+01 1.037247308726627715e+01 1.036882700104991706e+01 1.036416552825087933e+01 1.035853758798889501e+01 1.035200560454603647e+01 1.034462730011519760e+01 1.033635456486092075e+01 1.032653452929813831e+01 1.031158287290469922e+01 1.029843330142557711e+01 1.028653746725622398e+01 1.027626611496496700e+01 1.026908090906851001e+01 1.000000000000000020e+30 1.000000000000000020e+30 1.000000000000000020e+30 1.000000000000000020e+30 1.000000000000000020e+30 1.000000000000000020e+30 1.000000000000000020e+30 1.000000000000000020e+30 1.000000000000000020e+30
1.000000000000000020e+30 1.000000000000000020e+30 1.000000000000000020e+30 1.000000000000000020e+30 1.000000000000000020e+30 1.000000000000000020e+30 1.000000000000000020e+30 1.000000000000000020e+30 1.000000000000000020e+30 1.000000000000000020e+30 1.000000000000000020e+30 1.000000000000000020e+30 1.000000000000000020e+30 1.000000000000000020e+30 1.000000000000000020e+30 1.000000000000000020e+30 1.000000000000000020e+30 1.000000000000000020e+30 1.000000000000000020e+30 1.000000000000000020e+30 1.000000000000000020e+30 1.029591382156762336e+01 1.030413413831265323e+01 1.031572572573737467e+01 1.033002690007602986e+01 1.033969496792490261e+01 1.034816206563810859e+01 1.035589259340842183e+01 1.036175017448490365e+01 1.036607725607574970e+01 1.036911571446328928e+01 1.037096710695563573e+01 1.037166942812494064e+01 1.037123905996688578e+01 1.036968835466642602e+01 1.036703222296508997e+01 1.036329044430437740e+01 1.035848784386872801e+01 1.035265170199783569e+01 1.034580211157460816e+01 1.033792454095071989e+01 1.032890222137079306e+01 1.031839193481692440e+01 1.030588580731454940e+01 1.029325736692890025e+01 1.028096616480469017e+01 1.026921193478952432e+01 1.025791359618760445e+01 1.024538505418321499e+01 1.000000000000000020e+30 1.000000000000000020e+30 1.000000000000000020e+30 1.000000000000000020e+30 1.000000000000000020e+30 1.000000000000000020e+30 1.000000000000000020e+30 1.000000000000000020e+30
1.000000000000000020e+30 1.000000000000000020e+30 1.000000000000000020e+30 1.000000000000000020e+30 1.000000000000000020e+30 1.000000000000000020e+30 1.000000000000000020e+30 1.000000000000000020e+30 1.000000000000000020e+30 1.000000000000000020e+30 1.000000000000000020e+30 1.000000000000000020e+30 1.000000000000000020e+30 1.000000000000000020e+30 1.000000000000000020e+30 1.000000000000000020e+30 1.000000000000000020e+30 1.000000000000000020e+30 1.024154690756757979e+01 1.025123013371599612e+01 1.026550278259590421e+01 1.028377426590725463e+01 1.029686232384548283e+01 1.030914156848844776e+01 1.032116700270590215e+01 1.033126525285005570e+01 1.033992873020565639e+01 1.034734696666772713e+01 1.035328472032395908e+01 1.035779827853638224e+01 1.036099190337250953e+01 1.036293876424877425e+01 1.036368129448214503e+01 1.036324463102734939e+01 1.036164669666493232e+01 1.035890371574768487e+01 1.035503255961652336e+01 1.035005068266335648e+01 1.034397319130945903e+01 1.033680532974952548e+01 1.032852797860849492e+01 1.031907988508276652e+01 1.030836553871742289e+01 1.029640708364076751e+01 1.028381527616692459e+01 1.027090436560655995e+01 1.025771994006840160e+01 1.024397193737249268e+01 1.022882800453477259e+01 1.021160441888459225e+01 1.000000000000000020e+30 1.000000000000000020e+30 1.000000000000000020e+30 1.000000000000000020e+30 1.000000000000000020e+30 1.000000000000000020e+30 1.000000000000000020e+30
1.000000000000000020e+30 1.000000000000000020e+30 1.000000000000000020e+30 1.000000000000000020e+30 1.000000000000000020e+30 1.000000000000000020e+30 1.000000000000000020e+30 1.000000000000000020e+30 1.000000000000000020e+30 1.000000000000000020e+30 1.000000000000000020e+30 1.000000000000000020e+30 1.000000000000000020e+30 1.000000000000000020e+30 1.000000000000000020e+30 1.000000000000000020e+30 1.019742833086877454e+01 1.020890243774712580e+01 1.022781815052856480e+01 1.024261819948794106e+01 1.025751504527124425e+01 1.027287287348631928e+01 1.028648241075012670e+01 1.029892183593490351e+01 1.031037120477372326e+01 1.032042967859982063e+01 1.032911886844163263e+01 1.033647582884541194e+01 1.034244985418390428e+01 1.034705475260078877e+01 1.035033647858578831e+01 1.035233965045944693e+01 1.035309781885733926e+01 1.035263488667484566e+01 1.035096892115594081e+01 1.034811521318473915e+01 1.034408790694284086e+01 1.033890010839051676e+01 1.033256230424678535e+01 1.032507902533539301e+01 1.031644493159547871e+01 1.030664626839202391e+01 1.029568338144158446e+01 1.028363749496474533e+01 1.027074316318851821e+01 1.025714141002875479e+01 1.024279129745979233e+01 1.022739511364025944e+01 1.021029018154983703e+01 1.019028787616473863e+01 1.016433959774862217e+01 1.014923174214144019e+01 1.000000000000000020e+30 1.000000000000000020e+30 1.000000000000000020e+30 1.000000000000000020e+30 1.000000000000000020e+30
1.000000000000000020e+30 1.000000000000000020e+30 1.000000000000000020e+30 1.000000000000000020e+30 1.000000000000000020e+30 1.000000000000000020e+30 1.000000000000000020e+30 1.000000000000000020e+30 1.000000000000000020e+30 1.000000000000000020e+30 1.000000000000000020e+30 1.000000000000000020e+30 1.000000000000000020e+30 1.000000000000000020e+30 1.000000000000000020e+30 1.016527530463642393e+01 1.018180385713792369e+01 1.019733810769537286e+01 1.021412700595307221e+01 1.022987100472703759e+01 1.024506114954530389e+01 1.025974858522335431e+01 1.027333293951777371e+01 1.028578126056711639e+01 1.029708153240085267e+01 1.030710133878504209e+01 1.031579849497629553e+01 1.032316090908183170e+01 1.032917011851847455e+01 1.033382989849057410e+01 1.033716151542439654e+01 1.033919090426675957e+01 1.033994142570771579e+01 1.033943203344050943e+01 1.033767797095701368e+01 1.033469205788979117e+01 1.033048569677777273e+01 1.032506929994803357e+01 1.031845212691136382e+01 1.031064193479930680e+01 1.030164578280999343e+01 1.029147511275758831e+01 1.028015938449986066e+01 1.026776676976566272e+01 1.025440294798140783e+01 1.024012467530836012e+01 1.022487875301720628e+01 1.020846787700813074e+01 1.019055467545445737e+01 1.017078481603416229e+01 1.014931929041932079e+01 1.012991679129260802e+01 1.010977671045532134e+01 1.000000000000000020e+30 1.000000000000000020e+30 1.000000000000000020e+30 1.000000000000000020e+30
1.000000000000000020e+30 1.000000000000000020e+30 1.000000000000000020e+30 1.000000000000000020e+30 1.000000000000000020e+30 1.000000000000000020e+30 1.000000000000000020e+30 1.000000000000000020e+30 1.000000000000000020e+30 1.000000000000000020e+30 1.000000000000000020e+30 1.000000000000000020e+30 1.000000000000000020e+30 1.000000000000000020e+30 1.012432163095566295e+01 1.014452034291700144e+01 1.016298662860278945e+01 1.018036919761629733e+01 1.019737590496925606e+01 1.021360850078210980e+01 1.022907582221769474e+01 1.024372795264299185e+01 1.025735233774213917e+01 1.026985093280280026e+01 1.028116087215000718e+01 1.029120726719732737e+01 1.029994420455444271e+01 1.030734692515293460e+01 1.031340061793595275e+01 1.031810383027721301e+01 1.032146605561502994e+01 1.032350189127845752e+01 1.032422644028007497e+01 1.032365310443502793e+01 1.032179310848569287e+01 1.031865588514830101e+01 1.031424975929427923e+01 1.030858269741979605e+01 1.030166316209816202e+01 1.029350140941977365e+01 1.028411192256335305e+01 1.027351785198850287e+01 1.026175728147793897e+01 1.024888684917432791e+01 1.023497018071611286e+01 1.022003996637979739e+01 1.020406623233299470e+01 1.018694778580936955e+01 1.016854824761040099e+01 1.014881457948484211e+01 1.012803016653042754e+01 1.010710018166644097e+01 1.008536407084529607e+01 1.006215652922204917e+01 1.000000000000000020e+30 1.000000000000000020e+30 1.000000000000000020e+30
1.000000000000000020e+30 1.000000000000000020e+30 1.000000000000000020e+30 1.000000000000000020e+30 1.000000000000000020e+30 1.000000000000000020e+30 1.000000000000000020e+30 1.000000000000000020e+30 1.000000000000000020e+30 1.000000000000000020e+30 1.000000000000000020e+30 1.000000000000000020e+30 1.000000000000000020e+30 1.007642589526660259e+01 1.009980054411952466e+01 1.012122312985504102e+01 1.014102268259807893e+01 1.015959257808636984e+01 1.017725444623051345e+01 1.019400498220360340e+01 1.020983681377381203e+01 1.022470178433446364e+01 1.023849722479206648e+01 1.025113898587696681e+01 1.026256037472955818e+01 1.027270287423526796e+01 1.028152458450603390e+01 1.028899926689864763e+01 1.029511236415534725e+01 1.029985965271157333e+01 1.030324476522894983e+01 1.030527564364861526e+01 1.030596142936411574e+01 1.030531053884558013e+01 1.030332988482349599e+01 1.030002492254942403e+01 1.029540024565449663e+01 1.028946061808388812e+01 1.028221250956310584e+01 1.027366635164892728e+01 1.026383974194072124e+01 1.025276143509422866e+01 1.024047472124878411e+01 1.022703649768284073e+01 1.021250650132610716e+01 1.019692531693316973e+01 1.018029440348947645e+01 1.016257332777654732e+01 1.014370805774693629e+01 1.012369324039710428e+01 1.010265012706008037e+01 1.008081431502601966e+01 1.005811360697880374e+01 1.003460547318627860e+01 1.001058378920783376e+01 1.000000000000000020e+30 1.000000000000000020e+30
1.000000000000000020e+30 1.000000000000000020e+30 1.000000000000000020e+30 1.000000000000000020e+30 1.000000000000000020e+30 1.000000000000000020e+30 1.000000000000000020e+30 1.000000000000000020e+30 1.000000000000000020e+30 1.000000000000000020e+30 1.000000000000000020e+30 1.000000000000000020e+30 1.002226014281227329e+01 1.004861906844664610e+01 1.007285353097642222e+01 1.009522172156433584e+01 1.011601370671723821e+01 1.013549213102004565e+01 1.015385435552327742e+01 1.017117123153638047e+01 1.018745485108840398e+01 1.020267205530911347e+01 1.021675664304588871e+01 1.022963915775381416e+01 1.024125817737641775e+01 1.025156298062238314e+01 1.026051655814087660e+01 1.026809514087318753e+01 1.027428577833510737e+01 1.027908398855974603e+01 1.028249114861719882e+01 1.028451172869602637e+01 1.028515091612818644e+01 1.028441300986077067e+01 1.028230065791566794e+01 1.027881484046585747e+01 1.027395549175820477e+01 1.026772274856113043e+01 1.026011895266295859e+01 1.025115164297681503e+01 1.024083769896934548e+01 1.022920828755970568e+01 1.021631304930594553e+01 1.020222014388125409e+01 1.018700763422637579e+01 1.017074420177604210e+01 1.015346572436755146e+01 1.013516408764883892e+01 1.011580586926086056e+01 1.009535581119609482e+01 1.007378530175769527e+01 1.005108349994574901e+01 1.002732341565954854e+01 1.000318974084504653e+01 9.982154542555981891e+00 1.000000000000000020e+30 1.000000000000000020e+30
1.000000000000000020e+30 1.000000000000000020e+30 1.000000000000000020e+30 1.000000000000000020e+30 1.000000000000000020e+30 1.000000000000000020e+30 1.000000000000000020e+30 1.000000000000000020e+30 1.000000000000000020e+30 1.000000000000000020e+30 1.000000000000000020e+30 9.961785790018451436e+00 9.991350241715899472e+00 1.001844434026447139e+01 1.004333619808605071e+01 1.006641778696608647e+01 1.008798699349697969e+01 1.010822253513358149e+01 1.012725922238280241e+01 1.014517337122789264e+01 1.016198260613376370e+01 1.017765626436862370e+01 1.019213455046086381e+01 1.020535117812703341e+01 1.021724714947003498e+01 1.022777639685289408e+01 1.023690719167861118e+01 1.024462061939942359e+01 1.025090768625526572e+01 1.025576629088052627e+01 1.025919837319386296e+01 1.026120737692558293e+01 1.026179622203415853e+01 1.026096594232214265e+01 1.025871503515143246e+01 1.025503948818153432e+01 1.024993344099799053e+01 1.024339052514427628e+01 1.023540610228382874e+01 1.022598083641001310e+01 1.021512613087269195e+01 1.020287159983472947e+01 1.018927344027705750e+01 1.017441996004140670e+01 1.015842710037774665e+01 1.014141529976486922e+01 1.012346628543326332e+01 1.010458586759082067e+01 1.008473768614560129e+01 1.006384892510515350e+01 1.004173056238205675e+01 1.001805933671472992e+01 9.992526428263536431e+00 9.964262381447383632e+00 9.928256633641929341e+00 9.873491203785983217e+00 1.000000000000000020e+30
1.000000000000000020e+30 1.000000000000000020e+30 1.000000000000000020e+30 1.000000000000000020e+30 1.000000000000000020e+30 1.000000000000000020e+30 1.000000000000000020e+30 1.000000000000000020e+30 1.000000000000000020e+30 1.000000000000000020e+30 9.893047552352237872e+00 9.927548473565170895e+00 9.958298121855984064e+00 9.985918015932064407e+00 1.001113701659181388e+01 1.003468536762132146e+01 1.005690280889716171e+01 1.007780931263111945e+01 1.009749092271392357e+01 1.011602927806486285e+01 1.013343687398324455e+01 1.014966612334291796e+01 1.016464072626740212e+01 1.017828354791245005e+01 1.019053217938295575e+01 1.020134365677514587e+01 1.021069296783623415e+01 1.021856890280441021e+01 1.022496944871616620e+01 1.022989776253251470e+01 1.023335893510576078e+01 1.023535748003612511e+01 1.023589549468801962e+01 1.023497149115780225e+01 1.023257989204078910e+01 1.022871114323617370e+01 1.022335237360295501e+01 1.021648861041166967e+01 1.020810482278094256e+01 1.019818955063107957e+01 1.018674147389149631e+01 1.017378054830860101e+01 1.015936430587708905e+01 1.014360601044054455e+01 1.012668293948297915e+01 1.010881077794892136e+01 1.009015454175371218e+01 1.007070051304607539e+01 1.005040412704808261e+01 1.002923540921666046e+01 1.000686248426033131e+01 9.982502025392099299e+00 9.956039139340537858e+00 9.928626018923189633e+00 9.888643944394880592e+00 9.889259103934028516e+00 1.000000000000000020e+30
1.000000000000000020e+30 1.000000000000000020e+30 1.000000000000000020e+30 1.000000000000000020e+30 1.000000000000000020e+30 1.000000000000000020e+30 1.000000000000000020e+30 1.000000000000000020e+30 1.000000000000000020e+30 9.794336003352217546e+00 9.853757111757644793e+00 9.892330591597813694e+00 9.923702619582044804e+00 9.951182904340400981e+00 9.976052342301292342e+00 9.999780092916616070e+00 1.002267709589838063e+01 1.004421809578637692e+01 1.006451068475969812e+01 1.008370635819750838e+01 1.010180314127264722e+01 1.011870483237943041e+01 1.013429042747856101e+01 1.014845609714216046e+01 1.016113107283130113e+01 1.017227682107474962e+01 1.018187908952150345e+01 1.018993892644809485e+01 1.019646531742553996e+01 1.020146993857524009e+01 1.020496359370000405e+01 1.020695377601641773e+01 1.020744301549075850e+01 1.020642790550657786e+01 1.020389879132221012e+01 1.019984003972804132e+01 1.019423069025429207e+01 1.018704527849388697e+01 1.017825493447789142e+01 1.016782972352615033e+01 1.015574473298595315e+01 1.014199428445900253e+01 1.012661947253413075e+01 1.010975065398902117e+01 1.009165244420128005e+01 1.007272514633078586e+01 1.005334531987461055e+01 1.003333211781552059e+01 1.001258784893325959e+01 9.991442622244715466e+00 9.969570913720673389e+00 9.944611187745499237e+00 9.916043694044200052e+00 9.901081618426568198e+00 9.899928431964605480e+00 9.901126762847093588e+00 1.000000000000000020e+30
1.000000000000000020e+30 1.000000000000000020e+30 1.000000000000000020e+30 1.000000000000000020e+30 1.000000000000000020e+30 1.000000000000000020e+30 1.000000000000000020e+30 1.000000000000000020e+30 9.807451607312227537e+00 9.793462805783230252e+00 9.830473383683187905e+00 9.859526424298445946e+00 9.888273393280751833e+00 9.914387335730918238e+00 9.937491566768475337e+00 9.961140502875219127e+00 9.985292898930996586e+00 1.000740981133773566e+01 1.002820954004777754e+01 1.004811051180761616e+01 1.006703664971727008e+01 1.008477328125109196e+01 1.010111229149046785e+01 1.011590690070177878e+01 1.012907851272727022e+01 1.014060076792819842e+01 1.015047902208376840e+01 1.015873387751877210e+01 1.016539054871404169e+01 1.017047281623072408e+01 1.017399968686433098e+01 1.017598336028387429e+01 1.017642786413357214e+01 1.017532829106704817e+01 1.017267075953907707e+01 1.016843304104276768e+01 1.016258541562520534e+01 1.015509100609256521e+01 1.014590497304586947e+01 1.013497307713645768e+01 1.012223292035844580e+01 1.010762605128216052e+01 1.009113512639275712e+01 1.007286314877553579e+01 1.005316114729960475e+01 1.003277373992087007e+01 1.001282262988502225e+01 9.992319462858295864e+00 9.970769369306188068e+00 9.949947113325295689e+00 9.930914950568540789e+00 9.905855192248791852e+00 9.857949770207016016e+00 9.891101676438388779e+00 9.904339727489325895e+00 9.909663088460090918e+00 1.000000000000000020e+30
1.000000000000000020e+30 1.000000000000000020e+30 1.000000000000000020e+30 1.000000000000000020e+30 1.000000000000000020e+30 1.000000000000000020e+30 1.000000000000000020e+30 9.820409089264236613e+00 9.816430936647233096e+00 9.811979579333680590e+00 9.810252423603113670e+00 9.822193015444559805e+00 9.850695766941676368e+00 9.875874372786002553e+00 9.893711929398998350e+00 9.917374466218383589e+00 9.945368589128849024e+00 9.967389809184034277e+00 9.988324788747421579e+00 1.000905269452390733e+01 1.002906693529044269e+01 1.004788863670123611e+01 1.006516719641684432e+01 1.008070554324515733e+01 1.009443281323671293e+01 1.010635506632075753e+01 1.011651356509954880e+01 1.012495901127744524e+01 1.013173886658792533e+01 1.013689237350281580e+01 1.014044882681323045e+01 1.014242657521898217e+01 1.014283200536263685e+01 1.014165886434095221e+01 1.013888854943488127e+01 1.013449153293048077e+01 1.012842917612997518e+01 1.012065419995348137e+01 1.011110748147466332e+01 1.009970954146525735e+01 1.008634877688099074e+01 1.007087729518192099e+01 1.005314070543291471e+01 1.003308773400750553e+01 1.001101098310249427e+01 9.988016096247852360e+00 9.968456119753701827e+00 9.947931583196959693e+00 9.923775046095558494e+00 9.902190388512991603e+00 9.893797181289597731e+00 9.885438632621740496e+00 9.867560932928652662e+00 9.896508019777240150e+00 9.912128065656064635e+00 9.918981321570813137e+00 1.000000000000000020e+30
1.000000000000000020e+30 1.000000000000000020e+30 1.000000000000000020e+30 1.000000000000000020e+30 1.000000000000000020e+30 1.000000000000000020e+30 9.816428337414818017e+00 9.819268394368306119e+00 9.820818275565832423e+00 9.822765096357141346e+00 9.827557060867860628e+00 9.838815229771965321e+00 9.856457510663956256e+00 9.874121295221804928e+00 9.888884518588398009e+00 9.901561555048820296e+00 9.906782430102795800e+00 9.923863707491946684e+00 9.944099369571425484e+00 9.966205162674517837e+00 9.987829792930774886e+00 1.000812910420557422e+01 1.002658397395436651e+01 1.004297367593921919e+01 1.005728386248262218e+01 1.006959437414834113e+01 1.008000792581212579e+01 1.008861787984607261e+01 1.009549887986653793e+01 1.010070736709399064e+01 1.010428397121761712e+01 1.010625428571268714e+01 1.010662783881733340e+01 1.010539686939393889e+01 1.010253677735138034e+01 1.009800909504087407e+01 1.009176599906621874e+01 1.008375325812276380e+01 1.007390627939198069e+01 1.006213248418589146e+01 1.004827569666316833e+01 1.003206938743310772e+01 1.001311329066127698e+01 9.990962160752150822e+00 9.965382264075207885e+00 9.935406460045838273e+00 9.920615200999295169e+00 9.902713100426121073e+00 9.869721236455758273e+00 9.836733493326983435e+00 9.852126636713782304e+00 9.870017177619194726e+00 9.890493214736228111e+00 9.910703671720833441e+00 9.924137582989692064e+00 9.930605410609089745e+00 1.000000000000000020e+30
1.000000000000000020e+30 1.000000000000000020e+30 1.000000000000000020e+30 1.000000000000000020e+30 1.000000000000000020e+30 9.801400317148202035e+00 9.808377026567045576e+00 9.814251351980075810e+00 9.819690215031899427e+00 9.825646051874654674e+00 9.833386681212926916e+00 9.844095348628346898e+00 9.857293669457032337e+00 9.870417968606062686e+00 9.881344003865876857e+00 9.888456907451383060e+00 9.887894904036556909e+00 9.872526704138337550e+00 9.893391416346037914e+00 9.919268383285048785e+00 9.943389516014402574e+00 9.965726773219850898e+00 9.985618104625716640e+00 1.000291035161182940e+01 1.001775721540641761e+01 1.003038316887163361e+01 1.004098433799012824e+01 1.004970596101300018e+01 1.005664927891158023e+01 1.006188553334879465e+01 1.006546595345485606e+01 1.006742448520648026e+01 1.006777513365616628e+01 1.006650831836802062e+01 1.006359063806358378e+01 1.005897037424272433e+01 1.005258781548395319e+01 1.004438603451088063e+01 1.003431297039845305e+01 1.002229902348209301e+01 1.000819076727694323e+01 9.991627094331214209e+00 9.971873969126752613e+00 9.947837009550509535e+00 9.919703381495692085e+00 9.904168835262202819e+00 9.908588269996027265e+00 9.904073747935020933e+00 9.892339531644392281e+00 9.881626973115867685e+00 9.883224213964568960e+00 9.881281953035861321e+00 9.909152499645372814e+00 9.927135007436971748e+00 9.938566468584321356e+00 9.944150222826760199e+00 1.000000000000000020e+30
1.000000000000000020e+30 1.000000000000000020e+30 1.000000000000000020e+30 1.000000000000000020e+30 1.000000000000000020e+30 9.789137917166934599e+00 9.796176673635782706e+00 9.804457034228924783e+00 9.812883890738753223e+00 9.821624312151996605e+00 9.831177257060096153e+00 9.841863584017728428e+00 9.853232738071811880e+00 9.863993051499623022e+00 9.872747215818684197e+00 9.878207750753732697e+00 9.879043499936390305e+00 9.875604241560465013e+00 9.877392198290069203e+00 9.869450588092043120e+00 9.896135802324927511e+00 9.921212937370039953e+00 9.942732632244412727e+00 9.960810071805628496e+00 9.976002486409692338e+00 9.988777595457998260e+00 9.999447135503116257e+00 1.000820115559016976e+01 1.001515339969628116e+01 1.002037988929041035e+01 1.002393974618879824e+01 1.002587799927333556e+01 1.002621689065212784e+01 1.002494540860037020e+01 1.002201603637088745e+01 1.001735371432608623e+01 1.001087636092244360e+01 1.000252264902252541e+01 9.992275940504685039e+00 9.980156511227304961e+00 9.966138246418202229e+00 9.949931420699448026e+00 9.930456263563714359e+00 9.904327924062364730e+00 9.856929610862490421e+00 9.884557721821751741e+00 9.900981708955489680e+00 9.908127006674487092e+00 9.909395400392602582e+00 9.909660767922005675e+00 9.913314362758995912e+00 9.919180434348371378e+00 9.933160032004995088e+00 9.945578881575304564e+00 9.954300909945221321e+00 9.958737480438010437e+00 1.000000000000000020e+30
1.000000000000000020e+30 1.000000000000000020e+30 1.000000000000000020e+30 1.000000000000000020e+30 9.747246577474312446e+00 9.764523024025429265e+00 9.777443855543655360e+00 9.789257860013057311e+00 9.800551216841503432e+00 9.811616949975128676e+00 9.822705214625019110e+00 9.833867136615500826e+00 9.844747839059635908e+00 9.854590888501121526e+00 9.862509684209440408e+00 9.867697257428760693e+00 9.869628163267368137e+00 9.868661365416452114e+00 9.866375058180816282e+00 9.859025488741165688e+00 9.845823767468996124e+00 9.875629269132554455e+00 9.898699641680838823e+00 9.917040353205493375e+00 9.932143027592958973e+00 9.944784699708916875e+00 9.955358117258791495e+00 9.964052543436705989e+00 9.970955516271205354e+00 9.976126938484215501e+00 9.979631009672464970e+00 9.981532595873414238e+00 9.981872763123101677e+00 9.980642487092785231e+00 9.977771386219966843e+00 9.973140808458252238e+00 9.966618877843975710e+00 9.958116402433192960e+00 9.947660570814713665e+00 9.935445664936754184e+00 9.921791087562070288e+00 9.907005754458364066e+00 9.891179176093309877e+00 9.877560718565948861e+00 9.864413528025229638e+00 9.871609162078588184e+00 9.898108042670726192e+00 9.913506583200424771e+00 9.922900424109347028e+00 9.929752442974081106e+00 9.936643520886812908e+00 9.944424018727881176e+00 9.954192285694832165e+00 9.963188287537388277e+00 9.969787849173016525e+00 9.973230113824486764e+00 1.000000000000000020e+30
1.000000000000000020e+30 1.000000000000000020e+30 1.000000000000000020e+30 1.000000000000000020e+30 9.724589401453485493e+00 9.738907993304776411e+00 9.754485549972132574e+00 9.769284263722042283e+00 9.783182818077797549e+00 9.796361250489683314e+00 9.808975444137747246e+00 9.821013416070352164e+00 9.832209418304532988e+00 9.842069653381690486e+00 9.850007609593834701e+00 9.855494402043230906e+00 9.858207122387756982e+00 9.858178845195283202e+00 9.855605251270809219e+00 9.849678082430463277e+00 9.840835676583276737e+00 9.832085380684295828e+00 9.854737005880487288e+00 9.871882662650937945e+00 9.886149412000158065e+00 9.898292542707698871e+00 9.908604970281592372e+00 9.917173285528361859e+00 9.923984523840259087e+00 9.929050393156249044e+00 9.932443744678595365e+00 9.934273790888218159e+00 9.934626840900826039e+00 9.933507311535763051e+00 9.930809105867602682e+00 9.926335234165426513e+00 9.919848522409125735e+00 9.911158775857618508e+00 9.900287075438846784e+00 9.887644800405066547e+00 9.874034037441310474e+00 9.860572780857941311e+00 9.845140456824530872e+00 9.845762026836844427e+00 9.846987520863736520e+00 9.877200344298442403e+00 9.901769011509125917e+00 9.920326459925044915e+00 9.934386860968448474e+00 9.945251117618372660e+00 9.954538343666762046e+00 9.963144331110777685e+00 9.971469656165862006e+00 9.978674015309785261e+00 9.983911618610122218e+00 9.986646831649458989e+00 1.000000000000000020e+30
1.000000000000000020e+30 1.000000000000000020e+30 1.000000000000000020e+30 9.647192154981345524e+00 9.682227181157733398e+00 9.706652851309813812e+00 9.726938372196064719e+00 9.744872717609375457e+00 9.761223566763485238e+00 9.776393029918892807e+00 9.790585224563075784e+00 9.803808637624852551e+00 9.815859326997648182e+00 9.826369619185076232e+00 9.834901877020731931e+00 9.841056290430714171e+00 9.844562054669914630e+00 9.845319544001354117e+00 9.843308437408250455e+00 9.838405689093123740e+00 9.830955116906485713e+00 9.821893629946645277e+00 9.811554600412444316e+00 9.824908480213661477e+00 9.837612571058329536e+00 9.848989457676358583e+00 9.858976612454119604e+00 9.867451389066228984e+00 9.874175798228291612e+00 9.879076574208864869e+00 9.882259880161807786e+00 9.883938570392615475e+00 9.884303343643885853e+00 9.883400898871149920e+00 9.881070060465226845e+00 9.876985109678349417e+00 9.870716844215960961e+00 9.861810381767798006e+00 9.850102506503827016e+00 9.836222602555132255e+00 9.821532721641741404e+00 9.811517735004958496e+00 9.817748700796173011e+00 9.840964090810503606e+00 9.859717521598696521e+00 9.883851644460863284e+00 9.906861677873342487e+00 9.927071900088643375e+00 9.944508355488597573e+00 9.957777336370657650e+00 9.968577485053115694e+00 9.977621324467131458e+00 9.985353232474551533e+00 9.991620103194966518e+00 9.996031686950711759e+00 9.998294984176872902e+00 1.000000000000000020e+30
1.000000000000000020e+30 1.000000000000000020e+30 1.000000000000000020e+30 9.625777099652520263e+00 9.645102102247349762e+00 9.673144881429463382e+00 9.696356198060010811e+00 9.716669166879862374e+00 9.735092285764002540e+00 9.752078854443398725e+00 9.767877606410927172e+00 9.782531458089774645e+00 9.795847925603318629e+00 9.807490485777188738e+00 9.817061660039968274e+00 9.824198792287322846e+00 9.828640426980504330e+00 9.830245761663809034e+00 9.828960406077497325e+00 9.824777075275170191e+00 9.817819571525555844e+00 9.808151936944456750e+00 9.794863042639459394e+00 9.773821911511184624e+00 9.785668065334549581e+00 9.796362265908951983e+00 9.806165941826485266e+00 9.814802692518803440e+00 9.821528833500583033e+00 9.826170909571331435e+00 9.828940913968015280e+00 9.830284247211411142e+00 9.830618085148820740e+00 9.830095569123338706e+00 9.828457387193829220e+00 9.825188329112050312e+00 9.819589779127936069e+00 9.810625448366529611e+00 9.797447507545063772e+00 9.780964050228439177e+00 9.759710240577971874e+00 9.741580543931361191e+00 9.799997818089815738e+00 9.836017925693443686e+00 9.862461474382826054e+00 9.887029588915098088e+00 9.910167797397974709e+00 9.932018721539318307e+00 9.954241054590140081e+00 9.968231557489813710e+00 9.979847494232856775e+00 9.988899786470270215e+00 9.996201758857779396e+00 1.000193024823605903e+01 1.000580898082096404e+01 1.000771700166074929e+01 1.000000000000000020e+30
1.000000000000000020e+30 1.000000000000000020e+30 1.000000000000000020e+30 9.597235921402784697e+00 9.612719543435627401e+00 9.639073627047073600e+00 9.663268297125956252e+00 9.684952504778706839e+00 9.705009638994102517e+00 9.723589471859723332e+00 9.740984513864638927e+00 9.757298542088468807e+00 9.772257476974655077e+00 9.785471693337434829e+00 9.796487172009118893e+00 9.804911218923548333e+00 9.810471543403490813e+00 9.813019816121428818e+00 9.812506547917459798e+00 9.808956196729369026e+00 9.802463625413643911e+00 9.793136003315590088e+00 9.781062479491890116e+00 9.767120082122557889e+00 9.758259016242877948e+00 9.739842511364646072e+00 9.749753848822553692e+00 9.759311277600049905e+00 9.766226521601966581e+00 9.770409342734787117e+00 9.772329600410433414e+00 9.772927108552067921e+00 9.773081766009356741e+00 9.773202006819756704e+00 9.772774103225636111e+00 9.771021053306890636e+00 9.767129406686040127e+00 9.758956152506351955e+00 9.743401529415045559e+00 9.725778817076720983e+00 9.690067649821447304e+00 1.000000000000000020e+30 1.000000000000000020e+30 1.000000000000000020e+30 1.000000000000000020e+30 1.000000000000000020e+30 1.000000000000000020e+30 1.000000000000000020e+30 9.967652795374990049e+00 9.976525180440457774e+00 9.989164194369488214e+00 9.997431303150706938e+00 1.000413805384975419e+01 1.000961348461378542e+01 1.001308072264652793e+01 1.001457060872134441e+01 1.000000000000000020e+30
1.000000000000000020e+30 1.000000000000000020e+30 9.543378250388350637e+00 9.563507937549312388e+00 9.580775241564166933e+00 9.601772906655053674e+00 9.627282120071571470e+00 9.649446211442347376e+00 9.670993974984632757e+00 9.690893077903218966e+00 9.709807129403861481e+00 9.728086823737031708e+00 9.745112818218862216e+00 9.760390250379296972e+00 9.773282074478521153e+00 9.783305648873106719e+00 9.790173354584005949e+00 9.793753572601685775e+00 9.794025916401116305e+00 9.791049745706409624e+00 9.784949010723202889e+00 9.775904423681277322e+00 9.764199618186399476e+00 9.750434351537931477e+00 9.735529616251621832e+00 9.715477953859151583e+00 9.688855136270952073e+00 9.701635333807363537e+00 9.708842857135897120e+00 9.712106609597309870e+00 9.712245114186680794e+00 9.711223180536668664e+00 9.710795942314938145e+00 9.712078526372334153e+00 9.713644132543905130e+00 9.714227033539591716e+00 9.714191826040337929e+00 9.709917937246590469e+00 9.712045890550022875e+00 9.708128050937959941e+00 9.701489480994895942e+00 1.000000000000000020e+30 1.000000000000000020e+30 1.000000000000000020e+30 1.000000000000000020e+30 1.000000000000000020e+30 1.000000000000000020e+30 1.000000000000000020e+30 1.000000000000000020e+30 1.000000000000000020e+30 9.998345094267413913e+00 1.000303049205971284e+01 1.000882799149193936e+01 1.001484067742988948e+01 1.001786562741888531e+01 1.001844806026575441e+01 1.000000000000000020e+30
1.000000000000000020e+30 1.000000000000000020e+30 9.529950606975786442e+00 9.540687091820435839e+00 9.554286426959013312e+00 9.570528661104761525e+00 9.589248456779522201e+00 9.609149082445995305e+00 9.633214304986504217e+00 9.653778743740854651e+00 9.673879166609637537e+00 9.694766102747212955e+00 9.714380638879568153e+00 9.732388609276146241e+00 9.747673118570563844e+00 9.759620210085003578e+00 9.767964713322211168e+00 9.772635153057532165e+00 9.773670594325704286e+00 9.771179623743524445e+00 9.765322635042966937e+00 9.756307545579584684e+00 9.744399324082579028e+00 9.729915352538748508e+00 9.712997339082887649e+00 9.692755243066166315e+00 9.669324929579769190e+00 9.644636092498547697e+00 9.650521243375711933e+00 9.652054910558995005e+00 9.648452924281917475e+00 9.644061440143936181e+00 9.641943406812623962e+00 9.645823907805052499e+00 9.650660079621006915e+00 9.653227603357553477e+00 9.660681056564285996e+00 9.672809018274275417e+00 9.681936201021807520e+00 9.688399867652611519e+00 1.000000000000000020e+30 1.000000000000000020e+30 1.000000000000000020e+30 1.000000000000000020e+30 1.000000000000000020e+30 1.000000000000000020e+30 1.000000000000000020e+30 1.000000000000000020e+30 1.000000000000000020e+30 1.000000000000000020e+30 1.000000000000000020e+30 1.000000000000000020e+30 1.000000000000000020e+30 1.001883632164348015e+01 1.002063296856275798e+01 1.000000000000000020e+30 1.000000000000000020e+30
1.000000000000000020e+30 9.500446892209094329e+00 9.511583972921906494e+00 9.521518990394152837e+00 9.532575261221118978e+00 9.545308132322112726e+00 9.559768340962685684e+00 9.575734019032200450e+00 9.593546690008079025e+00 9.611739871432398274e+00 9.631783811261447781e+00 9.657344453444748567e+00 9.679895453251649684e+00 9.701769232132008369e+00 9.720084898120845196e+00 9.734250791496144473e+00 9.744177419177621147e+00 9.749934545112161288e+00 9.751659915836444981e+00 9.749527693050012545e+00 9.743738114665587702e+00 9.734516275569445654e+00 9.722112965957062869e+00 9.706791400930377733e+00 9.688770372158503008e+00 9.668220449254796733e+00 9.646071263949385965e+00 9.624902077655788091e+00 9.610782362804606294e+00 9.592201611904584979e+00 9.580517119281665828e+00 9.569694979523903910e+00 9.562167220077297358e+00 9.573700897256603781e+00 9.585049865390574908e+00 9.601820880017616133e+00 9.617483020935985394e+00 9.633837755813962289e+00 9.649627690071243435e+00 9.670281627477727682e+00 1.000000000000000020e+30 1.000000000000000020e+30 1.000000000000000020e+30 1.000000000000000020e+30 1.000000000000000020e+30 1.000000000000000020e+30 1.000000000000000020e+30 1.000000000000000020e+30 1.000000000000000020e+30 1.000000000000000020e+30 1.000000000000000020e+30 1.000000000000000020e+30 1.000000000000000020e+30 1.000000000000000020e+30 1.000000000000000020e+30 1.000000000000000020e+30 1.000000000000000020e+30
1.000000000000000020e+30 9.493111731878151716e+00 9.498975491540077698e+00 9.506455651494803760e+00 9.515162606735287909e+00 9.525182523904655696e+00 9.536566957840264536e+00 9.549317457749213034e+00 9.563527952006598554e+00 9.579094265479852766e+00 9.596751493608488559e+00 9.617572786410113039e+00 9.640724152303615568e+00 9.669343411005115740e+00 9.691292365507692352e+00 9.707787487459340170e+00 9.719254630694427632e+00 9.725992918976832158e+00 9.728267606467261075e+00 9.726326717893947205e+00 9.720410195446476109e+00 9.710758636678638922e+00 9.697621518878197122e+00 9.681264737720271185e+00 9.661988345828367741e+00 9.640217010656831675e+00 9.616784937442350412e+00 9.593082295256150971e+00 9.570486049388428285e+00 9.546447188127105576e+00 9.521233987999975668e+00 9.487040567596455531e+00 9.458340618913318565e+00 9.496790595550422154e+00 9.523873907970347830e+00 9.546579448753082175e+00 9.568658163395818761e+00 9.590507337167961666e+00 9.607541010483441113e+00 1.000000000000000020e+30 1.000000000000000020e+30 1.000000000000000020e+30 1.000000000000000020e+30 1.000000000000000020e+30 1.000000000000000020e+30 1.000000000000000020e+30 1.000000000000000020e+30 1.000000000000000020e+30 1.000000000000000020e+30 1.000000000000000020e+30 1.000000000000000020e+30 1.000000000000000020e+30 1.000000000000000020e+30 1.000000000000000020e+30 1.000000000000000020e+30 1.000000000000000020e+30 1.000000000000000020e+30
9.477397144111042948e+00 9.483214998153609798e+00 9.488451132592158999e+00 9.494373417876669663e+00 9.501239658393384246e+00 9.509166645718568844e+00 9.518236740623040149e+00 9.528533600380779234e+00 9.540198687728222993e+00 9.553446373984698425e+00 9.568822866514752334e+00 9.587119566656875591e+00 9.609262512178505133e+00 9.638213268227469044e+00 9.662569852857865627e+00 9.680977102696422421e+00 9.693706496203102319e+00 9.701188643758030139e+00 9.703795770078135874e+00 9.701837776385151102e+00 9.695583652293741750e+00 9.685280061076124269e+00 9.671166962082377694e+00 9.653494980898560840e+00 9.632555192871723904e+00 9.608742097122007664e+00 9.582649164554434051e+00 9.555047860336067345e+00 9.526536340184369678e+00 9.496784619638361846e+00 9.465860603384868455e+00 9.433223498234422522e+00 9.402955747582554480e+00 9.435142338023565500e+00 9.462053263799649727e+00 9.486952049025489941e+00 9.515063995986176693e+00 9.546440255221014581e+00 9.575268161290768631e+00 1.000000000000000020e+30 1.000000000000000020e+30 1.000000000000000020e+30 1.000000000000000020e+30 1.000000000000000020e+30 1.000000000000000020e+30 1.000000000000000020e+30 1.000000000000000020e+30 1.000000000000000020e+30 1.000000000000000020e+30 1.000000000000000020e+30 1.000000000000000020e+30 1.000000000000000020e+30 1.000000000000000020e+30 1.000000000000000020e+30 1.000000000000000020e+30 1.000000000000000020e+30 1.000000000000000020e+30
9.473806827762304650e+00 9.476526230810700113e+00 9.480225034626494462e+00 9.484743584239245351e+00 9.490115886819586066e+00 9.496403045735384296e+00 9.503687350482236340e+00 9.512084662494284970e+00 9.521776949313434102e+00 9.533051502915760977e+00 9.546385401009519711e+00 9.562447248345105066e+00 9.582078251429775761e+00 9.606296578375904005e+00 9.634388741482943885e+00 9.654432183016899316e+00 9.668005754594808820e+00 9.675882420631330305e+00 9.678540326152745621e+00 9.676326146277268947e+00 9.669516814039679886e+00 9.658347834746473737e+00 9.643031316499468986e+00 9.623772398660687344e+00 9.600790243464718543e+00 9.574354103084544931e+00 9.544838579759234776e+00 9.512748918292070144e+00 9.478660614870641155e+00 9.443137843332481296e+00 9.407055407078161124e+00 9.371907471235930487e+00 9.345030041926326803e+00 9.373672492621579977e+00 9.397154438731027071e+00 9.419034035112112235e+00 9.444787387385755295e+00 9.475218431559589760e+00 9.527600653134559394e+00 1.000000000000000020e+30 1.000000000000000020e+30 1.000000000000000020e+30 1.000000000000000020e+30 1.000000000000000020e+30 1.000000000000000020e+30 1.000000000000000020e+30 1.000000000000000020e+30 1.000000000000000020e+30 1.000000000000000020e+30 1.000000000000000020e+30 1.000000000000000020e+30 1.000000000000000020e+30 1.000000000000000020e+30 1.000000000000000020e+30 1.000000000000000020e+30 1.000000000000000020e+30 1.000000000000000020e+30
9.469478105765972487e+00 9.471025827198724656e+00 9.473601410327276540e+00 9.476999419324458884e+00 9.481181265944693237e+00 9.486173447780377188e+00 9.492050614370439732e+00 9.498936938683277376e+00 9.507026297518429203e+00 9.516612099919358414e+00 9.528129924175365417e+00 9.542184726852918075e+00 9.559579070728869254e+00 9.581357135042763318e+00 9.608830951458525504e+00 9.628912307152079464e+00 9.642560440294850821e+00 9.650370846454649154e+00 9.652757797525007177e+00 9.650038515694189911e+00 9.642466495226349465e+00 9.630246050904970545e+00 9.613543747985936250e+00 9.592497582546773316e+00 9.567218578947226604e+00 9.537795799572686306e+00 9.504360481595540477e+00 9.467213284730396694e+00 9.426990282220579331e+00 9.384829795320415613e+00 9.342106568754163121e+00 9.297128691474373596e+00 9.299297242183135026e+00 9.312927806266019459e+00 9.328706555302698433e+00 9.344827822040770116e+00 9.358829847064493279e+00 9.370703072617050822e+00 1.000000000000000020e+30 1.000000000000000020e+30 1.000000000000000020e+30 1.000000000000000020e+30 1.000000000000000020e+30 1.000000000000000020e+30 1.000000000000000020e+30 1.000000000000000020e+30 1.000000000000000020e+30 1.000000000000000020e+30 1.000000000000000020e+30 1.000000000000000020e+30 1.000000000000000020e+30 1.000000000000000020e+30 1.000000000000000020e+30 1.000000000000000020e+30 1.000000000000000020e+30 1.000000000000000020e+30 1.000000000000000020e+30
9.465284660418271656e+00 9.466287370985131844e+00 9.468123430825892584e+00 9.470680861114958660e+00 9.473930866984261456e+00 9.477894205214191459e+00 9.482640970125375546e+00 9.488292600522530762e+00 9.495036416011306102e+00 9.503147330501677814e+00 9.513018802158418552e+00 9.525200558530411143e+00 9.540459823053335953e+00 9.559902288023817363e+00 9.585221434375382543e+00 9.604351834705129320e+00 9.617474498261843863e+00 9.624816236172403450e+00 9.626636365132323903e+00 9.623184328831491996e+00 9.614672108082164215e+00 9.601259009392290267e+00 9.583055315733322033e+00 9.560129382531254549e+00 9.532478732397910548e+00 9.499948274168753315e+00 9.462299374063109170e+00 9.419463497145299513e+00 9.371972529427615939e+00 9.321807507133915038e+00 9.274148760337936892e+00 9.238755005887750116e+00 9.236866031887192463e+00 9.244810990101045789e+00 9.258129254520685691e+00 9.270774809321624232e+00 9.279117009451423925e+00 9.286173191539640825e+00 1.000000000000000020e+30 1.000000000000000020e+30 1.000000000000000020e+30 1.000000000000000020e+30 1.000000000000000020e+30 1.000000000000000020e+30 1.000000000000000020e+30 1.000000000000000020e+30 1.000000000000000020e+30 1.000000000000000020e+30 1.000000000000000020e+30 1.000000000000000020e+30 1.000000000000000020e+30 1.000000000000000020e+30 1.000000000000000020e+30 1.000000000000000020e+30 1.000000000000000020e+30 1.000000000000000020e+30 1.000000000000000020e+30
9.461482330750083491e+00 9.462179063600556717e+00 9.463515631285192242e+00 9.465445759620022770e+00 9.467965595859984873e+00 9.471101727552872163e+00 9.474921868698903182e+00 9.479539128161272643e+00 9.485123487408733567e+00 9.491917248801733820e+00 9.500257949845021699e+00 9.510611920207837855e+00 9.523634923256153684e+00 9.540309600476474472e+00 9.562341385416107897e+00 9.580302706663580636e+00 9.592661223108587265e+00 9.599281101094666369e+00 9.600302331897875519e+00 9.595928900143803730e+00 9.586342536132660186e+00 9.571651099119939943e+00 9.551899638073495069e+00 9.527114642278611711e+00 9.497261343184968396e+00 9.461871433633664452e+00 9.420083443616329433e+00 9.371030824042289709e+00 9.314295030182718094e+00 9.250953171520931662e+00 9.188616044192325916e+00 9.163629238543556710e+00 9.159309964674562821e+00 9.168675678880202184e+00 9.185912843571077957e+00 9.201031902308304922e+00 9.215306507602626596e+00 9.247247176427553228e+00 1.000000000000000020e+30 1.000000000000000020e+30 1.000000000000000020e+30 1.000000000000000020e+30 1.000000000000000020e+30 1.000000000000000020e+30 1.000000000000000020e+30 1.000000000000000020e+30 1.000000000000000020e+30 1.000000000000000020e+30 1.000000000000000020e+30 1.000000000000000020e+30 1.000000000000000020e+30 1.000000000000000020e+30 1.000000000000000020e+30 1.000000000000000020e+30 1.000000000000000020e+30 1.000000000000000020e+30 1.000000000000000020e+30
9.458114640866511991e+00 9.458611139557836722e+00 9.459588624930923118e+00 9.461037307716873457e+00 9.462973514795065100e+00 9.465430734785144296e+00 9.468474077043490311e+00 9.472205248846757186e+00 9.476771267857184711e+00 9.482373676867277723e+00 9.489280941856103269e+00 9.497843165133648569e+00 9.508505023739994400e+00 9.521786860516117557e+00 9.538070143179014693e+00 9.556349075804529747e+00 9.568058834611838037e+00 9.573816330706492295e+00 9.573847382810923179e+00 9.568391296527384071e+00 9.557646648756303875e+00 9.541655524553785739e+00 9.520351319383491884e+00 9.493760028184741628e+00 9.462186017355140422e+00 9.424807175616768617e+00 9.379751656523561465e+00 9.324903335055672926e+00 9.257848209479831780e+00 9.173725942737503303e+00 9.061000401939015347e+00 9.059897022864472405e+00 9.061454382020043496e+00 9.076893447521513281e+00 9.108543741272253413e+00 9.131556753833569573e+00 9.144303755626877361e+00 1.000000000000000020e+30 1.000000000000000020e+30 1.000000000000000020e+30 1.000000000000000020e+30 1.000000000000000020e+30 1.000000000000000020e+30 1.000000000000000020e+30 1.000000000000000020e+30 1.000000000000000020e+30 1.000000000000000020e+30 1.000000000000000020e+30 1.000000000000000020e+30 1.000000000000000020e+30 1.000000000000000020e+30 1.000000000000000020e+30 1.000000000000000020e+30 1.000000000000000020e+30 1.000000000000000020e+30 1.000000000000000020e+30 1.000000000000000020e+30
9.455149391473657516e+00 9.455496411344142871e+00 9.456194386309734412e+00 9.457254723274433061e+00 9.458707508792901564e+00 9.460590946694431125e+00 9.462966463666232286e+00 9.465923338955027688e+00 9.469584774828472717e+00 9.474111352877297776e+00 9.479703850795017317e+00 9.486603852703519024e+00 9.495088782681870399e+00 9.505459688482451597e+00 9.518041002946644014e+00 9.533463602022566263e+00 9.543875721034739357e+00 9.548536122857251840e+00 9.547344991749692866e+00 9.540625049305598182e+00 9.528702012305885205e+00 9.511500539517804498e+00 9.488638548958373775e+00 9.459954474268506885e+00 9.427495287517290379e+00 9.390007816798700446e+00 9.343804677837985295e+00 9.285451683142914803e+00 9.212436794337790502e+00 9.117190158841125935e+00 8.983704348079575297e+00 8.946071858871938787e+00 8.941838089326411776e+00 8.960955479499228105e+00 9.031995075481260571e+00 9.070854304683713565e+00 9.088371292495374121e+00 1.000000000000000020e+30 1.000000000000000020e+30 1.000000000000000020e+30 1.000000000000000020e+30 1.000000000000000020e+30 1.000000000000000020e+30 1.000000000000000020e+30 1.000000000000000020e+30 1.000000000000000020e+30 1.000000000000000020e+30 1.000000000000000020e+30 1.000000000000000020e+30 1.000000000000000020e+30 1.000000000000000020e+30 1.000000000000000020e+30 1.000000000000000020e+30 1.000000000000000020e+30 1.000000000000000020e+30 1.000000000000000020e+30 1.000000000000000020e+30
9.452531719794382781e+00 9.452750459090465185e+00 9.453208415619036131e+00 9.453933563037436372e+00 9.454965841943630878e+00 9.456345727988487937e+00 9.458130020551310579e+00 9.460396405368260986e+00 9.463247666820361559e+00 9.466810221882049348e+00 9.471228425548485319e+00 9.476654117068143535e+00 9.483224891939240564e+00 9.491037436508944936e+00 9.500090905762728966e+00 9.510107434253681546e+00 9.519922491710637757e+00 9.523567764727102869e+00 9.520833021675308316e+00 9.512538090038257010e+00 9.499532402253141328e+00 9.481218574169876234e+00 9.456446761743276141e+00 9.423365221192428365e+00 9.391132703733733322e+00 9.357209256566454414e+00 9.313075217411626028e+00 9.255640778490597853e+00 9.183333367247147550e+00 9.092017055275585236e+00 8.971306379584248702e+00 8.920566204134104282e+00 8.926766171730214694e+00 8.917147703936011638e+00 8.985858279688468286e+00 9.028276276960614410e+00 9.047348522930565906e+00 9.042114988979626844e+00 1.000000000000000020e+30 1.000000000000000020e+30 1.000000000000000020e+30 1.000000000000000020e+30 1.000000000000000020e+30 1.000000000000000020e+30 1.000000000000000020e+30 1.000000000000000020e+30 1.000000000000000020e+30 1.000000000000000020e+30 1.000000000000000020e+30 1.000000000000000020e+30 1.000000000000000020e+30 1.000000000000000020e+30 1.000000000000000020e+30 1.000000000000000020e+30 1.000000000000000020e+30 1.000000000000000020e+30 1.000000000000000020e+30
9.450210135179137438e+00 9.450296648521357312e+00 9.450521425884115700e+00 9.450932264204665145e+00 9.451576530357389316e+00 9.452494099035643416e+00 9.453735982731053866e+00 9.455370239442171254e+00 9.457486267713239414e+00 9.460189460154472485e+00 9.463586518394569325e+00 9.467769544913624102e+00 9.472769712026813949e+00 9.478538595051304583e+00 9.484925135618540892e+00 9.491329339958456401e+00 9.496651516384503111e+00 9.499461616426755128e+00 9.493101025185904263e+00 9.481682255168816909e+00 9.467320328963364062e+00 9.450677854375255649e+00 9.425256928133881829e+00 9.377699307614365765e+00 9.348799554672337919e+00 9.328234205499075671e+00 9.290168375944197976e+00 9.236285509712935493e+00 9.169773712186493952e+00 9.093821064086036188e+00 9.014695498546396735e+00 8.959574054275471156e+00 8.925557343648845787e+00 8.903181395492623551e+00 8.965881680905935625e+00 9.006461558912945975e+00 9.028050430211917998e+00 9.034310980514730360e+00 1.000000000000000020e+30 1.000000000000000020e+30 1.000000000000000020e+30 1.000000000000000020e+30 1.000000000000000020e+30 1.000000000000000020e+30 1.000000000000000020e+30 1.000000000000000020e+30 1.000000000000000020e+30 1.000000000000000020e+30 1.000000000000000020e+30 1.000000000000000020e+30 1.000000000000000020e+30 1.000000000000000020e+30 1.000000000000000020e+30 1.000000000000000020e+30 1.000000000000000020e+30 1.000000000000000020e+30 1.000000000000000020e+30
9.448158328303566833e+00 9.448068653721582777e+00 9.448031843053339429e+00 9.448121076242451011e+00 9.448384753597929731e+00 9.448856553017209947e+00 9.449578815578158597e+00 9.450611247028195550e+00 9.452039969171918798e+00 9.453970104253698992e+00 9.456492459649364690e+00 9.459690236529766594e+00 9.463506943083487499e+00 9.467766718247201396e+00 9.472501460134786555e+00 9.476797538850789238e+00 9.478825159541804268e+00 9.476791224621534226e+00 9.462587038103341897e+00 9.468355286159221507e+00 9.459162901118935096e+00 9.440242526173980409e+00 9.408096460389675286e+00 9.378833037848472998e+00 9.349432971086839572e+00 9.318781471553709395e+00 9.279524304092323206e+00 9.227696505986630271e+00 9.164804814935456179e+00 9.098786945211307042e+00 9.034111896387955198e+00 8.975687560014117494e+00 8.910369329210718448e+00 8.907778736139837505e+00 8.965478429564418761e+00 9.001084940432397374e+00 9.021522106322256818e+00 9.030212869811045096e+00 1.000000000000000020e+30 1.000000000000000020e+30 1.000000000000000020e+30 1.000000000000000020e+30 1.000000000000000020e+30 1.000000000000000020e+30 1.000000000000000020e+30 1.000000000000000020e+30 1.000000000000000020e+30 1.000000000000000020e+30 1.000000000000000020e+30 1.000000000000000020e+30 1.000000000000000020e+30 1.000000000000000020e+30 1.000000000000000020e+30 1.000000000000000020e+30 1.000000000000000020e+30 1.000000000000000020e+30 1.000000000000000020e+30
9.446413501461337958e+00 9.446001421569699019e+00 9.445632212508250802e+00 9.445370645563482270e+00 9.445242615748473014e+00 9.445265095985410753e+00 9.445465430266033025e+00 9.445890908508244976e+00 9.446636603724048342e+00 9.447846606563528482e+00 9.449593678924436801e+00 9.452087858278222399e+00 9.455159146570970563e+00 9.458160147376268867e+00 9.461954782222139926e+00 9.465629256614514375e+00 9.468276496737859205e+00 9.468063335620721332e+00 9.466242698691480939e+00 9.464762023902485666e+00 9.455243035970605447e+00 9.436814034500301318e+00 9.409933426742469464e+00 9.380844143168356908e+00 9.349811852217765562e+00 9.313855435059744892e+00 9.268705958421662672e+00 9.216283119437761684e+00 9.164245075148167885e+00 9.104675791279667862e+00 9.049528852071073715e+00 8.998191015537528870e+00 8.936472286069944815e+00 8.955946192345116685e+00 8.984641700047157897e+00 9.008347747250331494e+00 9.024206848835857997e+00 9.032053166540835676e+00 1.000000000000000020e+30 1.000000000000000020e+30 1.000000000000000020e+30 1.000000000000000020e+30 1.000000000000000020e+30 1.000000000000000020e+30 1.000000000000000020e+30 1.000000000000000020e+30 1.000000000000000020e+30 1.000000000000000020e+30 1.000000000000000020e+30 1.000000000000000020e+30 1.000000000000000020e+30 1.000000000000000020e+30 1.000000000000000020e+30 1.000000000000000020e+30 1.000000000000000020e+30 1.000000000000000020e+30 1.000000000000000020e+30
9.445181083277551792e+00 9.443967221877592522e+00 9.443181945752069595e+00 9.442540533959878246e+00 9.442001550336987847e+00 9.441558139662259208e+00 9.441214108551996276e+00 9.440980227168290995e+00 9.440965994559620711e+00 9.441482732750378304e+00 9.442018850149093367e+00 9.443768565195489018e+00 9.446526927463439804e+00 9.449928672605462765e+00 9.454351490610630293e+00 9.458751499445922306e+00 9.465592813910497227e+00 9.467984501950990506e+00 9.467623780828386515e+00 9.465043355831101124e+00 9.453504697517082889e+00 9.431807038312443936e+00 9.409103318801577132e+00 9.383717672634595885e+00 9.354730008125985208e+00 9.312307080462433717e+00 9.264524797901421138e+00 9.207094142794497671e+00 9.134867147756501993e+00 9.081190899282391982e+00 9.041577701882506091e+00 9.010237636250616688e+00 8.988258303834962604e+00 8.992383944414006791e+00 9.006285075842773935e+00 9.020952319433305888e+00 9.032399706010528107e+00 9.039018395289465602e+00 1.000000000000000020e+30 1.000000000000000020e+30 1.000000000000000020e+30 1.000000000000000020e+30 1.000000000000000020e+30 1.000000000000000020e+30 1.000000000000000020e+30 1.000000000000000020e+30 1.000000000000000020e+30 1.000000000000000020e+30 1.000000000000000020e+30 1.000000000000000020e+30 1.000000000000000020e+30 1.000000000000000020e+30 1.000000000000000020e+30 1.000000000000000020e+30 1.000000000000000020e+30 1.000000000000000020e+30 1.000000000000000020e+30
1.000000000000000020e+30 9.441446969699017089e+00 9.440484339793016488e+00 9.439470516993226923e+00 9.438507959457117735e+00 9.437577156124383748e+00 9.436669733991454478e+00 9.435669903518945745e+00 9.434396054159948974e+00 9.433855760298470727e+00 9.433936106963793478e+00 9.435346324011355534e+00 9.438770815202310871e+00 9.443286037115235843e+00 9.452587953196404769e+00 9.458805194086268742e+00 9.463739877661597077e+00 9.467378376254446337e+00 9.468855438430248128e+00 9.467960731266595431e+00 1.000000000000000020e+30 9.421129338234724315e+00 9.407460358024621883e+00 9.389178861388652209e+00 9.373415302154702644e+00 1.000000000000000020e+30 1.000000000000000020e+30 1.000000000000000020e+30 9.096866258742137390e+00 9.068055375889567671e+00 9.036530491264793241e+00 9.020637383687422073e+00 9.013757137188864732e+00 9.016547236066402959e+00 9.024673895423822145e+00 9.034299262787328644e+00 9.042948950754158943e+00 9.049920647365301107e+00 9.057211852027160504e+00 1.000000000000000020e+30 1.000000000000000020e+30 1.000000000000000020e+30 1.000000000000000020e+30 1.000000000000000020e+30 1.000000000000000020e+30 1.000000000000000020e+30 1.000000000000000020e+30 1.000000000000000020e+30 1.000000000000000020e+30 1.000000000000000020e+30 1.000000000000000020e+30 1.000000000000000020e+30 1.000000000000000020e+30 1.000000000000000020e+30 1.000000000000000020e+30 1.000000000000000020e+30 1.000000000000000020e+30
1.000000000000000020e+30 9.439670383969016143e+00 9.437562298917415049e+00 9.436017319909442591e+00 9.434606802239818180e+00 9.433150413628021980e+00 9.431753264122656688e+00 9.429762912222329874e+00 9.427857511095185217e+00 9.425694315146460056e+00 9.423068683189351091e+00 9.423713196940118664e+00 9.435072384289243885e+00 9.441515167498028660e+00 9.452437790382159477e+00 9.461405268839138571e+00 9.464025496958525352e+00 1.000000000000000020e+30 1.000000000000000020e+30 1.000000000000000020e+30 1.000000000000000020e+30 1.000000000000000020e+30 1.000000000000000020e+30 1.000000000000000020e+30 1.000000000000000020e+30 1.000000000000000020e+30 1.000000000000000020e+30 1.000000000000000020e+30 9.083042446805459136e+00 9.066613246529264813e+00 9.041238004397749606e+00 9.029060908475415204e+00 9.028969492835726030e+00 9.032892766605366219e+00 9.039100894339700432e+00 9.046174389111355296e+00 9.052738465828273462e+00 9.058080892339530621e+00 9.061898561991988288e+00 1.000000000000000020e+30 1.000000000000000020e+30 1.000000000000000020e+30 1.000000000000000020e+30 1.000000000000000020e+30 1.000000000000000020e+30 1.000000000000000020e+30 1.000000000000000020e+30 1.000000000000000020e+30 1.000000000000000020e+30 1.000000000000000020e+30 1.000000000000000020e+30 1.000000000000000020e+30 1.000000000000000020e+30 1.000000000000000020e+30 1.000000000000000020e+30 1.000000000000000020e+30 1.000000000000000020e+30
1.000000000000000020e+30 1.000000000000000020e+30 9.433619061248515791e+00 9.431882926628968988e+00 9.430128222386791492e+00 9.427915689231923579e+00 9.426185025354124392e+00 9.424164162394317756e+00 9.421694584247129356e+00 9.415730858037663964e+00 9.421619025150135940e+00 9.423937740905422800e+00 1.000000000000000020e+30 1.000000000000000020e+30 1.000000000000000020e+30 1.000000000000000020e+30 1.000000000000000020e+30 1.000000000000000020e+30 1.000000000000000020e+30 1.000000000000000020e+30 1.000000000000000020e+30 1.000000000000000020e+30 1.000000000000000020e+30 1.000000000000000020e+30 1.000000000000000020e+30 1.000000000000000020e+30 1.000000000000000020e+30 1.000000000000000020e+30 1.000000000000000020e+30 1.000000000000000020e+30 9.039303322218618320e+00 9.036737633010245574e+00 9.039438833673054674e+00 9.044385603035804522e+00 9.050227497331926330e+00 9.056143164640758414e+00 9.061349811913746777e+00 9.065373431200429266e+00 9.067819487585035532e+00 1.000000000000000020e+30 1.000000000000000020e+30 1.000000000000000020e+30 1.000000000000000020e+30 1.000000000000000020e+30 1.000000000000000020e+30 1.000000000000000020e+30 1.000000000000000020e+30 1.000000000000000020e+30 1.000000000000000020e+30 1.000000000000000020e+30 1.000000000000000020e+30 1.000000000000000020e+30 1.000000000000000020e+30 1.000000000000000020e+30 1.000000000000000020e+30 1.000000000000000020e+30 1.000000000000000020e+30
1.000000000000000020e+30 1.000000000000000020e+30 9.430713506057292861e+00 9.426816841688241411e+00 9.424620541591744782e+00 9.422694361727616652e+00 9.420871243118622118e+00 9.419111947918702654e+00 9.420912881559379670e+00 9.419261861452151052e+00 1.000000000000000020e+30 1.000000000000000020e+30 1.000000000000000020e+30 1.000000000000000020e+30 1.000000000000000020e+30 1.000000000000000020e+30 1.000000000000000020e+30 1.000000000000000020e+30 1.000000000000000020e+30 1.000000000000000020e+30 1.000000000000000020e+30 1.000000000000000020e+30 1.000000000000000020e+30 1.000000000000000020e+30 1.000000000000000020e+30 1.000000000000000020e+30 1.000000000000000020e+30 1.000000000000000020e+30 1.000000000000000020e+30 1.000000000000000020e+30 1.000000000000000020e+30 9.042997842607334746e+00 9.047464416193589543e+00 9.053014097591500331e+00 9.058870924065919539e+00 9.064433409358137794e+00 9.068772898522793113e+00 9.071878478405826840e+00 9.073629819874575730e+00 1.000000000000000020e+30 1.000000000000000020e+30 1.000000000000000020e+30 1.000000000000000020e+30 1.000000000000000020e+30 1.000000000000000020e+30 1.000000000000000020e+30 1.000000000000000020e+30 1.000000000000000020e+30 1.000000000000000020e+30 1.000000000000000020e+30 1.000000000000000020e+30 1.000000000000000020e+30 1.000000000000000020e+30 1.000000000000000020e+30 1.000000000000000020e+30 1.000000000000000020e+30 1.000000000000000020e+30
1.000000000000000020e+30 1.000000000000000020e+30 1.000000000000000020e+30 9.420496108549871295e+00 9.419188119879290610e+00 9.417757867870248489e+00 9.415605031045735984e+00 9.419411654024026248e+00 9.421578181810145836e+00 1.000000000000000020e+30 1.000000000000000020e+30 1.000000000000000020e+30 1.000000000000000020e+30 1.000000000000000020e+30 1.000000000000000020e+30 1.000000000000000020e+30 1.000000000000000020e+30 1.000000000000000020e+30 1.000000000000000020e+30 1.000000000000000020e+30 1.000000000000000020e+30 1.000000000000000020e+30 1.000000000000000020e+30 1.000000000000000020e+30 1.000000000000000020e+30 1.000000000000000020e+30 1.000000000000000020e+30 1.000000000000000020e+30 1.000000000000000020e+30 1.000000000000000020e+30 1.000000000000000020e+30 1.000000000000000020e+30 9.054578555469360523e+00 9.060360053619650245e+00 9.065992748289223968e+00 9.071585676057891234e+00 9.075084349584901844e+00 9.077397889925745034e+00 9.078661623671541392e+00 1.000000000000000020e+30 1.000000000000000020e+30 1.000000000000000020e+30 1.000000000000000020e+30 1.000000000000000020e+30 1.000000000000000020e+30 1.000000000000000020e+30 1.000000000000000020e+30 1.000000000000000020e+30 1.000000000000000020e+30 1.000000000000000020e+30 1.000000000000000020e+30 1.000000000000000020e+30 1.000000000000000020e+30 1.000000000000000020e+30 1.000000000000000020e+30 1.000000000000000020e+30 1.000000000000000020e+30
1.000000000000000020e+30 1.000000000000000020e+30 1.000000000000000020e+30 9.416280148645778780e+00 9.415249148462889295e+00 9.418419620878090370e+00 9.419320780466909682e+00 9.420779785031360376e+00 1.000000000000000020e+30 1.000000000000000020e+30 1.000000000000000020e+30 1.000000000000000020e+30 1.000000000000000020e+30 1.000000000000000020e+30 1.000000000000000020e+30 1.000000000000000020e+30 1.000000000000000020e+30 1.000000000000000020e+30 1.000000000000000020e+30 1.000000000000000020e+30 1.000000000000000020e+30 1.000000000000000020e+30 1.000000000000000020e+30 1.000000000000000020e+30 1.000000000000000020e+30 1.000000000000000020e+30 1.000000000000000020e+30 1.000000000000000020e+30 1.000000000000000020e+30 1.000000000000000020e+30 1.000000000000000020e+30 1.000000000000000020e+30 1.000000000000000020e+30 9.067030457480257155e+00 9.072861979319995385e+00 9.077930549404751304e+00 9.080257337161986797e+00 9.081647698699303106e+00 9.082450842409061309e+00 1.000000000000000020e+30 1.000000000000000020e+30 1.000000000000000020e+30 1.000000000000000020e+30 1.000000000000000020e+30 1.000000000000000020e+30 1.000000000000000020e+30 1.000000000000000020e+30 1.000000000000000020e+30 1.000000000000000020e+30 1.000000000000000020e+30 1.000000000000000020e+30 1.000000000000000020e+30 1.000000000000000020e+30 1.000000000000000020e+30 1.000000000000000020e+30 1.000000000000000020e+30 1.000000000000000020e+30
1.000000000000000020e+30 1.000000000000000020e+30 1.000000000000000020e+30 1.000000000000000020e+30 9.421260868328674931e+00 9.421292417352931992e+00 9.421752319525284136e+00 1.000000000000000020e+30 1.000000000000000020e+30 1.000000000000000020e+30 1.000000000000000020e+30 1.000000000000000020e+30 1.000000000000000020e+30 1.000000000000000020e+30 1.000000000000000020e+30 1.000000000000000020e+30 1.000000000000000020e+30 1.000000000000000020e+30 1.000000000000000020e+30 1.000000000000000020e+30 1.000000000000000020e+30 1.000000000000000020e+30 1.000000000000000020e+30 1.000000000000000020e+30 1.000000000000000020e+30 1.000000000000000020e+30 1.000000000000000020e+30 1.000000000000000020e+30 1.000000000000000020e+30 1.000000000000000020e+30 1.000000000000000020e+30 1.000000000000000020e+30 1.000000000000000020e+30 1.000000000000000020e+30 9.078926743027283308e+00 9.082579209916746166e+00 9.083859846562965856e+00 9.084180689766284900e+00 9.084554883800921132e+00 1.000000000000000020e+30 1.000000000000000020e+30 1.000000000000000020e+30 1.000000000000000020e+30 1.000000000000000020e+30 1.000000000000000020e+30 1.000000000000000020e+30 1.000000000000000020e+30 1.000000000000000020e+30 1.000000000000000020e+30 1.000000000000000020e+30 1.000000000000000020e+30 1.000000000000000020e+30 1.000000000000000020e+30 1.000000000000000020e+30 1.000000000000000020e+30 1.000000000000000020e+30 1.000000000000000020e+30
1.000000000000000020e+30 1.000000000000000020e+30 1.000000000000000020e+30 1.000000000000000020e+30 9.426883770784517225e+00 1.000000000000000020e+30 1.000000000000000020e+30 1.000000000000000020e+30 1.000000000000000020e+30 1.000000000000000020e+30 1.000000000000000020e+30 1.000000000000000020e+30 1.000000000000000020e+30 1.000000000000000020e+30 1.000000000000000020e+30 1.000000000000000020e+30 1.000000000000000020e+30 1.000000000000000020e+30 1.000000000000000020e+30 1.000000000000000020e+30 1.000000000000000020e+30 1.000000000000000020e+30 1.000000000000000020e+30 1.000000000000000020e+30 1.000000000000000020e+30 1.000000000000000020e+30 1.000000000000000020e+30 1.000000000000000020e+30 1.000000000000000020e+30 1.000000000000000020e+30 1.000000000000000020e+30 1.000000000000000020e+30 1.000000000000000020e+30 1.000000000000000020e+30 1.000000000000000020e+30 9.085245680862039208e+00 9.085803794034740477e+00 1.000000000000000020e+30 1.000000000000000020e+30 1.000000000000000020e+30 1.000000000000000020e+30 1.000000000000000020e+30 1.000000000000000020e+30 1.000000000000000020e+30 1.000000000000000020e+30 1.000000000000000020e+30 1.000000000000000020e+30 1.000000000000000020e+30 1.000000000000000020e+30 1.000000000000000020e+30 1.000000000000000020e+30 1.000000000000000020e+30 1.000000000000000020e+30 1.000000000000000020e+30 1.000000000000000020e+30 1.000000000000000020e+30 1.000000000000000020e+30
