1.000000000000000020e+30 1.000000000000000020e+30 1.000000000000000020e+30 1.000000000000000020e+30 1.000000000000000020e+30 1.000000000000000020e+30 1.000000000000000020e+30 1.000000000000000020e+30 1.000000000000000020e+30 1.000000000000000020e+30 1.000000000000000020e+30 1.000000000000000020e+30 1.000000000000000020e+30 1.000000000000000020e+30 1.000000000000000020e+30 1.000000000000000020e+30 1.000000000000000020e+30 1.000000000000000020e+30 1.000000000000000020e+30 1.000000000000000020e+30 1.000000000000000020e+30 1.000000000000000020e+30 1.000000000000000020e+30 1.000000000000000020e+30 1.000000000000000020e+30 1.000000000000000020e+30 1.000000000000000020e+30 1.000000000000000020e+30 1.000000000000000020e+30 1.000000000000000020e+30 1.000000000000000020e+30 1.000000000000000020e+30 1.000000000000000020e+30 1.000000000000000020e+30 1.000000000000000020e+30 1.000000000000000020e+30 1.000000000000000020e+30 1.000000000000000020e+30 1.000000000000000020e+30 1.000000000000000020e+30 1.000000000000000020e+30 1.000000000000000020e+30 1.000000000000000020e+30 1.000000000000000020e+30 1.000000000000000020e+30 1.000000000000000020e+30 1.000000000000000020e+30 1.000000000000000020e+30 1.000000000000000020e+30 1.000000000000000020e+30 1.000000000000000020e+30 1.000000000000000020e+30 1.000000000000000020e+30 1.000000000000000020e+30 1.000000000000000020e+30 1.000000000000000020e+30 1.000000000000000020e+30
1.000000000000000020e+30 1.000000000000000020e+30 1.000000000000000020e+30 1.000000000000000020e+30 1.000000000000000020e+30 1.000000000000000020e+30 1.000000000000000020e+30 1.000000000000000020e+30 1.000000000000000020e+30 1.000000000000000020e+30 1.000000000000000020e+30 1.000000000000000020e+30 1.000000000000000020e+30 1.000000000000000020e+30 1.000000000000000020e+30 1.000000000000000020e+30 1.000000000000000020e+30 1.000000000000000020e+30 1.000000000000000020e+30 1.000000000000000020e+30 1.000000000000000020e+30 1.000000000000000020e+30 1.000000000000000020e+30 1.000000000000000020e+30 1.000000000000000020e+30 1.000000000000000020e+30 1.000000000000000020e+30 9.147550206219007052e+00 9.150246108394478384e+00 9.153226279980790636e+00 9.155791395085492113e+00 9.157741358626717343e+00 9.159039207921750858e+00 9.159708463284475854e+00 9.159799682654831798e+00 9.159379314355843960e+00 9.158526532618434857e+00 9.157334228242566709e+00 9.155912304891778319e+00 9.154392082482171844e+00 9.152930118382947455e+00 9.151710477501151075e+00 9.150948365956230290e+00 1.000000000000000020e+30 1.000000000000000020e+30 1.000000000000000020e+30 1.000000000000000020e+30 1.000000000000000020e+30 1.000000000000000020e+30 1.000000000000000020e+30 1.000000000000000020e+30 1.000000000000000020e+30 1.000000000000000020e+30 1.000000000000000020e+30 1.000000000000000020e+30 1.000000000000000020e+30 1.000000000000000020e+30
1.000000000000000020e+30 1.000000000000000020e+30 1.000000000000000020e+30 1.000000000000000020e+30 1.000000000000000020e+30 1.000000000000000020e+30 1.000000000000000020e+30 1.000000000000000020e+30 1.000000000000000020e+30 1.000000000000000020e+30 1.000000000000000020e+30 1.000000000000000020e+30 1.000000000000000020e+30 1.000000000000000020e+30 1.000000000000000020e+30 1.000000000000000020e+30 1.000000000000000020e+30 1.000000000000000020e+30 1.000000000000000020e+30 1.000000000000000020e+30 1.000000000000000020e+30 1.000000000000000020e+30 1.000000000000000020e+30 1.000000000000000020e+30 9.118949304976913695e+00 9.124208198274867954e+00 9.131408005110374759e+00 9.140253288706242429e+00 9.145356557673190778e+00 9.149027441406257566e+00 9.151779561633318849e+00 9.153749084915325795e+00 9.155001434341684785e+00 9.155594006351149616e+00 9.155589087421963868e+00 9.155056327586519771e+00 9.154074271807596475e+00 9.152733101098915469e+00 9.151139130297266888e+00 9.149420979049301295e+00 9.147734583978671452e+00 9.146263231128198612e+00 9.145171080312696432e+00 9.144351846258535588e+00 9.148725066009015805e+00 9.159093682891430888e+00 9.176753301171553190e+00 9.156917019350675702e+00 1.000000000000000020e+30 1.000000000000000020e+30 1.000000000000000020e+30 1.000000000000000020e+30 1.000000000000000020e+30 1.000000000000000020e+30 1.000000000000000020e+30 1.000000000000000020e+30 1.000000000000000020e+30
1.000000000000000020e+30 1.000000000000000020e+30 1.000000000000000020e+30 1.000000000000000020e+30 1.000000000000000020e+30 1.000000000000000020e+30 1.000000000000000020e+30 1.000000000000000020e+30 1.000000000000000020e+30 1.000000000000000020e+30 1.000000000000000020e+30 1.000000000000000020e+30 1.000000000000000020e+30 1.000000000000000020e+30 1.000000000000000020e+30 1.000000000000000020e+30 1.000000000000000020e+30 1.000000000000000020e+30 1.000000000000000020e+30 1.000000000000000020e+30 1.000000000000000020e+30 9.078688864947368486e+00 9.085852909177399184e+00 9.096076087976300073e+00 9.109079248509569737e+00 9.117658861920936886e+00 9.125156096284717577e+00 9.132091437974779069e+00 9.137287770438733858e+00 9.141127583486950314e+00 9.143915941674569225e+00 9.145821801124622397e+00 9.146949010542702041e+00 9.147376524384950969e+00 9.147175951130764204e+00 9.146418899062256358e+00 9.145181103823929902e+00 9.143546431170507915e+00 9.141612463447314596e+00 9.139499030713135852e+00 9.137363234004247659e+00 9.135430506397185013e+00 9.134071056200177452e+00 9.134052381534987219e+00 9.137575664374613993e+00 9.146608903808305158e+00 9.164289851697390077e+00 9.131836356182697401e+00 9.102378411319033802e+00 1.000000000000000020e+30 1.000000000000000020e+30 1.000000000000000020e+30 1.000000000000000020e+30 1.000000000000000020e+30 1.000000000000000020e+30 1.000000000000000020e+30 1.000000000000000020e+30
1.000000000000000020e+30 1.000000000000000020e+30 1.000000000000000020e+30 1.000000000000000020e+30 1.000000000000000020e+30 1.000000000000000020e+30 1.000000000000000020e+30 1.000000000000000020e+30 1.000000000000000020e+30 1.000000000000000020e+30 1.000000000000000020e+30 1.000000000000000020e+30 1.000000000000000020e+30 1.000000000000000020e+30 1.000000000000000020e+30 1.000000000000000020e+30 1.000000000000000020e+30 1.000000000000000020e+30 9.030056125566265024e+00 9.038388710809540427e+00 9.050736899665006163e+00 9.066868996798028491e+00 9.078146762212970344e+00 9.088660517254785631e+00 9.099009436204704926e+00 9.107574346487883332e+00 9.114850406816184858e+00 9.121051348361032041e+00 9.125953355587894222e+00 9.129647801187379841e+00 9.132289855616299690e+00 9.134010430912947953e+00 9.134911273685549560e+00 9.135075690767521905e+00 9.134577476663656270e+00 9.133486399352923613e+00 9.131871867044679902e+00 9.129806438518919265e+00 9.127370651900958975e+00 9.124661174722673351e+00 9.121805927966970984e+00 9.118996585332816096e+00 9.116557028432971777e+00 9.115091472947606022e+00 9.115753532692208339e+00 9.120274533082517010e+00 9.133222526727221791e+00 9.098488456805675639e+00 9.067618346822026609e+00 9.035055150116875211e+00 1.000000000000000020e+30 1.000000000000000020e+30 1.000000000000000020e+30 1.000000000000000020e+30 1.000000000000000020e+30 1.000000000000000020e+30 1.000000000000000020e+30
1.000000000000000020e+30 1.000000000000000020e+30 1.000000000000000020e+30 1.000000000000000020e+30 1.000000000000000020e+30 1.000000000000000020e+30 1.000000000000000020e+30 1.000000000000000020e+30 1.000000000000000020e+30 1.000000000000000020e+30 1.000000000000000020e+30 1.000000000000000020e+30 1.000000000000000020e+30 1.000000000000000020e+30 1.000000000000000020e+30 1.000000000000000020e+30 8.990328687184183210e+00 9.000339337055343947e+00 9.016996184950547999e+00 9.029658639480063087e+00 9.042257023549360895e+00 9.055232212806133774e+00 9.066546053483339307e+00 9.076762936170595708e+00 9.086086189419397385e+00 9.094147473436915874e+00 9.100990920299674158e+00 9.106679747015828497e+00 9.111190550685247302e+00 9.114574732002779456e+00 9.116925509076379441e+00 9.118340627653417130e+00 9.118909018779628894e+00 9.118709507411329795e+00 9.117812779571298876e+00 9.116283402899027166e+00 9.114181388354111846e+00 9.111563665604677453e+00 9.108486095937482929e+00 9.105007057463787135e+00 9.101194265775619741e+00 9.097137515638024752e+00 9.092966732665544782e+00 9.088853907107798946e+00 9.084879231547729361e+00 9.080278571667335541e+00 9.076605162924220593e+00 9.055972466024034162e+00 9.029212810819883472e+00 8.997115701462741200e+00 8.955934061000995428e+00 8.933208925201752137e+00 1.000000000000000020e+30 1.000000000000000020e+30 1.000000000000000020e+30 1.000000000000000020e+30 1.000000000000000020e+30
1.000000000000000020e+30 1.000000000000000020e+30 1.000000000000000020e+30 1.000000000000000020e+30 1.000000000000000020e+30 1.000000000000000020e+30 1.000000000000000020e+30 1.000000000000000020e+30 1.000000000000000020e+30 1.000000000000000020e+30 1.000000000000000020e+30 1.000000000000000020e+30 1.000000000000000020e+30 1.000000000000000020e+30 1.000000000000000020e+30 8.960808423356155572e+00 8.975527264812484418e+00 8.988918616507731940e+00 9.003182212334655432e+00 9.016269045615119992e+00 9.028693419866920422e+00 9.040566079487364348e+00 9.051366462802095114e+00 9.061095316958946100e+00 9.069770462932526200e+00 9.077289711448914389e+00 9.083639264870850383e+00 9.088837401682493322e+00 9.092899543940207607e+00 9.095869935251554850e+00 9.097817012951519899e+00 9.098818643768561643e+00 9.098952242194451756e+00 9.098290270657164669e+00 9.096898467262779064e+00 9.094834926148845256e+00 9.092149186616637735e+00 9.088880993637317829e+00 9.085058480015666404e+00 9.080695461352048525e+00 9.075787338709249141e+00 9.070304729564655943e+00 9.064182091385195150e+00 9.057294071146127834e+00 9.049398857804277441e+00 9.039907119091676435e+00 9.031640113833105943e+00 9.014246977540995687e+00 8.990768135015544615e+00 8.962844628802294267e+00 8.932013935322261844e+00 8.904993912946556733e+00 8.877457113953354906e+00 1.000000000000000020e+30 1.000000000000000020e+30 1.000000000000000020e+30 1.000000000000000020e+30
1.000000000000000020e+30 1.000000000000000020e+30 1.000000000000000020e+30 1.000000000000000020e+30 1.000000000000000020e+30 1.000000000000000020e+30 1.000000000000000020e+30 1.000000000000000020e+30 1.000000000000000020e+30 1.000000000000000020e+30 1.000000000000000020e+30 1.000000000000000020e+30 1.000000000000000020e+30 1.000000000000000020e+30 8.923210092656583825e+00 8.941252164466726882e+00 8.957239238818813121e+00 8.971832780107105165e+00 8.985780379064120638e+00 8.998795412036393770e+00 9.010952459222393074e+00 9.022260177537608783e+00 9.032561162405613686e+00 9.041796103957016939e+00 9.049934102008791115e+00 9.056930380907790124e+00 9.062769267012395602e+00 9.067458831829529942e+00 9.071021458553650163e+00 9.073498696836969302e+00 9.074948846609068198e+00 9.075439713944426501e+00 9.075041701564998675e+00 9.073822768573387876e+00 9.071844807465238247e+00 9.069160637370426770e+00 9.065810958366993688e+00 9.061820628393080668e+00 9.057193311880785913e+00 9.051902931691197196e+00 9.045879545568984881e+00 9.038986573706958794e+00 9.030987071114612519e+00 9.021514969097310654e+00 9.010238180199577229e+00 9.002262331700061182e+00 8.990453449570720679e+00 8.973231732434047814e+00 8.951360179996267874e+00 8.926037825713143192e+00 8.898796688618039852e+00 8.871779162784259043e+00 8.844375584655974620e+00 8.815469114074534929e+00 1.000000000000000020e+30 1.000000000000000020e+30 1.000000000000000020e+30
1.000000000000000020e+30 1.000000000000000020e+30 1.000000000000000020e+30 1.000000000000000020e+30 1.000000000000000020e+30 1.000000000000000020e+30 1.000000000000000020e+30 1.000000000000000020e+30 1.000000000000000020e+30 1.000000000000000020e+30 1.000000000000000020e+30 1.000000000000000020e+30 1.000000000000000020e+30 8.879345587818264107e+00 8.900272700583780505e+00 8.918883437865670061e+00 8.935502554462122049e+00 8.950579574068250110e+00 8.964517762956623059e+00 8.977405713765486794e+00 8.989305535614446896e+00 9.000222742778488438e+00 9.010098185060098075e+00 9.018881748425036093e+00 9.026535780023593247e+00 9.033029640195977095e+00 9.038350870436074658e+00 9.042506538752753897e+00 9.045520932001352321e+00 9.047435151926590535e+00 9.048304480864709731e+00 9.048193508734096113e+00 9.047170674382087441e+00 9.045303150715698237e+00 9.042652184702076212e+00 9.039268666740408520e+00 9.035188588419183375e+00 9.030427772935855302e+00 9.024974532147117756e+00 9.018777603445792934e+00 9.011725007367978435e+00 9.003606995866340057e+00 8.994043896130516913e+00 8.982264981439463725e+00 8.973615088886884195e+00 8.963093643499574270e+00 8.949294894494640218e+00 8.931451205643366364e+00 8.909956539898679750e+00 8.885671339028968774e+00 8.859846082796781985e+00 8.833404143474217207e+00 8.807222557233748361e+00 8.780960585746843350e+00 8.757463403313893835e+00 1.000000000000000020e+30 1.000000000000000020e+30
1.000000000000000020e+30 1.000000000000000020e+30 1.000000000000000020e+30 1.000000000000000020e+30 1.000000000000000020e+30 1.000000000000000020e+30 1.000000000000000020e+30 1.000000000000000020e+30 1.000000000000000020e+30 1.000000000000000020e+30 1.000000000000000020e+30 1.000000000000000020e+30 8.829646223510088987e+00 8.853458620816264002e+00 8.874722762547548882e+00 8.893605896299133562e+00 8.910439102040369264e+00 8.925617956644760653e+00 8.939479226905469034e+00 8.952198634481609574e+00 8.963854770461988863e+00 8.974457517610906265e+00 8.983971848817610351e+00 8.992353057705912533e+00 8.999561864315742454e+00 9.005570294912837781e+00 9.010367483978834358e+00 9.013961556356720806e+00 9.016378891012433172e+00 9.017662599544804536e+00 9.017869693557253541e+00 9.017066943035191073e+00 9.015325953267385728e+00 9.012717878387373815e+00 9.009307962003562764e+00 9.005150030873929623e+00 9.000281070179783072e+00 8.994715737641826081e+00 8.988439639147141946e+00 8.981398036332317147e+00 8.973474380454886656e+00 8.964457839396482441e+00 8.954045619519449772e+00 8.942189572204883419e+00 8.933500737351787180e+00 8.921809522511654933e+00 8.906758131747199769e+00 8.887867231679393853e+00 8.865857806256665086e+00 8.841329155155822406e+00 8.815967161684348241e+00 8.789196276274784836e+00 8.764542237336099717e+00 8.738053297065336622e+00 8.714350993270659984e+00 1.000000000000000020e+30 1.000000000000000020e+30
1.000000000000000020e+30 1.000000000000000020e+30 1.000000000000000020e+30 1.000000000000000020e+30 1.000000000000000020e+30 1.000000000000000020e+30 1.000000000000000020e+30 1.000000000000000020e+30 1.000000000000000020e+30 1.000000000000000020e+30 1.000000000000000020e+30 8.773591151521699771e+00 8.800805638235823736e+00 8.825124575507285130e+00 8.846589123732186977e+00 8.865447410890618940e+00 8.882122608864245095e+00 8.897089239609190514e+00 8.910720206973332225e+00 8.923213397072423447e+00 8.934634968866056681e+00 8.944975015863185774e+00 8.954187048899527213e+00 8.962216316664518345e+00 8.969015700293871518e+00 8.974553775718941750e+00 8.978819097700419860e+00 8.981821323183590167e+00 8.983590219455615866e+00 8.984173559612743887e+00 8.983634100931164213e+00 8.982045660613234617e+00 8.979488324721904391e+00 8.976042813770327200e+00 8.971784109609094671e+00 8.966774750917160475e+00 8.961058665203776030e+00 8.954656624498273487e+00 8.947563422679740697e+00 8.939742861783017247e+00 8.931106521120517172e+00 8.921439461868478915e+00 8.910168739425236240e+00 8.901066377602395718e+00 8.890985853865894128e+00 8.878453528565090735e+00 8.862597598477051974e+00 8.841907188541290097e+00 8.818752533837317387e+00 8.792264634340655860e+00 8.767913032080754121e+00 8.737260551539890230e+00 8.702178869050944954e+00 8.671779031717790076e+00 8.641855509395456991e+00 8.601257284895694966e+00 1.000000000000000020e+30
1.000000000000000020e+30 1.000000000000000020e+30 1.000000000000000020e+30 1.000000000000000020e+30 1.000000000000000020e+30 1.000000000000000020e+30 1.000000000000000020e+30 1.000000000000000020e+30 1.000000000000000020e+30 1.000000000000000020e+30 8.709074197721987431e+00 8.741277504911037610e+00 8.769795933478814476e+00 8.794612479225103030e+00 8.816064809135312430e+00 8.834499871185187203e+00 8.850566452110994575e+00 8.864971509671388361e+00 8.878196608882511498e+00 8.890418124253971044e+00 8.901633807383030117e+00 8.911774144720137514e+00 8.920752508180584073e+00 8.928487846820518214e+00 8.934916790375616813e+00 8.939999849006472488e+00 8.943723569143109842e+00 8.946099859365119755e+00 8.947163747821495150e+00 8.946970508420857726e+00 8.945592447531568681e+00 8.943115175053263144e+00 8.939632936527386775e+00 8.935242539941317119e+00 8.930035672249939438e+00 8.924090133364249056e+00 8.917461832276831757e+00 8.910181064496791592e+00 8.902257448619344871e+00 8.893695009846714683e+00 8.884507683790255683e+00 8.874705954494112703e+00 8.864237241692144664e+00 8.855507013139481742e+00 8.845479425869029910e+00 8.832947618158463854e+00 8.817766650200487888e+00 8.792874586834789952e+00 8.769412238130900761e+00 8.735465835218706232e+00 8.699744644298169405e+00 8.664735075340473713e+00 8.629460387643188568e+00 8.599329530921977494e+00 8.574318820515761885e+00 8.554920855676108715e+00 1.000000000000000020e+30
1.000000000000000020e+30 1.000000000000000020e+30 1.000000000000000020e+30 1.000000000000000020e+30 1.000000000000000020e+30 1.000000000000000020e+30 1.000000000000000020e+30 1.000000000000000020e+30 1.000000000000000020e+30 8.624934398118117684e+00 8.671695047837927106e+00 8.707511375080896343e+00 8.737385681068625232e+00 8.762399598067920792e+00 8.783518569497495321e+00 8.800906188867228863e+00 8.815681173021268080e+00 8.829065980796723778e+00 8.841730497889258800e+00 8.853702785378301243e+00 8.864800484797248359e+00 8.874843938386959508e+00 8.883683291596893739e+00 8.891198699415465256e+00 8.897303965336165632e+00 8.901949027317897389e+00 8.905118778911052857e+00 8.906829342655475656e+00 8.907123646779622206e+00 8.906067499790260911e+00 8.903746373609529030e+00 8.900262307242579496e+00 8.895729842949089416e+00 8.890269732358360599e+00 8.883999424037282822e+00 8.877020393696776424e+00 8.869404777961841901e+00 8.861188072195373522e+00 8.852380281152219865e+00 8.843010581602829490e+00 8.833208184474171887e+00 8.823267399219499652e+00 8.813500607663376840e+00 8.805785407790921226e+00 8.796989507778553374e+00 8.784573534199772382e+00 8.777098634940335486e+00 8.736830519615843116e+00 8.699985790467490432e+00 8.663378888650091980e+00 8.625199059744085517e+00 8.586784972046329401e+00 8.545886894087340480e+00 8.516030936658985695e+00 8.495416720990045079e+00 8.483422385418590395e+00 1.000000000000000020e+30
1.000000000000000020e+30 1.000000000000000020e+30 1.000000000000000020e+30 1.000000000000000020e+30 1.000000000000000020e+30 1.000000000000000020e+30 1.000000000000000020e+30 1.000000000000000020e+30 8.688745990746680192e+00 8.660241220489075076e+00 8.640039558031297418e+00 8.674510410364000279e+00 8.704700660213227081e+00 8.728974603594410908e+00 8.749622055810046817e+00 8.764867394641690623e+00 8.777150624818236935e+00 8.788866638195223402e+00 8.800963140742984692e+00 8.812888106105516428e+00 8.824065421607901527e+00 8.834177693496018335e+00 8.843011183762842009e+00 8.850403187140509331e+00 8.856241793944915841e+00 8.860467181437567064e+00 8.863065989865280159e+00 8.864062697076539266e+00 8.863511825707897529e+00 8.861492764390478172e+00 8.858107147331367059e+00 8.853477492716836039e+00 8.847745019866605887e+00 8.841064135193258622e+00 8.833591036335572966e+00 8.825464676074972203e+00 8.816781261308104689e+00 8.807570956384580541e+00 8.797800065779801670e+00 8.787442447785355881e+00 8.776677063104720844e+00 8.766228493955775747e+00 8.757678350301491221e+00 8.751635838672374490e+00 8.746583877038085930e+00 8.725693892451300115e+00 8.695722798032415213e+00 8.661139261678483692e+00 8.624665951345960480e+00 8.587182427422659359e+00 8.545179942775742887e+00 8.505586109763948244e+00 8.445510906671788831e+00 8.417711744243138838e+00 8.402095914243895791e+00 8.394123452999387780e+00 1.000000000000000020e+30
1.000000000000000020e+30 1.000000000000000020e+30 1.000000000000000020e+30 1.000000000000000020e+30 1.000000000000000020e+30 1.000000000000000020e+30 1.000000000000000020e+30 8.737033822853248921e+00 8.712064006661380589e+00 8.682017215525878129e+00 8.639474286715220330e+00 8.640580160941681243e+00 8.672755615256587447e+00 8.694027094201992156e+00 8.716003974556008060e+00 8.726688238222516603e+00 8.734104019371143224e+00 8.743222612697342910e+00 8.755322676825713302e+00 8.767795455387792813e+00 8.779387348371434641e+00 8.789797694107301496e+00 8.798801015850489904e+00 8.806191532659441989e+00 8.811829910364078700e+00 8.815651814549413601e+00 8.817653933443597936e+00 8.817876620324478054e+00 8.816390952461011565e+00 8.813292362728260443e+00 8.808699927378278005e+00 8.802758833891765278e+00 8.795642603526170333e+00 8.787550918621080953e+00 8.778698104981565109e+00 8.769286546002780014e+00 8.759460352429229602e+00 8.749242746928151959e+00 8.738485355660779774e+00 8.726909319297142531e+00 8.714402053034966400e+00 8.701806928435900090e+00 8.692939938112671072e+00 8.690935000874560501e+00 8.665417670977495490e+00 8.641541758277888619e+00 8.613317267682488065e+00 8.581666676830215224e+00 8.544657884048140417e+00 8.509779635787614538e+00 8.456997832130518589e+00 8.439088464480031249e+00 8.455886258717468351e+00 8.452099743880053140e+00 8.446098666724131121e+00 8.442349494810484245e+00 1.000000000000000020e+30
1.000000000000000020e+30 1.000000000000000020e+30 1.000000000000000020e+30 1.000000000000000020e+30 1.000000000000000020e+30 1.000000000000000020e+30 8.775940530034016973e+00 8.756886070758506335e+00 8.735306261792791460e+00 8.711094762265505054e+00 8.685528374557517139e+00 8.669584758122693913e+00 8.646498659650605489e+00 8.653182277626710217e+00 8.688512225592168292e+00 8.686627963441184264e+00 8.684219059699753274e+00 8.689477575394940700e+00 8.704209308039709825e+00 8.718502726936330660e+00 8.730827348310500113e+00 8.741776550295426773e+00 8.751168215648085891e+00 8.758706276574987015e+00 8.764214993003504262e+00 8.767639134776816334e+00 8.769002495993861501e+00 8.768374000989236805e+00 8.765847456634164203e+00 8.761534919360679297e+00 8.755570380393097096e+00 8.748119504619824127e+00 8.739390424086277420e+00 8.729639866752124888e+00 8.719167240210817127e+00 8.708285154705087905e+00 8.697248759036451560e+00 8.686125524294361355e+00 8.674611477968284134e+00 8.661877866865335562e+00 8.646728515274881843e+00 8.629111042511366847e+00 8.609693513552725719e+00 8.595279045570336507e+00 8.576970471595208423e+00 8.556072239600249318e+00 8.528645896432633933e+00 8.501833889201019900e+00 8.456772380415790380e+00 8.444509274422832945e+00 8.467418264404301453e+00 8.473092743731328369e+00 8.481053597168218161e+00 8.482913965653915866e+00 8.482054104680997852e+00 8.481029918510996524e+00 1.000000000000000020e+30
1.000000000000000020e+30 1.000000000000000020e+30 1.000000000000000020e+30 1.000000000000000020e+30 1.000000000000000020e+30 8.802818365064608130e+00 8.789937024654527420e+00 8.774176913438191505e+00 8.756062011949421020e+00 8.736380877156843638e+00 8.716773661014558527e+00 8.700519434014561071e+00 8.686676227816496620e+00 8.684410337530179547e+00 8.693028915968126213e+00 8.641891733442477630e+00 8.621470311778059781e+00 8.621075276225482753e+00 8.648373135233512699e+00 8.666038873182067448e+00 8.678520719954901708e+00 8.690206192774748928e+00 8.700294915600730761e+00 8.708165734048838758e+00 8.713605871110912560e+00 8.716610403221006109e+00 8.717263884672842522e+00 8.715683867151600595e+00 8.711993369161534773e+00 8.706317285233334147e+00 8.698794749737734477e+00 8.689601165602089949e+00 8.678973307111212065e+00 8.667231142522220821e+00 8.654789033109457463e+00 8.642140966387385603e+00 8.629783856529074981e+00 8.618013588929079205e+00 8.606523871849416807e+00 8.593777454867288057e+00 8.575980729693595705e+00 8.547099118050400790e+00 8.515801080632526165e+00 8.497846757901902137e+00 8.485417820284581580e+00 8.471411240614049376e+00 8.437613995059423999e+00 8.434481852657455647e+00 8.462752981096519633e+00 8.474577019228201280e+00 8.489295313376636898e+00 8.499047344770634282e+00 8.506574002559359471e+00 8.510709887906855897e+00 8.512432606151071113e+00 8.512946324497448813e+00 1.000000000000000020e+30
1.000000000000000020e+30 1.000000000000000020e+30 1.000000000000000020e+30 1.000000000000000020e+30 1.000000000000000020e+30 8.810687904931382874e+00 8.801778809567867512e+00 8.788763978098563356e+00 8.773305080643019949e+00 8.756482154173813370e+00 8.739523751851011824e+00 8.723874019669317192e+00 8.710083336271184251e+00 8.699547401358936227e+00 8.688301278064601618e+00 8.661857887317513160e+00 8.640138677737168038e+00 8.622469796519441232e+00 8.596941407525365619e+00 8.613556798647051593e+00 8.621826030231286353e+00 8.635064285211496937e+00 8.646484274494612876e+00 8.654910121919433763e+00 8.660292148092679554e+00 8.662793967114140514e+00 8.662617294948258717e+00 8.659955746118185971e+00 8.654965056442792459e+00 8.647770537098095289e+00 8.638494430421125969e+00 8.627296847221327170e+00 8.614421559496030056e+00 8.600240877615348722e+00 8.585299309389592182e+00 8.570349447125700237e+00 8.556334477803138938e+00 8.544180167376890012e+00 8.534206316432948469e+00 8.525190484740596375e+00 8.510722519228352212e+00 8.462461726498718306e+00 8.402857572176728240e+00 8.389153125902891972e+00 8.389685985459399475e+00 8.400764950774570750e+00 8.437766385718907358e+00 8.457699320010432231e+00 8.479401547881106893e+00 8.495989972753067221e+00 8.510400851443803205e+00 8.521508495054520793e+00 8.529782074889556753e+00 8.535227177938851995e+00 8.538328160074533102e+00 8.539687463445993387e+00 1.000000000000000020e+30
1.000000000000000020e+30 1.000000000000000020e+30 1.000000000000000020e+30 1.000000000000000020e+30 8.831707759860542239e+00 8.822471142712329240e+00 8.812715431982969250e+00 8.800762411155409026e+00 8.786860525150874679e+00 8.771638238783967978e+00 8.755856351783084079e+00 8.740235598437294584e+00 8.725078808979091605e+00 8.710218033019160089e+00 8.693573691966378192e+00 8.671876577138220910e+00 8.649513638117579006e+00 8.626463672488487333e+00 8.598891209689602633e+00 8.564156037946421662e+00 8.554910571100466044e+00 8.576507062466466991e+00 8.590449155756546773e+00 8.599489802706921537e+00 8.604655395696866549e+00 8.606453727754061589e+00 8.605250002923868990e+00 8.601343728593983329e+00 8.594915936567529613e+00 8.586064987731104381e+00 8.574855306429107316e+00 8.561385996063547665e+00 8.545863129341919162e+00 8.528668009112948312e+00 8.510439856125721292e+00 8.492207953675677601e+00 8.475570455083774490e+00 8.462671959989338077e+00 8.455394117783255226e+00 8.456472187490167158e+00 8.473616949206881799e+00 8.402761107616569802e+00 8.353965300912317815e+00 8.379367679648455081e+00 8.399045192413415961e+00 8.421108498944468224e+00 8.449195980340753920e+00 8.473376556556891259e+00 8.495418359238609440e+00 8.513858187308134262e+00 8.529110549183883450e+00 8.541125736644174182e+00 8.550157931129721334e+00 8.556441129834473358e+00 8.560319545185780754e+00 8.562145974293386530e+00 1.000000000000000020e+30
1.000000000000000020e+30 1.000000000000000020e+30 1.000000000000000020e+30 1.000000000000000020e+30 8.835994324373215747e+00 8.829804112032485719e+00 8.820861653345289710e+00 8.809707834780748925e+00 8.796708425773745788e+00 8.782299202945868188e+00 8.766946375207425035e+00 8.751026742207358211e+00 8.734647889919099129e+00 8.717518922359715816e+00 8.698722263613252181e+00 8.677359789192946593e+00 8.654350276132969810e+00 8.629729763979035795e+00 8.602721648022544798e+00 8.574102682098663664e+00 8.549965817221817588e+00 8.520301538953436449e+00 8.534031600493600322e+00 8.542671657179161215e+00 8.547118562165877620e+00 8.547848613508811866e+00 8.545314420567668989e+00 8.539974499556672427e+00 8.531999494219302704e+00 8.521412143598380950e+00 8.508150448325700665e+00 8.492180267524343407e+00 8.473601865798912058e+00 8.452723134111366221e+00 8.430146305188378264e+00 8.406999207863252721e+00 8.385558342147268363e+00 8.369997463523695558e+00 8.362643023065690073e+00 8.366064031529710121e+00 8.382239506289328901e+00 8.315254815661960563e+00 8.337280282174575063e+00 8.369504588372253195e+00 8.400220441941858240e+00 8.429640595509896528e+00 8.458767668285448238e+00 8.485451763989978247e+00 8.509322703357595330e+00 8.529225631914702177e+00 8.545395070712629604e+00 8.558086461169139625e+00 8.567662408703107246e+00 8.574454352905718224e+00 8.578760264153149961e+00 8.580832713784811716e+00 1.000000000000000020e+30
1.000000000000000020e+30 1.000000000000000020e+30 1.000000000000000020e+30 8.846816734378851521e+00 8.841533156450458009e+00 8.834938685687903970e+00 8.826251208421497907e+00 8.815516465631359821e+00 8.802958443128833466e+00 8.788869961621095683e+00 8.773543726334157355e+00 8.757192201683222876e+00 8.739856957913980651e+00 8.721352241246949077e+00 8.701275864016665196e+00 8.679303029772659883e+00 8.655584291181195766e+00 8.630141815647489167e+00 8.602890233240987783e+00 8.574261212330542392e+00 8.545214968738939376e+00 8.513104406820879433e+00 8.477354448754716998e+00 8.484709024736179828e+00 8.487966163088618288e+00 8.487175465738069136e+00 8.482847712249366623e+00 8.475895221255976608e+00 8.466338569134039815e+00 8.454061766695607716e+00 8.438763784892064024e+00 8.420170672473901163e+00 8.398203741017427504e+00 8.373010949950401738e+00 8.344926611851986920e+00 8.314554605359981920e+00 8.284102569799381754e+00 8.263520589879250977e+00 8.253488097531041845e+00 8.257236836766447041e+00 8.250950549323647465e+00 8.240781664078260960e+00 8.304600536219114204e+00 8.355360010175516550e+00 8.396910982195903372e+00 8.432700666280242174e+00 8.465039802164030291e+00 8.494624534891189072e+00 8.521509005284219285e+00 8.542669961863348149e+00 8.559529469163203785e+00 8.572560926723573616e+00 8.582368569556223292e+00 8.589387385082158488e+00 8.593871824498142686e+00 8.596033758355970278e+00 1.000000000000000020e+30
1.000000000000000020e+30 1.000000000000000020e+30 1.000000000000000020e+30 8.847193196413488891e+00 8.843462217480066556e+00 8.837231495618084409e+00 8.828743322466861443e+00 8.818181229222870954e+00 8.805747650315337793e+00 8.791661540254288809e+00 8.776123816257092258e+00 8.759272763599584621e+00 8.741140387308522719e+00 8.721635176309856519e+00 8.700576379762427592e+00 8.677814437307032946e+00 8.653335352527570024e+00 8.627126216848568063e+00 8.599167937417901086e+00 8.569535613444793754e+00 8.538193848974369615e+00 8.504174283387143873e+00 8.466799049116120912e+00 8.425440162522379595e+00 8.427463644269131748e+00 8.424640840672370956e+00 8.417602160595697214e+00 8.409008043243712649e+00 8.397974412405744715e+00 8.384295130750121672e+00 8.367217839648807498e+00 8.346060446505871866e+00 8.320533873041897621e+00 8.290666488020065117e+00 8.256441467882545737e+00 8.216604427319774473e+00 8.167156615325971813e+00 8.140847167366366932e+00 8.124879450889862298e+00 8.116439762806045621e+00 8.117803214805771717e+00 8.182511926787931600e+00 8.279184053275521649e+00 8.344640494282884902e+00 8.393593538338928184e+00 8.433461132292347173e+00 8.468341660056044162e+00 8.500803790347562838e+00 8.533759918394391519e+00 8.554789347917107989e+00 8.571896480773187221e+00 8.584692269166074752e+00 8.594317213455330062e+00 8.601325144452589555e+00 8.605779753020103229e+00 8.607874219507770874e+00 1.000000000000000020e+30
1.000000000000000020e+30 1.000000000000000020e+30 1.000000000000000020e+30 8.846398484370306292e+00 8.842980353567615026e+00 8.836857941911109293e+00 8.828375353093733224e+00 8.817761680318552564e+00 8.805209836379621180e+00 8.790899772162450887e+00 8.774986443389634516e+00 8.757577101314897305e+00 8.738711465734278150e+00 8.718358070186321029e+00 8.696437180599453143e+00 8.672870068182465531e+00 8.647612622665169724e+00 8.620623975442327946e+00 8.591850803559305305e+00 8.561216271080310136e+00 8.528511364740987588e+00 8.493221638306685861e+00 8.454805378238649638e+00 8.412699066772804102e+00 8.366342578364509563e+00 8.360856662523593386e+00 8.348440077484900357e+00 8.339080545497763453e+00 8.326765731745826571e+00 8.312424060578843310e+00 8.294234824481504731e+00 8.270784575199128241e+00 8.241649233161904675e+00 8.207100182228174390e+00 8.167961479783681256e+00 8.122624898010286643e+00 8.113682880889282245e+00 8.094738024759525530e+00 8.073241418000128178e+00 8.047830605919477520e+00 8.008037172298045903e+00 1.000000000000000020e+30 1.000000000000000020e+30 1.000000000000000020e+30 1.000000000000000020e+30 1.000000000000000020e+30 1.000000000000000020e+30 1.000000000000000020e+30 8.552297629908357735e+00 8.565225559819266365e+00 8.583003755591256834e+00 8.594457707573745608e+00 8.603368252988399689e+00 8.610318798331558554e+00 8.614554302896094029e+00 8.616316842190125058e+00 1.000000000000000020e+30
1.000000000000000020e+30 1.000000000000000020e+30 8.845281630567034981e+00 8.844124589918985535e+00 8.840298013842776470e+00 8.833927180367762588e+00 8.825210315520511273e+00 8.814330430465568966e+00 8.801456593522825500e+00 8.786742876020795734e+00 8.770320604615772453e+00 8.752285823856643887e+00 8.732689758388648471e+00 8.711538204996141843e+00 8.688803256061955693e+00 8.664443435449481257e+00 8.638415895350606277e+00 8.610667458062287949e+00 8.581121528832019507e+00 8.549657888371639203e+00 8.516066826209934604e+00 8.480008587481050242e+00 8.441071412207440616e+00 8.398729594742187388e+00 8.352059924079235032e+00 8.298469434063006744e+00 8.270677053540062218e+00 8.266558592598322264e+00 8.252025937672526013e+00 8.238833629832752692e+00 8.220934653844885531e+00 8.195601181707397487e+00 8.162567693372327682e+00 8.122491683261777951e+00 8.080023489731566144e+00 8.075559927660357573e+00 8.064550889370222464e+00 8.045532490290726813e+00 8.019881719190554037e+00 7.987982360123207393e+00 7.955115690295851749e+00 1.000000000000000020e+30 1.000000000000000020e+30 1.000000000000000020e+30 1.000000000000000020e+30 1.000000000000000020e+30 1.000000000000000020e+30 1.000000000000000020e+30 1.000000000000000020e+30 1.000000000000000020e+30 8.594886415251551171e+00 8.601245495920204931e+00 8.608884918305607314e+00 8.616556768671753019e+00 8.620334435152500419e+00 8.621053089432603400e+00 1.000000000000000020e+30
1.000000000000000020e+30 1.000000000000000020e+30 8.841550392014582371e+00 8.839626085150507961e+00 8.835256982425145011e+00 8.828433412180837436e+00 8.819280449741706107e+00 8.807944042480086111e+00 8.794570565525066996e+00 8.779297110591134157e+00 8.762243384641399402e+00 8.743503854257120622e+00 8.723142050494761435e+00 8.701189483950280135e+00 8.677650063894695620e+00 8.652507448848242078e+00 8.625729049328255016e+00 8.597262463386048381e+00 8.567027991414322585e+00 8.534907773266484199e+00 8.500731735794289534e+00 8.464276326711191345e+00 8.425300808113489026e+00 8.383600171740431151e+00 8.339158423407974752e+00 8.292866601974489882e+00 8.250276381412074755e+00 8.198828774955121190e+00 8.170316712230182077e+00 8.164317879876280770e+00 8.149431933351841906e+00 8.122470560155587549e+00 8.084865932364706964e+00 8.034592078473172805e+00 8.033732466169849928e+00 8.029377512115678073e+00 8.017801344923082496e+00 7.997364244707678260e+00 7.967207293682837310e+00 7.923566944113191290e+00 1.000000000000000020e+30 1.000000000000000020e+30 1.000000000000000020e+30 1.000000000000000020e+30 1.000000000000000020e+30 1.000000000000000020e+30 1.000000000000000020e+30 1.000000000000000020e+30 1.000000000000000020e+30 1.000000000000000020e+30 1.000000000000000020e+30 1.000000000000000020e+30 1.000000000000000020e+30 8.621532431552973108e+00 8.623719763139826355e+00 1.000000000000000020e+30 1.000000000000000020e+30
1.000000000000000020e+30 8.833587519325757142e+00 8.834851385397717749e+00 8.832675293024328411e+00 8.827763990035453645e+00 8.820355314701251004e+00 8.810601166738425860e+00 8.798640363355067606e+00 8.784607137802456833e+00 8.768629262250707157e+00 8.750822673515539663e+00 8.731286136790254560e+00 8.710096802432651941e+00 8.687307678109974063e+00 8.662947298082457337e+00 8.637020565890150436e+00 8.609508785272057096e+00 8.580367845161694262e+00 8.549525794725886030e+00 8.516881131299490093e+00 8.482304541330371705e+00 8.445652189477661054e+00 8.406801174764325424e+00 8.365713359054090859e+00 8.322561690195810158e+00 8.277968746670250511e+00 8.233097265510053830e+00 8.186214795389426868e+00 8.142423748157003871e+00 8.092991305636910937e+00 8.084311692726194210e+00 8.054284905858589028e+00 8.014121109700662160e+00 7.973931152684373025e+00 7.985247536055293693e+00 7.984778298880620184e+00 7.974324894507875072e+00 7.953375481398099467e+00 7.922523513926891248e+00 7.893742951180056977e+00 1.000000000000000020e+30 1.000000000000000020e+30 1.000000000000000020e+30 1.000000000000000020e+30 1.000000000000000020e+30 1.000000000000000020e+30 1.000000000000000020e+30 1.000000000000000020e+30 1.000000000000000020e+30 1.000000000000000020e+30 1.000000000000000020e+30 1.000000000000000020e+30 1.000000000000000020e+30 1.000000000000000020e+30 1.000000000000000020e+30 1.000000000000000020e+30 1.000000000000000020e+30
1.000000000000000020e+30 8.827422854196324664e+00 8.826691853076599870e+00 8.823554148126724783e+00 8.817860129840742189e+00 8.809698357735561203e+00 8.799185340061745464e+00 8.786444328145428528e+00 8.771600376395127796e+00 8.754776745350369538e+00 8.736091031624626524e+00 8.715650979573544177e+00 8.693550139158952916e+00 8.669863573631088727e+00 8.644643787606977270e+00 8.617917042735189881e+00 8.589680450934084277e+00 8.559900675165630801e+00 8.528515245318658344e+00 8.495437261033787379e+00 8.460564836925696497e+00 8.423798318313888700e+00 8.385068727554504164e+00 8.344378456858882132e+00 8.301851139461923879e+00 8.257750936490264593e+00 8.212288486192282022e+00 8.164825857109805796e+00 8.114451806228506925e+00 8.052967670172582970e+00 8.034795873151358236e+00 7.990492070595744067e+00 7.937649213096059420e+00 7.934154457635950841e+00 7.942868776819112853e+00 7.944552529759157267e+00 7.935798359343325004e+00 7.913807659815640605e+00 7.870347306724016612e+00 1.000000000000000020e+30 1.000000000000000020e+30 1.000000000000000020e+30 1.000000000000000020e+30 1.000000000000000020e+30 1.000000000000000020e+30 1.000000000000000020e+30 1.000000000000000020e+30 1.000000000000000020e+30 1.000000000000000020e+30 1.000000000000000020e+30 1.000000000000000020e+30 1.000000000000000020e+30 1.000000000000000020e+30 1.000000000000000020e+30 1.000000000000000020e+30 1.000000000000000020e+30 1.000000000000000020e+30
8.814072632342572433e+00 8.817078237057891954e+00 8.816026155962360278e+00 8.812070164022211216e+00 8.805500726445362858e+00 8.796452509125924024e+00 8.785037858091349960e+00 8.771370246114727820e+00 8.755568665683643559e+00 8.737755711121771185e+00 8.718055010402409266e+00 8.696587901345278482e+00 8.673468904847137395e+00 8.648799468309681160e+00 8.622659970863015388e+00 8.595101114658991293e+00 8.566137247344284944e+00 8.535744572242510486e+00 8.503865439071532251e+00 8.470418116097938821e+00 8.435310924711416192e+00 8.398459935890111083e+00 8.359809436866479260e+00 8.319352580792310548e+00 8.277144660117796704e+00 8.233285910181960432e+00 8.187830388229249579e+00 8.140658464587813725e+00 8.091858072269262792e+00 8.042661563335190777e+00 8.005634718408716211e+00 7.929450343526490030e+00 7.883685861795703076e+00 7.876422681820425709e+00 7.901859145886382052e+00 7.909186194561172556e+00 7.905008741731093913e+00 7.889981094875347267e+00 7.850322953141137816e+00 1.000000000000000020e+30 1.000000000000000020e+30 1.000000000000000020e+30 1.000000000000000020e+30 1.000000000000000020e+30 1.000000000000000020e+30 1.000000000000000020e+30 1.000000000000000020e+30 1.000000000000000020e+30 1.000000000000000020e+30 1.000000000000000020e+30 1.000000000000000020e+30 1.000000000000000020e+30 1.000000000000000020e+30 1.000000000000000020e+30 1.000000000000000020e+30 1.000000000000000020e+30 1.000000000000000020e+30
8.806133091004253899e+00 8.805862442082371899e+00 8.803333544510042685e+00 8.798269416483750049e+00 8.790676069706650608e+00 8.780612174773956724e+00 8.768162279758971778e+00 8.753427165676944455e+00 8.736521044956795379e+00 8.717568471698276866e+00 8.696702647575907719e+00 8.674063330358132262e+00 8.649792578489973849e+00 8.624026510834941206e+00 8.596882247748283135e+00 8.568441820669139730e+00 8.538738759456906635e+00 8.507754618141277092e+00 8.475426846349385812e+00 8.441664763163799989e+00 8.406369200049736534e+00 8.369451492162964357e+00 8.330848585015408148e+00 8.290531229824035009e+00 8.248503802562082043e+00 8.204794046803918661e+00 8.159427294896186567e+00 8.112420659179113258e+00 8.063924646046537248e+00 8.014413168336162130e+00 7.964625009176055315e+00 7.905604176671542582e+00 7.857056487788599775e+00 7.849738703163043674e+00 7.873314888958777402e+00 7.879781051240500211e+00 7.878080900754960147e+00 7.877144887136325657e+00 8.112516890992713670e+00 1.000000000000000020e+30 1.000000000000000020e+30 1.000000000000000020e+30 1.000000000000000020e+30 1.000000000000000020e+30 1.000000000000000020e+30 1.000000000000000020e+30 1.000000000000000020e+30 1.000000000000000020e+30 1.000000000000000020e+30 1.000000000000000020e+30 1.000000000000000020e+30 1.000000000000000020e+30 1.000000000000000020e+30 1.000000000000000020e+30 1.000000000000000020e+30 1.000000000000000020e+30 1.000000000000000020e+30
8.793515567185778536e+00 8.791955897388241681e+00 8.788222818054459040e+00 8.782043389194877037e+00 8.773352852618316433e+00 8.762171005647942934e+00 8.748564066981828091e+00 8.732624468630254100e+00 8.714464107323303566e+00 8.694211257576080598e+00 8.672011022625811805e+00 8.648026163207628514e+00 8.622434863670410010e+00 8.595421311993598934e+00 8.567155767256807053e+00 8.537765257778037409e+00 8.507306156348530379e+00 8.475757609305290430e+00 8.443036239816519739e+00 8.409022774216898810e+00 8.373591536555059278e+00 8.336633991669740951e+00 8.298071546192472780e+00 8.257852783619668458e+00 8.215941562879372384e+00 8.172319110265544140e+00 8.126988176393172836e+00 8.079961431120016968e+00 8.031262476847500054e+00 7.980666701406938124e+00 7.927048649190365559e+00 7.865467337805719161e+00 7.855606600504689396e+00 7.852421276677463702e+00 7.856271817336866192e+00 7.854404313696978335e+00 7.838228464005854157e+00 7.766082746022578753e+00 1.000000000000000020e+30 1.000000000000000020e+30 1.000000000000000020e+30 1.000000000000000020e+30 1.000000000000000020e+30 1.000000000000000020e+30 1.000000000000000020e+30 1.000000000000000020e+30 1.000000000000000020e+30 1.000000000000000020e+30 1.000000000000000020e+30 1.000000000000000020e+30 1.000000000000000020e+30 1.000000000000000020e+30 1.000000000000000020e+30 1.000000000000000020e+30 1.000000000000000020e+30 1.000000000000000020e+30 1.000000000000000020e+30
8.777485480325841749e+00 8.775248104073137156e+00 8.770577671543401621e+00 8.763344884814797453e+00 8.753521823322090611e+00 8.741137021265506846e+00 8.726258567160407154e+00 8.708978847849367710e+00 8.689409913727303092e+00 8.667683381637194984e+00 8.643955681449160267e+00 8.618415170057266650e+00 8.591285972852997332e+00 8.562820678929565332e+00 8.533272362127124921e+00 8.502840786259611150e+00 8.471611958328864489e+00 8.439548029300061316e+00 8.406518192169448511e+00 8.372345040771012492e+00 8.336852765282833033e+00 8.299900060912900557e+00 8.261395472098023163e+00 8.221277266230229586e+00 8.179466689719284034e+00 8.135894361616436754e+00 8.090552237764764953e+00 8.043447943671965916e+00 7.994738213251999959e+00 7.944154168237241187e+00 7.891622412352226945e+00 7.837558552183414129e+00 7.841718294102192566e+00 7.842398252830176553e+00 7.842280702038583406e+00 7.835903052350240650e+00 7.815957061787406346e+00 7.770125583832792060e+00 1.000000000000000020e+30 1.000000000000000020e+30 1.000000000000000020e+30 1.000000000000000020e+30 1.000000000000000020e+30 1.000000000000000020e+30 1.000000000000000020e+30 1.000000000000000020e+30 1.000000000000000020e+30 1.000000000000000020e+30 1.000000000000000020e+30 1.000000000000000020e+30 1.000000000000000020e+30 1.000000000000000020e+30 1.000000000000000020e+30 1.000000000000000020e+30 1.000000000000000020e+30 1.000000000000000020e+30 1.000000000000000020e+30
8.758690317672028769e+00 8.755967509472398547e+00 8.750481667770497296e+00 8.742219381078811580e+00 8.731218600040596911e+00 8.717542848772161790e+00 8.701277379778758814e+00 8.682520743517482487e+00 8.661384624075367356e+00 8.637998812711259689e+00 8.612524221831991511e+00 8.585171355336688848e+00 8.556218035363276186e+00 8.526013711274654128e+00 8.494948538762347567e+00 8.463355867643372221e+00 8.431361701314429524e+00 8.398880400148792447e+00 8.365687335833703386e+00 8.331498648127372064e+00 8.296055312253292513e+00 8.259167706033737844e+00 8.220751423167964589e+00 8.180780985392022586e+00 8.139108439459343813e+00 8.095561640304721251e+00 8.050167296792581695e+00 8.002794547029859373e+00 7.954308643057022898e+00 7.903776745312994123e+00 7.851889686750269881e+00 7.814969073729887583e+00 7.825566351933143316e+00 7.830541424122544392e+00 7.831716586667146984e+00 7.826054932052743496e+00 7.810478398412223022e+00 7.783277850537658082e+00 1.000000000000000020e+30 1.000000000000000020e+30 1.000000000000000020e+30 1.000000000000000020e+30 1.000000000000000020e+30 1.000000000000000020e+30 1.000000000000000020e+30 1.000000000000000020e+30 1.000000000000000020e+30 1.000000000000000020e+30 1.000000000000000020e+30 1.000000000000000020e+30 1.000000000000000020e+30 1.000000000000000020e+30 1.000000000000000020e+30 1.000000000000000020e+30 1.000000000000000020e+30 1.000000000000000020e+30 1.000000000000000020e+30
8.737580041505824013e+00 8.734408013742330112e+00 8.728111870271803241e+00 8.718777041164242902e+00 8.706517233636368758e+00 8.691444268126749861e+00 8.673669064375481241e+00 8.653298101945035015e+00 8.630437103313841618e+00 8.605201096851343934e+00 8.577737282568788757e+00 8.548261001937671466e+00 8.517099974706983545e+00 8.484732017654559755e+00 8.451782507298604585e+00 8.418869484066032527e+00 8.386163565463977676e+00 8.353458725396150086e+00 8.320356619908585216e+00 8.286382602132681185e+00 8.251149575875155406e+00 8.214383446277487622e+00 8.176052738456542457e+00 8.136349382513461848e+00 8.094957511874536493e+00 8.051378603882380247e+00 8.006030028050590275e+00 7.957487480087681142e+00 7.910118657709635848e+00 7.858903420313314570e+00 7.790692897966653874e+00 7.802495557096596812e+00 7.811736633007803299e+00 7.819239623433372977e+00 7.824853993460112456e+00 7.823119052670933549e+00 7.813094248882087811e+00 1.000000000000000020e+30 1.000000000000000020e+30 1.000000000000000020e+30 1.000000000000000020e+30 1.000000000000000020e+30 1.000000000000000020e+30 1.000000000000000020e+30 1.000000000000000020e+30 1.000000000000000020e+30 1.000000000000000020e+30 1.000000000000000020e+30 1.000000000000000020e+30 1.000000000000000020e+30 1.000000000000000020e+30 1.000000000000000020e+30 1.000000000000000020e+30 1.000000000000000020e+30 1.000000000000000020e+30 1.000000000000000020e+30 1.000000000000000020e+30
8.714564289848711454e+00 8.710890630596972883e+00 8.703689623365223227e+00 8.693162528227432517e+00 8.679513011379716758e+00 8.662909848101081778e+00 8.643493276213982668e+00 8.621375650370845634e+00 8.596646031132330279e+00 8.569381873311156639e+00 8.539680948638119773e+00 8.507719613532628955e+00 8.473838320297190307e+00 8.438646504409380356e+00 8.403160542559914958e+00 8.368724162707593450e+00 8.335482212369580424e+00 8.302923888420034260e+00 8.270360788726879520e+00 8.236963099658829890e+00 8.202189803736837703e+00 8.165552224118110658e+00 8.127090203144053504e+00 8.087944286945747407e+00 8.047304802900105969e+00 8.003247115780959930e+00 7.959336562820075400e+00 7.905052855117638444e+00 7.863296730311572169e+00 7.823579801699592551e+00 7.786117979933909083e+00 7.789452202817981785e+00 7.796378245442801891e+00 7.806664657530011375e+00 7.822593079490149925e+00 7.826495239110788482e+00 7.821650866051975015e+00 1.000000000000000020e+30 1.000000000000000020e+30 1.000000000000000020e+30 1.000000000000000020e+30 1.000000000000000020e+30 1.000000000000000020e+30 1.000000000000000020e+30 1.000000000000000020e+30 1.000000000000000020e+30 1.000000000000000020e+30 1.000000000000000020e+30 1.000000000000000020e+30 1.000000000000000020e+30 1.000000000000000020e+30 1.000000000000000020e+30 1.000000000000000020e+30 1.000000000000000020e+30 1.000000000000000020e+30 1.000000000000000020e+30 1.000000000000000020e+30
8.690102156815282086e+00 8.685775561299756475e+00 8.677458465584175329e+00 8.665528520005587154e+00 8.650300608964714755e+00 8.632003976346563690e+00 8.610807668540475746e+00 8.586826972894844090e+00 8.560121927729589686e+00 8.530700490373089195e+00 8.498552916630513820e+00 8.463731411347378497e+00 8.426484807964687462e+00 8.387417017752339277e+00 8.348016303571402119e+00 8.311880144314780949e+00 8.278584800302459357e+00 8.246836229215912084e+00 8.215619170100598723e+00 8.183317286670780177e+00 8.149471767323497318e+00 8.112365503618352847e+00 8.071702263323418336e+00 8.033691875328710097e+00 7.995551914525100834e+00 7.947013000417389783e+00 7.915168163763574682e+00 7.898832974070401747e+00 7.871341309732760472e+00 7.841244768184688851e+00 7.809252941467501152e+00 7.802022659790610604e+00 7.810809021374754302e+00 7.812901598049847074e+00 7.829277089141784884e+00 7.836036739470558565e+00 7.835769045363708329e+00 7.832393638617241471e+00 1.000000000000000020e+30 1.000000000000000020e+30 1.000000000000000020e+30 1.000000000000000020e+30 1.000000000000000020e+30 1.000000000000000020e+30 1.000000000000000020e+30 1.000000000000000020e+30 1.000000000000000020e+30 1.000000000000000020e+30 1.000000000000000020e+30 1.000000000000000020e+30 1.000000000000000020e+30 1.000000000000000020e+30 1.000000000000000020e+30 1.000000000000000020e+30 1.000000000000000020e+30 1.000000000000000020e+30 1.000000000000000020e+30
8.664802384844442429e+00 8.659481135653958717e+00 8.649659361886930853e+00 8.636003801385914613e+00 8.618947300726397032e+00 8.598764252579451650e+00 8.575646226549554996e+00 8.549714574246003451e+00 8.520996417579269178e+00 8.489395729529205070e+00 8.454715619820840189e+00 8.416749605467888529e+00 8.375496820189425762e+00 8.331027064567283702e+00 8.284077325537118952e+00 8.246634106273535991e+00 8.214553991768704932e+00 8.184609180092332181e+00 8.153524110284259052e+00 8.121634979834297496e+00 8.088955471443592060e+00 8.052777950373872784e+00 8.001901623737136759e+00 7.969213745450547393e+00 7.945350138503735948e+00 7.938474666796799362e+00 7.919490929958359793e+00 7.900914446917357559e+00 7.879739540081475369e+00 7.858556752816864943e+00 7.840199457193206101e+00 7.831213338115381895e+00 7.828263880255120988e+00 7.826612715291339839e+00 7.842635838622975086e+00 7.850429628292916462e+00 7.850998899692012145e+00 7.844975678500356153e+00 1.000000000000000020e+30 1.000000000000000020e+30 1.000000000000000020e+30 1.000000000000000020e+30 1.000000000000000020e+30 1.000000000000000020e+30 1.000000000000000020e+30 1.000000000000000020e+30 1.000000000000000020e+30 1.000000000000000020e+30 1.000000000000000020e+30 1.000000000000000020e+30 1.000000000000000020e+30 1.000000000000000020e+30 1.000000000000000020e+30 1.000000000000000020e+30 1.000000000000000020e+30 1.000000000000000020e+30 1.000000000000000020e+30
8.639615338380805198e+00 8.632472080373275958e+00 8.620466628720414803e+00 8.604643604378473754e+00 8.585462106797960402e+00 8.563176445016427607e+00 8.537988200589683885e+00 8.510050396257948790e+00 8.479385394999539471e+00 8.445770625876463100e+00 8.408730524904632020e+00 8.367584414047472663e+00 8.322216678990333349e+00 8.271566288596195804e+00 8.205036722240025782e+00 8.170399373969368995e+00 8.140449162360242852e+00 8.109959603094571534e+00 8.076832752306081886e+00 8.044648816207716990e+00 8.014559819197241808e+00 7.990748963692777096e+00 7.989800507082886583e+00 7.972034504508214603e+00 7.953444758394670799e+00 7.938864255113155188e+00 7.921445985956395930e+00 7.903742371207464146e+00 7.886531063677624687e+00 7.871350043559995235e+00 7.859502849877289421e+00 7.851249250475500041e+00 7.841508456284474349e+00 7.845513350144885933e+00 7.861906988252455264e+00 7.869942511694571152e+00 7.870886113451039279e+00 7.863703232234749763e+00 1.000000000000000020e+30 1.000000000000000020e+30 1.000000000000000020e+30 1.000000000000000020e+30 1.000000000000000020e+30 1.000000000000000020e+30 1.000000000000000020e+30 1.000000000000000020e+30 1.000000000000000020e+30 1.000000000000000020e+30 1.000000000000000020e+30 1.000000000000000020e+30 1.000000000000000020e+30 1.000000000000000020e+30 1.000000000000000020e+30 1.000000000000000020e+30 1.000000000000000020e+30 1.000000000000000020e+30 1.000000000000000020e+30
8.616320684261170371e+00 8.605065701347498930e+00 8.589817679614029089e+00 8.571357698146620407e+00 8.549773810393423545e+00 8.525158814729197232e+00 8.497720001797748779e+00 8.467725609789376051e+00 8.435306942010507569e+00 8.400122408997049206e+00 8.361369261131901709e+00 8.317121184343493567e+00 8.268658261020162215e+00 8.222356390008325633e+00 8.168877625888338656e+00 8.161844450266102058e+00 8.142163591314703908e+00 8.116223392466375586e+00 8.086343286141284281e+00 8.055748207911037184e+00 8.026629428979886072e+00 8.003802354464980340e+00 7.990909498963930879e+00 7.974747495676112408e+00 7.957549958023586001e+00 7.940658023333775795e+00 7.922462706838831359e+00 7.905107864154156339e+00 7.890675170786086490e+00 7.880315247165327719e+00 7.874262923106579493e+00 7.870674228523574456e+00 7.864961374940355299e+00 7.876364054460715636e+00 7.887320135911573438e+00 7.894527348753367590e+00 7.897036322263540242e+00 7.893991022057783802e+00 1.000000000000000020e+30 1.000000000000000020e+30 1.000000000000000020e+30 1.000000000000000020e+30 1.000000000000000020e+30 1.000000000000000020e+30 1.000000000000000020e+30 1.000000000000000020e+30 1.000000000000000020e+30 1.000000000000000020e+30 1.000000000000000020e+30 1.000000000000000020e+30 1.000000000000000020e+30 1.000000000000000020e+30 1.000000000000000020e+30 1.000000000000000020e+30 1.000000000000000020e+30 1.000000000000000020e+30 1.000000000000000020e+30
8.598992861913638208e+00 8.576350606381570429e+00 8.557061548375713755e+00 8.535864474550798775e+00 8.511761397286527142e+00 8.484584591630341066e+00 8.454599821231743917e+00 8.422389231743206750e+00 8.388529844062377450e+00 8.352548070026410088e+00 8.311608174509943936e+00 8.260156041448620812e+00 8.197578614157182031e+00 8.163831887357968498e+00 8.166039698705972683e+00 8.159979594846507922e+00 8.144961803101839593e+00 8.121911817135618605e+00 8.095209235660334457e+00 8.069103816466389745e+00 8.037159666008408365e+00 8.009283211451236895e+00 7.993632813027545581e+00 7.978885402408249838e+00 7.963418510162495245e+00 7.943372719725923403e+00 7.925065176278696555e+00 7.908367946291136263e+00 7.895401508775264254e+00 7.887920222778488366e+00 7.888644321864862974e+00 7.892459905699112710e+00 7.897076205448001929e+00 7.905402328532468381e+00 7.914403429402454115e+00 7.921892319159919538e+00 7.926960332779334983e+00 7.929334010665591848e+00 1.000000000000000020e+30 1.000000000000000020e+30 1.000000000000000020e+30 1.000000000000000020e+30 1.000000000000000020e+30 1.000000000000000020e+30 1.000000000000000020e+30 1.000000000000000020e+30 1.000000000000000020e+30 1.000000000000000020e+30 1.000000000000000020e+30 1.000000000000000020e+30 1.000000000000000020e+30 1.000000000000000020e+30 1.000000000000000020e+30 1.000000000000000020e+30 1.000000000000000020e+30 1.000000000000000020e+30 1.000000000000000020e+30
1.000000000000000020e+30 8.538939763540234651e+00 8.520849410264830226e+00 8.497891852057689377e+00 8.471420776198474556e+00 8.441391038558958115e+00 8.408250890319415305e+00 8.373219055180896930e+00 8.336704870581268523e+00 8.293354650193615285e+00 8.246623710428883314e+00 8.179938651086168022e+00 8.184235994739676556e+00 8.172655215104805748e+00 8.168349857389046065e+00 8.162719410436428902e+00 8.154168355278855529e+00 8.123758882273126147e+00 8.092687504088917905e+00 8.080351013027387452e+00 1.000000000000000020e+30 8.003272550316870237e+00 7.994459259854567179e+00 7.983682634247965204e+00 7.974929683537283154e+00 1.000000000000000020e+30 1.000000000000000020e+30 1.000000000000000020e+30 7.901402365748491974e+00 7.900001987199274822e+00 7.903930414556415762e+00 7.914249126535140455e+00 7.922796462671435336e+00 7.931688776021304399e+00 7.941055541937568130e+00 7.949865612032014361e+00 7.957886271818738422e+00 7.966719282938474755e+00 7.983171242638614551e+00 1.000000000000000020e+30 1.000000000000000020e+30 1.000000000000000020e+30 1.000000000000000020e+30 1.000000000000000020e+30 1.000000000000000020e+30 1.000000000000000020e+30 1.000000000000000020e+30 1.000000000000000020e+30 1.000000000000000020e+30 1.000000000000000020e+30 1.000000000000000020e+30 1.000000000000000020e+30 1.000000000000000020e+30 1.000000000000000020e+30 1.000000000000000020e+30 1.000000000000000020e+30 1.000000000000000020e+30
1.000000000000000020e+30 8.514228245133077522e+00 8.484095481309374520e+00 8.458002458853888683e+00 8.429192969980080719e+00 8.395835511419983632e+00 8.358293507889486662e+00 8.315684906329838810e+00 8.268324977629417205e+00 8.180769239611853649e+00 8.095286831332943578e+00 8.150442193203513597e+00 8.171454013539532824e+00 8.172796655991261261e+00 8.168523283619590458e+00 8.162938630738317158e+00 8.159384710529977269e+00 1.000000000000000020e+30 1.000000000000000020e+30 1.000000000000000020e+30 1.000000000000000020e+30 1.000000000000000020e+30 1.000000000000000020e+30 1.000000000000000020e+30 1.000000000000000020e+30 1.000000000000000020e+30 1.000000000000000020e+30 1.000000000000000020e+30 7.906750532083147931e+00 7.909801524596610456e+00 7.922967436545752307e+00 7.935324269675310127e+00 7.944970916055083876e+00 7.955569413570553472e+00 7.966441333708763395e+00 7.976915193719941399e+00 7.986393640660732984e+00 7.994990236666973615e+00 8.002689387699227552e+00 1.000000000000000020e+30 1.000000000000000020e+30 1.000000000000000020e+30 1.000000000000000020e+30 1.000000000000000020e+30 1.000000000000000020e+30 1.000000000000000020e+30 1.000000000000000020e+30 1.000000000000000020e+30 1.000000000000000020e+30 1.000000000000000020e+30 1.000000000000000020e+30 1.000000000000000020e+30 1.000000000000000020e+30 1.000000000000000020e+30 1.000000000000000020e+30 1.000000000000000020e+30 1.000000000000000020e+30
1.000000000000000020e+30 1.000000000000000020e+30 8.437851501593279124e+00 8.415356482840278929e+00 8.386017252227329521e+00 8.348442046818403739e+00 8.301727682591909740e+00 8.231355358562966629e+00 8.167665795669872608e+00 8.169699362142029742e+00 8.133971729606805923e+00 8.144674522220411106e+00 1.000000000000000020e+30 1.000000000000000020e+30 1.000000000000000020e+30 1.000000000000000020e+30 1.000000000000000020e+30 1.000000000000000020e+30 1.000000000000000020e+30 1.000000000000000020e+30 1.000000000000000020e+30 1.000000000000000020e+30 1.000000000000000020e+30 1.000000000000000020e+30 1.000000000000000020e+30 1.000000000000000020e+30 1.000000000000000020e+30 1.000000000000000020e+30 1.000000000000000020e+30 1.000000000000000020e+30 7.943158096258276402e+00 7.952226414876735205e+00 7.964179688748060926e+00 7.977064434759544298e+00 7.990505339758055214e+00 8.003336613638941444e+00 8.014255403991292326e+00 8.022725017463205432e+00 8.028174698839286805e+00 1.000000000000000020e+30 1.000000000000000020e+30 1.000000000000000020e+30 1.000000000000000020e+30 1.000000000000000020e+30 1.000000000000000020e+30 1.000000000000000020e+30 1.000000000000000020e+30 1.000000000000000020e+30 1.000000000000000020e+30 1.000000000000000020e+30 1.000000000000000020e+30 1.000000000000000020e+30 1.000000000000000020e+30 1.000000000000000020e+30 1.000000000000000020e+30 1.000000000000000020e+30 1.000000000000000020e+30
1.000000000000000020e+30 1.000000000000000020e+30 8.408606030272986587e+00 8.372751536996116073e+00 8.340409198780339040e+00 8.294064850211332995e+00 8.230633097181334179e+00 8.227801377820940232e+00 8.198176492585616870e+00 8.183606711575400539e+00 1.000000000000000020e+30 1.000000000000000020e+30 1.000000000000000020e+30 1.000000000000000020e+30 1.000000000000000020e+30 1.000000000000000020e+30 1.000000000000000020e+30 1.000000000000000020e+30 1.000000000000000020e+30 1.000000000000000020e+30 1.000000000000000020e+30 1.000000000000000020e+30 1.000000000000000020e+30 1.000000000000000020e+30 1.000000000000000020e+30 1.000000000000000020e+30 1.000000000000000020e+30 1.000000000000000020e+30 1.000000000000000020e+30 1.000000000000000020e+30 1.000000000000000020e+30 7.968009592235478777e+00 7.981909100475068186e+00 7.997136959937429346e+00 8.013545351557121776e+00 8.030124184649778840e+00 8.043105725024599195e+00 8.052101938683717819e+00 8.055786534367564755e+00 1.000000000000000020e+30 1.000000000000000020e+30 1.000000000000000020e+30 1.000000000000000020e+30 1.000000000000000020e+30 1.000000000000000020e+30 1.000000000000000020e+30 1.000000000000000020e+30 1.000000000000000020e+30 1.000000000000000020e+30 1.000000000000000020e+30 1.000000000000000020e+30 1.000000000000000020e+30 1.000000000000000020e+30 1.000000000000000020e+30 1.000000000000000020e+30 1.000000000000000020e+30 1.000000000000000020e+30
1.000000000000000020e+30 1.000000000000000020e+30 1.000000000000000020e+30 8.311126739835948740e+00 8.284379003321332036e+00 8.209529532768883087e+00 8.222325552682717031e+00 8.223378251168995234e+00 8.212669148040179223e+00 1.000000000000000020e+30 1.000000000000000020e+30 1.000000000000000020e+30 1.000000000000000020e+30 1.000000000000000020e+30 1.000000000000000020e+30 1.000000000000000020e+30 1.000000000000000020e+30 1.000000000000000020e+30 1.000000000000000020e+30 1.000000000000000020e+30 1.000000000000000020e+30 1.000000000000000020e+30 1.000000000000000020e+30 1.000000000000000020e+30 1.000000000000000020e+30 1.000000000000000020e+30 1.000000000000000020e+30 1.000000000000000020e+30 1.000000000000000020e+30 1.000000000000000020e+30 1.000000000000000020e+30 1.000000000000000020e+30 8.000318588671392561e+00 8.018088386512177479e+00 8.037177530659214142e+00 8.059031781035477238e+00 8.074541144400146919e+00 8.085464814896802466e+00 8.086844764166597699e+00 1.000000000000000020e+30 1.000000000000000020e+30 1.000000000000000020e+30 1.000000000000000020e+30 1.000000000000000020e+30 1.000000000000000020e+30 1.000000000000000020e+30 1.000000000000000020e+30 1.000000000000000020e+30 1.000000000000000020e+30 1.000000000000000020e+30 1.000000000000000020e+30 1.000000000000000020e+30 1.000000000000000020e+30 1.000000000000000020e+30 1.000000000000000020e+30 1.000000000000000020e+30 1.000000000000000020e+30
1.000000000000000020e+30 1.000000000000000020e+30 1.000000000000000020e+30 8.251789858193992799e+00 8.229982689356877046e+00 8.222389649043401860e+00 8.224764742877111345e+00 8.225531786545509760e+00 1.000000000000000020e+30 1.000000000000000020e+30 1.000000000000000020e+30 1.000000000000000020e+30 1.000000000000000020e+30 1.000000000000000020e+30 1.000000000000000020e+30 1.000000000000000020e+30 1.000000000000000020e+30 1.000000000000000020e+30 1.000000000000000020e+30 1.000000000000000020e+30 1.000000000000000020e+30 1.000000000000000020e+30 1.000000000000000020e+30 1.000000000000000020e+30 1.000000000000000020e+30 1.000000000000000020e+30 1.000000000000000020e+30 1.000000000000000020e+30 1.000000000000000020e+30 1.000000000000000020e+30 1.000000000000000020e+30 1.000000000000000020e+30 1.000000000000000020e+30 8.041269247414433607e+00 8.066112062910729463e+00 8.091307839838618676e+00 8.109217248227423624e+00 8.127093331059242587e+00 8.121023653282959387e+00 1.000000000000000020e+30 1.000000000000000020e+30 1.000000000000000020e+30 1.000000000000000020e+30 1.000000000000000020e+30 1.000000000000000020e+30 1.000000000000000020e+30 1.000000000000000020e+30 1.000000000000000020e+30 1.000000000000000020e+30 1.000000000000000020e+30 1.000000000000000020e+30 1.000000000000000020e+30 1.000000000000000020e+30 1.000000000000000020e+30 1.000000000000000020e+30 1.000000000000000020e+30 1.000000000000000020e+30
1.000000000000000020e+30 1.000000000000000020e+30 1.000000000000000020e+30 1.000000000000000020e+30 8.232077937629046716e+00 8.227331974603755427e+00 8.227512436565008969e+00 1.000000000000000020e+30 1.000000000000000020e+30 1.000000000000000020e+30 1.000000000000000020e+30 1.000000000000000020e+30 1.000000000000000020e+30 1.000000000000000020e+30 1.000000000000000020e+30 1.000000000000000020e+30 1.000000000000000020e+30 1.000000000000000020e+30 1.000000000000000020e+30 1.000000000000000020e+30 1.000000000000000020e+30 1.000000000000000020e+30 1.000000000000000020e+30 1.000000000000000020e+30 1.000000000000000020e+30 1.000000000000000020e+30 1.000000000000000020e+30 1.000000000000000020e+30 1.000000000000000020e+30 1.000000000000000020e+30 1.000000000000000020e+30 1.000000000000000020e+30 1.000000000000000020e+30 1.000000000000000020e+30 8.095855720049931037e+00 8.119324460409544031e+00 8.141083275119466833e+00 8.191433286210880738e+00 8.153988651032442192e+00 1.000000000000000020e+30 1.000000000000000020e+30 1.000000000000000020e+30 1.000000000000000020e+30 1.000000000000000020e+30 1.000000000000000020e+30 1.000000000000000020e+30 1.000000000000000020e+30 1.000000000000000020e+30 1.000000000000000020e+30 1.000000000000000020e+30 1.000000000000000020e+30 1.000000000000000020e+30 1.000000000000000020e+30 1.000000000000000020e+30 1.000000000000000020e+30 1.000000000000000020e+30 1.000000000000000020e+30
1.000000000000000020e+30 1.000000000000000020e+30 1.000000000000000020e+30 1.000000000000000020e+30 8.237449722202986990e+00 1.000000000000000020e+30 1.000000000000000020e+30 1.000000000000000020e+30 1.000000000000000020e+30 1.000000000000000020e+30 1.000000000000000020e+30 1.000000000000000020e+30 1.000000000000000020e+30 1.000000000000000020e+30 1.000000000000000020e+30 1.000000000000000020e+30 1.000000000000000020e+30 1.000000000000000020e+30 1.000000000000000020e+30 1.000000000000000020e+30 1.000000000000000020e+30 1.000000000000000020e+30 1.000000000000000020e+30 1.000000000000000020e+30 1.000000000000000020e+30 1.000000000000000020e+30 1.000000000000000020e+30 1.000000000000000020e+30 1.000000000000000020e+30 1.000000000000000020e+30 1.000000000000000020e+30 1.000000000000000020e+30 1.000000000000000020e+30 1.000000000000000020e+30 1.000000000000000020e+30 8.129824076190230286e+00 8.137592000552249516e+00 1.000000000000000020e+30 1.000000000000000020e+30 1.000000000000000020e+30 1.000000000000000020e+30 1.000000000000000020e+30 1.000000000000000020e+30 1.000000000000000020e+30 1.000000000000000020e+30 1.000000000000000020e+30 1.000000000000000020e+30 1.000000000000000020e+30 1.000000000000000020e+30 1.000000000000000020e+30 1.000000000000000020e+30 1.000000000000000020e+30 1.000000000000000020e+30 1.000000000000000020e+30 1.000000000000000020e+30 1.000000000000000020e+30 1.000000000000000020e+30
