1.000000000000000020e+30 1.000000000000000020e+30 1.000000000000000020e+30 1.000000000000000020e+30 1.000000000000000020e+30 1.000000000000000020e+30 1.000000000000000020e+30 1.000000000000000020e+30 1.000000000000000020e+30 1.000000000000000020e+30 1.000000000000000020e+30 1.000000000000000020e+30 1.000000000000000020e+30 1.000000000000000020e+30 1.000000000000000020e+30 1.000000000000000020e+30 1.000000000000000020e+30 1.000000000000000020e+30 1.000000000000000020e+30 1.000000000000000020e+30 1.000000000000000020e+30 1.000000000000000020e+30 1.000000000000000020e+30 1.000000000000000020e+30 1.000000000000000020e+30 1.000000000000000020e+30 1.000000000000000020e+30 1.000000000000000020e+30 1.000000000000000020e+30 1.000000000000000020e+30 1.000000000000000020e+30 1.000000000000000020e+30 1.000000000000000020e+30 1.000000000000000020e+30 1.000000000000000020e+30 1.000000000000000020e+30 1.000000000000000020e+30 1.000000000000000020e+30 1.000000000000000020e+30 1.000000000000000020e+30 1.000000000000000020e+30 1.000000000000000020e+30 1.000000000000000020e+30 1.000000000000000020e+30 1.000000000000000020e+30 1.000000000000000020e+30 1.000000000000000020e+30 1.000000000000000020e+30 1.000000000000000020e+30 1.000000000000000020e+30 1.000000000000000020e+30 1.000000000000000020e+30 1.000000000000000020e+30 1.000000000000000020e+30 1.000000000000000020e+30 1.000000000000000020e+30 1.000000000000000020e+30
1.000000000000000020e+30 1.000000000000000020e+30 1.000000000000000020e+30 1.000000000000000020e+30 1.000000000000000020e+30 1.000000000000000020e+30 1.000000000000000020e+30 1.000000000000000020e+30 1.000000000000000020e+30 1.000000000000000020e+30 1.000000000000000020e+30 1.000000000000000020e+30 1.000000000000000020e+30 1.000000000000000020e+30 1.000000000000000020e+30 1.000000000000000020e+30 1.000000000000000020e+30 1.000000000000000020e+30 1.000000000000000020e+30 1.000000000000000020e+30 1.000000000000000020e+30 1.000000000000000020e+30 1.000000000000000020e+30 1.000000000000000020e+30 1.000000000000000020e+30 1.000000000000000020e+30 1.000000000000000020e+30 1.614270275788847897e+01 1.612446779016668330e+01 1.609757636349417709e+01 1.606507756325932590e+01 1.602807271594718230e+01 1.598703759107765343e+01 1.594223590222480347e+01 1.589387676736082788e+01 1.584218703079773682e+01 1.578745870817858865e+01 1.573009855857191930e+01 1.567070680972082997e+01 1.561024151682243222e+01 1.555042833854909823e+01 1.549492926597961961e+01 1.545307943139461493e+01 1.000000000000000020e+30 1.000000000000000020e+30 1.000000000000000020e+30 1.000000000000000020e+30 1.000000000000000020e+30 1.000000000000000020e+30 1.000000000000000020e+30 1.000000000000000020e+30 1.000000000000000020e+30 1.000000000000000020e+30 1.000000000000000020e+30 1.000000000000000020e+30 1.000000000000000020e+30 1.000000000000000020e+30
1.000000000000000020e+30 1.000000000000000020e+30 1.000000000000000020e+30 1.000000000000000020e+30 1.000000000000000020e+30 1.000000000000000020e+30 1.000000000000000020e+30 1.000000000000000020e+30 1.000000000000000020e+30 1.000000000000000020e+30 1.000000000000000020e+30 1.000000000000000020e+30 1.000000000000000020e+30 1.000000000000000020e+30 1.000000000000000020e+30 1.000000000000000020e+30 1.000000000000000020e+30 1.000000000000000020e+30 1.000000000000000020e+30 1.000000000000000020e+30 1.000000000000000020e+30 1.000000000000000020e+30 1.000000000000000020e+30 1.000000000000000020e+30 1.623630512732959374e+01 1.622017180004628045e+01 1.619500538142998636e+01 1.616136300703181661e+01 1.613343443667094590e+01 1.610332410402638104e+01 1.606951290791732490e+01 1.603179966145744118e+01 1.599024142966302264e+01 1.594494718880585360e+01 1.589605501707245772e+01 1.584374577334157408e+01 1.578826367966174438e+01 1.572993923674060390e+01 1.566921202159599424e+01 1.560663633772070824e+01 1.554278012354824767e+01 1.547759207483257171e+01 1.540727814510242766e+01 1.530961298135111903e+01 1.521861756628082851e+01 1.513000498899584834e+01 1.504080756183736511e+01 1.504663689769864554e+01 1.000000000000000020e+30 1.000000000000000020e+30 1.000000000000000020e+30 1.000000000000000020e+30 1.000000000000000020e+30 1.000000000000000020e+30 1.000000000000000020e+30 1.000000000000000020e+30 1.000000000000000020e+30
1.000000000000000020e+30 1.000000000000000020e+30 1.000000000000000020e+30 1.000000000000000020e+30 1.000000000000000020e+30 1.000000000000000020e+30 1.000000000000000020e+30 1.000000000000000020e+30 1.000000000000000020e+30 1.000000000000000020e+30 1.000000000000000020e+30 1.000000000000000020e+30 1.000000000000000020e+30 1.000000000000000020e+30 1.000000000000000020e+30 1.000000000000000020e+30 1.000000000000000020e+30 1.000000000000000020e+30 1.000000000000000020e+30 1.000000000000000020e+30 1.000000000000000020e+30 1.631334147468304607e+01 1.630102279100301388e+01 1.628117104728227815e+01 1.625345367132062435e+01 1.623011846968562821e+01 1.620423630238132873e+01 1.617483686105561347e+01 1.614493759488776803e+01 1.611293671259200977e+01 1.607780019523758952e+01 1.603908372991435627e+01 1.599663095554559966e+01 1.595041947573278129e+01 1.590050370607218966e+01 1.584699921385984744e+01 1.579008124212341890e+01 1.572998334971301659e+01 1.566698120829193641e+01 1.560132973821177238e+01 1.553307615354200699e+01 1.546158087380766588e+01 1.538457815385080174e+01 1.529807112247883971e+01 1.521078081772135704e+01 1.512456753669502163e+01 1.503945634309424406e+01 1.504591268777855184e+01 1.504628412505114632e+01 1.000000000000000020e+30 1.000000000000000020e+30 1.000000000000000020e+30 1.000000000000000020e+30 1.000000000000000020e+30 1.000000000000000020e+30 1.000000000000000020e+30 1.000000000000000020e+30
1.000000000000000020e+30 1.000000000000000020e+30 1.000000000000000020e+30 1.000000000000000020e+30 1.000000000000000020e+30 1.000000000000000020e+30 1.000000000000000020e+30 1.000000000000000020e+30 1.000000000000000020e+30 1.000000000000000020e+30 1.000000000000000020e+30 1.000000000000000020e+30 1.000000000000000020e+30 1.000000000000000020e+30 1.000000000000000020e+30 1.000000000000000020e+30 1.000000000000000020e+30 1.000000000000000020e+30 1.636922765172717931e+01 1.636105197864250371e+01 1.634730859795813274e+01 1.632716017178021772e+01 1.630997839587979570e+01 1.629033432183948449e+01 1.626732835714459569e+01 1.624357753553362826e+01 1.621778569264962044e+01 1.618942652396908954e+01 1.615897053711577058e+01 1.612591148419749487e+01 1.608967236747111329e+01 1.604986438166668350e+01 1.600627108863346848e+01 1.595879541914520239e+01 1.590742417954966825e+01 1.585221006018758416e+01 1.579326196556861106e+01 1.573073410815881168e+01 1.566480233349158269e+01 1.559561028193346921e+01 1.552316350465070016e+01 1.544717013243233694e+01 1.536698422910924045e+01 1.528236142190094426e+01 1.519635877253061018e+01 1.511196829058758695e+01 1.504019622235971809e+01 1.504471351442983895e+01 1.504010529446743938e+01 1.503052367455941685e+01 1.000000000000000020e+30 1.000000000000000020e+30 1.000000000000000020e+30 1.000000000000000020e+30 1.000000000000000020e+30 1.000000000000000020e+30 1.000000000000000020e+30
1.000000000000000020e+30 1.000000000000000020e+30 1.000000000000000020e+30 1.000000000000000020e+30 1.000000000000000020e+30 1.000000000000000020e+30 1.000000000000000020e+30 1.000000000000000020e+30 1.000000000000000020e+30 1.000000000000000020e+30 1.000000000000000020e+30 1.000000000000000020e+30 1.000000000000000020e+30 1.000000000000000020e+30 1.000000000000000020e+30 1.000000000000000020e+30 1.639798026473188486e+01 1.639144836555463414e+01 1.637925445705278094e+01 1.636841951762654546e+01 1.635542718017866548e+01 1.633958576300444676e+01 1.632286433078010646e+01 1.630420272992829567e+01 1.628314738780329662e+01 1.626012866867480611e+01 1.623479142113657758e+01 1.620682334195817020e+01 1.617612484481542268e+01 1.614237603160185941e+01 1.610519435809958821e+01 1.606425982467722591e+01 1.601934739892551463e+01 1.597032009316453482e+01 1.591711502522769450e+01 1.585973222181476494e+01 1.579822607134518364e+01 1.573269603376028059e+01 1.566327235148630947e+01 1.559009394466481169e+01 1.551328390087969744e+01 1.543295324182116168e+01 1.534931653174613331e+01 1.526298043987970132e+01 1.517472374191692808e+01 1.508060983012842193e+01 1.505831486342682801e+01 1.504607579941193762e+01 1.503230925992486355e+01 1.501429588809486226e+01 1.498862492657540813e+01 1.497168288854868301e+01 1.000000000000000020e+30 1.000000000000000020e+30 1.000000000000000020e+30 1.000000000000000020e+30 1.000000000000000020e+30
1.000000000000000020e+30 1.000000000000000020e+30 1.000000000000000020e+30 1.000000000000000020e+30 1.000000000000000020e+30 1.000000000000000020e+30 1.000000000000000020e+30 1.000000000000000020e+30 1.000000000000000020e+30 1.000000000000000020e+30 1.000000000000000020e+30 1.000000000000000020e+30 1.000000000000000020e+30 1.000000000000000020e+30 1.000000000000000020e+30 1.641400494603086457e+01 1.640654366312762491e+01 1.639910095918832411e+01 1.638982757851625394e+01 1.637978045421121820e+01 1.636814915850670005e+01 1.635454525003094162e+01 1.633924039548783114e+01 1.632189828940862242e+01 1.630223129804867455e+01 1.628015516783117889e+01 1.625542518147308613e+01 1.622777131714880738e+01 1.619695640497604927e+01 1.616268725953104735e+01 1.612464816704319048e+01 1.608255340257270305e+01 1.603617469913779203e+01 1.598534810564677855e+01 1.592997185775239721e+01 1.587000202802232351e+01 1.580544828382305234e+01 1.573637016127379695e+01 1.566287484119470896e+01 1.558512143694175300e+01 1.550334706144471397e+01 1.541795195343868663e+01 1.532972383316401555e+01 1.524034432615310841e+01 1.515320589426844222e+01 1.507162651890236482e+01 1.505989596289862931e+01 1.504241064818477902e+01 1.502212253741783954e+01 1.499897558199302416e+01 1.497298464193428025e+01 1.494772340086384865e+01 1.492036074564014037e+01 1.000000000000000020e+30 1.000000000000000020e+30 1.000000000000000020e+30 1.000000000000000020e+30
1.000000000000000020e+30 1.000000000000000020e+30 1.000000000000000020e+30 1.000000000000000020e+30 1.000000000000000020e+30 1.000000000000000020e+30 1.000000000000000020e+30 1.000000000000000020e+30 1.000000000000000020e+30 1.000000000000000020e+30 1.000000000000000020e+30 1.000000000000000020e+30 1.000000000000000020e+30 1.000000000000000020e+30 1.643060458429592430e+01 1.642359816693146612e+01 1.641717012260237851e+01 1.641061656935112723e+01 1.640314451891818948e+01 1.639463445681998621e+01 1.638467992254771133e+01 1.637295669972814949e+01 1.635930893555445209e+01 1.634346510397543994e+01 1.632514699736672625e+01 1.630411908637423224e+01 1.628011040474826743e+01 1.625283336864639949e+01 1.622200062264298381e+01 1.618731036970530113e+01 1.614845918844462602e+01 1.610516627190898475e+01 1.605719169622089026e+01 1.600434554159805955e+01 1.594649086811366878e+01 1.588354386388406603e+01 1.581547336067977838e+01 1.574230148897884440e+01 1.566410846522648548e+01 1.558104819063058422e+01 1.549338799731139460e+01 1.540159563540328236e+01 1.530653095432804456e+01 1.521014482691384551e+01 1.512024988139212134e+01 1.508687100577022733e+01 1.506076128247751633e+01 1.503497009741800028e+01 1.500809071498885494e+01 1.497965101870378746e+01 1.494960356361313458e+01 1.491869300608207460e+01 1.488565207762273346e+01 1.485033197717259235e+01 1.000000000000000020e+30 1.000000000000000020e+30 1.000000000000000020e+30
1.000000000000000020e+30 1.000000000000000020e+30 1.000000000000000020e+30 1.000000000000000020e+30 1.000000000000000020e+30 1.000000000000000020e+30 1.000000000000000020e+30 1.000000000000000020e+30 1.000000000000000020e+30 1.000000000000000020e+30 1.000000000000000020e+30 1.000000000000000020e+30 1.000000000000000020e+30 1.644563191919396061e+01 1.643984681956062488e+01 1.643480125778167888e+01 1.643006748879903611e+01 1.642515220754328809e+01 1.641955592357090765e+01 1.641293656740442941e+01 1.640492097682369277e+01 1.639516100215085359e+01 1.638335616025351626e+01 1.636918909199980376e+01 1.635233998738902272e+01 1.633249868454754505e+01 1.630934741996803083e+01 1.628256236682931046e+01 1.625181883225006985e+01 1.621679167500147045e+01 1.617716357552118467e+01 1.613263852647134300e+01 1.608295420687290900e+01 1.602789046786649507e+01 1.596727416501136076e+01 1.590098160969479402e+01 1.582893999408597097e+01 1.575112933202213306e+01 1.566758757325801099e+01 1.557842435677586757e+01 1.548385175003811831e+01 1.538421645057463216e+01 1.527975711181048979e+01 1.516793562157465303e+01 1.512548633727177894e+01 1.508854455670615025e+01 1.505484384297189138e+01 1.502199241227325821e+01 1.498882533488344748e+01 1.495496173395571837e+01 1.491992342287998419e+01 1.488443472731899497e+01 1.484565187854087753e+01 1.480721544741506079e+01 1.474911383510062279e+01 1.000000000000000020e+30 1.000000000000000020e+30
1.000000000000000020e+30 1.000000000000000020e+30 1.000000000000000020e+30 1.000000000000000020e+30 1.000000000000000020e+30 1.000000000000000020e+30 1.000000000000000020e+30 1.000000000000000020e+30 1.000000000000000020e+30 1.000000000000000020e+30 1.000000000000000020e+30 1.000000000000000020e+30 1.645758984283277826e+01 1.645374656674214719e+01 1.645063975753643248e+01 1.644794907814646834e+01 1.644537051792125482e+01 1.644256392623056229e+01 1.643915107478688853e+01 1.643475470019956930e+01 1.642897640722305752e+01 1.642141906541401752e+01 1.641170029040552691e+01 1.639944058466615928e+01 1.638426447046742851e+01 1.636580243623677333e+01 1.634368634381356955e+01 1.631754885031645586e+01 1.628702543552178383e+01 1.625175726826351408e+01 1.621139759536211500e+01 1.616562089500877519e+01 1.611413221592523470e+01 1.605667487774303481e+01 1.599303595011124202e+01 1.592304966790005061e+01 1.584659918624459962e+01 1.576361709660387156e+01 1.567408540757852009e+01 1.557803926174512732e+01 1.547560448236247588e+01 1.536725157977162937e+01 1.525526816200666858e+01 1.515168083354675410e+01 1.511915588148947087e+01 1.508068595516357391e+01 1.504157465729432985e+01 1.500262138273633994e+01 1.496333847297252362e+01 1.492431527589238627e+01 1.488333994777516978e+01 1.484589099327931372e+01 1.479747720663778843e+01 1.477568765399745843e+01 1.478088932177898407e+01 1.000000000000000020e+30 1.000000000000000020e+30
1.000000000000000020e+30 1.000000000000000020e+30 1.000000000000000020e+30 1.000000000000000020e+30 1.000000000000000020e+30 1.000000000000000020e+30 1.000000000000000020e+30 1.000000000000000020e+30 1.000000000000000020e+30 1.000000000000000020e+30 1.000000000000000020e+30 1.646462694567884100e+01 1.646383668471384354e+01 1.646350176081064731e+01 1.646337245139332239e+01 1.646332139588571408e+01 1.646322388122507618e+01 1.646288742552191664e+01 1.646201465352602966e+01 1.646021277678979189e+01 1.645703305070878031e+01 1.645201342839445857e+01 1.644469917214809840e+01 1.643464517577586648e+01 1.642141598450936613e+01 1.640458497276192418e+01 1.638373184699221596e+01 1.635844136991808639e+01 1.632830399975405555e+01 1.629291853205116425e+01 1.625189739339169037e+01 1.620487408642342331e+01 1.615151138365676431e+01 1.609150889323000655e+01 1.602460908169039655e+01 1.595060127035911002e+01 1.586932328256827773e+01 1.578065979872644320e+01 1.568453292502349328e+01 1.558086584857877455e+01 1.546944485042053152e+01 1.534939480698920988e+01 1.521714504909107113e+01 1.515947519638205065e+01 1.511266921243338501e+01 1.506712635498285557e+01 1.502155862853726376e+01 1.497674534681487835e+01 1.493050883459302369e+01 1.488829069644092407e+01 1.483563945528878314e+01 1.481048304502349922e+01 1.481318776032865436e+01 1.480739387537018459e+01 1.480962279400786130e+01 1.482064352001671104e+01 1.000000000000000020e+30
1.000000000000000020e+30 1.000000000000000020e+30 1.000000000000000020e+30 1.000000000000000020e+30 1.000000000000000020e+30 1.000000000000000020e+30 1.000000000000000020e+30 1.000000000000000020e+30 1.000000000000000020e+30 1.000000000000000020e+30 1.646301237780765447e+01 1.646786314757133596e+01 1.647206738599874853e+01 1.647548733425019307e+01 1.647846003591149611e+01 1.648117517558839040e+01 1.648375167862454305e+01 1.648618160426687496e+01 1.648823710337937598e+01 1.648946777560130528e+01 1.648932910675804209e+01 1.648727069225790487e+01 1.648276028411955707e+01 1.647528433399459757e+01 1.646434545950911499e+01 1.644945969366317584e+01 1.643015317881558346e+01 1.640595949473269144e+01 1.637641882444754415e+01 1.634107973239049016e+01 1.629950388813287532e+01 1.625127324752492086e+01 1.619599853310771209e+01 1.613332763933693670e+01 1.606295273114919553e+01 1.598461516808411531e+01 1.589810798141374448e+01 1.580327653639243124e+01 1.570001876228338134e+01 1.558828327317568352e+01 1.546803984287598688e+01 1.533909610974156124e+01 1.520040163362041419e+01 1.515055454307408844e+01 1.509877480911117509e+01 1.504716062141199728e+01 1.499406922864110925e+01 1.494528949336792500e+01 1.488636447187679934e+01 1.485513526531127759e+01 1.485144859346835489e+01 1.483789273096454409e+01 1.482936009635740149e+01 1.482300482208749060e+01 1.482150647366981211e+01 1.482368047258983523e+01 1.000000000000000020e+30
1.000000000000000020e+30 1.000000000000000020e+30 1.000000000000000020e+30 1.000000000000000020e+30 1.000000000000000020e+30 1.000000000000000020e+30 1.000000000000000020e+30 1.000000000000000020e+30 1.000000000000000020e+30 1.643635456114344606e+01 1.646059412874699746e+01 1.647420824550740193e+01 1.648357096666729760e+01 1.649042845291119264e+01 1.649633475065414245e+01 1.650171574006738240e+01 1.650699167824616964e+01 1.651243218902775567e+01 1.651788006860308400e+01 1.652269616120532092e+01 1.652614864091722424e+01 1.652757125091431334e+01 1.652635030066462463e+01 1.652190304633656481e+01 1.651366974777509000e+01 1.650110931493127708e+01 1.648369398057867130e+01 1.646090400800370901e+01 1.643222459933924284e+01 1.639714648224933313e+01 1.635517057584655731e+01 1.630581610795297109e+01 1.624863081165980461e+01 1.618320146010462679e+01 1.610916295770811502e+01 1.602620449291427462e+01 1.593407222005134827e+01 1.583257084769499201e+01 1.572157522547553832e+01 1.560108848760444999e+01 1.547144693595249443e+01 1.533383560901595288e+01 1.519054673635830888e+01 1.513765473579549514e+01 1.507847815900873911e+01 1.502211034223445907e+01 1.495537030916254473e+01 1.491677147089418654e+01 1.490618294503037866e+01 1.488569111665635170e+01 1.486932952168160682e+01 1.485239902002696866e+01 1.483542311226391597e+01 1.482578683822536370e+01 1.482173777851336816e+01 1.482092724405120876e+01 1.000000000000000020e+30
1.000000000000000020e+30 1.000000000000000020e+30 1.000000000000000020e+30 1.000000000000000020e+30 1.000000000000000020e+30 1.000000000000000020e+30 1.000000000000000020e+30 1.000000000000000020e+30 1.659189613307745859e+01 1.652394780762626425e+01 1.647121402304715687e+01 1.648730472230895572e+01 1.650013744419534589e+01 1.650892449411447060e+01 1.651737756924432077e+01 1.652503970682879952e+01 1.653278002623908804e+01 1.654142350555204644e+01 1.655093796278686114e+01 1.656010236663814439e+01 1.656783477501386415e+01 1.657336183425060838e+01 1.657600608208148074e+01 1.657511977537806303e+01 1.657008158841179579e+01 1.656029518928581723e+01 1.654518084089588825e+01 1.652416528152027908e+01 1.649667487247251074e+01 1.646213459135314494e+01 1.641997329346927259e+01 1.636963418623750499e+01 1.631058854763451649e+01 1.624235024043840170e+01 1.616448834816957358e+01 1.607663512302779196e+01 1.597848650665537740e+01 1.586979356770330618e+01 1.575034898555578167e+01 1.562000544248832412e+01 1.547895230918061493e+01 1.532950119757255614e+01 1.518589709274247390e+01 1.512504055812634540e+01 1.504900172610909159e+01 1.500070626024906062e+01 1.498108269605958043e+01 1.495229508472828428e+01 1.492844880473919922e+01 1.490453369992121857e+01 1.488009733749408348e+01 1.485916441268585153e+01 1.482625389641693125e+01 1.481502776144746392e+01 1.481075211809032588e+01 1.480938123866714129e+01 1.000000000000000020e+30
1.000000000000000020e+30 1.000000000000000020e+30 1.000000000000000020e+30 1.000000000000000020e+30 1.000000000000000020e+30 1.000000000000000020e+30 1.000000000000000020e+30 1.672561147608171339e+01 1.666310591753857295e+01 1.659914693764111249e+01 1.652529584692617703e+01 1.650623873090822968e+01 1.652341328888478245e+01 1.653047536099547798e+01 1.654198753240590847e+01 1.655111173451213347e+01 1.656054134295083458e+01 1.657247523297575853e+01 1.658733811704664518e+01 1.660199152610261564e+01 1.661482702477733042e+01 1.662517188471012375e+01 1.663234666877843182e+01 1.663563776976021558e+01 1.663435972929046613e+01 1.662786558177966256e+01 1.661553006371329033e+01 1.659672960584246226e+01 1.657082909165119844e+01 1.653717882409956275e+01 1.649512146834121751e+01 1.644400691704997897e+01 1.638321206535712093e+01 1.631216206937200752e+01 1.623034941254861963e+01 1.613734643140194436e+01 1.603280533003538366e+01 1.591643529109197708e+01 1.578792693294032290e+01 1.564670471565034937e+01 1.549102666160377595e+01 1.531453473995796699e+01 1.519403605652770040e+01 1.512152383299343761e+01 1.508554311323097252e+01 1.504376769318854379e+01 1.500897426342321950e+01 1.497571337148782078e+01 1.494347095323371022e+01 1.491643572189024169e+01 1.487974866409090247e+01 1.487016437685775117e+01 1.488628951613108775e+01 1.488806118291042146e+01 1.488755008737147278e+01 1.488713597015163792e+01 1.000000000000000020e+30
1.000000000000000020e+30 1.000000000000000020e+30 1.000000000000000020e+30 1.000000000000000020e+30 1.000000000000000020e+30 1.000000000000000020e+30 1.684633390093414462e+01 1.679224180275383915e+01 1.673948804706811089e+01 1.668754229226266972e+01 1.663757645021596687e+01 1.660168385535280322e+01 1.655961324252637823e+01 1.655043357372493418e+01 1.657191790895051753e+01 1.657986973093212768e+01 1.658884993525659013e+01 1.660372550791524660e+01 1.662717023312884024e+01 1.664901491114138921e+01 1.666770861392441105e+01 1.668361731259839331e+01 1.669608266977922995e+01 1.670425831209791312e+01 1.670737993183287884e+01 1.670476261506251703e+01 1.669575162138595203e+01 1.667968236626212075e+01 1.665585725742655754e+01 1.662354084451927250e+01 1.658197053903380080e+01 1.653037897735350725e+01 1.646802340294765088e+01 1.639421747668646745e+01 1.630836123614806965e+01 1.620996424010941794e+01 1.609865546516556023e+01 1.597417570378100038e+01 1.583635893055763866e+01 1.568509777914323777e+01 1.552015712279306747e+01 1.534078367885711280e+01 1.524982636634510769e+01 1.517617349619930778e+01 1.512154689180453815e+01 1.507325616979618133e+01 1.502852714113885568e+01 1.499109946798194848e+01 1.494606958282823150e+01 1.493060379440747454e+01 1.494387807333087359e+01 1.494691682189984405e+01 1.495311515566673322e+01 1.495582687757962681e+01 1.495669898234542572e+01 1.495692292458116057e+01 1.000000000000000020e+30
1.000000000000000020e+30 1.000000000000000020e+30 1.000000000000000020e+30 1.000000000000000020e+30 1.000000000000000020e+30 1.694833285854328153e+01 1.690533043641612920e+01 1.686208623978125232e+01 1.681927185630254584e+01 1.677783090368279062e+01 1.673933436312251999e+01 1.670662339920850670e+01 1.667636275839295124e+01 1.665304755840384132e+01 1.661850346678875567e+01 1.661077273469329896e+01 1.661449321232081644e+01 1.662973119734548888e+01 1.667207699691027400e+01 1.670280378180878600e+01 1.672710952211376423e+01 1.674934247172123492e+01 1.676802488582458039e+01 1.678190209552551693e+01 1.679012874711976622e+01 1.679202686159423408e+01 1.678694810257857384e+01 1.677420583030180623e+01 1.675304040241049108e+01 1.672261521556642805e+01 1.668203519782801081e+01 1.663038143638647526e+01 1.656675494450882979e+01 1.649032350048992868e+01 1.640036764451793871e+01 1.629632101128141741e+01 1.617779441962649045e+01 1.604457705691385172e+01 1.589667952028592346e+01 1.573464816955477197e+01 1.556014344290436036e+01 1.537616331118611868e+01 1.528301217316124649e+01 1.520603390030460567e+01 1.514511177499361061e+01 1.509277991580982636e+01 1.503409681467102743e+01 1.500717206056733666e+01 1.501154362413698351e+01 1.500827402800143950e+01 1.501104050977180471e+01 1.501333420360850290e+01 1.501629680900564701e+01 1.501832073018800529e+01 1.501939201379782318e+01 1.501983224622202684e+01 1.000000000000000020e+30
1.000000000000000020e+30 1.000000000000000020e+30 1.000000000000000020e+30 1.000000000000000020e+30 1.000000000000000020e+30 1.699689878285392552e+01 1.696985103689046781e+01 1.693650124196283002e+01 1.690240575159108971e+01 1.686963209835341004e+01 1.683951395285969355e+01 1.681310562038661871e+01 1.678996286234804813e+01 1.677053519191520792e+01 1.675248612688604766e+01 1.674433194191785290e+01 1.674277320831033933e+01 1.674298124585538261e+01 1.673236199649783273e+01 1.676696981727569025e+01 1.679269491381662149e+01 1.682287226848928796e+01 1.684914612215383301e+01 1.686965922424895226e+01 1.688372173769160511e+01 1.689079607424778828e+01 1.689030416545393365e+01 1.688156768134743402e+01 1.686376407319655968e+01 1.683593176993442242e+01 1.679700287789443180e+01 1.674585729314374660e+01 1.668138719977668671e+01 1.660256314431548930e+01 1.650850117257973793e+01 1.639853117288349083e+01 1.627224197409891104e+01 1.612942658303542842e+01 1.596995775762586867e+01 1.579446063665528754e+01 1.560627834729167063e+01 1.541871818818149364e+01 1.529493362835253123e+01 1.521426332991479491e+01 1.515413176136991424e+01 1.511237498229470688e+01 1.510148704533638941e+01 1.508518269226484954e+01 1.507788107900563546e+01 1.507311569364395076e+01 1.507190790830534155e+01 1.507233722240921381e+01 1.507369575495424385e+01 1.507506057424385304e+01 1.507601822361848143e+01 1.507648764257308827e+01 1.000000000000000020e+30
1.000000000000000020e+30 1.000000000000000020e+30 1.000000000000000020e+30 1.000000000000000020e+30 1.712445071058094115e+01 1.707838891669982218e+01 1.704637406086421336e+01 1.701714398005855955e+01 1.698947980537896640e+01 1.696382795332537086e+01 1.694083628568792577e+01 1.692100173760942994e+01 1.690437640216750381e+01 1.689104622669885813e+01 1.688085767696879103e+01 1.687552448941461591e+01 1.687350245104130408e+01 1.687127312744707908e+01 1.686311208156963559e+01 1.684438312622560829e+01 1.685835674283173091e+01 1.690502742287529259e+01 1.694091810776128781e+01 1.696888812967519655e+01 1.698941397709363343e+01 1.700228783542383937e+01 1.700705807260617775e+01 1.700309435920151913e+01 1.698950083497279095e+01 1.696515214328007914e+01 1.692874664182862432e+01 1.687889137812432594e+01 1.681419654348750470e+01 1.673336171145989226e+01 1.663526438223346560e+01 1.651908120736117880e+01 1.638443100207403091e+01 1.623123351729052288e+01 1.605855006483358594e+01 1.586512287067240834e+01 1.564875305377968040e+01 1.549605260225557046e+01 1.536068577105204191e+01 1.529785528455891530e+01 1.523990383009939897e+01 1.519569400174768958e+01 1.516807970898126712e+01 1.514788119422244606e+01 1.513533345049578926e+01 1.512802681007800842e+01 1.512476436455156659e+01 1.512404760525295799e+01 1.512473876427738873e+01 1.512586844716808621e+01 1.512680161085737929e+01 1.512728518360902008e+01 1.000000000000000020e+30
1.000000000000000020e+30 1.000000000000000020e+30 1.000000000000000020e+30 1.000000000000000020e+30 1.717721510299170262e+01 1.715223243382830987e+01 1.712630392433116810e+01 1.710222353296372333e+01 1.708036655568839279e+01 1.706102154882820088e+01 1.704450724439842446e+01 1.703106390211595311e+01 1.702076120373910584e+01 1.701359435662604014e+01 1.700948445707633994e+01 1.700847904655503839e+01 1.700949575906638600e+01 1.701053570798368497e+01 1.700941292900009572e+01 1.700624819047490988e+01 1.700865639206170599e+01 1.700320758680011579e+01 1.704608536577064370e+01 1.708121444864515581e+01 1.710854233003583502e+01 1.712774927874075459e+01 1.713844220691196085e+01 1.714012168010171422e+01 1.713177682505613575e+01 1.711205812515370894e+01 1.707933690162776230e+01 1.703184399307450647e+01 1.696781247032576090e+01 1.688557406096764524e+01 1.678363926893456437e+01 1.666088312534098392e+01 1.651709306729597415e+01 1.635347429070798952e+01 1.616773112963086589e+01 1.595733674704690941e+01 1.572910897250158158e+01 1.555230880592900533e+01 1.545170361150215577e+01 1.537157716088735704e+01 1.530658524079255223e+01 1.525679799055082420e+01 1.522147198294350368e+01 1.519702445284285197e+01 1.518156734833514854e+01 1.517287613421109604e+01 1.516904347113257501e+01 1.516832144030163754e+01 1.516932409654068614e+01 1.517086265770267417e+01 1.517203244350178259e+01 1.517256800474722311e+01 1.000000000000000020e+30
1.000000000000000020e+30 1.000000000000000020e+30 1.000000000000000020e+30 1.730622200448312498e+01 1.726200540777030312e+01 1.723390198367632919e+01 1.721109498409661498e+01 1.719163391613094305e+01 1.717515416141477047e+01 1.716166888474247543e+01 1.715128175472401750e+01 1.714407075908849265e+01 1.714002725134472982e+01 1.713905414542629302e+01 1.714094580560747971e+01 1.714534042072828512e+01 1.715139743888718371e+01 1.715789538111313561e+01 1.716367888854582802e+01 1.716843909048716199e+01 1.717272357416807793e+01 1.717228741224440824e+01 1.716514678749192413e+01 1.720771148291684227e+01 1.724233509882094140e+01 1.726839020688520776e+01 1.728557287528199282e+01 1.729391659066086362e+01 1.729211627920356165e+01 1.727853018530484874e+01 1.725105350012902861e+01 1.720738681561449823e+01 1.714527835422128277e+01 1.706260120358811250e+01 1.695730355102883991e+01 1.682740361486470704e+01 1.667235058336915543e+01 1.649956135590029405e+01 1.630209871812756361e+01 1.606657478737153610e+01 1.586063074529447370e+01 1.563266172312054358e+01 1.551822246454214316e+01 1.542564567820946309e+01 1.535314100537473081e+01 1.529821426319518984e+01 1.525854512717418565e+01 1.523159007303418022e+01 1.521535706434826629e+01 1.520713970195122045e+01 1.520446697561858684e+01 1.520512841796795200e+01 1.520764276862916908e+01 1.521050649806155342e+01 1.521218815347799946e+01 1.521268144108586995e+01 1.000000000000000020e+30
1.000000000000000020e+30 1.000000000000000020e+30 1.000000000000000020e+30 1.735831898953538399e+01 1.733827208168289502e+01 1.731768081514101709e+01 1.729979778521848033e+01 1.728519599067363188e+01 1.727397275918407971e+01 1.726615235978965046e+01 1.726174410202966314e+01 1.726072509863166360e+01 1.726300958629610349e+01 1.726842667955653710e+01 1.727669022128279863e+01 1.728734956298785619e+01 1.729970301918388387e+01 1.731285173396472743e+01 1.732588316056071065e+01 1.733804682821222443e+01 1.734847554065839148e+01 1.735502834919538273e+01 1.735584309980003681e+01 1.734932663702077349e+01 1.739209353442632278e+01 1.742546595735131021e+01 1.744921342693513822e+01 1.746557873036169894e+01 1.747195244775546286e+01 1.746651648486863451e+01 1.744640796722968901e+01 1.740854027195895881e+01 1.735008512426987437e+01 1.726849313563577937e+01 1.716114207534543112e+01 1.702381955426713844e+01 1.684909600909674054e+01 1.667296964249979752e+01 1.647591339483054540e+01 1.625322303078264952e+01 1.601274595319122795e+01 1.570082195568575401e+01 1.555928243305804237e+01 1.545546861780045056e+01 1.537749594322824365e+01 1.531941224421334624e+01 1.527770199489204117e+01 1.525006956091496946e+01 1.523567200061510540e+01 1.523035385843502709e+01 1.523104103975934898e+01 1.523457824667420368e+01 1.524012876848375520e+01 1.524586958600223952e+01 1.524808283390816754e+01 1.524784322621361099e+01 1.000000000000000020e+30
1.000000000000000020e+30 1.000000000000000020e+30 1.000000000000000020e+30 1.743868029177092893e+01 1.742316912022257114e+01 1.740670061639852406e+01 1.739305237123204151e+01 1.738311827925245723e+01 1.737705272407736601e+01 1.737483321530194047e+01 1.737639515849061667e+01 1.738164485528253067e+01 1.739044013912226916e+01 1.740256489773093307e+01 1.741769992239115439e+01 1.743538967587986832e+01 1.745501316212147813e+01 1.747580494421907815e+01 1.749691362692330188e+01 1.751742108376729590e+01 1.753619677573175650e+01 1.755163739116237309e+01 1.756200029224412873e+01 1.756540265984714821e+01 1.755960010922807868e+01 1.760073167033900532e+01 1.762895096156327313e+01 1.765605026013764700e+01 1.767245558613063139e+01 1.767799702315766552e+01 1.766821422216638382e+01 1.763873142904632374e+01 1.758610521436413165e+01 1.750769915570514357e+01 1.740182111020732236e+01 1.726362780155998422e+01 1.714444488104115294e+01 1.698220866740886237e+01 1.678768973178502577e+01 1.656707778619801985e+01 1.634259147737754603e+01 1.000000000000000020e+30 1.000000000000000020e+30 1.000000000000000020e+30 1.000000000000000020e+30 1.000000000000000020e+30 1.000000000000000020e+30 1.000000000000000020e+30 1.524158194651032616e+01 1.524221029395597782e+01 1.524942242832748462e+01 1.525670059361710962e+01 1.526715093490322062e+01 1.527952542277519221e+01 1.528121335712934403e+01 1.527754853863744522e+01 1.000000000000000020e+30
1.000000000000000020e+30 1.000000000000000020e+30 1.759467888555493431e+01 1.754329209403803347e+01 1.751766099779958097e+01 1.750142776249331789e+01 1.749103151785211807e+01 1.748554542047847704e+01 1.748461704628646629e+01 1.748804514726828074e+01 1.749567825028269041e+01 1.750737002582609847e+01 1.752294550827733133e+01 1.754217100310784971e+01 1.756472570134219424e+01 1.759017566029690371e+01 1.761795569309075304e+01 1.764737037402931463e+01 1.767760470019028674e+01 1.770771261926336493e+01 1.773655332584415945e+01 1.776271740083533857e+01 1.778457141404383535e+01 1.780015224073812874e+01 1.780666122341735758e+01 1.779859445665232087e+01 1.781967063861012690e+01 1.786724897797558143e+01 1.789395891438102026e+01 1.791497228630171534e+01 1.791982753605158152e+01 1.790198389860051620e+01 1.785748603200823936e+01 1.778345642480773137e+01 1.768321771883081439e+01 1.760703517870631174e+01 1.748960697574386458e+01 1.732945430373965578e+01 1.713003865361725886e+01 1.688787530816277282e+01 1.655853326487868316e+01 1.000000000000000020e+30 1.000000000000000020e+30 1.000000000000000020e+30 1.000000000000000020e+30 1.000000000000000020e+30 1.000000000000000020e+30 1.000000000000000020e+30 1.000000000000000020e+30 1.000000000000000020e+30 1.526251780008314007e+01 1.527048180032044478e+01 1.528714982009455525e+01 1.531885030857084473e+01 1.531469436370756476e+01 1.529856503090772080e+01 1.000000000000000020e+30
1.000000000000000020e+30 1.000000000000000020e+30 1.765582051102267513e+01 1.763156526936257507e+01 1.761200382112620488e+01 1.759946048368036386e+01 1.759317562783995115e+01 1.759245205902073295e+01 1.759685172520376284e+01 1.760609787989344710e+01 1.761999520641671424e+01 1.763837641677467616e+01 1.766106218956834084e+01 1.768782824443370316e+01 1.771837648983602520e+01 1.775231014889143211e+01 1.778911527265201542e+01 1.782815126125045069e+01 1.786864565036052710e+01 1.790968202227662331e+01 1.795017581565099718e+01 1.798885786638706463e+01 1.802429919508735168e+01 1.805494967245294546e+01 1.807930819043912862e+01 1.809692199719478012e+01 1.811376592578301370e+01 1.811069803262983413e+01 1.813270898889306082e+01 1.817978868398247982e+01 1.820585265363427041e+01 1.820348833195834004e+01 1.816971070094550100e+01 1.809626060488891852e+01 1.806864297566790256e+01 1.800140216227954681e+01 1.788646010023998656e+01 1.772390663535839650e+01 1.752180321414465780e+01 1.730096955366075306e+01 1.000000000000000020e+30 1.000000000000000020e+30 1.000000000000000020e+30 1.000000000000000020e+30 1.000000000000000020e+30 1.000000000000000020e+30 1.000000000000000020e+30 1.000000000000000020e+30 1.000000000000000020e+30 1.000000000000000020e+30 1.000000000000000020e+30 1.000000000000000020e+30 1.000000000000000020e+30 1.539388763620322109e+01 1.535536591471441703e+01 1.000000000000000020e+30 1.000000000000000020e+30
1.000000000000000020e+30 1.779902254639952375e+01 1.775136963640677834e+01 1.772513780096693381e+01 1.770919150341345372e+01 1.770101643675699066e+01 1.769949778780946659e+01 1.770396546881618249e+01 1.771399444485457764e+01 1.772931089287731510e+01 1.774972696800230310e+01 1.777509211691355873e+01 1.780525417181332770e+01 1.784002597846802729e+01 1.787915550999197123e+01 1.792229931350158978e+01 1.796900087414812575e+01 1.801867542155582314e+01 1.807060004165633060e+01 1.812390617588978969e+01 1.817757497450699944e+01 1.823044461459337384e+01 1.828124279403149188e+01 1.832865236286303912e+01 1.837146094246645589e+01 1.840888505961561350e+01 1.844073900466736049e+01 1.846274482729526412e+01 1.848034979024473756e+01 1.847899527191809810e+01 1.853384594303037503e+01 1.854992927920649493e+01 1.853491326190473742e+01 1.849670777834656832e+01 1.850635304027033001e+01 1.845570720705122270e+01 1.834243058641433066e+01 1.816837691976659741e+01 1.794147374414903950e+01 1.761633072649371101e+01 1.000000000000000020e+30 1.000000000000000020e+30 1.000000000000000020e+30 1.000000000000000020e+30 1.000000000000000020e+30 1.000000000000000020e+30 1.000000000000000020e+30 1.000000000000000020e+30 1.000000000000000020e+30 1.000000000000000020e+30 1.000000000000000020e+30 1.000000000000000020e+30 1.000000000000000020e+30 1.000000000000000020e+30 1.000000000000000020e+30 1.000000000000000020e+30 1.000000000000000020e+30
1.000000000000000020e+30 1.785776232334652391e+01 1.783627001387051081e+01 1.781902430767343049e+01 1.780910483145100187e+01 1.780635955538237525e+01 1.781026432610003241e+01 1.782037166522358262e+01 1.783636489777408229e+01 1.785803600907454580e+01 1.788525056792363443e+01 1.791791173458150155e+01 1.795592672577953053e+01 1.799917458711601270e+01 1.804747469306732555e+01 1.810055654457907792e+01 1.815803330702465246e+01 1.821938204417105567e+01 1.828393210916838996e+01 1.835086177454291700e+01 1.841920400647087774e+01 1.848786439364910805e+01 1.855565358934751075e+01 1.862132947974614794e+01 1.868363669625217227e+01 1.874128743735019853e+01 1.879262461726703393e+01 1.883438954304225277e+01 1.886225270849731217e+01 1.886047718696512376e+01 1.891624327929687155e+01 1.894320690326613033e+01 1.893894435575928625e+01 1.898800958245071868e+01 1.901981671140259778e+01 1.898778871971220639e+01 1.887360456745629378e+01 1.867901204782287650e+01 1.847124895795856858e+01 1.000000000000000020e+30 1.000000000000000020e+30 1.000000000000000020e+30 1.000000000000000020e+30 1.000000000000000020e+30 1.000000000000000020e+30 1.000000000000000020e+30 1.000000000000000020e+30 1.000000000000000020e+30 1.000000000000000020e+30 1.000000000000000020e+30 1.000000000000000020e+30 1.000000000000000020e+30 1.000000000000000020e+30 1.000000000000000020e+30 1.000000000000000020e+30 1.000000000000000020e+30 1.000000000000000020e+30
1.799161031110635989e+01 1.794946389605058457e+01 1.792825162367193670e+01 1.791679664402235161e+01 1.791299449176594649e+01 1.791618379192098587e+01 1.792597917213098668e+01 1.794210313162977855e+01 1.796436843131159122e+01 1.799266639325646011e+01 1.802694929441097216e+01 1.806720605642377464e+01 1.811343479995903394e+01 1.816561193175463274e+01 1.822365768862013269e+01 1.828739944086743563e+01 1.835653727657730627e+01 1.843061818776061145e+01 1.850902268937453599e+01 1.859096471428505026e+01 1.867550485584568420e+01 1.876157666423952364e+01 1.884802402807549981e+01 1.893363253380598010e+01 1.901711516439598881e+01 1.909700866683771991e+01 1.917140659588990204e+01 1.923751806672169806e+01 1.929154576642033447e+01 1.932788482473910818e+01 1.934552677958304656e+01 1.938596289636438996e+01 1.943412873121211959e+01 1.951510868029743051e+01 1.961586602569235183e+01 1.962058118803107121e+01 1.950301891272081889e+01 1.922645728621540684e+01 1.886524019000086838e+01 1.000000000000000020e+30 1.000000000000000020e+30 1.000000000000000020e+30 1.000000000000000020e+30 1.000000000000000020e+30 1.000000000000000020e+30 1.000000000000000020e+30 1.000000000000000020e+30 1.000000000000000020e+30 1.000000000000000020e+30 1.000000000000000020e+30 1.000000000000000020e+30 1.000000000000000020e+30 1.000000000000000020e+30 1.000000000000000020e+30 1.000000000000000020e+30 1.000000000000000020e+30 1.000000000000000020e+30
1.804610221009779991e+01 1.803229632470253918e+01 1.802240007139900158e+01 1.801876863136469709e+01 1.802172161760975300e+01 1.803124995856588697e+01 1.804727057314043392e+01 1.806969751897903365e+01 1.809848387753969945e+01 1.813363704182018310e+01 1.817521803530684821e+01 1.822332801386506773e+01 1.827808679368066791e+01 1.833960290501338974e+01 1.840793406268755206e+01 1.848303900122429866e+01 1.856472856263799187e+01 1.865262995544606639e+01 1.874617078333688269e+01 1.884458219911239851e+01 1.894692002038507184e+01 1.905210153596588540e+01 1.915896517453326453e+01 1.926633089584061409e+01 1.937297565294363011e+01 1.947751861997829437e+01 1.957823334473108545e+01 1.967290111408824060e+01 1.975903372834926586e+01 1.983471840585924539e+01 1.990181847972502993e+01 1.997131375881036064e+01 2.004745040642411169e+01 2.017444421209789596e+01 2.033052699578085054e+01 2.039826235398522414e+01 2.030833212733085347e+01 2.006609474395517978e+01 1.932932130917931346e+01 1.000000000000000020e+30 1.000000000000000020e+30 1.000000000000000020e+30 1.000000000000000020e+30 1.000000000000000020e+30 1.000000000000000020e+30 1.000000000000000020e+30 1.000000000000000020e+30 1.000000000000000020e+30 1.000000000000000020e+30 1.000000000000000020e+30 1.000000000000000020e+30 1.000000000000000020e+30 1.000000000000000020e+30 1.000000000000000020e+30 1.000000000000000020e+30 1.000000000000000020e+30 1.000000000000000020e+30
1.812710073801226329e+01 1.812382777827142277e+01 1.812282332337060353e+01 1.812667587111778644e+01 1.813641300866544626e+01 1.815242365444271755e+01 1.817485276452156384e+01 1.820376939622376966e+01 1.823925185709606467e+01 1.828142416722130292e+01 1.833046796503023756e+01 1.838661780399226586e+01 1.845014577887128837e+01 1.852133322629206447e+01 1.860042430967626004e+01 1.868755795960321819e+01 1.878269022649226727e+01 1.888554190138816224e+01 1.899558060986906582e+01 1.911202848124638365e+01 1.923389357813245581e+01 1.936001029137692697e+01 1.948914382536586132e+01 1.962016566227284287e+01 1.975202392546983177e+01 1.988359954145312969e+01 2.001348195145139286e+01 2.013978788244249785e+01 2.026047755891371693e+01 2.037411748689478586e+01 2.048011490320660499e+01 2.057486013908880551e+01 2.076888533037726958e+01 2.096532575157887024e+01 2.116068494147952705e+01 2.125599998322730499e+01 2.127720176895163462e+01 2.113751120280988260e+01 1.000000000000000020e+30 1.000000000000000020e+30 1.000000000000000020e+30 1.000000000000000020e+30 1.000000000000000020e+30 1.000000000000000020e+30 1.000000000000000020e+30 1.000000000000000020e+30 1.000000000000000020e+30 1.000000000000000020e+30 1.000000000000000020e+30 1.000000000000000020e+30 1.000000000000000020e+30 1.000000000000000020e+30 1.000000000000000020e+30 1.000000000000000020e+30 1.000000000000000020e+30 1.000000000000000020e+30 1.000000000000000020e+30
1.822460322329447990e+01 1.822629880971500427e+01 1.823158655880815715e+01 1.824192443924806639e+01 1.825812093581536288e+01 1.828057129828035343e+01 1.830947877652003086e+01 1.834498857662484994e+01 1.838726890314054785e+01 1.843654915259856963e+01 1.849313540883008145e+01 1.855741150489547309e+01 1.862983169955175100e+01 1.871089880042575615e+01 1.880111347746977657e+01 1.890087357623672304e+01 1.901033236565255180e+01 1.912932009043012016e+01 1.925733302740771080e+01 1.939354761357869705e+01 1.953687723140329879e+01 1.968596135215215881e+01 1.983930863740272343e+01 1.999586468999973832e+01 2.015488620400013531e+01 2.031573332832630996e+01 2.047748390439413058e+01 2.063826202681033095e+01 2.079570062406895303e+01 2.094860214659350106e+01 2.109777237945091954e+01 2.124499752220549453e+01 2.151785242776933771e+01 2.178849845101223082e+01 2.198730256543860762e+01 2.211631446819759006e+01 2.218032340954472303e+01 2.207726164580067874e+01 1.000000000000000020e+30 1.000000000000000020e+30 1.000000000000000020e+30 1.000000000000000020e+30 1.000000000000000020e+30 1.000000000000000020e+30 1.000000000000000020e+30 1.000000000000000020e+30 1.000000000000000020e+30 1.000000000000000020e+30 1.000000000000000020e+30 1.000000000000000020e+30 1.000000000000000020e+30 1.000000000000000020e+30 1.000000000000000020e+30 1.000000000000000020e+30 1.000000000000000020e+30 1.000000000000000020e+30 1.000000000000000020e+30
1.833428029220519306e+01 1.833905739334122487e+01 1.834920931629677199e+01 1.836529535644235622e+01 1.838766226914006907e+01 1.841649349392760016e+01 1.845191525783908304e+01 1.849407464728764694e+01 1.854319335838794203e+01 1.859959204194404947e+01 1.866370009301658683e+01 1.873605939539449139e+01 1.881733097801845389e+01 1.890829345744199586e+01 1.900980833226288524e+01 1.912267684480514518e+01 1.924732881372090887e+01 1.938371351465272241e+01 1.953133817374759218e+01 1.968927114741770623e+01 1.985633478616686176e+01 2.003082169466285478e+01 2.021040670847454379e+01 2.039422885486193238e+01 2.058205661540942089e+01 2.077411140325552807e+01 2.097062527968466128e+01 2.116925521699443635e+01 2.136563107232827363e+01 2.155795029656281869e+01 2.174944692630926113e+01 2.196414142842770900e+01 2.230377809966955027e+01 2.257474278952843605e+01 2.278340018533247857e+01 2.292443237403841749e+01 2.291856388754902341e+01 2.252742108893615125e+01 1.000000000000000020e+30 1.000000000000000020e+30 1.000000000000000020e+30 1.000000000000000020e+30 1.000000000000000020e+30 1.000000000000000020e+30 1.000000000000000020e+30 1.000000000000000020e+30 1.000000000000000020e+30 1.000000000000000020e+30 1.000000000000000020e+30 1.000000000000000020e+30 1.000000000000000020e+30 1.000000000000000020e+30 1.000000000000000020e+30 1.000000000000000020e+30 1.000000000000000020e+30 1.000000000000000020e+30 1.000000000000000020e+30
1.845377003325840803e+01 1.846106060790459935e+01 1.847557912249028789e+01 1.849717554225624738e+01 1.852567611290689698e+01 1.856094811865651195e+01 1.860296073983926846e+01 1.865181598936916885e+01 1.870776687191404974e+01 1.877121750812028012e+01 1.884271759680970604e+01 1.892296287681528355e+01 1.901282673473015450e+01 1.911340369453784760e+01 1.922606516191723003e+01 1.935233226669625850e+01 1.949302314838221761e+01 1.964816697992769434e+01 1.981727518329750026e+01 1.999910878320877572e+01 2.019267495267544277e+01 2.039599629000976577e+01 2.060381687680707685e+01 2.081629860844748947e+01 2.103389717744465415e+01 2.125813937665639131e+01 2.149299899981842543e+01 2.173510291395992411e+01 2.197345522570970644e+01 2.220316879598172122e+01 2.242081768845578083e+01 2.276232952933480291e+01 2.308097926296155578e+01 2.335940552389681812e+01 2.359801754383190797e+01 2.375502646785530558e+01 2.376735742982302568e+01 1.000000000000000020e+30 1.000000000000000020e+30 1.000000000000000020e+30 1.000000000000000020e+30 1.000000000000000020e+30 1.000000000000000020e+30 1.000000000000000020e+30 1.000000000000000020e+30 1.000000000000000020e+30 1.000000000000000020e+30 1.000000000000000020e+30 1.000000000000000020e+30 1.000000000000000020e+30 1.000000000000000020e+30 1.000000000000000020e+30 1.000000000000000020e+30 1.000000000000000020e+30 1.000000000000000020e+30 1.000000000000000020e+30 1.000000000000000020e+30
1.858134359736564889e+01 1.859125642849246063e+01 1.861038188647309610e+01 1.863780766064219918e+01 1.867276152603177053e+01 1.871473354746894913e+01 1.876350182691238899e+01 1.881911167514983774e+01 1.888184964173278502e+01 1.895221146071831697e+01 1.903086823149786255e+01 1.911864140368619402e+01 1.921657858610915426e+01 1.932604183784672713e+01 1.944904883181489552e+01 1.958870327334211581e+01 1.974630274944967923e+01 1.992168494421729363e+01 2.011459448747389800e+01 2.032248005285332582e+01 2.054575755515629965e+01 2.078446050454477856e+01 2.102167188243366525e+01 2.126370177898095903e+01 2.151091912249663451e+01 2.176479041993685826e+01 2.204285102929273421e+01 2.234285707716349023e+01 2.263677496890650787e+01 2.291938078804938783e+01 2.319596544063649901e+01 2.351368714250268965e+01 2.383122975096807394e+01 2.411852917179526301e+01 2.441620084479194475e+01 2.457684358309986550e+01 2.461334970583590831e+01 1.000000000000000020e+30 1.000000000000000020e+30 1.000000000000000020e+30 1.000000000000000020e+30 1.000000000000000020e+30 1.000000000000000020e+30 1.000000000000000020e+30 1.000000000000000020e+30 1.000000000000000020e+30 1.000000000000000020e+30 1.000000000000000020e+30 1.000000000000000020e+30 1.000000000000000020e+30 1.000000000000000020e+30 1.000000000000000020e+30 1.000000000000000020e+30 1.000000000000000020e+30 1.000000000000000020e+30 1.000000000000000020e+30 1.000000000000000020e+30
1.871521711225157958e+01 1.872851578979912190e+01 1.875328108623943635e+01 1.878749212281541858e+01 1.882963860589256555e+01 1.887880509056266476e+01 1.893459493054890785e+01 1.899702887207592283e+01 1.906646161013179963e+01 1.914351762008336877e+01 1.922901687717553898e+01 1.932383503354638421e+01 1.942911203033742140e+01 1.954614529659155409e+01 1.967718169547522677e+01 1.982981988725221711e+01 2.000549894085231983e+01 2.020249674272466933e+01 2.042299178532833892e+01 2.065784014571888250e+01 2.091221830039153673e+01 2.120902715520524495e+01 2.147844813362786809e+01 2.175423089164423729e+01 2.203449687569309745e+01 2.230506892853388834e+01 2.263561521432966828e+01 2.302909303857560630e+01 2.338882927724576888e+01 2.372108971975249858e+01 2.400341235006514751e+01 2.432216825432806573e+01 2.465210451870773056e+01 2.489135538236297052e+01 2.518552911522869309e+01 2.537755482854525724e+01 2.555038291739389678e+01 2.588512172344980300e+01 1.000000000000000020e+30 1.000000000000000020e+30 1.000000000000000020e+30 1.000000000000000020e+30 1.000000000000000020e+30 1.000000000000000020e+30 1.000000000000000020e+30 1.000000000000000020e+30 1.000000000000000020e+30 1.000000000000000020e+30 1.000000000000000020e+30 1.000000000000000020e+30 1.000000000000000020e+30 1.000000000000000020e+30 1.000000000000000020e+30 1.000000000000000020e+30 1.000000000000000020e+30 1.000000000000000020e+30 1.000000000000000020e+30
1.885288520882919627e+01 1.887148749034458817e+01 1.890407123220361640e+01 1.894680631112101921e+01 1.899733771528054760e+01 1.905441546149299725e+01 1.911756371939779342e+01 1.918686801689153398e+01 1.926281829473257545e+01 1.934624640259386297e+01 1.943826470765097270e+01 1.953959912812570465e+01 1.965159560136334349e+01 1.977470339488818496e+01 1.990701097274606113e+01 2.007217272569950950e+01 2.026877995726529846e+01 2.048647737706159333e+01 2.076039676752797902e+01 2.102680031036306474e+01 2.130288769785110148e+01 2.159833295393884001e+01 2.186956915205205476e+01 2.217902299758131690e+01 2.250840778493643057e+01 2.289176360488907136e+01 2.327363037564842685e+01 2.368228003530468939e+01 2.408655493187553276e+01 2.447290310367467825e+01 2.482251056108786713e+01 2.513817649861980641e+01 2.540297772871259241e+01 2.561403856032991655e+01 2.589580443641228058e+01 2.608770598151445697e+01 2.621568437157728226e+01 2.628250031592283875e+01 1.000000000000000020e+30 1.000000000000000020e+30 1.000000000000000020e+30 1.000000000000000020e+30 1.000000000000000020e+30 1.000000000000000020e+30 1.000000000000000020e+30 1.000000000000000020e+30 1.000000000000000020e+30 1.000000000000000020e+30 1.000000000000000020e+30 1.000000000000000020e+30 1.000000000000000020e+30 1.000000000000000020e+30 1.000000000000000020e+30 1.000000000000000020e+30 1.000000000000000020e+30 1.000000000000000020e+30 1.000000000000000020e+30
1.898995039047952460e+01 1.901859779865931799e+01 1.906303941995520290e+01 1.911693821492058021e+01 1.917743684265844450e+01 1.924327445291114458e+01 1.931410221587668730e+01 1.939023327726444990e+01 1.947235910958613303e+01 1.956158639563597745e+01 1.965999301535283550e+01 1.976715234253800801e+01 1.988614099048799488e+01 2.001802689700805260e+01 2.012880114764714534e+01 2.030895611906689879e+01 2.054670571556285452e+01 2.078077155451936164e+01 2.104893982906742167e+01 2.132915683920738203e+01 2.162606681418171206e+01 2.196898440904399763e+01 2.237078837566532030e+01 2.272391747849611576e+01 2.306316527240364422e+01 2.342165202528237700e+01 2.381340461556926513e+01 2.425036147327579883e+01 2.470084462439872297e+01 2.514688639315203034e+01 2.554237881445305192e+01 2.586478399565160302e+01 2.608425162123147345e+01 2.632152554502361141e+01 2.658605926598698233e+01 2.675182326729551718e+01 2.683213999024697216e+01 2.681187136105709712e+01 1.000000000000000020e+30 1.000000000000000020e+30 1.000000000000000020e+30 1.000000000000000020e+30 1.000000000000000020e+30 1.000000000000000020e+30 1.000000000000000020e+30 1.000000000000000020e+30 1.000000000000000020e+30 1.000000000000000020e+30 1.000000000000000020e+30 1.000000000000000020e+30 1.000000000000000020e+30 1.000000000000000020e+30 1.000000000000000020e+30 1.000000000000000020e+30 1.000000000000000020e+30 1.000000000000000020e+30 1.000000000000000020e+30
1.911727029078473805e+01 1.916900305479075683e+01 1.923192723575598961e+01 1.930020504878961418e+01 1.937233005298289257e+01 1.944770775438871979e+01 1.952636037337509123e+01 1.960911829666752837e+01 1.969684312303661855e+01 1.979036873365453530e+01 1.989622768284590038e+01 2.000682898061953452e+01 2.013251078873555144e+01 2.030815533655068705e+01 2.045779122100862679e+01 2.070020310852348189e+01 2.094491025454241750e+01 2.120015050612943242e+01 2.150628682943388981e+01 2.180995052811459800e+01 2.212719035626910369e+01 2.255874829337915344e+01 2.299764771149587972e+01 2.337432632448735603e+01 2.370559209731703376e+01 2.402124466109556167e+01 2.440289321029836600e+01 2.481873567694163896e+01 2.529013704689573672e+01 2.581398336026671458e+01 2.624669425639083187e+01 2.658339500281847023e+01 2.681172867316531239e+01 2.706725068022386083e+01 2.726501143026007057e+01 2.739124699720560585e+01 2.743900001652488285e+01 2.738952962034363026e+01 1.000000000000000020e+30 1.000000000000000020e+30 1.000000000000000020e+30 1.000000000000000020e+30 1.000000000000000020e+30 1.000000000000000020e+30 1.000000000000000020e+30 1.000000000000000020e+30 1.000000000000000020e+30 1.000000000000000020e+30 1.000000000000000020e+30 1.000000000000000020e+30 1.000000000000000020e+30 1.000000000000000020e+30 1.000000000000000020e+30 1.000000000000000020e+30 1.000000000000000020e+30 1.000000000000000020e+30 1.000000000000000020e+30
1.921259865666065991e+01 1.932829759805429504e+01 1.941595197731509259e+01 1.950056725960836701e+01 1.958538829979492846e+01 1.967077947716477127e+01 1.975693966279608560e+01 1.984599788541351018e+01 1.993905436472652681e+01 2.003095051585286868e+01 2.016534285489818856e+01 2.028182629095553935e+01 2.039068758896803146e+01 2.057339648185017822e+01 2.083882778977275052e+01 2.112555914710270244e+01 2.139448790563320912e+01 2.165556029277342631e+01 2.215667680885980673e+01 2.261900496414459028e+01 2.318559919477707254e+01 2.424072007083848135e+01 2.476754220636043868e+01 2.511569730845290493e+01 2.531965795761636073e+01 2.520753633433745833e+01 2.547802689863343772e+01 2.595329740356903869e+01 2.678567643204169357e+01 2.676031112963261904e+01 2.704924508212932821e+01 2.734420408851870476e+01 2.757662150767731646e+01 2.776056036860925502e+01 2.790523190340676152e+01 2.799883573042050600e+01 2.803273249121308908e+01 2.798996049056666635e+01 1.000000000000000020e+30 1.000000000000000020e+30 1.000000000000000020e+30 1.000000000000000020e+30 1.000000000000000020e+30 1.000000000000000020e+30 1.000000000000000020e+30 1.000000000000000020e+30 1.000000000000000020e+30 1.000000000000000020e+30 1.000000000000000020e+30 1.000000000000000020e+30 1.000000000000000020e+30 1.000000000000000020e+30 1.000000000000000020e+30 1.000000000000000020e+30 1.000000000000000020e+30 1.000000000000000020e+30 1.000000000000000020e+30
1.000000000000000020e+30 1.953676953857604204e+01 1.962472396288042731e+01 1.972298627911442281e+01 1.982069996076783625e+01 1.991646877728349452e+01 2.000857236119885485e+01 2.010340661279968089e+01 2.021644178343628440e+01 2.030292120849340165e+01 2.042305428239977516e+01 2.053865548749629255e+01 2.076880746590748217e+01 2.100433248450397983e+01 2.128776540120137994e+01 2.179189154196504319e+01 2.231992808303591147e+01 2.523203605384956916e+01 2.350142696470279802e+01 2.366071175562219153e+01 1.000000000000000020e+30 2.606775014905943522e+01 2.632792968439085968e+01 2.658158685736868776e+01 2.673414687868664785e+01 1.000000000000000020e+30 1.000000000000000020e+30 1.000000000000000020e+30 2.896349033446886168e+01 2.843187591319111363e+01 2.793301996504932561e+01 2.810272147679275534e+01 2.825508548952159060e+01 2.838277638412689541e+01 2.848608920578255166e+01 2.855564529370643001e+01 2.859261555219111273e+01 2.862369378473390569e+01 2.876718840255359311e+01 1.000000000000000020e+30 1.000000000000000020e+30 1.000000000000000020e+30 1.000000000000000020e+30 1.000000000000000020e+30 1.000000000000000020e+30 1.000000000000000020e+30 1.000000000000000020e+30 1.000000000000000020e+30 1.000000000000000020e+30 1.000000000000000020e+30 1.000000000000000020e+30 1.000000000000000020e+30 1.000000000000000020e+30 1.000000000000000020e+30 1.000000000000000020e+30 1.000000000000000020e+30 1.000000000000000020e+30
1.000000000000000020e+30 1.967979576356795945e+01 1.984627560339571062e+01 1.996968511678044322e+01 2.008233401331957424e+01 2.019083336894978231e+01 2.028308944217768328e+01 2.038804251038605031e+01 2.047567136439401381e+01 2.053200974955067792e+01 2.073843780100917655e+01 2.120742199415678897e+01 2.148689844561828721e+01 2.205721730921584367e+01 2.496922562919009536e+01 2.318900217564799249e+01 2.341167802811447274e+01 1.000000000000000020e+30 1.000000000000000020e+30 1.000000000000000020e+30 1.000000000000000020e+30 1.000000000000000020e+30 1.000000000000000020e+30 1.000000000000000020e+30 1.000000000000000020e+30 1.000000000000000020e+30 1.000000000000000020e+30 1.000000000000000020e+30 3.022067645559442539e+01 2.990950596727358501e+01 2.941072993108804212e+01 2.879395274056705745e+01 2.883195348336540320e+01 2.891884109207898490e+01 2.899011403645286578e+01 2.903440070444635879e+01 2.904771373791131950e+01 2.903430268474381748e+01 2.899169782527641459e+01 1.000000000000000020e+30 1.000000000000000020e+30 1.000000000000000020e+30 1.000000000000000020e+30 1.000000000000000020e+30 1.000000000000000020e+30 1.000000000000000020e+30 1.000000000000000020e+30 1.000000000000000020e+30 1.000000000000000020e+30 1.000000000000000020e+30 1.000000000000000020e+30 1.000000000000000020e+30 1.000000000000000020e+30 1.000000000000000020e+30 1.000000000000000020e+30 1.000000000000000020e+30 1.000000000000000020e+30
1.000000000000000020e+30 1.000000000000000020e+30 2.013544977976380324e+01 2.025250922282818422e+01 2.037422310719174945e+01 2.051171092738500690e+01 2.059931771699019265e+01 2.065487320009871297e+01 2.075859300162384002e+01 2.133284061962953260e+01 2.173410240588664877e+01 2.209915985356581203e+01 1.000000000000000020e+30 1.000000000000000020e+30 1.000000000000000020e+30 1.000000000000000020e+30 1.000000000000000020e+30 1.000000000000000020e+30 1.000000000000000020e+30 1.000000000000000020e+30 1.000000000000000020e+30 1.000000000000000020e+30 1.000000000000000020e+30 1.000000000000000020e+30 1.000000000000000020e+30 1.000000000000000020e+30 1.000000000000000020e+30 1.000000000000000020e+30 1.000000000000000020e+30 1.000000000000000020e+30 3.006899161512472318e+01 2.941205623904839328e+01 2.930904736111661180e+01 2.935739062679827072e+01 2.941039610321052677e+01 2.943335596891422767e+01 2.941872681566334791e+01 2.936327832627771173e+01 2.925604910817402171e+01 1.000000000000000020e+30 1.000000000000000020e+30 1.000000000000000020e+30 1.000000000000000020e+30 1.000000000000000020e+30 1.000000000000000020e+30 1.000000000000000020e+30 1.000000000000000020e+30 1.000000000000000020e+30 1.000000000000000020e+30 1.000000000000000020e+30 1.000000000000000020e+30 1.000000000000000020e+30 1.000000000000000020e+30 1.000000000000000020e+30 1.000000000000000020e+30 1.000000000000000020e+30 1.000000000000000020e+30
1.000000000000000020e+30 1.000000000000000020e+30 2.033402728881290500e+01 2.056744483201508089e+01 2.071521055327931293e+01 2.084087685278122493e+01 2.094048501052138533e+01 2.119745644000124329e+01 2.195258327274535404e+01 2.233872931841840526e+01 1.000000000000000020e+30 1.000000000000000020e+30 1.000000000000000020e+30 1.000000000000000020e+30 1.000000000000000020e+30 1.000000000000000020e+30 1.000000000000000020e+30 1.000000000000000020e+30 1.000000000000000020e+30 1.000000000000000020e+30 1.000000000000000020e+30 1.000000000000000020e+30 1.000000000000000020e+30 1.000000000000000020e+30 1.000000000000000020e+30 1.000000000000000020e+30 1.000000000000000020e+30 1.000000000000000020e+30 1.000000000000000020e+30 1.000000000000000020e+30 1.000000000000000020e+30 3.007073647461912813e+01 2.975389194016372940e+01 2.972653168333730989e+01 2.974987688799953389e+01 2.975901218656977676e+01 2.971964179624342250e+01 2.963311092165617566e+01 2.949730340127425521e+01 1.000000000000000020e+30 1.000000000000000020e+30 1.000000000000000020e+30 1.000000000000000020e+30 1.000000000000000020e+30 1.000000000000000020e+30 1.000000000000000020e+30 1.000000000000000020e+30 1.000000000000000020e+30 1.000000000000000020e+30 1.000000000000000020e+30 1.000000000000000020e+30 1.000000000000000020e+30 1.000000000000000020e+30 1.000000000000000020e+30 1.000000000000000020e+30 1.000000000000000020e+30 1.000000000000000020e+30
1.000000000000000020e+30 1.000000000000000020e+30 1.000000000000000020e+30 2.092696031983614091e+01 2.106915744026418125e+01 2.122777001232994820e+01 2.167371836411275154e+01 2.246953705819571923e+01 2.302613492540642426e+01 1.000000000000000020e+30 1.000000000000000020e+30 1.000000000000000020e+30 1.000000000000000020e+30 1.000000000000000020e+30 1.000000000000000020e+30 1.000000000000000020e+30 1.000000000000000020e+30 1.000000000000000020e+30 1.000000000000000020e+30 1.000000000000000020e+30 1.000000000000000020e+30 1.000000000000000020e+30 1.000000000000000020e+30 1.000000000000000020e+30 1.000000000000000020e+30 1.000000000000000020e+30 1.000000000000000020e+30 1.000000000000000020e+30 1.000000000000000020e+30 1.000000000000000020e+30 1.000000000000000020e+30 1.000000000000000020e+30 3.041769599517665057e+01 3.013431650437091847e+01 3.004883740420435956e+01 3.002219155186035593e+01 2.995671045150738010e+01 2.984121584032764218e+01 2.968842010808760890e+01 1.000000000000000020e+30 1.000000000000000020e+30 1.000000000000000020e+30 1.000000000000000020e+30 1.000000000000000020e+30 1.000000000000000020e+30 1.000000000000000020e+30 1.000000000000000020e+30 1.000000000000000020e+30 1.000000000000000020e+30 1.000000000000000020e+30 1.000000000000000020e+30 1.000000000000000020e+30 1.000000000000000020e+30 1.000000000000000020e+30 1.000000000000000020e+30 1.000000000000000020e+30 1.000000000000000020e+30
1.000000000000000020e+30 1.000000000000000020e+30 1.000000000000000020e+30 2.109019233208225685e+01 2.143851487131302491e+01 2.243217069068062486e+01 2.324164068790695836e+01 2.363867322601482712e+01 1.000000000000000020e+30 1.000000000000000020e+30 1.000000000000000020e+30 1.000000000000000020e+30 1.000000000000000020e+30 1.000000000000000020e+30 1.000000000000000020e+30 1.000000000000000020e+30 1.000000000000000020e+30 1.000000000000000020e+30 1.000000000000000020e+30 1.000000000000000020e+30 1.000000000000000020e+30 1.000000000000000020e+30 1.000000000000000020e+30 1.000000000000000020e+30 1.000000000000000020e+30 1.000000000000000020e+30 1.000000000000000020e+30 1.000000000000000020e+30 1.000000000000000020e+30 1.000000000000000020e+30 1.000000000000000020e+30 1.000000000000000020e+30 1.000000000000000020e+30 3.079278589935296750e+01 3.045607871789777477e+01 3.023703538227151100e+01 3.013271676355040185e+01 2.997555743735599165e+01 2.981362882428595995e+01 1.000000000000000020e+30 1.000000000000000020e+30 1.000000000000000020e+30 1.000000000000000020e+30 1.000000000000000020e+30 1.000000000000000020e+30 1.000000000000000020e+30 1.000000000000000020e+30 1.000000000000000020e+30 1.000000000000000020e+30 1.000000000000000020e+30 1.000000000000000020e+30 1.000000000000000020e+30 1.000000000000000020e+30 1.000000000000000020e+30 1.000000000000000020e+30 1.000000000000000020e+30 1.000000000000000020e+30
1.000000000000000020e+30 1.000000000000000020e+30 1.000000000000000020e+30 1.000000000000000020e+30 2.526376089506072731e+01 2.438502831034504581e+01 2.459642070265471858e+01 1.000000000000000020e+30 1.000000000000000020e+30 1.000000000000000020e+30 1.000000000000000020e+30 1.000000000000000020e+30 1.000000000000000020e+30 1.000000000000000020e+30 1.000000000000000020e+30 1.000000000000000020e+30 1.000000000000000020e+30 1.000000000000000020e+30 1.000000000000000020e+30 1.000000000000000020e+30 1.000000000000000020e+30 1.000000000000000020e+30 1.000000000000000020e+30 1.000000000000000020e+30 1.000000000000000020e+30 1.000000000000000020e+30 1.000000000000000020e+30 1.000000000000000020e+30 1.000000000000000020e+30 1.000000000000000020e+30 1.000000000000000020e+30 1.000000000000000020e+30 1.000000000000000020e+30 1.000000000000000020e+30 3.090775116914354470e+01 3.040308757517417959e+01 3.025945777496502131e+01 3.000356635887663259e+01 2.986459365930446097e+01 1.000000000000000020e+30 1.000000000000000020e+30 1.000000000000000020e+30 1.000000000000000020e+30 1.000000000000000020e+30 1.000000000000000020e+30 1.000000000000000020e+30 1.000000000000000020e+30 1.000000000000000020e+30 1.000000000000000020e+30 1.000000000000000020e+30 1.000000000000000020e+30 1.000000000000000020e+30 1.000000000000000020e+30 1.000000000000000020e+30 1.000000000000000020e+30 1.000000000000000020e+30 1.000000000000000020e+30
1.000000000000000020e+30 1.000000000000000020e+30 1.000000000000000020e+30 1.000000000000000020e+30 2.813512976916675257e+01 1.000000000000000020e+30 1.000000000000000020e+30 1.000000000000000020e+30 1.000000000000000020e+30 1.000000000000000020e+30 1.000000000000000020e+30 1.000000000000000020e+30 1.000000000000000020e+30 1.000000000000000020e+30 1.000000000000000020e+30 1.000000000000000020e+30 1.000000000000000020e+30 1.000000000000000020e+30 1.000000000000000020e+30 1.000000000000000020e+30 1.000000000000000020e+30 1.000000000000000020e+30 1.000000000000000020e+30 1.000000000000000020e+30 1.000000000000000020e+30 1.000000000000000020e+30 1.000000000000000020e+30 1.000000000000000020e+30 1.000000000000000020e+30 1.000000000000000020e+30 1.000000000000000020e+30 1.000000000000000020e+30 1.000000000000000020e+30 1.000000000000000020e+30 1.000000000000000020e+30 3.051003474465679233e+01 3.042363104450986100e+01 1.000000000000000020e+30 1.000000000000000020e+30 1.000000000000000020e+30 1.000000000000000020e+30 1.000000000000000020e+30 1.000000000000000020e+30 1.000000000000000020e+30 1.000000000000000020e+30 1.000000000000000020e+30 1.000000000000000020e+30 1.000000000000000020e+30 1.000000000000000020e+30 1.000000000000000020e+30 1.000000000000000020e+30 1.000000000000000020e+30 1.000000000000000020e+30 1.000000000000000020e+30 1.000000000000000020e+30 1.000000000000000020e+30 1.000000000000000020e+30
