1.000000000000000020e+30 1.000000000000000020e+30 1.000000000000000020e+30 1.000000000000000020e+30 1.000000000000000020e+30 1.000000000000000020e+30 1.000000000000000020e+30 1.000000000000000020e+30 1.000000000000000020e+30 1.000000000000000020e+30 1.000000000000000020e+30 1.000000000000000020e+30 1.000000000000000020e+30 1.000000000000000020e+30 1.000000000000000020e+30 1.000000000000000020e+30 1.000000000000000020e+30 1.000000000000000020e+30 1.000000000000000020e+30 1.000000000000000020e+30 1.000000000000000020e+30 1.000000000000000020e+30 1.000000000000000020e+30 1.000000000000000020e+30 1.000000000000000020e+30 1.000000000000000020e+30 1.000000000000000020e+30 1.000000000000000020e+30 1.000000000000000020e+30 1.000000000000000020e+30 1.000000000000000020e+30 1.000000000000000020e+30 1.000000000000000020e+30 1.000000000000000020e+30 1.000000000000000020e+30 1.000000000000000020e+30 1.000000000000000020e+30 1.000000000000000020e+30 1.000000000000000020e+30 1.000000000000000020e+30 1.000000000000000020e+30 1.000000000000000020e+30 1.000000000000000020e+30 1.000000000000000020e+30 1.000000000000000020e+30 1.000000000000000020e+30 1.000000000000000020e+30 1.000000000000000020e+30 1.000000000000000020e+30 1.000000000000000020e+30 1.000000000000000020e+30 1.000000000000000020e+30 1.000000000000000020e+30 1.000000000000000020e+30 1.000000000000000020e+30 1.000000000000000020e+30 1.000000000000000020e+30
1.000000000000000020e+30 1.000000000000000020e+30 1.000000000000000020e+30 1.000000000000000020e+30 1.000000000000000020e+30 1.000000000000000020e+30 1.000000000000000020e+30 1.000000000000000020e+30 1.000000000000000020e+30 1.000000000000000020e+30 1.000000000000000020e+30 1.000000000000000020e+30 1.000000000000000020e+30 1.000000000000000020e+30 1.000000000000000020e+30 1.000000000000000020e+30 1.000000000000000020e+30 1.000000000000000020e+30 1.000000000000000020e+30 1.000000000000000020e+30 1.000000000000000020e+30 1.000000000000000020e+30 1.000000000000000020e+30 1.000000000000000020e+30 1.000000000000000020e+30 1.000000000000000020e+30 1.000000000000000020e+30 1.563036088017369707e+01 1.563821710693734701e+01 1.564773489730631439e+01 1.565670467744567063e+01 1.566418687500824802e+01 1.566973671262190670e+01 1.567313494604786506e+01 1.567429430550572000e+01 1.567322071677086193e+01 1.566999648888350016e+01 1.566477535032655055e+01 1.565778827384296257e+01 1.564936789844464649e+01 1.564002026028897063e+01 1.563063990368285161e+01 1.562320139251519535e+01 1.000000000000000020e+30 1.000000000000000020e+30 1.000000000000000020e+30 1.000000000000000020e+30 1.000000000000000020e+30 1.000000000000000020e+30 1.000000000000000020e+30 1.000000000000000020e+30 1.000000000000000020e+30 1.000000000000000020e+30 1.000000000000000020e+30 1.000000000000000020e+30 1.000000000000000020e+30 1.000000000000000020e+30
1.000000000000000020e+30 1.000000000000000020e+30 1.000000000000000020e+30 1.000000000000000020e+30 1.000000000000000020e+30 1.000000000000000020e+30 1.000000000000000020e+30 1.000000000000000020e+30 1.000000000000000020e+30 1.000000000000000020e+30 1.000000000000000020e+30 1.000000000000000020e+30 1.000000000000000020e+30 1.000000000000000020e+30 1.000000000000000020e+30 1.000000000000000020e+30 1.000000000000000020e+30 1.000000000000000020e+30 1.000000000000000020e+30 1.000000000000000020e+30 1.000000000000000020e+30 1.000000000000000020e+30 1.000000000000000020e+30 1.000000000000000020e+30 1.556857342462600258e+01 1.558275622533434301e+01 1.560145539250218683e+01 1.562184169281376178e+01 1.563594338628737113e+01 1.564773215421740105e+01 1.565769061272294316e+01 1.566566707229824118e+01 1.567147094169162180e+01 1.567497711113976955e+01 1.567613709106663933e+01 1.567497344685176941e+01 1.567157368533960415e+01 1.566608650532729818e+01 1.565871986798307702e+01 1.564973685059280051e+01 1.563943183754896538e+01 1.562801417234867962e+01 1.561503722134134797e+01 1.559669389884223101e+01 1.557966098166719426e+01 1.556399598417717378e+01 1.555057386649985851e+01 1.554140495245891707e+01 1.000000000000000020e+30 1.000000000000000020e+30 1.000000000000000020e+30 1.000000000000000020e+30 1.000000000000000020e+30 1.000000000000000020e+30 1.000000000000000020e+30 1.000000000000000020e+30 1.000000000000000020e+30
1.000000000000000020e+30 1.000000000000000020e+30 1.000000000000000020e+30 1.000000000000000020e+30 1.000000000000000020e+30 1.000000000000000020e+30 1.000000000000000020e+30 1.000000000000000020e+30 1.000000000000000020e+30 1.000000000000000020e+30 1.000000000000000020e+30 1.000000000000000020e+30 1.000000000000000020e+30 1.000000000000000020e+30 1.000000000000000020e+30 1.000000000000000020e+30 1.000000000000000020e+30 1.000000000000000020e+30 1.000000000000000020e+30 1.000000000000000020e+30 1.000000000000000020e+30 1.547122105808579207e+01 1.549192156700384437e+01 1.552042558450523835e+01 1.555332639636929315e+01 1.557726787574291194e+01 1.559891775879459885e+01 1.561886432123058022e+01 1.563533607158798411e+01 1.564898912837624856e+01 1.566014979139714569e+01 1.566886288959073603e+01 1.567508266018300311e+01 1.567876663271526283e+01 1.567991076410176099e+01 1.567856075331792987e+01 1.567481409906705281e+01 1.566881792225305858e+01 1.566076237703213536e+01 1.565086369088523632e+01 1.563932481805181496e+01 1.562624474333656011e+01 1.561144772563136662e+01 1.559447557361156278e+01 1.557727425994759507e+01 1.556063016480077010e+01 1.554510649383081855e+01 1.553096897479155025e+01 1.551675512013541081e+01 1.000000000000000020e+30 1.000000000000000020e+30 1.000000000000000020e+30 1.000000000000000020e+30 1.000000000000000020e+30 1.000000000000000020e+30 1.000000000000000020e+30 1.000000000000000020e+30
1.000000000000000020e+30 1.000000000000000020e+30 1.000000000000000020e+30 1.000000000000000020e+30 1.000000000000000020e+30 1.000000000000000020e+30 1.000000000000000020e+30 1.000000000000000020e+30 1.000000000000000020e+30 1.000000000000000020e+30 1.000000000000000020e+30 1.000000000000000020e+30 1.000000000000000020e+30 1.000000000000000020e+30 1.000000000000000020e+30 1.000000000000000020e+30 1.000000000000000020e+30 1.000000000000000020e+30 1.534224417328991841e+01 1.536752531274971467e+01 1.540418411435163293e+01 1.544882161275193511e+01 1.548255419140208744e+01 1.551465078674980447e+01 1.554585113113974337e+01 1.557304505658017391e+01 1.559719600229092507e+01 1.561860400175946495e+01 1.563689778763103533e+01 1.565217714335706489e+01 1.566456776471871848e+01 1.567411902323843442e+01 1.568083669127395652e+01 1.568472511464267427e+01 1.568581362551446112e+01 1.568416975864174034e+01 1.567990423010423484e+01 1.567317018493618441e+01 1.566415649909973951e+01 1.565307240341572204e+01 1.564012131850645737e+01 1.562546554673270194e+01 1.560921250864585552e+01 1.559155511085297086e+01 1.557329152170036934e+01 1.555499866474930926e+01 1.553700103661862819e+01 1.551925758790098619e+01 1.550111118388229059e+01 1.548199305003951487e+01 1.000000000000000020e+30 1.000000000000000020e+30 1.000000000000000020e+30 1.000000000000000020e+30 1.000000000000000020e+30 1.000000000000000020e+30 1.000000000000000020e+30
1.000000000000000020e+30 1.000000000000000020e+30 1.000000000000000020e+30 1.000000000000000020e+30 1.000000000000000020e+30 1.000000000000000020e+30 1.000000000000000020e+30 1.000000000000000020e+30 1.000000000000000020e+30 1.000000000000000020e+30 1.000000000000000020e+30 1.000000000000000020e+30 1.000000000000000020e+30 1.000000000000000020e+30 1.000000000000000020e+30 1.000000000000000020e+30 1.523735342040150265e+01 1.526696068711296306e+01 1.531442102090403345e+01 1.535377097932724766e+01 1.539406837625591606e+01 1.543546240110448409e+01 1.547317893068772321e+01 1.550833531721697689e+01 1.554115004148296997e+01 1.557081187327553451e+01 1.559732224418486624e+01 1.562070245109099353e+01 1.564083754692177131e+01 1.565771673701589073e+01 1.567136820804280184e+01 1.568181344550083622e+01 1.568906747328146345e+01 1.569315498801453757e+01 1.569412580584824290e+01 1.569206520033999297e+01 1.568709904913739628e+01 1.567939414057799219e+01 1.566915342250590548e+01 1.565660587265387704e+01 1.564199239331420443e+01 1.562555470162168092e+01 1.560754552086886626e+01 1.558829011872449577e+01 1.556827058630478433e+01 1.554788654085332134e+01 1.552734019585733272e+01 1.550652720984569655e+01 1.548489247399122526e+01 1.546121498940379269e+01 1.543208597086603717e+01 1.541480590723162791e+01 1.000000000000000020e+30 1.000000000000000020e+30 1.000000000000000020e+30 1.000000000000000020e+30 1.000000000000000020e+30
1.000000000000000020e+30 1.000000000000000020e+30 1.000000000000000020e+30 1.000000000000000020e+30 1.000000000000000020e+30 1.000000000000000020e+30 1.000000000000000020e+30 1.000000000000000020e+30 1.000000000000000020e+30 1.000000000000000020e+30 1.000000000000000020e+30 1.000000000000000020e+30 1.000000000000000020e+30 1.000000000000000020e+30 1.000000000000000020e+30 1.516314443015724933e+01 1.520451709339023871e+01 1.524607248494709921e+01 1.529196673051477973e+01 1.533659092027629178e+01 1.538063802775005229e+01 1.542382755202817712e+01 1.546465817609053772e+01 1.550288722172444800e+01 1.553834305946987904e+01 1.557066570526027860e+01 1.559968717228572110e+01 1.562530653209745601e+01 1.564742435331039694e+01 1.566598451575475615e+01 1.568096359625543634e+01 1.569235504875499743e+01 1.570016701220618138e+01 1.570442919435691742e+01 1.570520199141046369e+01 1.570258413031798383e+01 1.569671740221279599e+01 1.568778790601343509e+01 1.567602348411155333e+01 1.566168767682967555e+01 1.564507184861992428e+01 1.562648965133973533e+01 1.560627985675722762e+01 1.558481840552287423e+01 1.556251273511218081e+01 1.553970253218258435e+01 1.551657701573945225e+01 1.549311497254699965e+01 1.546906919918292900e+01 1.544408128190927343e+01 1.541824014382459751e+01 1.539542182000950454e+01 1.537287399935721055e+01 1.000000000000000020e+30 1.000000000000000020e+30 1.000000000000000020e+30 1.000000000000000020e+30
1.000000000000000020e+30 1.000000000000000020e+30 1.000000000000000020e+30 1.000000000000000020e+30 1.000000000000000020e+30 1.000000000000000020e+30 1.000000000000000020e+30 1.000000000000000020e+30 1.000000000000000020e+30 1.000000000000000020e+30 1.000000000000000020e+30 1.000000000000000020e+30 1.000000000000000020e+30 1.000000000000000020e+30 1.506669625160179571e+01 1.511805588162301106e+01 1.516804587936621118e+01 1.521765923856552760e+01 1.526789838502968877e+01 1.531739510464140430e+01 1.536575771018888403e+01 1.541252624350757650e+01 1.545698162503554229e+01 1.549870557308142160e+01 1.553739439305001646e+01 1.557275675333144349e+01 1.560457917894990842e+01 1.563270355182712024e+01 1.565700365008863137e+01 1.567738837882078151e+01 1.569379840343162336e+01 1.570620126585589915e+01 1.571459132971934025e+01 1.571899436937545502e+01 1.571947420554935704e+01 1.571613912345939035e+01 1.570914664567895080e+01 1.569870580441378216e+01 1.568507646534982847e+01 1.566856584050082724e+01 1.564952307446757018e+01 1.562833341198175319e+01 1.560541271949472453e+01 1.558119795058285995e+01 1.555611988932840362e+01 1.553054364912724061e+01 1.550470745579376342e+01 1.547869020738600376e+01 1.545243625631935735e+01 1.542588802990694496e+01 1.539928362635416370e+01 1.537352389331509173e+01 1.534794490569798953e+01 1.532186433948559134e+01 1.000000000000000020e+30 1.000000000000000020e+30 1.000000000000000020e+30
1.000000000000000020e+30 1.000000000000000020e+30 1.000000000000000020e+30 1.000000000000000020e+30 1.000000000000000020e+30 1.000000000000000020e+30 1.000000000000000020e+30 1.000000000000000020e+30 1.000000000000000020e+30 1.000000000000000020e+30 1.000000000000000020e+30 1.000000000000000020e+30 1.000000000000000020e+30 1.494979236767921726e+01 1.501098751318776792e+01 1.507031635215556697e+01 1.512825239911925657e+01 1.518525026223915653e+01 1.524153053624859666e+01 1.529661323171009357e+01 1.535006792312725565e+01 1.540144125427173449e+01 1.545023085609405200e+01 1.549602621381033885e+01 1.553849189195289959e+01 1.557733791760948705e+01 1.561232651210695543e+01 1.564326487486667361e+01 1.566999602048548290e+01 1.569239671162786287e+01 1.571037622098852538e+01 1.572387600613677350e+01 1.573287200028559418e+01 1.573737958064564602e+01 1.573746006794816843e+01 1.573322737178404296e+01 1.572485359125307802e+01 1.571257265121385593e+01 1.569668136044515983e+01 1.567753769378621165e+01 1.565555651963148698e+01 1.563120299586702799e+01 1.560498262461922181e+01 1.557742363640728556e+01 1.554904337319121055e+01 1.552029343488845292e+01 1.549149696048786495e+01 1.546280898583101049e+01 1.543423377866304769e+01 1.540571557827988869e+01 1.537727531226045663e+01 1.534906154364342079e+01 1.532095877537764217e+01 1.529306515457602877e+01 1.526577186104249506e+01 1.000000000000000020e+30 1.000000000000000020e+30
1.000000000000000020e+30 1.000000000000000020e+30 1.000000000000000020e+30 1.000000000000000020e+30 1.000000000000000020e+30 1.000000000000000020e+30 1.000000000000000020e+30 1.000000000000000020e+30 1.000000000000000020e+30 1.000000000000000020e+30 1.000000000000000020e+30 1.000000000000000020e+30 1.481230632970122052e+01 1.488348004471613883e+01 1.495242215195851720e+01 1.501963064444967699e+01 1.508544130113894965e+01 1.514997547715316450e+01 1.521314342885765392e+01 1.527460355519919943e+01 1.533395450162487172e+01 1.539077166138976693e+01 1.544462517703968629e+01 1.549512653824108988e+01 1.554193612165706462e+01 1.558475677315426289e+01 1.562333213025936196e+01 1.565744266105510363e+01 1.568690170308824960e+01 1.571155434376428417e+01 1.573127820954158551e+01 1.574598599407229393e+01 1.575563006389217513e+01 1.576020901426358733e+01 1.575977548275720963e+01 1.575444424134175492e+01 1.574439952161346135e+01 1.572990058072517172e+01 1.571128468325233563e+01 1.568896699904362180e+01 1.566343733583137166e+01 1.563525379362016210e+01 1.560503254891992952e+01 1.557342995047869927e+01 1.554110782650874967e+01 1.550866999939665547e+01 1.547656852955425322e+01 1.544501637289542018e+01 1.541398821624714088e+01 1.538329412882910674e+01 1.535268568968916725e+01 1.532195058863460346e+01 1.529103145114774698e+01 1.526074276936635599e+01 1.523538889235328675e+01 1.000000000000000020e+30 1.000000000000000020e+30
1.000000000000000020e+30 1.000000000000000020e+30 1.000000000000000020e+30 1.000000000000000020e+30 1.000000000000000020e+30 1.000000000000000020e+30 1.000000000000000020e+30 1.000000000000000020e+30 1.000000000000000020e+30 1.000000000000000020e+30 1.000000000000000020e+30 1.465349487150643526e+01 1.473511154850299398e+01 1.481383907537754041e+01 1.489047791501865348e+01 1.496567437676620038e+01 1.503966860987084608e+01 1.511224980650367300e+01 1.518306132835050803e+01 1.525170381144189058e+01 1.531776486382499591e+01 1.538082774932326480e+01 1.544048584840303029e+01 1.549636272243891177e+01 1.554811886381427755e+01 1.559544973782415411e+01 1.563808272375006148e+01 1.567577411406915111e+01 1.570830749424446715e+01 1.573549449393219746e+01 1.575717777396541486e+01 1.577323608632674379e+01 1.578359136281181918e+01 1.578821761146427782e+01 1.578715108692437852e+01 1.578050091815231148e+01 1.576845916416677085e+01 1.575130913242586495e+01 1.572943079697319924e+01 1.570330243352021071e+01 1.567349830129152721e+01 1.564068329362383380e+01 1.560560609452979008e+01 1.556908980656001873e+01 1.553200824509866607e+01 1.549521496281994537e+01 1.545938171867189759e+01 1.542478316056309140e+01 1.539128778671295983e+01 1.535846556358570147e+01 1.532570330695913796e+01 1.529230547991251399e+01 1.525755306072966277e+01 1.522035373652135171e+01 1.517636014729982286e+01 1.510771560581318695e+01 1.000000000000000020e+30
1.000000000000000020e+30 1.000000000000000020e+30 1.000000000000000020e+30 1.000000000000000020e+30 1.000000000000000020e+30 1.000000000000000020e+30 1.000000000000000020e+30 1.000000000000000020e+30 1.000000000000000020e+30 1.000000000000000020e+30 1.447005395216186407e+01 1.456481238264591660e+01 1.465427030306624800e+01 1.474026382923905487e+01 1.482445925722390889e+01 1.490789585967110220e+01 1.499076791836168887e+01 1.507222910075925881e+01 1.515154871884735144e+01 1.522823640815757607e+01 1.530185724835959249e+01 1.537198529334790997e+01 1.543821456894555588e+01 1.550017160364319935e+01 1.555751681735091552e+01 1.560993940794233126e+01 1.565715174222036943e+01 1.569888598279966274e+01 1.573489381201861015e+01 1.576494919434638398e+01 1.578885374176458356e+01 1.580644438415214381e+01 1.581760321516003565e+01 1.582226933206866626e+01 1.582045225304263347e+01 1.581224617413463562e+01 1.579784396855828099e+01 1.577754945641101436e+01 1.575178617673840265e+01 1.572110096096792731e+01 1.568616164008175140e+01 1.564775107925051856e+01 1.560676460102949825e+01 1.556422079159240823e+01 1.552128163010980799e+01 1.547921727258316693e+01 1.543913893012431338e+01 1.540139471413204930e+01 1.536564273132594494e+01 1.533109095420021006e+01 1.529665793262502049e+01 1.526109976940223412e+01 1.522337941733980848e+01 1.518336159473965097e+01 1.513828669447003783e+01 1.513565332121532414e+01 1.000000000000000020e+30
1.000000000000000020e+30 1.000000000000000020e+30 1.000000000000000020e+30 1.000000000000000020e+30 1.000000000000000020e+30 1.000000000000000020e+30 1.000000000000000020e+30 1.000000000000000020e+30 1.000000000000000020e+30 1.422958765284871596e+01 1.436702209197227020e+01 1.447377443698784738e+01 1.456982135271576517e+01 1.466198209784207762e+01 1.475324671815051758e+01 1.484527514787061264e+01 1.493841567894992828e+01 1.503002294045027121e+01 1.511886183875556178e+01 1.520453261109545906e+01 1.528662155161948277e+01 1.536467984128632303e+01 1.543828705935535694e+01 1.550706893869126013e+01 1.557068876598273377e+01 1.562883307801206634e+01 1.568120074022411181e+01 1.572749832316421781e+01 1.576744122983109797e+01 1.580075892301325347e+01 1.582720300178334050e+01 1.584655766341566796e+01 1.585865255706995391e+01 1.586337806772435499e+01 1.586070281011142669e+01 1.585069270364550142e+01 1.583353047066688291e+01 1.580953369932369057e+01 1.577916873090861039e+01 1.574305687234482853e+01 1.570196991583177670e+01 1.565681641166304772e+01 1.560863325716196748e+01 1.555862073073645746e+01 1.550827125951226293e+01 1.545954647323463327e+01 1.541460844366142524e+01 1.537380849080039447e+01 1.533635402725486685e+01 1.530092986089056595e+01 1.526584533412043321e+01 1.522893331586295673e+01 1.518813468860372140e+01 1.514779393542056063e+01 1.515475081528798107e+01 1.515700565373647990e+01 1.000000000000000020e+30
1.000000000000000020e+30 1.000000000000000020e+30 1.000000000000000020e+30 1.000000000000000020e+30 1.000000000000000020e+30 1.000000000000000020e+30 1.000000000000000020e+30 1.000000000000000020e+30 1.413462661495574402e+01 1.417715836602366686e+01 1.428571412548978437e+01 1.438518239068169002e+01 1.448163254045906356e+01 1.457757487738661872e+01 1.467484652138774592e+01 1.477572346774206835e+01 1.488239050706002331e+01 1.498598089309861336e+01 1.508532191318005466e+01 1.518095124339222934e+01 1.527249501027003653e+01 1.535941517049554328e+01 1.544125641055085119e+01 1.551764985982755363e+01 1.558827380132745155e+01 1.565282100172729685e+01 1.571097949367712587e+01 1.576242721992003126e+01 1.580683622333102356e+01 1.584388162414863288e+01 1.587325292447677860e+01 1.589466732532051374e+01 1.590788563694516355e+01 1.591273133130008510e+01 1.590911285906834571e+01 1.589704882508276818e+01 1.587669497009623676e+01 1.584837088565867091e+01 1.581258261225391948e+01 1.577003455460899772e+01 1.572162132780786159e+01 1.566839157082575440e+01 1.561149543462865275e+01 1.555219369418201047e+01 1.549214142319457643e+01 1.543427270743667279e+01 1.538382547890141794e+01 1.534049022339308266e+01 1.530239834606312677e+01 1.526755797174010176e+01 1.523376383904213505e+01 1.519731795063261259e+01 1.514883026799248000e+01 1.516204558155183157e+01 1.517208432537575291e+01 1.517680214565543118e+01 1.000000000000000020e+30
1.000000000000000020e+30 1.000000000000000020e+30 1.000000000000000020e+30 1.000000000000000020e+30 1.000000000000000020e+30 1.000000000000000020e+30 1.000000000000000020e+30 1.401767914088751077e+01 1.408161515346882453e+01 1.414301164550517598e+01 1.420399661143930281e+01 1.429076770927452245e+01 1.438574299380293020e+01 1.448425810501374222e+01 1.458590053807172815e+01 1.469410524897232584e+01 1.482386722899745557e+01 1.494129401831987813e+01 1.505125143578972313e+01 1.515784035022350196e+01 1.525997704515924269e+01 1.535678389717438996e+01 1.544776404119296487e+01 1.553259090168924850e+01 1.561098834230956456e+01 1.568267258298434363e+01 1.574732415230508131e+01 1.580458607901501900e+01 1.585407593065589538e+01 1.589540105926181646e+01 1.592817352326100355e+01 1.595202576743138501e+01 1.596662914764136332e+01 1.597171675653978973e+01 1.596711111812641626e+01 1.595275668191770890e+01 1.592875654043495537e+01 1.589541182599472258e+01 1.585325974120171644e+01 1.580310064493788680e+01 1.574599412179050439e+01 1.568318834847430843e+01 1.561594510850060757e+01 1.554531000709615185e+01 1.547222639263371846e+01 1.539959458217346366e+01 1.534361363461995076e+01 1.529932278377852661e+01 1.526233067105228969e+01 1.523004810420599853e+01 1.520102232973960810e+01 1.517420017192849357e+01 1.514495353181729520e+01 1.517569972198415051e+01 1.519102161165092468e+01 1.519763690899959840e+01 1.000000000000000020e+30
1.000000000000000020e+30 1.000000000000000020e+30 1.000000000000000020e+30 1.000000000000000020e+30 1.000000000000000020e+30 1.000000000000000020e+30 1.386290250549528302e+01 1.394249663031884978e+01 1.402031054832415258e+01 1.409884198813904099e+01 1.418115500220419278e+01 1.427395638353027785e+01 1.437337510096666193e+01 1.447617989470290745e+01 1.458010508928615145e+01 1.468207604366943464e+01 1.477171871646939394e+01 1.489888764279065470e+01 1.501608228243563303e+01 1.513541375437386982e+01 1.524969079530058380e+01 1.535751581741254057e+01 1.545855763688512319e+01 1.555264970600518915e+01 1.563961776320102359e+01 1.571922768933586489e+01 1.579115224262149475e+01 1.585498517489133086e+01 1.591027183753194230e+01 1.595653432671640815e+01 1.599328903910010524e+01 1.602006273208952791e+01 1.603641232982394982e+01 1.604195110507711419e+01 1.603638200305734784e+01 1.601953824542889748e+01 1.599143157331455889e+01 1.595230863923690556e+01 1.590271430801895747e+01 1.584355416628058322e+01 1.577613046019357235e+01 1.570207415519874417e+01 1.562299669680798786e+01 1.553962120745132047e+01 1.545012572868769674e+01 1.534605337502543954e+01 1.528912930580789187e+01 1.524797924952594208e+01 1.521442853713316268e+01 1.518594201743991690e+01 1.516254910599284322e+01 1.514981015855532398e+01 1.517816358652409470e+01 1.520109453592551496e+01 1.521507413890814675e+01 1.522154533581098512e+01 1.000000000000000020e+30
1.000000000000000020e+30 1.000000000000000020e+30 1.000000000000000020e+30 1.000000000000000020e+30 1.000000000000000020e+30 1.368791813219380593e+01 1.377104397297547855e+01 1.385734716022501978e+01 1.394704784919561469e+01 1.404017348868189963e+01 1.413764544798140754e+01 1.424095267944426624e+01 1.434869846289613449e+01 1.445873520789332467e+01 1.456870189371073465e+01 1.467548326473653653e+01 1.477421771389795424e+01 1.486098671967692120e+01 1.497407661281194180e+01 1.511412514266744544e+01 1.524268992940122303e+01 1.536257152085121724e+01 1.547450403572498878e+01 1.557865225355573635e+01 1.567499481853219834e+01 1.576337903006438701e+01 1.584345363531357798e+01 1.591472985656607086e+01 1.597665271459340453e+01 1.602863836798987762e+01 1.607008832438205914e+01 1.610040074647703889e+01 1.611898904027026447e+01 1.612531079875695283e+01 1.611890683420737602e+01 1.609944980076816989e+01 1.606680377703112583e+01 1.602109927812543688e+01 1.596282995905225022e+01 1.589297674251735337e+01 1.581316114671862394e+01 1.572575596274324106e+01 1.563360165578239425e+01 1.553876009996424123e+01 1.544072121567637446e+01 1.534510408203854759e+01 1.531785563065461808e+01 1.528747274798691436e+01 1.525945016468279114e+01 1.523435092116893230e+01 1.521072304600538772e+01 1.518146852115609491e+01 1.521312938733082021e+01 1.523192501044554703e+01 1.524320300460344058e+01 1.524854149852158613e+01 1.000000000000000020e+30
1.000000000000000020e+30 1.000000000000000020e+30 1.000000000000000020e+30 1.000000000000000020e+30 1.000000000000000020e+30 1.359137505842575244e+01 1.366313107009072070e+01 1.375648566209988743e+01 1.385864582409716128e+01 1.396605591623809950e+01 1.407783525043257633e+01 1.419371965447560946e+01 1.431264818536639361e+01 1.443300226576554124e+01 1.455284908250052744e+01 1.467000374671567009e+01 1.478239560232520766e+01 1.489011892575172169e+01 1.499996177396148411e+01 1.510026264298149812e+01 1.524115869700502834e+01 1.537314942039743748e+01 1.549654207248032556e+01 1.561145069731997914e+01 1.571795196826547780e+01 1.581604084852526171e+01 1.590527876867943746e+01 1.598501990797096362e+01 1.605456798755831826e+01 1.611321519315184858e+01 1.616023291335107359e+01 1.619486818024700980e+01 1.621635808965964642e+01 1.622396196156879355e+01 1.621700683066512738e+01 1.619494303521813094e+01 1.615741107026712697e+01 1.610432947466407327e+01 1.603601986659125345e+01 1.595339173740539174e+01 1.585828599648864135e+01 1.575411655783580400e+01 1.564621783039717329e+01 1.553979711307558098e+01 1.542695110463457731e+01 1.537551315003676677e+01 1.534696344570545179e+01 1.532165053174392000e+01 1.529840496599988597e+01 1.527797791842820274e+01 1.526105987582933743e+01 1.524977257908947159e+01 1.525752475959683885e+01 1.526696080270299127e+01 1.527402508608469311e+01 1.527767122479474438e+01 1.000000000000000020e+30
1.000000000000000020e+30 1.000000000000000020e+30 1.000000000000000020e+30 1.000000000000000020e+30 1.327610911329761656e+01 1.340901932758559134e+01 1.352003333152232933e+01 1.363384149816302404e+01 1.375269812707281858e+01 1.387597742255280231e+01 1.400305877963501544e+01 1.413334183222468354e+01 1.426585425375193061e+01 1.439925079756373627e+01 1.453195074196178638e+01 1.466231865140333746e+01 1.478901064940677657e+01 1.491160590702175526e+01 1.503058276142999361e+01 1.514232356130189494e+01 1.524530833428983456e+01 1.538996741931881296e+01 1.552551588909162383e+01 1.565186201485383855e+01 1.576922541077534490e+01 1.587810055936155607e+01 1.597773244493426681e+01 1.606715718558413286e+01 1.614549371641907527e+01 1.621191486854175778e+01 1.626556068703782998e+01 1.630550770915626302e+01 1.633077955329784814e+01 1.634038691271159749e+01 1.633338302378813012e+01 1.630892541098192794e+01 1.626634068971171487e+01 1.620520982972611179e+01 1.612549978639447090e+01 1.602771119954910972e+01 1.591327506880995912e+01 1.578632151678828777e+01 1.565676159018919478e+01 1.554596555836804228e+01 1.545258305361115880e+01 1.538066067480169608e+01 1.537027346147840134e+01 1.535103113161946808e+01 1.533165491791964463e+01 1.531507333220620559e+01 1.530263444788143978e+01 1.529583952139294922e+01 1.529709323936189591e+01 1.530128645519983799e+01 1.530522204136268627e+01 1.530743473739593874e+01 1.000000000000000020e+30
1.000000000000000020e+30 1.000000000000000020e+30 1.000000000000000020e+30 1.000000000000000020e+30 1.312706366829263160e+01 1.323329271504309546e+01 1.335960356334507182e+01 1.349237098292700132e+01 1.362933243925047755e+01 1.376991047755480935e+01 1.391372640671920102e+01 1.406023723155346339e+01 1.420855143435610835e+01 1.435744926917031528e+01 1.450551031162049043e+01 1.465129151437982280e+01 1.479353568340039438e+01 1.493132826935261370e+01 1.506383640972425653e+01 1.518926881293424813e+01 1.530622113614324498e+01 1.541364809887641485e+01 1.556233391864006421e+01 1.570072702352780070e+01 1.582922796232911722e+01 1.595035845341590175e+01 1.606200147731624384e+01 1.616257708347656674e+01 1.625104255580879453e+01 1.632653261607657313e+01 1.638808103207278322e+01 1.643457718673998968e+01 1.646478481916115655e+01 1.647740403714008295e+01 1.647114630355815734e+01 1.644480593635596932e+01 1.639730588765975128e+01 1.632775509763970234e+01 1.623561798871999784e+01 1.612059317426664151e+01 1.598194264895652950e+01 1.582145824817193436e+01 1.564801455002413100e+01 1.553346554579234251e+01 1.545488668079660499e+01 1.542447011223845799e+01 1.540003062446507087e+01 1.537800904714157824e+01 1.535944263483873939e+01 1.534524735234487736e+01 1.533570684250888405e+01 1.533096300289692948e+01 1.533083891475796356e+01 1.533301273371030859e+01 1.533530355614209739e+01 1.533659531569782786e+01 1.000000000000000020e+30
1.000000000000000020e+30 1.000000000000000020e+30 1.000000000000000020e+30 1.263732775480954373e+01 1.285466681800341249e+01 1.302106098336820672e+01 1.317712177017763331e+01 1.333199575510077395e+01 1.348853992777505972e+01 1.364771705037691518e+01 1.380975586301874891e+01 1.397435075073757282e+01 1.414066361508225178e+01 1.430746337704107773e+01 1.447330221119288929e+01 1.463671159697220503e+01 1.479635620627942139e+01 1.495108292621983814e+01 1.509978247212213809e+01 1.524113276799595518e+01 1.537386376857904402e+01 1.549673493071197505e+01 1.560832837437041043e+01 1.575927632740566153e+01 1.589723630862064851e+01 1.603353395231716050e+01 1.615950049284187529e+01 1.627292935800985063e+01 1.637296911815922229e+01 1.645898908294856255e+01 1.652995380478546750e+01 1.658453946057805339e+01 1.662117978507269811e+01 1.663818080078877060e+01 1.663383223714757975e+01 1.660651143281843645e+01 1.655467307566431501e+01 1.647677855019861326e+01 1.637190754134114101e+01 1.623962580880703399e+01 1.607405542529932774e+01 1.587010888225257510e+01 1.568410556527705957e+01 1.558721209531577045e+01 1.551020584710383865e+01 1.546025034396001097e+01 1.542515768145170796e+01 1.539917265111593458e+01 1.538037413241435125e+01 1.536818575015344734e+01 1.536134097522320907e+01 1.535880171320472520e+01 1.535962410043578430e+01 1.536197262593271340e+01 1.536374336153306608e+01 1.536442479743730694e+01 1.000000000000000020e+30
1.000000000000000020e+30 1.000000000000000020e+30 1.000000000000000020e+30 1.248387974899827668e+01 1.261428578759837293e+01 1.280133024905421735e+01 1.297903423929414579e+01 1.315417979610521826e+01 1.333037426898808064e+01 1.350896650182583514e+01 1.369060045258714453e+01 1.387520211387766800e+01 1.406184065351818191e+01 1.424908835318842826e+01 1.443526430275473160e+01 1.461871114137641570e+01 1.479795781800891419e+01 1.497174362126986757e+01 1.513893226503653189e+01 1.529839741308536816e+01 1.544901749769988442e+01 1.558955541520984589e+01 1.571820994941810135e+01 1.583099078568639761e+01 1.596798955874667669e+01 1.612901789853467704e+01 1.627234137941246317e+01 1.640021932948471317e+01 1.651312040753863286e+01 1.661126986144358497e+01 1.669343980027151630e+01 1.675803853293040291e+01 1.680304478277631475e+01 1.682624800401860909e+01 1.682540111044971098e+01 1.679846399286623537e+01 1.674348329806754165e+01 1.665765077084276058e+01 1.653978749681306937e+01 1.639525396910726229e+01 1.620676027144258313e+01 1.590168964771432591e+01 1.573529719588069931e+01 1.562008636379887960e+01 1.553698504922735069e+01 1.547935264722569570e+01 1.543913216273463895e+01 1.541093175785689340e+01 1.539234987306824465e+01 1.538335192053689227e+01 1.538019744853231074e+01 1.538079687340112756e+01 1.538441017419089007e+01 1.538905286569115383e+01 1.539082034904241780e+01 1.539049715032601817e+01 1.000000000000000020e+30
1.000000000000000020e+30 1.000000000000000020e+30 1.000000000000000020e+30 1.226187733836529326e+01 1.238084719934991895e+01 1.257165667894114058e+01 1.276540409248569041e+01 1.295836914524729622e+01 1.315402527830388557e+01 1.335256279393946599e+01 1.355506271338858326e+01 1.376181904817006973e+01 1.397144094466085384e+01 1.418205046622971111e+01 1.439144582414830609e+01 1.459760733621565620e+01 1.479889469330520946e+01 1.499401732259415354e+01 1.518191900580122677e+01 1.536166696044629987e+01 1.553240105608391275e+01 1.569332808051660066e+01 1.584387663800912627e+01 1.598467642552627410e+01 1.612271420555456558e+01 1.624481246085066743e+01 1.640417488600429863e+01 1.654687289744047263e+01 1.667315113411590133e+01 1.678530199288603342e+01 1.688080765751476875e+01 1.695786383538635533e+01 1.701374066351262115e+01 1.704554391565907423e+01 1.705023158665274607e+01 1.702545293952919181e+01 1.696977500376585724e+01 1.687661644406804484e+01 1.673962164859758772e+01 1.659917248823337843e+01 1.645913097286759452e+01 1.000000000000000020e+30 1.000000000000000020e+30 1.000000000000000020e+30 1.000000000000000020e+30 1.000000000000000020e+30 1.000000000000000020e+30 1.000000000000000020e+30 1.539247836910163514e+01 1.539034929534908613e+01 1.539294593814344481e+01 1.539744088311748094e+01 1.540585850287070713e+01 1.541673140666859965e+01 1.541771979521601921e+01 1.541398095868934170e+01 1.000000000000000020e+30
1.000000000000000020e+30 1.000000000000000020e+30 1.179733637906886656e+01 1.197980961288804203e+01 1.213605159896002128e+01 1.231824548598683222e+01 1.253304322851605335e+01 1.274162669387334645e+01 1.295784199570872097e+01 1.317655213652821722e+01 1.340095957216557743e+01 1.363262506632704962e+01 1.386848989981270819e+01 1.410605014834167825e+01 1.434206279596797984e+01 1.457393544346291137e+01 1.479987749607296621e+01 1.501867549126170509e+01 1.522945729890071220e+01 1.543152837856088233e+01 1.562429016097224732e+01 1.580723327337550010e+01 1.598003316983460209e+01 1.614278786795091136e+01 1.629594697279625137e+01 1.643500995424819422e+01 1.655708819495664130e+01 1.671529892567351894e+01 1.685349112275426364e+01 1.698289742043984063e+01 1.709416961016660252e+01 1.718691794475125079e+01 1.725692486438989448e+01 1.730057714302915173e+01 1.731317924341642112e+01 1.729182808329196419e+01 1.724166733107134775e+01 1.714692385047088408e+01 1.706110833097543633e+01 1.691901883334649170e+01 1.668594684662447136e+01 1.000000000000000020e+30 1.000000000000000020e+30 1.000000000000000020e+30 1.000000000000000020e+30 1.000000000000000020e+30 1.000000000000000020e+30 1.000000000000000020e+30 1.000000000000000020e+30 1.000000000000000020e+30 1.540153888355621525e+01 1.540793827328836407e+01 1.542268404293650796e+01 1.545220186998994549e+01 1.544725978996612703e+01 1.543161653116417042e+01 1.000000000000000020e+30
1.000000000000000020e+30 1.000000000000000020e+30 1.166760392775496058e+01 1.177912923174507043e+01 1.192253187683272664e+01 1.209188331782318215e+01 1.228584684136608907e+01 1.249757803096215092e+01 1.274091373551834572e+01 1.297803693080417986e+01 1.322427208799089193e+01 1.348543374341440604e+01 1.375160039084296493e+01 1.402091949288442585e+01 1.428769585754991489e+01 1.454859624214977032e+01 1.480189274748155270e+01 1.504667689661019736e+01 1.528241869590900848e+01 1.550873894119784069e+01 1.572530352386305097e+01 1.593178801108507869e+01 1.612787494025559099e+01 1.631320240540691202e+01 1.648698767086309758e+01 1.664681548459916627e+01 1.678967254551158561e+01 1.691020590823656988e+01 1.704998696515776757e+01 1.720684674462638597e+01 1.733500532322608478e+01 1.744827115127041850e+01 1.753647915365741383e+01 1.759696055644809931e+01 1.762046153059862874e+01 1.759725399069465013e+01 1.756805519416400685e+01 1.753190537180457653e+01 1.744759250273402174e+01 1.733763184428503834e+01 1.000000000000000020e+30 1.000000000000000020e+30 1.000000000000000020e+30 1.000000000000000020e+30 1.000000000000000020e+30 1.000000000000000020e+30 1.000000000000000020e+30 1.000000000000000020e+30 1.000000000000000020e+30 1.000000000000000020e+30 1.000000000000000020e+30 1.000000000000000020e+30 1.000000000000000020e+30 1.552473508589828377e+01 1.548561217372654575e+01 1.000000000000000020e+30 1.000000000000000020e+30
1.000000000000000020e+30 1.134715779643289757e+01 1.147736391353942587e+01 1.159906755247103760e+01 1.173745815691833627e+01 1.189755773937007000e+01 1.208010347020412034e+01 1.228395168325019782e+01 1.251051348596449664e+01 1.275229076457098110e+01 1.301616471603135494e+01 1.331846741245711030e+01 1.361854366264499916e+01 1.392709186624393070e+01 1.422972257468697777e+01 1.452309645059031418e+01 1.480632291471600048e+01 1.507923349548384451e+01 1.534186459127083246e+01 1.559425559011324935e+01 1.583637014532238219e+01 1.606806943509516117e+01 1.628909252420533349e+01 1.649899171817481047e+01 1.669695859306949615e+01 1.688161283974228510e+01 1.705153823566235971e+01 1.720634698539474527e+01 1.735173516096670099e+01 1.746919255549159189e+01 1.760127001505545863e+01 1.774596080309739676e+01 1.785561565113406957e+01 1.794257515982511464e+01 1.798685709856902903e+01 1.803824054656103115e+01 1.803058173572098610e+01 1.797687868908811026e+01 1.787099518466651205e+01 1.765683880056482025e+01 1.000000000000000020e+30 1.000000000000000020e+30 1.000000000000000020e+30 1.000000000000000020e+30 1.000000000000000020e+30 1.000000000000000020e+30 1.000000000000000020e+30 1.000000000000000020e+30 1.000000000000000020e+30 1.000000000000000020e+30 1.000000000000000020e+30 1.000000000000000020e+30 1.000000000000000020e+30 1.000000000000000020e+30 1.000000000000000020e+30 1.000000000000000020e+30 1.000000000000000020e+30
1.000000000000000020e+30 1.126371984336143761e+01 1.134411570207949005e+01 1.145242066127037006e+01 1.158262106852581930e+01 1.173485511546937587e+01 1.190954636457317228e+01 1.210680169808138196e+01 1.232709339041937646e+01 1.256985203823666986e+01 1.283853418180937211e+01 1.313785439795245047e+01 1.346312141229956083e+01 1.382732276115184078e+01 1.417114167616509768e+01 1.449981217833782843e+01 1.481500189684137148e+01 1.511779858568476875e+01 1.540900722145513235e+01 1.568916484313666082e+01 1.595855946685306392e+01 1.621725672673784047e+01 1.646511527798669761e+01 1.670177279959314021e+01 1.692660113926240584e+01 1.713870996262643587e+01 1.733720649149987381e+01 1.752161009081309473e+01 1.769206925426416177e+01 1.784480375443526157e+01 1.798455307536275427e+01 1.809192531723801523e+01 1.821140416322072753e+01 1.834539413126820762e+01 1.848088354317931348e+01 1.855343467082909825e+01 1.855427168154172790e+01 1.848879929816011725e+01 1.841673520978658374e+01 1.000000000000000020e+30 1.000000000000000020e+30 1.000000000000000020e+30 1.000000000000000020e+30 1.000000000000000020e+30 1.000000000000000020e+30 1.000000000000000020e+30 1.000000000000000020e+30 1.000000000000000020e+30 1.000000000000000020e+30 1.000000000000000020e+30 1.000000000000000020e+30 1.000000000000000020e+30 1.000000000000000020e+30 1.000000000000000020e+30 1.000000000000000020e+30 1.000000000000000020e+30 1.000000000000000020e+30
1.106270029782282904e+01 1.114554623542688638e+01 1.122968328195892695e+01 1.133203562462109026e+01 1.145564323109020854e+01 1.160160537471751852e+01 1.177064851910329857e+01 1.196345383928226269e+01 1.218096750617111113e+01 1.242447256846416082e+01 1.269681351122184765e+01 1.300181358764517725e+01 1.334359845393971433e+01 1.373541867136576933e+01 1.411745884670592766e+01 1.448192433095405107e+01 1.483006564170626795e+01 1.516393697615319347e+01 1.548510244239712286e+01 1.579458144597020919e+01 1.609296173859351242e+01 1.638049858154179006e+01 1.665718344100157466e+01 1.692278199192405808e+01 1.717683870417082304e+01 1.741868771280746842e+01 1.764753925595512385e+01 1.786259967147066874e+01 1.806302854891524845e+01 1.824730191912890831e+01 1.841503009183109540e+01 1.856191371075690100e+01 1.869039062680415597e+01 1.888619797063452665e+01 1.905592782031450838e+01 1.915890979808960637e+01 1.916284447194044915e+01 1.903245123455847221e+01 1.884728540697152255e+01 1.000000000000000020e+30 1.000000000000000020e+30 1.000000000000000020e+30 1.000000000000000020e+30 1.000000000000000020e+30 1.000000000000000020e+30 1.000000000000000020e+30 1.000000000000000020e+30 1.000000000000000020e+30 1.000000000000000020e+30 1.000000000000000020e+30 1.000000000000000020e+30 1.000000000000000020e+30 1.000000000000000020e+30 1.000000000000000020e+30 1.000000000000000020e+30 1.000000000000000020e+30 1.000000000000000020e+30
1.102285146427650098e+01 1.107017005820332756e+01 1.114223723881214489e+01 1.123696457246411029e+01 1.135451961686747957e+01 1.149541763816117346e+01 1.166036921670969129e+01 1.185033457250554889e+01 1.206667292846197803e+01 1.231131135605984639e+01 1.258710150181160259e+01 1.289770211188409732e+01 1.324728819015515668e+01 1.364017115191770912e+01 1.407074723696470997e+01 1.447215993173509574e+01 1.485349256723336531e+01 1.521907326474500799e+01 1.557129031169720434e+01 1.591153925522715262e+01 1.624061242184847131e+01 1.655888784685356185e+01 1.686645192095507895e+01 1.716319235457050141e+01 1.744881250790696470e+01 1.772278024216018721e+01 1.798428360890702038e+01 1.823225342571709007e+01 1.846549142676512290e+01 1.868290173551741518e+01 1.888400678537187005e+01 1.906892506404715704e+01 1.924610714028423786e+01 1.947382936446383539e+01 1.971959640334556596e+01 1.988599226833547107e+01 1.991978962787446150e+01 1.986186821352734100e+01 1.983523155724993714e+01 1.000000000000000020e+30 1.000000000000000020e+30 1.000000000000000020e+30 1.000000000000000020e+30 1.000000000000000020e+30 1.000000000000000020e+30 1.000000000000000020e+30 1.000000000000000020e+30 1.000000000000000020e+30 1.000000000000000020e+30 1.000000000000000020e+30 1.000000000000000020e+30 1.000000000000000020e+30 1.000000000000000020e+30 1.000000000000000020e+30 1.000000000000000020e+30 1.000000000000000020e+30 1.000000000000000020e+30
1.097815170707345978e+01 1.101313829102796582e+01 1.107617461029198225e+01 1.116437602085115977e+01 1.127692184289393929e+01 1.141391226685251858e+01 1.157599539177247649e+01 1.176427992434091863e+01 1.198038591869910263e+01 1.222655243812224413e+01 1.250579239817952271e+01 1.282193912907308508e+01 1.317965238824126217e+01 1.358441360889327498e+01 1.404228900286110893e+01 1.447421276381603050e+01 1.488692198325248306e+01 1.528423210695356893e+01 1.566842442384432488e+01 1.604089041433287477e+01 1.640244341053379173e+01 1.675346424032864334e+01 1.709404201444439764e+01 1.742417159090538448e+01 1.774376454932522762e+01 1.805246332527942599e+01 1.834940577524010052e+01 1.863311178739656881e+01 1.890178559813567105e+01 1.915423614248470585e+01 1.938991745884617757e+01 1.960563197816910375e+01 1.990271490755676354e+01 2.019787213352007171e+01 2.048889167917250376e+01 2.068806632554965219e+01 2.084555787121257708e+01 2.099004543658422151e+01 1.000000000000000020e+30 1.000000000000000020e+30 1.000000000000000020e+30 1.000000000000000020e+30 1.000000000000000020e+30 1.000000000000000020e+30 1.000000000000000020e+30 1.000000000000000020e+30 1.000000000000000020e+30 1.000000000000000020e+30 1.000000000000000020e+30 1.000000000000000020e+30 1.000000000000000020e+30 1.000000000000000020e+30 1.000000000000000020e+30 1.000000000000000020e+30 1.000000000000000020e+30 1.000000000000000020e+30 1.000000000000000020e+30
1.094034175533884046e+01 1.097039562388949108e+01 1.102811660834261787e+01 1.111179234739672594e+01 1.122072116926915086e+01 1.135497125726965173e+01 1.151522254478258311e+01 1.170270214845432122e+01 1.191920354368707358e+01 1.216715180926936135e+01 1.244971334896824722e+01 1.277094062208261427e+01 1.313604486772996438e+01 1.355198756128223003e+01 1.402868729572549356e+01 1.448723404138828030e+01 1.493022523609807628e+01 1.535960153749170054e+01 1.577690809762471602e+01 1.618322995319844537e+01 1.657926129877595400e+01 1.696524765938594470e+01 1.734108419284939373e+01 1.770686208928660932e+01 1.806288655332483728e+01 1.840920765788392544e+01 1.874502057201849325e+01 1.906812183269749639e+01 1.937518568478763115e+01 1.966487776954732070e+01 1.993987795292366627e+01 2.021717372673500179e+01 2.058870842833385595e+01 2.095546154587066567e+01 2.125525278151809871e+01 2.149751098867102428e+01 2.170959586803921582e+01 2.183725175376304861e+01 1.000000000000000020e+30 1.000000000000000020e+30 1.000000000000000020e+30 1.000000000000000020e+30 1.000000000000000020e+30 1.000000000000000020e+30 1.000000000000000020e+30 1.000000000000000020e+30 1.000000000000000020e+30 1.000000000000000020e+30 1.000000000000000020e+30 1.000000000000000020e+30 1.000000000000000020e+30 1.000000000000000020e+30 1.000000000000000020e+30 1.000000000000000020e+30 1.000000000000000020e+30 1.000000000000000020e+30 1.000000000000000020e+30
1.091385556763378517e+01 1.094176059227882902e+01 1.099663910235814157e+01 1.107761011606771717e+01 1.118429838425540801e+01 1.131690733233884671e+01 1.147622078629935238e+01 1.166358723840250633e+01 1.188093099008793985e+01 1.213078478313494735e+01 1.241636461354095822e+01 1.274172280834670623e+01 1.311209992560278970e+01 1.353482338909978111e+01 1.402205740915196941e+01 1.450765482437297926e+01 1.498190843079197521e+01 1.544463576841089569e+01 1.589672078785962483e+01 1.633888006056602649e+01 1.677175118192328540e+01 1.719534787306135470e+01 1.760882446164329451e+01 1.801235129123742951e+01 1.840709845660680344e+01 1.879412367814524742e+01 1.917321751034832999e+01 1.954116174983159482e+01 1.988996470424206109e+01 2.021611766635731300e+01 2.051525295118079839e+01 2.089879268935107604e+01 2.131146965876876465e+01 2.167471761431355759e+01 2.198725212598828804e+01 2.224757055336850442e+01 2.239485018914336933e+01 2.222749628427860813e+01 1.000000000000000020e+30 1.000000000000000020e+30 1.000000000000000020e+30 1.000000000000000020e+30 1.000000000000000020e+30 1.000000000000000020e+30 1.000000000000000020e+30 1.000000000000000020e+30 1.000000000000000020e+30 1.000000000000000020e+30 1.000000000000000020e+30 1.000000000000000020e+30 1.000000000000000020e+30 1.000000000000000020e+30 1.000000000000000020e+30 1.000000000000000020e+30 1.000000000000000020e+30 1.000000000000000020e+30 1.000000000000000020e+30
1.090049410246427719e+01 1.092755049293403324e+01 1.098119043661485428e+01 1.106091528883471753e+01 1.116657463532967931e+01 1.129851612056204502e+01 1.145765206027534155e+01 1.164546487426061638e+01 1.186400148672204580e+01 1.211586031374718075e+01 1.240419537532741856e+01 1.273276042543629671e+01 1.310599637675421469e+01 1.352894431480218884e+01 1.400584376510039775e+01 1.453140320705413835e+01 1.504022961440305828e+01 1.553847461017235965e+01 1.602760065231350950e+01 1.650787225966034910e+01 1.698041965704086209e+01 1.744526055103709794e+01 1.789892766090957110e+01 1.834168808443958554e+01 1.877669674355707485e+01 1.920718059887427032e+01 1.963526529017154232e+01 2.005846067736323945e+01 2.045479957175512453e+01 2.082391888031014560e+01 2.118108071792938674e+01 2.160289731754861364e+01 2.200651300053451109e+01 2.238030210928116759e+01 2.272538367110389501e+01 2.300075367186593311e+01 2.315036839178220873e+01 1.000000000000000020e+30 1.000000000000000020e+30 1.000000000000000020e+30 1.000000000000000020e+30 1.000000000000000020e+30 1.000000000000000020e+30 1.000000000000000020e+30 1.000000000000000020e+30 1.000000000000000020e+30 1.000000000000000020e+30 1.000000000000000020e+30 1.000000000000000020e+30 1.000000000000000020e+30 1.000000000000000020e+30 1.000000000000000020e+30 1.000000000000000020e+30 1.000000000000000020e+30 1.000000000000000020e+30 1.000000000000000020e+30 1.000000000000000020e+30
1.090093277768428059e+01 1.092797085412971470e+01 1.098157752369191975e+01 1.106127349427667816e+01 1.116695783959251287e+01 1.129906837698849031e+01 1.145865100481699272e+01 1.164735311906171589e+01 1.186738334355619706e+01 1.212143538070249882e+01 1.241259784954783640e+01 1.274428799668816836e+01 1.312029309771437013e+01 1.354483683675343109e+01 1.402302008912757536e+01 1.456403118311978773e+01 1.510463558676409157e+01 1.564022137834419190e+01 1.616934801772953634e+01 1.668976615077608372e+01 1.720508444122986091e+01 1.771769734729887702e+01 1.821427389380991002e+01 1.869602647738901524e+01 1.917093154567447399e+01 1.964557969843312790e+01 2.012795949723966515e+01 2.063295379601312973e+01 2.108666453006450325e+01 2.149729457456840009e+01 2.185249676801809926e+01 2.225748108762664756e+01 2.266628498850593942e+01 2.305070582318227679e+01 2.345125854486072825e+01 2.372504991966197707e+01 2.388854053509639996e+01 1.000000000000000020e+30 1.000000000000000020e+30 1.000000000000000020e+30 1.000000000000000020e+30 1.000000000000000020e+30 1.000000000000000020e+30 1.000000000000000020e+30 1.000000000000000020e+30 1.000000000000000020e+30 1.000000000000000020e+30 1.000000000000000020e+30 1.000000000000000020e+30 1.000000000000000020e+30 1.000000000000000020e+30 1.000000000000000020e+30 1.000000000000000020e+30 1.000000000000000020e+30 1.000000000000000020e+30 1.000000000000000020e+30 1.000000000000000020e+30
1.091520028487537708e+01 1.094304686394314174e+01 1.099780593229817605e+01 1.107864067353943227e+01 1.118531429727100068e+01 1.131829930683963958e+01 1.147879398652612970e+01 1.166867861403469320e+01 1.189042786316255729e+01 1.214695591992964374e+01 1.244139216825623429e+01 1.277682096285168178e+01 1.315635986643295752e+01 1.358303066783654423e+01 1.405965332213090235e+01 1.458943504911993294e+01 1.516999668711851257e+01 1.574789665403015881e+01 1.632276203506116730e+01 1.688314790947863031e+01 1.744223762407411016e+01 1.802240752403875490e+01 1.857015359539164834e+01 1.908878455141922359e+01 1.960324714762633036e+01 2.012082266323351831e+01 2.065127343265471893e+01 2.118182612240239138e+01 2.168637397429472813e+01 2.214814887819785483e+01 2.254090113317494470e+01 2.296163960030368756e+01 2.339025802852643920e+01 2.373053779388777329e+01 2.412155729512202740e+01 2.441418470626457449e+01 2.468467289962580224e+01 2.509491723772843486e+01 1.000000000000000020e+30 1.000000000000000020e+30 1.000000000000000020e+30 1.000000000000000020e+30 1.000000000000000020e+30 1.000000000000000020e+30 1.000000000000000020e+30 1.000000000000000020e+30 1.000000000000000020e+30 1.000000000000000020e+30 1.000000000000000020e+30 1.000000000000000020e+30 1.000000000000000020e+30 1.000000000000000020e+30 1.000000000000000020e+30 1.000000000000000020e+30 1.000000000000000020e+30 1.000000000000000020e+30 1.000000000000000020e+30
1.094268242323076379e+01 1.097263978935805362e+01 1.103010995851373188e+01 1.111340250411874919e+01 1.122200839446195531e+01 1.135643286102834004e+01 1.151808446921888063e+01 1.170919467118221746e+01 1.193269080471227461e+01 1.219196991815396203e+01 1.249050289898083399e+01 1.283100354349128480e+01 1.321609002582695069e+01 1.364772855792010198e+01 1.412590670882584654e+01 1.465386699730512987e+01 1.523439677246743784e+01 1.585879707812181039e+01 1.650279244483105145e+01 1.709929910305802991e+01 1.769665661233607423e+01 1.829552504726759921e+01 1.889588890564298040e+01 1.941890504167792386e+01 1.996716679704679009e+01 2.051901043241416644e+01 2.110904690486650281e+01 2.168145745617509945e+01 2.224264361330744322e+01 2.276797858095229898e+01 2.324206105253327692e+01 2.367331766229070666e+01 2.404931462657576091e+01 2.436487233192856650e+01 2.473881883797503889e+01 2.501988069611827470e+01 2.523543588621855704e+01 2.539952537482406925e+01 1.000000000000000020e+30 1.000000000000000020e+30 1.000000000000000020e+30 1.000000000000000020e+30 1.000000000000000020e+30 1.000000000000000020e+30 1.000000000000000020e+30 1.000000000000000020e+30 1.000000000000000020e+30 1.000000000000000020e+30 1.000000000000000020e+30 1.000000000000000020e+30 1.000000000000000020e+30 1.000000000000000020e+30 1.000000000000000020e+30 1.000000000000000020e+30 1.000000000000000020e+30 1.000000000000000020e+30 1.000000000000000020e+30
1.098163839106183204e+01 1.101654753266076625e+01 1.107917739344017072e+01 1.116655218948625006e+01 1.127802661082614755e+01 1.141426487085479025e+01 1.157698293487432828e+01 1.176892556458520112e+01 1.199373678862294312e+01 1.225573707310184446e+01 1.255961499060241238e+01 1.290708786540731268e+01 1.330086543739757587e+01 1.374321118329556413e+01 1.422604661050706376e+01 1.475640342507104563e+01 1.535709758661856839e+01 1.599177126813724747e+01 1.668199796516666567e+01 1.739210097380180642e+01 1.804817851319090138e+01 1.868055676171375623e+01 1.924560777001175182e+01 1.981869696584949736e+01 2.042570083200123321e+01 2.097284141923446654e+01 2.149247343545204458e+01 2.208757904181080889e+01 2.272494758110147117e+01 2.332092315907864943e+01 2.385220280110090485e+01 2.430298676288003534e+01 2.465047565666274210e+01 2.499290641875879615e+01 2.534338701947518402e+01 2.558547612299861740e+01 2.573200661277158829e+01 2.576255792797593003e+01 1.000000000000000020e+30 1.000000000000000020e+30 1.000000000000000020e+30 1.000000000000000020e+30 1.000000000000000020e+30 1.000000000000000020e+30 1.000000000000000020e+30 1.000000000000000020e+30 1.000000000000000020e+30 1.000000000000000020e+30 1.000000000000000020e+30 1.000000000000000020e+30 1.000000000000000020e+30 1.000000000000000020e+30 1.000000000000000020e+30 1.000000000000000020e+30 1.000000000000000020e+30 1.000000000000000020e+30 1.000000000000000020e+30
1.102763880982371880e+01 1.107515072486383900e+01 1.114674320144061959e+01 1.124001577226383120e+01 1.135517456445384710e+01 1.149331850025893154e+01 1.165651432770860829e+01 1.184819058694814764e+01 1.207297894341639832e+01 1.233648884988639338e+01 1.264802771542802162e+01 1.300437479418094888e+01 1.340980579489945335e+01 1.387686289829416886e+01 1.437075938007282616e+01 1.491634370304923429e+01 1.552519050692022518e+01 1.619152410402206144e+01 1.698054587498045365e+01 1.772431176506173145e+01 1.842932596560341452e+01 1.917483011604023702e+01 1.984932949670833935e+01 2.045609494487504421e+01 2.102022822780303102e+01 2.153429215015582088e+01 2.207773426218458823e+01 2.263322410091211978e+01 2.318326965012356311e+01 2.385844706605310250e+01 2.444220829099876013e+01 2.492423375428251120e+01 2.531545085869789702e+01 2.567390736390774819e+01 2.595071706458171334e+01 2.614097227458682227e+01 2.623885544390406110e+01 2.622219250072558694e+01 1.000000000000000020e+30 1.000000000000000020e+30 1.000000000000000020e+30 1.000000000000000020e+30 1.000000000000000020e+30 1.000000000000000020e+30 1.000000000000000020e+30 1.000000000000000020e+30 1.000000000000000020e+30 1.000000000000000020e+30 1.000000000000000020e+30 1.000000000000000020e+30 1.000000000000000020e+30 1.000000000000000020e+30 1.000000000000000020e+30 1.000000000000000020e+30 1.000000000000000020e+30 1.000000000000000020e+30 1.000000000000000020e+30
1.106869657010130048e+01 1.115287347027734910e+01 1.123677601727126962e+01 1.133698920217189432e+01 1.145626301282892356e+01 1.159608046424118122e+01 1.175849030289861474e+01 1.194780916637158441e+01 1.216994690857515238e+01 1.242915585483990171e+01 1.276109100508603689e+01 1.313301946168753886e+01 1.355081036261319838e+01 1.402313827005702862e+01 1.455311180902029733e+01 1.514895946852097097e+01 1.583165201023742696e+01 1.653750842660686260e+01 1.749173706845176923e+01 1.835158180194330768e+01 1.936930767368045991e+01 2.083345785172028641e+01 2.160670189428832799e+01 2.216639353329223638e+01 2.257312056410145829e+01 2.268918174520213427e+01 2.313998319931225467e+01 2.377816651940682036e+01 2.478609794534272837e+01 2.490331842261791095e+01 2.532141583271955909e+01 2.573412502176947214e+01 2.606935086582571159e+01 2.633089375139932997e+01 2.653891762779482022e+01 2.668313168569080673e+01 2.675450531301443391e+01 2.673423733537163471e+01 1.000000000000000020e+30 1.000000000000000020e+30 1.000000000000000020e+30 1.000000000000000020e+30 1.000000000000000020e+30 1.000000000000000020e+30 1.000000000000000020e+30 1.000000000000000020e+30 1.000000000000000020e+30 1.000000000000000020e+30 1.000000000000000020e+30 1.000000000000000020e+30 1.000000000000000020e+30 1.000000000000000020e+30 1.000000000000000020e+30 1.000000000000000020e+30 1.000000000000000020e+30 1.000000000000000020e+30 1.000000000000000020e+30
1.000000000000000020e+30 1.127511069765192353e+01 1.135585245927642539e+01 1.146158568761764052e+01 1.158508438099349647e+01 1.172638455979485705e+01 1.188584764822164352e+01 1.206940733650279896e+01 1.229148232053882950e+01 1.254365854821986659e+01 1.287974309319951161e+01 1.328211917187208257e+01 1.373308842953230702e+01 1.424611392478612792e+01 1.488920196713783106e+01 1.570188317048539872e+01 1.651230186288509927e+01 2.004784920954524452e+01 1.889332004718244917e+01 1.924693994410090525e+01 1.000000000000000020e+30 2.279070867559174829e+01 2.318461849952730347e+01 2.359307652113155385e+01 2.386481342925797122e+01 1.000000000000000020e+30 1.000000000000000020e+30 1.000000000000000020e+30 2.710017279834272586e+01 2.665684178218545242e+01 2.627565260251368429e+01 2.653793096990930422e+01 2.675569631635113055e+01 2.693567722957768851e+01 2.708518959155627570e+01 2.719237053323289288e+01 2.725600590187140071e+01 2.729845480749795783e+01 2.742666190136219484e+01 1.000000000000000020e+30 1.000000000000000020e+30 1.000000000000000020e+30 1.000000000000000020e+30 1.000000000000000020e+30 1.000000000000000020e+30 1.000000000000000020e+30 1.000000000000000020e+30 1.000000000000000020e+30 1.000000000000000020e+30 1.000000000000000020e+30 1.000000000000000020e+30 1.000000000000000020e+30 1.000000000000000020e+30 1.000000000000000020e+30 1.000000000000000020e+30 1.000000000000000020e+30 1.000000000000000020e+30
1.000000000000000020e+30 1.136247754428562295e+01 1.149688229588867117e+01 1.161676340200219748e+01 1.174610128372699158e+01 1.189040107963133508e+01 1.204310057426963532e+01 1.222451861921606842e+01 1.242481543292402435e+01 1.268500641021615039e+01 1.312356941811809286e+01 1.364226986956605003e+01 1.429994092467187272e+01 1.514987533863086888e+01 1.852045957617572824e+01 1.713716932900725709e+01 1.749308151624597585e+01 1.000000000000000020e+30 1.000000000000000020e+30 1.000000000000000020e+30 1.000000000000000020e+30 1.000000000000000020e+30 1.000000000000000020e+30 1.000000000000000020e+30 1.000000000000000020e+30 1.000000000000000020e+30 1.000000000000000020e+30 1.000000000000000020e+30 2.841693266543678220e+01 2.816976601495853672e+01 2.779976917221822319e+01 2.726874735211149314e+01 2.734481241249753225e+01 2.746514598781079641e+01 2.756800117473888179e+01 2.763934462873966069e+01 2.767285557995180767e+01 2.767104681265756838e+01 2.763185782975253346e+01 1.000000000000000020e+30 1.000000000000000020e+30 1.000000000000000020e+30 1.000000000000000020e+30 1.000000000000000020e+30 1.000000000000000020e+30 1.000000000000000020e+30 1.000000000000000020e+30 1.000000000000000020e+30 1.000000000000000020e+30 1.000000000000000020e+30 1.000000000000000020e+30 1.000000000000000020e+30 1.000000000000000020e+30 1.000000000000000020e+30 1.000000000000000020e+30 1.000000000000000020e+30 1.000000000000000020e+30
1.000000000000000020e+30 1.000000000000000020e+30 1.170126385453364470e+01 1.181290598738237030e+01 1.194429507108101163e+01 1.210235983690420447e+01 1.225165850756514985e+01 1.242200471187763711e+01 1.264598600256868544e+01 1.315495358897940825e+01 1.391798828280632705e+01 1.442566932059326845e+01 1.000000000000000020e+30 1.000000000000000020e+30 1.000000000000000020e+30 1.000000000000000020e+30 1.000000000000000020e+30 1.000000000000000020e+30 1.000000000000000020e+30 1.000000000000000020e+30 1.000000000000000020e+30 1.000000000000000020e+30 1.000000000000000020e+30 1.000000000000000020e+30 1.000000000000000020e+30 1.000000000000000020e+30 1.000000000000000020e+30 1.000000000000000020e+30 1.000000000000000020e+30 1.000000000000000020e+30 2.852665534099672229e+01 2.790773727949351724e+01 2.783249766274212789e+01 2.790285282199113226e+01 2.797648243522927558e+01 2.801829745558033480e+01 2.801915501846597323e+01 2.797512279712634253e+01 2.787620002362234928e+01 1.000000000000000020e+30 1.000000000000000020e+30 1.000000000000000020e+30 1.000000000000000020e+30 1.000000000000000020e+30 1.000000000000000020e+30 1.000000000000000020e+30 1.000000000000000020e+30 1.000000000000000020e+30 1.000000000000000020e+30 1.000000000000000020e+30 1.000000000000000020e+30 1.000000000000000020e+30 1.000000000000000020e+30 1.000000000000000020e+30 1.000000000000000020e+30 1.000000000000000020e+30 1.000000000000000020e+30
1.000000000000000020e+30 1.000000000000000020e+30 1.184555672605106835e+01 1.204950030584613252e+01 1.219867136287061449e+01 1.235641810340394997e+01 1.253034325853188591e+01 1.277922211960938093e+01 1.367394308204927000e+01 1.411493561959216159e+01 1.000000000000000020e+30 1.000000000000000020e+30 1.000000000000000020e+30 1.000000000000000020e+30 1.000000000000000020e+30 1.000000000000000020e+30 1.000000000000000020e+30 1.000000000000000020e+30 1.000000000000000020e+30 1.000000000000000020e+30 1.000000000000000020e+30 1.000000000000000020e+30 1.000000000000000020e+30 1.000000000000000020e+30 1.000000000000000020e+30 1.000000000000000020e+30 1.000000000000000020e+30 1.000000000000000020e+30 1.000000000000000020e+30 1.000000000000000020e+30 1.000000000000000020e+30 2.858375868576193568e+01 2.828630205194842162e+01 2.827423818181263115e+01 2.831089052056071509e+01 2.833231353449549417e+01 2.830443656548093756e+01 2.822816276744140751e+01 2.810156047069678209e+01 1.000000000000000020e+30 1.000000000000000020e+30 1.000000000000000020e+30 1.000000000000000020e+30 1.000000000000000020e+30 1.000000000000000020e+30 1.000000000000000020e+30 1.000000000000000020e+30 1.000000000000000020e+30 1.000000000000000020e+30 1.000000000000000020e+30 1.000000000000000020e+30 1.000000000000000020e+30 1.000000000000000020e+30 1.000000000000000020e+30 1.000000000000000020e+30 1.000000000000000020e+30 1.000000000000000020e+30
1.000000000000000020e+30 1.000000000000000020e+30 1.000000000000000020e+30 1.238185721326331468e+01 1.252816750372759280e+01 1.274957211073271424e+01 1.310542672494093708e+01 1.399940435888145096e+01 1.464708159553171463e+01 1.000000000000000020e+30 1.000000000000000020e+30 1.000000000000000020e+30 1.000000000000000020e+30 1.000000000000000020e+30 1.000000000000000020e+30 1.000000000000000020e+30 1.000000000000000020e+30 1.000000000000000020e+30 1.000000000000000020e+30 1.000000000000000020e+30 1.000000000000000020e+30 1.000000000000000020e+30 1.000000000000000020e+30 1.000000000000000020e+30 1.000000000000000020e+30 1.000000000000000020e+30 1.000000000000000020e+30 1.000000000000000020e+30 1.000000000000000020e+30 1.000000000000000020e+30 1.000000000000000020e+30 1.000000000000000020e+30 2.895768810833583018e+01 2.868510695936587496e+01 2.860864509982917880e+01 2.858971237853196357e+01 2.853218380249690611e+01 2.842558313374678391e+01 2.828174163902669846e+01 1.000000000000000020e+30 1.000000000000000020e+30 1.000000000000000020e+30 1.000000000000000020e+30 1.000000000000000020e+30 1.000000000000000020e+30 1.000000000000000020e+30 1.000000000000000020e+30 1.000000000000000020e+30 1.000000000000000020e+30 1.000000000000000020e+30 1.000000000000000020e+30 1.000000000000000020e+30 1.000000000000000020e+30 1.000000000000000020e+30 1.000000000000000020e+30 1.000000000000000020e+30 1.000000000000000020e+30
1.000000000000000020e+30 1.000000000000000020e+30 1.000000000000000020e+30 1.264448107562307833e+01 1.300712409420570737e+01 1.396178820685722854e+01 1.472780807688704563e+01 1.514500918400813489e+01 1.000000000000000020e+30 1.000000000000000020e+30 1.000000000000000020e+30 1.000000000000000020e+30 1.000000000000000020e+30 1.000000000000000020e+30 1.000000000000000020e+30 1.000000000000000020e+30 1.000000000000000020e+30 1.000000000000000020e+30 1.000000000000000020e+30 1.000000000000000020e+30 1.000000000000000020e+30 1.000000000000000020e+30 1.000000000000000020e+30 1.000000000000000020e+30 1.000000000000000020e+30 1.000000000000000020e+30 1.000000000000000020e+30 1.000000000000000020e+30 1.000000000000000020e+30 1.000000000000000020e+30 1.000000000000000020e+30 1.000000000000000020e+30 1.000000000000000020e+30 2.934614909593146947e+01 2.901580080129021866e+01 2.880188283907658686e+01 2.870307005027152414e+01 2.855429420946491348e+01 2.840069101869594448e+01 1.000000000000000020e+30 1.000000000000000020e+30 1.000000000000000020e+30 1.000000000000000020e+30 1.000000000000000020e+30 1.000000000000000020e+30 1.000000000000000020e+30 1.000000000000000020e+30 1.000000000000000020e+30 1.000000000000000020e+30 1.000000000000000020e+30 1.000000000000000020e+30 1.000000000000000020e+30 1.000000000000000020e+30 1.000000000000000020e+30 1.000000000000000020e+30 1.000000000000000020e+30 1.000000000000000020e+30
1.000000000000000020e+30 1.000000000000000020e+30 1.000000000000000020e+30 1.000000000000000020e+30 1.680763442007305386e+01 1.590601562157795712e+01 1.609831319204783995e+01 1.000000000000000020e+30 1.000000000000000020e+30 1.000000000000000020e+30 1.000000000000000020e+30 1.000000000000000020e+30 1.000000000000000020e+30 1.000000000000000020e+30 1.000000000000000020e+30 1.000000000000000020e+30 1.000000000000000020e+30 1.000000000000000020e+30 1.000000000000000020e+30 1.000000000000000020e+30 1.000000000000000020e+30 1.000000000000000020e+30 1.000000000000000020e+30 1.000000000000000020e+30 1.000000000000000020e+30 1.000000000000000020e+30 1.000000000000000020e+30 1.000000000000000020e+30 1.000000000000000020e+30 1.000000000000000020e+30 1.000000000000000020e+30 1.000000000000000020e+30 1.000000000000000020e+30 1.000000000000000020e+30 2.946746045997468855e+01 2.896566461743599064e+01 2.882650480012673100e+01 2.858187990388704236e+01 2.844942950181035357e+01 1.000000000000000020e+30 1.000000000000000020e+30 1.000000000000000020e+30 1.000000000000000020e+30 1.000000000000000020e+30 1.000000000000000020e+30 1.000000000000000020e+30 1.000000000000000020e+30 1.000000000000000020e+30 1.000000000000000020e+30 1.000000000000000020e+30 1.000000000000000020e+30 1.000000000000000020e+30 1.000000000000000020e+30 1.000000000000000020e+30 1.000000000000000020e+30 1.000000000000000020e+30 1.000000000000000020e+30
1.000000000000000020e+30 1.000000000000000020e+30 1.000000000000000020e+30 1.000000000000000020e+30 1.967277379566337814e+01 1.000000000000000020e+30 1.000000000000000020e+30 1.000000000000000020e+30 1.000000000000000020e+30 1.000000000000000020e+30 1.000000000000000020e+30 1.000000000000000020e+30 1.000000000000000020e+30 1.000000000000000020e+30 1.000000000000000020e+30 1.000000000000000020e+30 1.000000000000000020e+30 1.000000000000000020e+30 1.000000000000000020e+30 1.000000000000000020e+30 1.000000000000000020e+30 1.000000000000000020e+30 1.000000000000000020e+30 1.000000000000000020e+30 1.000000000000000020e+30 1.000000000000000020e+30 1.000000000000000020e+30 1.000000000000000020e+30 1.000000000000000020e+30 1.000000000000000020e+30 1.000000000000000020e+30 1.000000000000000020e+30 1.000000000000000020e+30 1.000000000000000020e+30 1.000000000000000020e+30 2.906969286965647115e+01 2.898463485856277089e+01 1.000000000000000020e+30 1.000000000000000020e+30 1.000000000000000020e+30 1.000000000000000020e+30 1.000000000000000020e+30 1.000000000000000020e+30 1.000000000000000020e+30 1.000000000000000020e+30 1.000000000000000020e+30 1.000000000000000020e+30 1.000000000000000020e+30 1.000000000000000020e+30 1.000000000000000020e+30 1.000000000000000020e+30 1.000000000000000020e+30 1.000000000000000020e+30 1.000000000000000020e+30 1.000000000000000020e+30 1.000000000000000020e+30 1.000000000000000020e+30
