1.000000000000000020e+30 1.000000000000000020e+30 1.000000000000000020e+30 1.000000000000000020e+30 1.000000000000000020e+30 1.000000000000000020e+30 1.000000000000000020e+30 1.000000000000000020e+30 1.000000000000000020e+30 1.000000000000000020e+30 1.000000000000000020e+30 1.000000000000000020e+30 1.000000000000000020e+30 1.000000000000000020e+30 1.000000000000000020e+30 1.000000000000000020e+30 1.000000000000000020e+30 1.000000000000000020e+30 1.000000000000000020e+30 1.000000000000000020e+30 1.000000000000000020e+30 1.000000000000000020e+30 1.000000000000000020e+30 1.000000000000000020e+30 1.000000000000000020e+30 1.000000000000000020e+30 1.000000000000000020e+30 1.000000000000000020e+30 1.000000000000000020e+30 1.000000000000000020e+30 1.000000000000000020e+30 1.000000000000000020e+30 1.000000000000000020e+30 1.000000000000000020e+30 1.000000000000000020e+30 1.000000000000000020e+30 1.000000000000000020e+30 1.000000000000000020e+30 1.000000000000000020e+30 1.000000000000000020e+30 1.000000000000000020e+30 1.000000000000000020e+30 1.000000000000000020e+30 1.000000000000000020e+30 1.000000000000000020e+30 1.000000000000000020e+30 1.000000000000000020e+30 1.000000000000000020e+30 1.000000000000000020e+30 1.000000000000000020e+30 1.000000000000000020e+30 1.000000000000000020e+30 1.000000000000000020e+30 1.000000000000000020e+30 1.000000000000000020e+30 1.000000000000000020e+30 1.000000000000000020e+30
1.000000000000000020e+30 1.000000000000000020e+30 1.000000000000000020e+30 1.000000000000000020e+30 1.000000000000000020e+30 1.000000000000000020e+30 1.000000000000000020e+30 1.000000000000000020e+30 1.000000000000000020e+30 1.000000000000000020e+30 1.000000000000000020e+30 1.000000000000000020e+30 1.000000000000000020e+30 1.000000000000000020e+30 1.000000000000000020e+30 1.000000000000000020e+30 1.000000000000000020e+30 1.000000000000000020e+30 1.000000000000000020e+30 1.000000000000000020e+30 1.000000000000000020e+30 1.000000000000000020e+30 1.000000000000000020e+30 1.000000000000000020e+30 1.000000000000000020e+30 1.000000000000000020e+30 1.000000000000000020e+30 1.581600574964804551e+01 1.582428725937191771e+01 1.583436134250887406e+01 1.584391556562455250e+01 1.585195542234270505e+01 1.585801787141939201e+01 1.586187132811854816e+01 1.586342104964442079e+01 1.586266946291574698e+01 1.585969845363794661e+01 1.585466391489318916e+01 1.584780123578379651e+01 1.583944906820945597e+01 1.583012032211816411e+01 1.582071961426862217e+01 1.581324137169623611e+01 1.000000000000000020e+30 1.000000000000000020e+30 1.000000000000000020e+30 1.000000000000000020e+30 1.000000000000000020e+30 1.000000000000000020e+30 1.000000000000000020e+30 1.000000000000000020e+30 1.000000000000000020e+30 1.000000000000000020e+30 1.000000000000000020e+30 1.000000000000000020e+30 1.000000000000000020e+30 1.000000000000000020e+30
1.000000000000000020e+30 1.000000000000000020e+30 1.000000000000000020e+30 1.000000000000000020e+30 1.000000000000000020e+30 1.000000000000000020e+30 1.000000000000000020e+30 1.000000000000000020e+30 1.000000000000000020e+30 1.000000000000000020e+30 1.000000000000000020e+30 1.000000000000000020e+30 1.000000000000000020e+30 1.000000000000000020e+30 1.000000000000000020e+30 1.000000000000000020e+30 1.000000000000000020e+30 1.000000000000000020e+30 1.000000000000000020e+30 1.000000000000000020e+30 1.000000000000000020e+30 1.000000000000000020e+30 1.000000000000000020e+30 1.000000000000000020e+30 1.575134718485321805e+01 1.576614740161085138e+01 1.578569947093290082e+01 1.580707238897334044e+01 1.582189365806967452e+01 1.583434157673801757e+01 1.584492456951408634e+01 1.585347965692584360e+01 1.585980765330717723e+01 1.586377561725226037e+01 1.586532944299833048e+01 1.586448870458259641e+01 1.586134042567398517e+01 1.585603542856232373e+01 1.584878656478799286e+01 1.583986363913949447e+01 1.582956580612536257e+01 1.581810663375373593e+01 1.580504359774637635e+01 1.578654492280537980e+01 1.576933549187249284e+01 1.575349025789731527e+01 1.573990405484780553e+01 1.573061420814740075e+01 1.000000000000000020e+30 1.000000000000000020e+30 1.000000000000000020e+30 1.000000000000000020e+30 1.000000000000000020e+30 1.000000000000000020e+30 1.000000000000000020e+30 1.000000000000000020e+30 1.000000000000000020e+30
1.000000000000000020e+30 1.000000000000000020e+30 1.000000000000000020e+30 1.000000000000000020e+30 1.000000000000000020e+30 1.000000000000000020e+30 1.000000000000000020e+30 1.000000000000000020e+30 1.000000000000000020e+30 1.000000000000000020e+30 1.000000000000000020e+30 1.000000000000000020e+30 1.000000000000000020e+30 1.000000000000000020e+30 1.000000000000000020e+30 1.000000000000000020e+30 1.000000000000000020e+30 1.000000000000000020e+30 1.000000000000000020e+30 1.000000000000000020e+30 1.000000000000000020e+30 1.565017443388239826e+01 1.567165415411734841e+01 1.570126573498180100e+01 1.573549357734634135e+01 1.576043452074088513e+01 1.578303920921200643e+01 1.580391662236088557e+01 1.582120418679898322e+01 1.583559307623010604e+01 1.584742567080964015e+01 1.585674808827841886e+01 1.586351106832815461e+01 1.586766813420414479e+01 1.586921177802234340e+01 1.586818572170325758e+01 1.586468764325123360e+01 1.585886754930690756e+01 1.585092135221106169e+01 1.584107155172843484e+01 1.582952572378668421e+01 1.581638515681930812e+01 1.580147509652608839e+01 1.578434141987274586e+01 1.576694855937625306e+01 1.575010269353787429e+01 1.573438297482769421e+01 1.572005982677599789e+01 1.570565138070580247e+01 1.000000000000000020e+30 1.000000000000000020e+30 1.000000000000000020e+30 1.000000000000000020e+30 1.000000000000000020e+30 1.000000000000000020e+30 1.000000000000000020e+30 1.000000000000000020e+30
1.000000000000000020e+30 1.000000000000000020e+30 1.000000000000000020e+30 1.000000000000000020e+30 1.000000000000000020e+30 1.000000000000000020e+30 1.000000000000000020e+30 1.000000000000000020e+30 1.000000000000000020e+30 1.000000000000000020e+30 1.000000000000000020e+30 1.000000000000000020e+30 1.000000000000000020e+30 1.000000000000000020e+30 1.000000000000000020e+30 1.000000000000000020e+30 1.000000000000000020e+30 1.000000000000000020e+30 1.551674206247891696e+01 1.554287002541838980e+01 1.558079028845126679e+01 1.562700584866583498e+01 1.566196870618287562e+01 1.569528202635736314e+01 1.572770879378455611e+01 1.575601127653260392e+01 1.578119470000322444e+01 1.580356930801172588e+01 1.582274243698445737e+01 1.583881825747689831e+01 1.585192801547843899e+01 1.586212249206776015e+01 1.586940630758201287e+01 1.587378184039149609e+01 1.587527661356898001e+01 1.587395732506807988e+01 1.586993569501910351e+01 1.586336843701992372e+01 1.585445046301115646e+01 1.584339738447464718e+01 1.583041754303416582e+01 1.581567663611958352e+01 1.579928563187203672e+01 1.578144471293121676e+01 1.576296508949313413e+01 1.574443854926181352e+01 1.572620011209098756e+01 1.570821399063963852e+01 1.568981468436637172e+01 1.567042665364255072e+01 1.000000000000000020e+30 1.000000000000000020e+30 1.000000000000000020e+30 1.000000000000000020e+30 1.000000000000000020e+30 1.000000000000000020e+30 1.000000000000000020e+30
1.000000000000000020e+30 1.000000000000000020e+30 1.000000000000000020e+30 1.000000000000000020e+30 1.000000000000000020e+30 1.000000000000000020e+30 1.000000000000000020e+30 1.000000000000000020e+30 1.000000000000000020e+30 1.000000000000000020e+30 1.000000000000000020e+30 1.000000000000000020e+30 1.000000000000000020e+30 1.000000000000000020e+30 1.000000000000000020e+30 1.000000000000000020e+30 1.540860288710891268e+01 1.543912567885014120e+01 1.548808110370421609e+01 1.552871031029370386e+01 1.557036755709128961e+01 1.561320215795678124e+01 1.565226696310254617e+01 1.568872207764733595e+01 1.572279276658806602e+01 1.575363379989251023e+01 1.578124652044412457e+01 1.580565133893431806e+01 1.582672567645440864e+01 1.584445702028495795e+01 1.585887394081177604e+01 1.586999781384382580e+01 1.587784283143153630e+01 1.588243262644643572e+01 1.588381626345763209e+01 1.588207921171488124e+01 1.587734926925465651e+01 1.586979742758252421e+01 1.585963285796394118e+01 1.584709142966355699e+01 1.583242000695994633e+01 1.581586536838923784e+01 1.579768598082173980e+01 1.577821517801546491e+01 1.575794657347280925e+01 1.573729092848202527e+01 1.571645850315044335e+01 1.569534707792639061e+01 1.567339916148507051e+01 1.564937968210400676e+01 1.561983443946830796e+01 1.560230092606706087e+01 1.000000000000000020e+30 1.000000000000000020e+30 1.000000000000000020e+30 1.000000000000000020e+30 1.000000000000000020e+30
1.000000000000000020e+30 1.000000000000000020e+30 1.000000000000000020e+30 1.000000000000000020e+30 1.000000000000000020e+30 1.000000000000000020e+30 1.000000000000000020e+30 1.000000000000000020e+30 1.000000000000000020e+30 1.000000000000000020e+30 1.000000000000000020e+30 1.000000000000000020e+30 1.000000000000000020e+30 1.000000000000000020e+30 1.000000000000000020e+30 1.533228800349800025e+01 1.537485941595008576e+01 1.541766651371955277e+01 1.546498417876141218e+01 1.551103417436058329e+01 1.555653419061107812e+01 1.560119026660515118e+01 1.564344679966009011e+01 1.568305346426788915e+01 1.571983175444878000e+01 1.575340646134946887e+01 1.578360195700845914e+01 1.581031171858473883e+01 1.583343035548525357e+01 1.585289798475538525e+01 1.586868903895403626e+01 1.588079547518693069e+01 1.588922423807681739e+01 1.589400421956153941e+01 1.589519566260481120e+01 1.589289826823708829e+01 1.588725651277656148e+01 1.587846128542021518e+01 1.586674707525178896e+01 1.585238503629317641e+01 1.583567404267964740e+01 1.581693487412817589e+01 1.579651372552765665e+01 1.577479508532437791e+01 1.575219840899577051e+01 1.572907324401065310e+01 1.570561514303600958e+01 1.568180554626767531e+01 1.565739807783399051e+01 1.563203481510886306e+01 1.560581348366364907e+01 1.558266288782292541e+01 1.555979102814119841e+01 1.000000000000000020e+30 1.000000000000000020e+30 1.000000000000000020e+30 1.000000000000000020e+30
1.000000000000000020e+30 1.000000000000000020e+30 1.000000000000000020e+30 1.000000000000000020e+30 1.000000000000000020e+30 1.000000000000000020e+30 1.000000000000000020e+30 1.000000000000000020e+30 1.000000000000000020e+30 1.000000000000000020e+30 1.000000000000000020e+30 1.000000000000000020e+30 1.000000000000000020e+30 1.000000000000000020e+30 1.523323642937033640e+01 1.528600883469646021e+01 1.533742332933523933e+01 1.538849517610583639e+01 1.544025876755669913e+01 1.549130205547628236e+01 1.554121948247978580e+01 1.558953497137681588e+01 1.563550408422240245e+01 1.567869357171739075e+01 1.571878787885488293e+01 1.575548345136868456e+01 1.578855728890995636e+01 1.581784359194882050e+01 1.584320953998339299e+01 1.586455896738963922e+01 1.588182887550152422e+01 1.589498419806304952e+01 1.590401754496393671e+01 1.590895379070145843e+01 1.590985688549484678e+01 1.590683661301108920e+01 1.590005378270375225e+01 1.588972277148202750e+01 1.587611068842120332e+01 1.585953329344514984e+01 1.584034884721601877e+01 1.581895188542533859e+01 1.579576810066443571e+01 1.577124506658919678e+01 1.574582474933259313e+01 1.571988298323891975e+01 1.569366421173257642e+01 1.566725148810919244e+01 1.564059185025243259e+01 1.561363260534138320e+01 1.558662255319776513e+01 1.556048262763880174e+01 1.553453673064572982e+01 1.550808812412014959e+01 1.000000000000000020e+30 1.000000000000000020e+30 1.000000000000000020e+30
1.000000000000000020e+30 1.000000000000000020e+30 1.000000000000000020e+30 1.000000000000000020e+30 1.000000000000000020e+30 1.000000000000000020e+30 1.000000000000000020e+30 1.000000000000000020e+30 1.000000000000000020e+30 1.000000000000000020e+30 1.000000000000000020e+30 1.000000000000000020e+30 1.000000000000000020e+30 1.511332359588495677e+01 1.517612279478647785e+01 1.523706020220631174e+01 1.529661388466349514e+01 1.535525225604981259e+01 1.541320025092697854e+01 1.546996048156648662e+01 1.552508875654083376e+01 1.557811675047095434e+01 1.562852440138424193e+01 1.567588597702171072e+01 1.571985278936540986e+01 1.576012273708347600e+01 1.579644759631725393e+01 1.582862567086457162e+01 1.585649240993421927e+01 1.587991840191586235e+01 1.589880810553946233e+01 1.591309941576042597e+01 1.592276588601439968e+01 1.592782172642498040e+01 1.592832845343093950e+01 1.592440180229563929e+01 1.591621764033291520e+01 1.590401580177275243e+01 1.588810106046383197e+01 1.586884102630506987e+01 1.584666137880600800e+01 1.582203893645080583e+01 1.579549167286802103e+01 1.576756100249757253e+01 1.573877724141819634e+01 1.570960308219961377e+01 1.568036874146481630e+01 1.565123487098916577e+01 1.562220905189441567e+01 1.559323934628534225e+01 1.556435418609188304e+01 1.553571233942834695e+01 1.550720333400056283e+01 1.547891911386115282e+01 1.545124836392155920e+01 1.000000000000000020e+30 1.000000000000000020e+30
1.000000000000000020e+30 1.000000000000000020e+30 1.000000000000000020e+30 1.000000000000000020e+30 1.000000000000000020e+30 1.000000000000000020e+30 1.000000000000000020e+30 1.000000000000000020e+30 1.000000000000000020e+30 1.000000000000000020e+30 1.000000000000000020e+30 1.000000000000000020e+30 1.497245909994285107e+01 1.504541483870008989e+01 1.511614259689960171e+01 1.518514177463311476e+01 1.525275544473930012e+01 1.531910586106632621e+01 1.538409866726916775e+01 1.544738198534769502e+01 1.550854230556827495e+01 1.556714098634896182e+01 1.562273283113517408e+01 1.567491460120672997e+01 1.572333306552432042e+01 1.576767859772259506e+01 1.580768367412805198e+01 1.584311892705251701e+01 1.587378915250996414e+01 1.589953222639242547e+01 1.592021992352534454e+01 1.593576045952789499e+01 1.594610313079092911e+01 1.595124496002407355e+01 1.595123867706870868e+01 1.594620105220434425e+01 1.593632048161494730e+01 1.592186272453839635e+01 1.590317386125710541e+01 1.588067995901281648e+01 1.585488347812409060e+01 1.582635665654986390e+01 1.579573108485290156e+01 1.576367936362353817e+01 1.573087920386124239e+01 1.569794813617701124e+01 1.566534764030422622e+01 1.563329520305323328e+01 1.560176886110932948e+01 1.557058028912916647e+01 1.553948398587582780e+01 1.550827356718322392e+01 1.547689880392776374e+01 1.544618769257758117e+01 1.542048567082677479e+01 1.000000000000000020e+30 1.000000000000000020e+30
1.000000000000000020e+30 1.000000000000000020e+30 1.000000000000000020e+30 1.000000000000000020e+30 1.000000000000000020e+30 1.000000000000000020e+30 1.000000000000000020e+30 1.000000000000000020e+30 1.000000000000000020e+30 1.000000000000000020e+30 1.000000000000000020e+30 1.480992235003843405e+01 1.489348963281929628e+01 1.497416936968658341e+01 1.505276562422994502e+01 1.512993326134573913e+01 1.520591269294835080e+01 1.528048688227245044e+01 1.535329152186392676e+01 1.542391708068308098e+01 1.549193887137724523e+01 1.555692628023135526e+01 1.561845799676651758e+01 1.567614306085733666e+01 1.572962814029830625e+01 1.577859578964098652e+01 1.582276153335272895e+01 1.586187093907268064e+01 1.589569805401021263e+01 1.592404623686883625e+01 1.594675123810470829e+01 1.596368636063947477e+01 1.597476966909272456e+01 1.597997304476706582e+01 1.597933256549446135e+01 1.597295938689512518e+01 1.596105005320765180e+01 1.594389499744285388e+01 1.592188399711463020e+01 1.589550768832705252e+01 1.586535502777115703e+01 1.583210770200086337e+01 1.579653300013521289e+01 1.575947391451977531e+01 1.572182428212616223e+01 1.568445572224352169e+01 1.564805319177967569e+01 1.561289683824293739e+01 1.557885415039338817e+01 1.554549407515926696e+01 1.551220160729743291e+01 1.547828093234462443e+01 1.544301274183208861e+01 1.540529788297417291e+01 1.536072472939365241e+01 1.529120540470820444e+01 1.000000000000000020e+30
1.000000000000000020e+30 1.000000000000000020e+30 1.000000000000000020e+30 1.000000000000000020e+30 1.000000000000000020e+30 1.000000000000000020e+30 1.000000000000000020e+30 1.000000000000000020e+30 1.000000000000000020e+30 1.000000000000000020e+30 1.462240668235165408e+01 1.471929628289740322e+01 1.481086808100283037e+01 1.489897249694933556e+01 1.498529395611497073e+01 1.507087982056069642e+01 1.515592204156267897e+01 1.523956141526231711e+01 1.532105455007902428e+01 1.539989901081761658e+01 1.547564668539598465e+01 1.554785730211149186e+01 1.561611006199155760e+01 1.568001680566293032e+01 1.573922378714954640e+01 1.579340675490963086e+01 1.584226546449113826e+01 1.588552040654161779e+01 1.592291264282827434e+01 1.595420670625506254e+01 1.597919612535944012e+01 1.599771127221939082e+01 1.600962940906964604e+01 1.601488676124603217e+01 1.601349220518845229e+01 1.600554182414183302e+01 1.599123319979368318e+01 1.597087791206435980e+01 1.594491042248507107e+01 1.591389161215225023e+01 1.587850631976863447e+01 1.583955711162016478e+01 1.579796137481755558e+01 1.575476171366166156e+01 1.571114540335171306e+01 1.566840746412551511e+01 1.562767895139660190e+01 1.558931492559878329e+01 1.555296932571267554e+01 1.551784074810589331e+01 1.548284132324667262e+01 1.544671932975439432e+01 1.540843400530957652e+01 1.536785468518466935e+01 1.532218684362960026e+01 1.531948882707632897e+01 1.000000000000000020e+30
1.000000000000000020e+30 1.000000000000000020e+30 1.000000000000000020e+30 1.000000000000000020e+30 1.000000000000000020e+30 1.000000000000000020e+30 1.000000000000000020e+30 1.000000000000000020e+30 1.000000000000000020e+30 1.437721709232941336e+01 1.451725033599628034e+01 1.462632830909810977e+01 1.472463070898918858e+01 1.481904757124445382e+01 1.491259691300050250e+01 1.500695197571207373e+01 1.510246144271538249e+01 1.519644675612568108e+01 1.528765308572196346e+01 1.537566832842574271e+01 1.546006489560548758e+01 1.554037874835957567e+01 1.561617400499808284e+01 1.568706124196110174e+01 1.575268908491224096e+01 1.581272997112004397e+01 1.586686928979113631e+01 1.591480086579469777e+01 1.595622824579604604e+01 1.599087012501956551e+01 1.601846865148539223e+01 1.603880013994551490e+01 1.605168820536243857e+01 1.605701936036518873e+01 1.605476085796885499e+01 1.604498014018736995e+01 1.602786470695314947e+01 1.600374050122931990e+01 1.597308601357680580e+01 1.593653854739519993e+01 1.589488957317004925e+01 1.584907059984139543e+01 1.580014423917178590e+01 1.574933898090697326e+01 1.569817852416496784e+01 1.564865966120247975e+01 1.560297871276250348e+01 1.556149461715702387e+01 1.552340484674675558e+01 1.548737690551932111e+01 1.545170134904285320e+01 1.541419498392639298e+01 1.537278335924456307e+01 1.533187048007508579e+01 1.533886537421741991e+01 1.534111741207387070e+01 1.000000000000000020e+30
1.000000000000000020e+30 1.000000000000000020e+30 1.000000000000000020e+30 1.000000000000000020e+30 1.000000000000000020e+30 1.000000000000000020e+30 1.000000000000000020e+30 1.000000000000000020e+30 1.427903368945051099e+01 1.432317949168343318e+01 1.443408759646986539e+01 1.453586612296057012e+01 1.463464642013532035e+01 1.473296021301727166e+01 1.483265918196356381e+01 1.493604112699534703e+01 1.504531131310166003e+01 1.515150087109745591e+01 1.525341634747480590e+01 1.535159204513523079e+01 1.544563955858843052e+01 1.553500377743680438e+01 1.561921281515771298e+01 1.569788201386797510e+01 1.577067443664339663e+01 1.583726802566186720e+01 1.589733634509430793e+01 1.595054333724788975e+01 1.599654773172117395e+01 1.603501229669222639e+01 1.606561544460285518e+01 1.608806487475314029e+01 1.610211384197349815e+01 1.610758060826284321e+01 1.610437120141377676e+01 1.609250506606595721e+01 1.607214253554937144e+01 1.604361201706068485e+01 1.600743298051480323e+01 1.596432807657311770e+01 1.591521481934676174e+01 1.586116866813881465e+01 1.580336925636617984e+01 1.574310866426076849e+01 1.568207738792176897e+01 1.562325851920504860e+01 1.557196353329510607e+01 1.552788302725129199e+01 1.548912472906291526e+01 1.545366982460707206e+01 1.541928630391798194e+01 1.538223818227864648e+01 1.533303509657693553e+01 1.534632525669084657e+01 1.535643731062205575e+01 1.536118251236117871e+01 1.000000000000000020e+30
1.000000000000000020e+30 1.000000000000000020e+30 1.000000000000000020e+30 1.000000000000000020e+30 1.000000000000000020e+30 1.000000000000000020e+30 1.000000000000000020e+30 1.415867066448193690e+01 1.422441413114940545e+01 1.428765634566866360e+01 1.435054764523492032e+01 1.443955586433628469e+01 1.453691171170980034e+01 1.463789575483100158e+01 1.474208811785172735e+01 1.485295859392351225e+01 1.498566200149793737e+01 1.510593074056463436e+01 1.521867331067283224e+01 1.532802506503613316e+01 1.543287870808928375e+01 1.553233476479331365e+01 1.562587841543487421e+01 1.571316687416173608e+01 1.579390837486026022e+01 1.586780359836173204e+01 1.593451747245376993e+01 1.599367752466371151e+01 1.604488625303874016e+01 1.608773674846105806e+01 1.612182799515135656e+01 1.614678094374172090e+01 1.616225746843357669e+01 1.616798368015134457e+01 1.616377816644263987e+01 1.614958508399647030e+01 1.612551152203541349e+01 1.609186758437064668e+01 1.604920510406019929e+01 1.599834526563422266e+01 1.594037469270417340e+01 1.587657363505874031e+01 1.580823790027743136e+01 1.573644475159971101e+01 1.566216669094542446e+01 1.558835460021855823e+01 1.553141718176654962e+01 1.548633667488891241e+01 1.544866632517336136e+01 1.541578129159564980e+01 1.538620977876012574e+01 1.535889143373104204e+01 1.532915643446578180e+01 1.536018671124327817e+01 1.537564360133520402e+01 1.538230865268109504e+01 1.000000000000000020e+30
1.000000000000000020e+30 1.000000000000000020e+30 1.000000000000000020e+30 1.000000000000000020e+30 1.000000000000000020e+30 1.000000000000000020e+30 1.400019429535850968e+01 1.408168630549545774e+01 1.416145947585861897e+01 1.424203934237478109e+01 1.432652711381743416e+01 1.442169017361529981e+01 1.452360568336009905e+01 1.462900211295948871e+01 1.473558554249099295e+01 1.484024371175960333e+01 1.493248366741488020e+01 1.506269513323451825e+01 1.518285118516681109e+01 1.530518550864463556e+01 1.542241459214771560e+01 1.553311210200489789e+01 1.563692965899159759e+01 1.573368521522128205e+01 1.582318892000608024e+01 1.590519051406385032e+01 1.597934582799228131e+01 1.604523124897781727e+01 1.610237489784421427e+01 1.615028229642836166e+01 1.618845436756324574e+01 1.621640393368861766e+01 1.623367601636763169e+01 1.623987459296560232e+01 1.623469657516784537e+01 1.621797314135472234e+01 1.618971879634709410e+01 1.615018871797319022e+01 1.609994319882577685e+01 1.603991140077501498e+01 1.597142814641956576e+01 1.589616498346672557e+01 1.581577623383609854e+01 1.573101679816624454e+01 1.564006278579492815e+01 1.553437037105148200e+01 1.547643478394746275e+01 1.543449914552871860e+01 1.540028583018570174e+01 1.537122341598061048e+01 1.534733905280832111e+01 1.533426532689617261e+01 1.536282539399336677e+01 1.538594089863460646e+01 1.540003597739481656e+01 1.540655374452885695e+01 1.000000000000000020e+30
1.000000000000000020e+30 1.000000000000000020e+30 1.000000000000000020e+30 1.000000000000000020e+30 1.000000000000000020e+30 1.382156118615673357e+01 1.390644314603587972e+01 1.399466844814369715e+01 1.408644463430014859e+01 1.418179834033209374e+01 1.428164859770213901e+01 1.438748556671650292e+01 1.449788399123488425e+01 1.461066636415449871e+01 1.472344087438748339e+01 1.483305214564287766e+01 1.493457731625295537e+01 1.502404435967950924e+01 1.514014935880161339e+01 1.528353302694004334e+01 1.541531386075733501e+01 1.553830875637160780e+01 1.565324521708105010e+01 1.576027498928722892e+01 1.585936158462991585e+01 1.595033575574214879e+01 1.603282760505008042e+01 1.610632852143568527e+01 1.617026358011445097e+01 1.622402957902314924e+01 1.626700968933017322e+01 1.629858518651057153e+01 1.631815456966484135e+01 1.632516316827319969e+01 1.631914294247641450e+01 1.629976194975946768e+01 1.626688487613159140e+01 1.622064924668745434e+01 1.616156383404039332e+01 1.609063524219330432e+01 1.600952434816876746e+01 1.592065895379907126e+01 1.582694467980932274e+01 1.573049759140854853e+01 1.563082502337454827e+01 1.553363359606555072e+01 1.550569129326813034e+01 1.547461769443103208e+01 1.544597151411675107e+01 1.542031647864294186e+01 1.539617895094989208e+01 1.536637744529068250e+01 1.539827801935238760e+01 1.541720275156847997e+01 1.542855952165671063e+01 1.543392871105994679e+01 1.000000000000000020e+30
1.000000000000000020e+30 1.000000000000000020e+30 1.000000000000000020e+30 1.000000000000000020e+30 1.000000000000000020e+30 1.372326699241273751e+01 1.379646415903550860e+01 1.389176844427496604e+01 1.399613961088057756e+01 1.410595906562983259e+01 1.422031387086982335e+01 1.433891767245897242e+01 1.446068555100298525e+01 1.458397351987331270e+01 1.470682098678867611e+01 1.482701130545231294e+01 1.494244154858873763e+01 1.505319583714963905e+01 1.516612468019916982e+01 1.526942514065326328e+01 1.541378525656711673e+01 1.554913723583023000e+01 1.567577574246572958e+01 1.579379989450395350e+01 1.590327097184909455e+01 1.600416762595595088e+01 1.609602997407724700e+01 1.617818877591233218e+01 1.624992435773479826e+01 1.631050628356667431e+01 1.635918428727253726e+01 1.639518500894725861e+01 1.641772696080089133e+01 1.642605346269105127e+01 1.641947903442963153e+01 1.639744591131530171e+01 1.635959184568273628e+01 1.630583921634019973e+01 1.623652213311797254e+01 1.615257500344145924e+01 1.605588319810971853e+01 1.594993581903100299e+01 1.584017587508595248e+01 1.573191277855387504e+01 1.561717223517524467e+01 1.556464166013163641e+01 1.553533303762998230e+01 1.550935327418718579e+01 1.548551374014268411e+01 1.546456744315509191e+01 1.544720757082306761e+01 1.543558276294095499e+01 1.544327624607456784e+01 1.545272216606659477e+01 1.545980976196186241e+01 1.546346340783165196e+01 1.000000000000000020e+30
1.000000000000000020e+30 1.000000000000000020e+30 1.000000000000000020e+30 1.000000000000000020e+30 1.340246431767903701e+01 1.353771991279062625e+01 1.365078862502877399e+01 1.376681171415976834e+01 1.388809407164542620e+01 1.401399202283422696e+01 1.414386049419132441e+01 1.427707477511554401e+01 1.441264089860201558e+01 1.454919082620074633e+01 1.468511857693240330e+01 1.481876155312338561e+01 1.494875031157514478e+01 1.507464719391298758e+01 1.519692250979635517e+01 1.531190451773577266e+01 1.541804147443319550e+01 1.556632310883745340e+01 1.570537515618605795e+01 1.583508715735897177e+01 1.595566349603074308e+01 1.606758663760049188e+01 1.617007464780077797e+01 1.626213446246736893e+01 1.634285737513351577e+01 1.641139009345917898e+01 1.646684735147682233e+01 1.650828121571170470e+01 1.653469226079891641e+01 1.654507054567256574e+01 1.653845219989317528e+01 1.651398216355191195e+01 1.647097969831475339e+01 1.640902438402166297e+01 1.632808940791296948e+01 1.622869273759264175e+01 1.611230412671458367e+01 1.598314666377719462e+01 1.585132339414979263e+01 1.573852091200338421e+01 1.564339858734613742e+01 1.557006520584656073e+01 1.555909223460422552e+01 1.553921877929320772e+01 1.551926724337339181e+01 1.550219452642430973e+01 1.548935686041482640e+01 1.548227197454630932e+01 1.548338248590803623e+01 1.548751744253739915e+01 1.549143446735955720e+01 1.549363461529108577e+01 1.000000000000000020e+30
1.000000000000000020e+30 1.000000000000000020e+30 1.000000000000000020e+30 1.000000000000000020e+30 1.325107824297022674e+01 1.335908185508259827e+01 1.348760515017523254e+01 1.362281999666424781e+01 1.376243947739147622e+01 1.390586564625753319e+01 1.405269801788797146e+01 1.420237381414865752e+01 1.435398187121552205e+01 1.450628090900890577e+01 1.465782613471453111e+01 1.480714842850594160e+01 1.495296501803294120e+01 1.509433819568974222e+01 1.523041169014532770e+01 1.535935920294699741e+01 1.547974469557463273e+01 1.559049427768231055e+01 1.574296124988914158e+01 1.588498703079746832e+01 1.601695735082181926e+01 1.614140430221456768e+01 1.625616567871220397e+01 1.635962273032510694e+01 1.645070081234678838e+01 1.652850565851826303e+01 1.659204197881780374e+01 1.664016997886700722e+01 1.667162490666744645e+01 1.668508050378720853e+01 1.667922554690039050e+01 1.665283653017538512e+01 1.660482360102745147e+01 1.653428735235906188e+01 1.644068883157105887e+01 1.632372645936763789e+01 1.618266300041688055e+01 1.601935655861012009e+01 1.584293183183627463e+01 1.572620382769131631e+01 1.564597867390119212e+01 1.561459849358617546e+01 1.558935062960403251e+01 1.556662474445884570e+01 1.554746347018171981e+01 1.553279051168817659e+01 1.552287931521222930e+01 1.551786723506009302e+01 1.551758070055799621e+01 1.551966908501073483e+01 1.552191883789341276e+01 1.552318515401601751e+01 1.000000000000000020e+30
1.000000000000000020e+30 1.000000000000000020e+30 1.000000000000000020e+30 1.275411622965057923e+01 1.297456700707358124e+01 1.314349766434682643e+01 1.330212196205352626e+01 1.345971703849154544e+01 1.361916840577297627e+01 1.378143772479078422e+01 1.394673990654525753e+01 1.411475479724185789e+01 1.428462648888892694e+01 1.445510237119519736e+01 1.462470952089849696e+01 1.479195245587284013e+01 1.495546876756830734e+01 1.511407886905820064e+01 1.526664622667049720e+01 1.541181797725096381e+01 1.554829268903400852e+01 1.567479753890732397e+01 1.578987912559761675e+01 1.594474285276951164e+01 1.608641984295227800e+01 1.622634922050281148e+01 1.635573678752382420e+01 1.647232703024793921e+01 1.657523614825569425e+01 1.666380451249206374e+01 1.673696382203609545e+01 1.679335550093136575e+01 1.683137791003456840e+01 1.684930347643487636e+01 1.684539252924908226e+01 1.681799912678125253e+01 1.676556005401662830e+01 1.668652065815775387e+01 1.657994952081061868e+01 1.644539750289285962e+01 1.627688568172894534e+01 1.606924813491390935e+01 1.587988485743988143e+01 1.578089533142870238e+01 1.570217585389720227e+01 1.565095695773458040e+01 1.561488066205252068e+01 1.558810462885735326e+01 1.556867331869967508e+01 1.555602335135320757e+01 1.554884122292551929e+01 1.554606341338623388e+01 1.554673642703104797e+01 1.554900116397859122e+01 1.555072421935127913e+01 1.555137354668255689e+01 1.000000000000000020e+30
1.000000000000000020e+30 1.000000000000000020e+30 1.000000000000000020e+30 1.259833955232248037e+01 1.273063681570357097e+01 1.292037268875015421e+01 1.310087768489991511e+01 1.327898998899787131e+01 1.345833903005535959e+01 1.364027439628405425e+01 1.382543252967660585e+01 1.401372928681998609e+01 1.420421629958466880e+01 1.439544247331424209e+01 1.458569921437930716e+01 1.477329991336755199e+01 1.495674460007016826e+01 1.513474442028057432e+01 1.530613489721697817e+01 1.546976023287716728e+01 1.562446804179909421e+01 1.576898760038782932e+01 1.590147593010356353e+01 1.601787346783450872e+01 1.615872525288837380e+01 1.632382800520165844e+01 1.647092614271777578e+01 1.660227977950102130e+01 1.671833778000776149e+01 1.681930372402515772e+01 1.690391090313498523e+01 1.697052592139369764e+01 1.701708285896606654e+01 1.704132806365987562e+01 1.704097656278893425e+01 1.701396022680631859e+01 1.695830586576099819e+01 1.687117793605776228e+01 1.675138740164513251e+01 1.660434847556753724e+01 1.641246098508210594e+01 1.610174872945211177e+01 1.593199016908143584e+01 1.581434251012408332e+01 1.572939428539159756e+01 1.567036896397358170e+01 1.562907367149472293e+01 1.560002164677904268e+01 1.558074468216814346e+01 1.557133959105934906e+01 1.556790609498948541e+01 1.556831603828847399e+01 1.557182059325612400e+01 1.557640891342802725e+01 1.557813013160508575e+01 1.557776714215445146e+01 1.000000000000000020e+30
1.000000000000000020e+30 1.000000000000000020e+30 1.000000000000000020e+30 1.237288096634397405e+01 1.249362138147745327e+01 1.268718274304141858e+01 1.288392794352480841e+01 1.308008230015021489e+01 1.327913651474507084e+01 1.348127037120825022e+01 1.368756588606374081e+01 1.389831258462995578e+01 1.411209863556313771e+01 1.432701852435185685e+01 1.454083751624879461e+01 1.475150286135639277e+01 1.495734336069903136e+01 1.515703964021087558e+01 1.534950765274286155e+01 1.553378658402379386e+01 1.570898749260404870e+01 1.587428750107588904e+01 1.602908654733459315e+01 1.617399835697766264e+01 1.631606793784099452e+01 1.644193527516668496e+01 1.660542766407490234e+01 1.675193789855473625e+01 1.688168456972362463e+01 1.699696074241312971e+01 1.709518933562772602e+01 1.717451729513010861e+01 1.723215640501419088e+01 1.726515641529279321e+01 1.727042468506603612e+01 1.724557952634168956e+01 1.718918133289662009e+01 1.709458463164337871e+01 1.695537763612605531e+01 1.681249447043621359e+01 1.666996491832250982e+01 1.000000000000000020e+30 1.000000000000000020e+30 1.000000000000000020e+30 1.000000000000000020e+30 1.000000000000000020e+30 1.000000000000000020e+30 1.000000000000000020e+30 1.558067342462716276e+01 1.557834293973050421e+01 1.558074000656411684e+01 1.558512364930182059e+01 1.559350633380511830e+01 1.560440021900646457e+01 1.560533896519571861e+01 1.560152776977722588e+01 1.000000000000000020e+30
1.000000000000000020e+30 1.000000000000000020e+30 1.190093466742896844e+01 1.208632711921134373e+01 1.224501776032183287e+01 1.242999965943494978e+01 1.264805862467612840e+01 1.286003427301310076e+01 1.307989656279245949e+01 1.330245409061539696e+01 1.353093480960243689e+01 1.376690970271176617e+01 1.400728418628583682e+01 1.424952108845146626e+01 1.449033420715804787e+01 1.472709230508600342e+01 1.495797226292040349e+01 1.518173239638208472e+01 1.539747431947791867e+01 1.560447746273152880e+01 1.580211651801011108e+01 1.598985454839309206e+01 1.616733971302326012e+01 1.633464581543375616e+01 1.649220050496477441e+01 1.663542045888774012e+01 1.676135140977619997e+01 1.692373989742485918e+01 1.706571411095054103e+01 1.719861602566626502e+01 1.731294694398890144e+01 1.740828116919306368e+01 1.748031723016778471e+01 1.752537043478092826e+01 1.753866839729684202e+01 1.751727005577950891e+01 1.746640687359225552e+01 1.737013759716747074e+01 1.728270780430523601e+01 1.713806925625935307e+01 1.690086790198083122e+01 1.000000000000000020e+30 1.000000000000000020e+30 1.000000000000000020e+30 1.000000000000000020e+30 1.000000000000000020e+30 1.000000000000000020e+30 1.000000000000000020e+30 1.000000000000000020e+30 1.000000000000000020e+30 1.558931773564775369e+01 1.559569993544840827e+01 1.561050445568546330e+01 1.564024888356454746e+01 1.563520383285043813e+01 1.561936378320178953e+01 1.000000000000000020e+30
1.000000000000000020e+30 1.000000000000000020e+30 1.176897770298532642e+01 1.188233414979334768e+01 1.202806652530847487e+01 1.220013908369829458e+01 1.239722426527052512e+01 1.261242390393492663e+01 1.285970546835446271e+01 1.310090232843021241e+01 1.335148091636271772e+01 1.361730947889596877e+01 1.388836635529539620e+01 1.416277272590219560e+01 1.443476604646545169e+01 1.470096682391594811e+01 1.495961520166501835e+01 1.520977747215945541e+01 1.545090070319695741e+01 1.568258258037400843e+01 1.590446443195320469e+01 1.611619526733365149e+01 1.631742890103219779e+01 1.650777181096937696e+01 1.668640218151676535e+01 1.685084368501509644e+01 1.699801197530378971e+01 1.712245118487778583e+01 1.726622170678426116e+01 1.742710039765306362e+01 1.755869071219107269e+01 1.767494014217522036e+01 1.776551388197810866e+01 1.782767506806709790e+01 1.785202421815772666e+01 1.782870272897723396e+01 1.779899085871159059e+01 1.776198179171770519e+01 1.767600786818226766e+01 1.756402184175501446e+01 1.000000000000000020e+30 1.000000000000000020e+30 1.000000000000000020e+30 1.000000000000000020e+30 1.000000000000000020e+30 1.000000000000000020e+30 1.000000000000000020e+30 1.000000000000000020e+30 1.000000000000000020e+30 1.000000000000000020e+30 1.000000000000000020e+30 1.000000000000000020e+30 1.000000000000000020e+30 1.571353274038637693e+01 1.567397136547451808e+01 1.000000000000000020e+30 1.000000000000000020e+30
1.000000000000000020e+30 1.144285501794078286e+01 1.157535903046314552e+01 1.169914776068058160e+01 1.183986479727644259e+01 1.200263953690413921e+01 1.218823884907069299e+01 1.239551895133805814e+01 1.262590859373122321e+01 1.287184599338686475e+01 1.314028290369552288e+01 1.344771260796405343e+01 1.375308749657342666e+01 1.406720189337788973e+01 1.437551305274330637e+01 1.467463509191508564e+01 1.496365376073090481e+01 1.524238282811575829e+01 1.551084151850785453e+01 1.576905028094871142e+01 1.601695091431322027e+01 1.625437922494292309e+01 1.648104487925181161e+01 1.669646576310168840e+01 1.689979179501719742e+01 1.708959123155116799e+01 1.726439323557586292e+01 1.742376578203770876e+01 1.757343528091046281e+01 1.769461269746847876e+01 1.783035689017486902e+01 1.797859762908671755e+01 1.809102003829303129e+01 1.818008099921761556e+01 1.822549411905103867e+01 1.827768182146499143e+01 1.826965021035937653e+01 1.821466650985475866e+01 1.810663074723139943e+01 1.788859547115437820e+01 1.000000000000000020e+30 1.000000000000000020e+30 1.000000000000000020e+30 1.000000000000000020e+30 1.000000000000000020e+30 1.000000000000000020e+30 1.000000000000000020e+30 1.000000000000000020e+30 1.000000000000000020e+30 1.000000000000000020e+30 1.000000000000000020e+30 1.000000000000000020e+30 1.000000000000000020e+30 1.000000000000000020e+30 1.000000000000000020e+30 1.000000000000000020e+30 1.000000000000000020e+30
1.000000000000000020e+30 1.135776073978413869e+01 1.143959134929350974e+01 1.154979143383595819e+01 1.168223715156548259e+01 1.183708762138425463e+01 1.201478123027662370e+01 1.221543195785912950e+01 1.243952329922378475e+01 1.268648873537397037e+01 1.295982570381971755e+01 1.326430028187440158e+01 1.359517979446219726e+01 1.396558042862769433e+01 1.431559059776553156e+01 1.465048166149624898e+01 1.497192295385835159e+01 1.528099730584300886e+01 1.557850060279661975e+01 1.586495623362478824e+01 1.614063366931317844e+01 1.640557489022443249e+01 1.665960950887362202e+01 1.690234023205786329e+01 1.713309722483344544e+01 1.735094173032738496e+01 1.755492906587411284e+01 1.774452859842202201e+01 1.791984374833034721e+01 1.807699679321531150e+01 1.822073639687059554e+01 1.833136143017089026e+01 1.845388970781717575e+01 1.859070453066301098e+01 1.872855902581128262e+01 1.880210035703770899e+01 1.880243931582395334e+01 1.873522699119038037e+01 1.866136303841249600e+01 1.000000000000000020e+30 1.000000000000000020e+30 1.000000000000000020e+30 1.000000000000000020e+30 1.000000000000000020e+30 1.000000000000000020e+30 1.000000000000000020e+30 1.000000000000000020e+30 1.000000000000000020e+30 1.000000000000000020e+30 1.000000000000000020e+30 1.000000000000000020e+30 1.000000000000000020e+30 1.000000000000000020e+30 1.000000000000000020e+30 1.000000000000000020e+30 1.000000000000000020e+30 1.000000000000000020e+30
1.115263831789715354e+01 1.123712361794816594e+01 1.132281335235790642e+01 1.142698647712072813e+01 1.155276759564970490e+01 1.170128631440404732e+01 1.187328671885407516e+01 1.206946029451865421e+01 1.229076949657498830e+01 1.253851865847278724e+01 1.281558899944293373e+01 1.312584874156462078e+01 1.347347004810176863e+01 1.387183796948734660e+01 1.426054368535684702e+01 1.463170147481770478e+01 1.498656005990716977e+01 1.532717914405932014e+01 1.565512217636773862e+01 1.597140050319184468e+01 1.627658685902861535e+01 1.657091489215464009e+01 1.685434797608152380e+01 1.712661708378490388e+01 1.738722500998004250e+01 1.763545714552847699e+01 1.787046894613951054e+01 1.809140758998927723e+01 1.829736889496274799e+01 1.848675277229628122e+01 1.865910411116909629e+01 1.881000279517211027e+01 1.894184907422495456e+01 1.914145856035299786e+01 1.931407319049396776e+01 1.941835603663431442e+01 1.942141707367012415e+01 1.928775053434969067e+01 1.909848937356661125e+01 1.000000000000000020e+30 1.000000000000000020e+30 1.000000000000000020e+30 1.000000000000000020e+30 1.000000000000000020e+30 1.000000000000000020e+30 1.000000000000000020e+30 1.000000000000000020e+30 1.000000000000000020e+30 1.000000000000000020e+30 1.000000000000000020e+30 1.000000000000000020e+30 1.000000000000000020e+30 1.000000000000000020e+30 1.000000000000000020e+30 1.000000000000000020e+30 1.000000000000000020e+30 1.000000000000000020e+30
1.111175289652266152e+01 1.115997242547545198e+01 1.123336133329763697e+01 1.132978067010592937e+01 1.144942179937553384e+01 1.159281314790347395e+01 1.176067886876043111e+01 1.195399009614308738e+01 1.217412581164968266e+01 1.242304088587386701e+01 1.270362481126986154e+01 1.301958114947174394e+01 1.337513334885127314e+01 1.377464097558501166e+01 1.421244886721490275e+01 1.462102856220935720e+01 1.500954021542141703e+01 1.538234139565273395e+01 1.574182938033937695e+01 1.608939677222621611e+01 1.642582405961475089e+01 1.675146965241176389e+01 1.706639300338183318e+01 1.737044780750781925e+01 1.766329583697110905e+01 1.794435472089794814e+01 1.821275288440587659e+01 1.846735253291723566e+01 1.870687991527172755e+01 1.893016050074395196e+01 1.913664214290554355e+01 1.932637306405006683e+01 1.950784062571414168e+01 1.974001961498338176e+01 1.998986795532315242e+01 2.015846839184698069e+01 2.019158652163834589e+01 2.013051716496765664e+01 2.009533362624398478e+01 1.000000000000000020e+30 1.000000000000000020e+30 1.000000000000000020e+30 1.000000000000000020e+30 1.000000000000000020e+30 1.000000000000000020e+30 1.000000000000000020e+30 1.000000000000000020e+30 1.000000000000000020e+30 1.000000000000000020e+30 1.000000000000000020e+30 1.000000000000000020e+30 1.000000000000000020e+30 1.000000000000000020e+30 1.000000000000000020e+30 1.000000000000000020e+30 1.000000000000000020e+30 1.000000000000000020e+30
1.106570797184211941e+01 1.110133965445299431e+01 1.116551727290124418e+01 1.125528796662431930e+01 1.136983251957827079e+01 1.150925358186380798e+01 1.167420891881561396e+01 1.186581802317672008e+01 1.208572261498486888e+01 1.233619268013490355e+01 1.262028122588167811e+01 1.294186925130181542e+01 1.330567129017270567e+01 1.371723066766910293e+01 1.418268065643489706e+01 1.462217056456985631e+01 1.504249278515764310e+01 1.544748927795646942e+01 1.583945147274545917e+01 1.621976994752662193e+01 1.658924829401147250e+01 1.694824931246576583e+01 1.729683619505627945e+01 1.763497102906810099e+01 1.796252492103985077e+01 1.827908911251698498e+01 1.858373611310673112e+01 1.887490491090811418e+01 1.915070796840310052e+01 1.940986509004408589e+01 1.965174643191511095e+01 1.987303360210544412e+01 2.017636668726664340e+01 2.047722301581518067e+01 2.077325175092054010e+01 2.097539524133243205e+01 2.113445193455730475e+01 2.127932764707533053e+01 1.000000000000000020e+30 1.000000000000000020e+30 1.000000000000000020e+30 1.000000000000000020e+30 1.000000000000000020e+30 1.000000000000000020e+30 1.000000000000000020e+30 1.000000000000000020e+30 1.000000000000000020e+30 1.000000000000000020e+30 1.000000000000000020e+30 1.000000000000000020e+30 1.000000000000000020e+30 1.000000000000000020e+30 1.000000000000000020e+30 1.000000000000000020e+30 1.000000000000000020e+30 1.000000000000000020e+30 1.000000000000000020e+30
1.102649054137538265e+01 1.105708432872467561e+01 1.111583331710293976e+01 1.120098231440171688e+01 1.131183323492600223e+01 1.144845559227111664e+01 1.161153840198774567e+01 1.180232023434392374e+01 1.202261768064410674e+01 1.227488863310812839e+01 1.256234151157076617e+01 1.288907944012400186e+01 1.326037523728762579e+01 1.368326887823152127e+01 1.416778655228683803e+01 1.463424467487786806e+01 1.508525815495444178e+01 1.552277887463592876e+01 1.594835799634182827e+01 1.636307947361186876e+01 1.676762935035869617e+01 1.716223643573377444e+01 1.754677008047137221e+01 1.792129087547297317e+01 1.828606760433762091e+01 1.864110126518633948e+01 1.898551666763022183e+01 1.931701149884877822e+01 1.963213745822707779e+01 1.992945768815383545e+01 2.021160231248184402e+01 2.049571092414620566e+01 2.087491718590747425e+01 2.124875856336447910e+01 2.155410138606304571e+01 2.180045316358033602e+01 2.201557380297013822e+01 2.214433065159548875e+01 1.000000000000000020e+30 1.000000000000000020e+30 1.000000000000000020e+30 1.000000000000000020e+30 1.000000000000000020e+30 1.000000000000000020e+30 1.000000000000000020e+30 1.000000000000000020e+30 1.000000000000000020e+30 1.000000000000000020e+30 1.000000000000000020e+30 1.000000000000000020e+30 1.000000000000000020e+30 1.000000000000000020e+30 1.000000000000000020e+30 1.000000000000000020e+30 1.000000000000000020e+30 1.000000000000000020e+30 1.000000000000000020e+30
1.099863050286861288e+01 1.102702324547962753e+01 1.108285758233363971e+01 1.116522922488634961e+01 1.127377461536731040e+01 1.140870217826785193e+01 1.157080693957879269e+01 1.176145060985337665e+01 1.198258211270405837e+01 1.223676813448768641e+01 1.252726729137293660e+01 1.285818299125830499e+01 1.323481867901467446e+01 1.366458572851754028e+01 1.415978057481531494e+01 1.465361860820418904e+01 1.513629449512944625e+01 1.560762075457389564e+01 1.606848516163355356e+01 1.651960300216854804e+01 1.696160687216350738e+01 1.739449575565289408e+01 1.781739415918047698e+01 1.823044512601567746e+01 1.863479308698971693e+01 1.903145692667153099e+01 1.942015805306473553e+01 1.979755536814504069e+01 2.015545908967354904e+01 2.049021225845090655e+01 2.079728563136894692e+01 2.118955344415850917e+01 2.161091905000673563e+01 2.198165285131092972e+01 2.230040239447826167e+01 2.256560811224638030e+01 2.271516283376573853e+01 2.254319941696429197e+01 1.000000000000000020e+30 1.000000000000000020e+30 1.000000000000000020e+30 1.000000000000000020e+30 1.000000000000000020e+30 1.000000000000000020e+30 1.000000000000000020e+30 1.000000000000000020e+30 1.000000000000000020e+30 1.000000000000000020e+30 1.000000000000000020e+30 1.000000000000000020e+30 1.000000000000000020e+30 1.000000000000000020e+30 1.000000000000000020e+30 1.000000000000000020e+30 1.000000000000000020e+30 1.000000000000000020e+30 1.000000000000000020e+30
1.098397201896753295e+01 1.101148435005789494e+01 1.106602916507628187e+01 1.114709653668426448e+01 1.125455571134480337e+01 1.138876452247568594e+01 1.155065011277422471e+01 1.174171079772703052e+01 1.196401988461214394e+01 1.222021031037256122e+01 1.251347769186232917e+01 1.284762362404357994e+01 1.322714446093435647e+01 1.365714451425758291e+01 1.414192129614292170e+01 1.467615030035176282e+01 1.519380605596848355e+01 1.570110328654956966e+01 1.619952010345721050e+01 1.668931818375501308e+01 1.717163201123780780e+01 1.764647206212387331e+01 1.811031984556125352e+01 1.856341947332639108e+01 1.900892559544710991e+01 1.945005302170222805e+01 1.988888159035321124e+01 2.032279402578564387e+01 2.072942339389423339e+01 2.110827693854425391e+01 2.147471489212632534e+01 2.190633721411112589e+01 2.231905272468598866e+01 2.270102711666805462e+01 2.305340153715273033e+01 2.333453982764172707e+01 2.348719321917209868e+01 1.000000000000000020e+30 1.000000000000000020e+30 1.000000000000000020e+30 1.000000000000000020e+30 1.000000000000000020e+30 1.000000000000000020e+30 1.000000000000000020e+30 1.000000000000000020e+30 1.000000000000000020e+30 1.000000000000000020e+30 1.000000000000000020e+30 1.000000000000000020e+30 1.000000000000000020e+30 1.000000000000000020e+30 1.000000000000000020e+30 1.000000000000000020e+30 1.000000000000000020e+30 1.000000000000000020e+30 1.000000000000000020e+30 1.000000000000000020e+30
1.098321372100803828e+01 1.101068358945088654e+01 1.106515311477148344e+01 1.114613957167604852e+01 1.125356859573268409e+01 1.138789364587819009e+01 1.155017993055663972e+01 1.174209428019773505e+01 1.196587401246369708e+01 1.222424783664533798e+01 1.252034396228603441e+01 1.285762254845014141e+01 1.323991911071843397e+01 1.367151371457732978e+01 1.415757756001651479e+01 1.470741410224068346e+01 1.525719398984908182e+01 1.580227248095541448e+01 1.634120761865528237e+01 1.687172013045957186e+01 1.739745088759080005e+01 1.792082735218921385e+01 1.842837404901364096e+01 1.892129039222676212e+01 1.940761232588009477e+01 1.989396588070446370e+01 2.038836321726472889e+01 2.090577172159035158e+01 2.137120447262802259e+01 2.179283595151104436e+01 2.215799856533228862e+01 2.257323903159892353e+01 2.299184884379635818e+01 2.338520022382444097e+01 2.379439781858028624e+01 2.407431950872993909e+01 2.424147434946716118e+01 1.000000000000000020e+30 1.000000000000000020e+30 1.000000000000000020e+30 1.000000000000000020e+30 1.000000000000000020e+30 1.000000000000000020e+30 1.000000000000000020e+30 1.000000000000000020e+30 1.000000000000000020e+30 1.000000000000000020e+30 1.000000000000000020e+30 1.000000000000000020e+30 1.000000000000000020e+30 1.000000000000000020e+30 1.000000000000000020e+30 1.000000000000000020e+30 1.000000000000000020e+30 1.000000000000000020e+30 1.000000000000000020e+30 1.000000000000000020e+30
1.099640047952750521e+01 1.102465589327318618e+01 1.108023664184462476e+01 1.116230874830045927e+01 1.127066821279388442e+01 1.140580862867663292e+01 1.156895281286046284e+01 1.176200518742022183e+01 1.198747257509784347e+01 1.224830531186865556e+01 1.254766986275338070e+01 1.288868618454084647e+01 1.327451038890872503e+01 1.370820873371584980e+01 1.419265391724123759e+01 1.473111642755633888e+01 1.532123476557004160e+01 1.590907229016484514e+01 1.649429755785112306e+01 1.706531805076837571e+01 1.763543874207052653e+01 1.822730569591927363e+01 1.878688345991746544e+01 1.931748976397928530e+01 1.984431338295500069e+01 2.037470871188869381e+01 2.091849434827001275e+01 2.146259046818563831e+01 2.198037238194372023e+01 2.245468318973444610e+01 2.285871679847910087e+01 2.329064130398149146e+01 2.372992467451144805e+01 2.407895852020883254e+01 2.447886788197319063e+01 2.477834638454949712e+01 2.505517970567984776e+01 2.547478239750052253e+01 1.000000000000000020e+30 1.000000000000000020e+30 1.000000000000000020e+30 1.000000000000000020e+30 1.000000000000000020e+30 1.000000000000000020e+30 1.000000000000000020e+30 1.000000000000000020e+30 1.000000000000000020e+30 1.000000000000000020e+30 1.000000000000000020e+30 1.000000000000000020e+30 1.000000000000000020e+30 1.000000000000000020e+30 1.000000000000000020e+30 1.000000000000000020e+30 1.000000000000000020e+30 1.000000000000000020e+30 1.000000000000000020e+30
1.102293379744776303e+01 1.105327332561372344e+01 1.111151825309330476e+01 1.119598759300474100e+01 1.130621091599342343e+01 1.144271988347756697e+01 1.160695365979634985e+01 1.180117444959772754e+01 1.202834741161573895e+01 1.229190905877001150e+01 1.259536562331389042e+01 1.294145427655802827e+01 1.333281921143332305e+01 1.377145740519474160e+01 1.425739013533106458e+01 1.479392834381143551e+01 1.538394889418342260e+01 1.601869329972164735e+01 1.667372420575581771e+01 1.728130569374800629e+01 1.789020598831649878e+01 1.850112019387191964e+01 1.911416603130793135e+01 1.964958255559900735e+01 2.021111062790507162e+01 2.077686633237542324e+01 2.138182440280976948e+01 2.196924515062466554e+01 2.254536242165505300e+01 2.308503171626783157e+01 2.357237557130516237e+01 2.401562345203275228e+01 2.440198099231782791e+01 2.472628236678418290e+01 2.510916601014999827e+01 2.539716933509728847e+01 2.561817704608174395e+01 2.578639084375672397e+01 1.000000000000000020e+30 1.000000000000000020e+30 1.000000000000000020e+30 1.000000000000000020e+30 1.000000000000000020e+30 1.000000000000000020e+30 1.000000000000000020e+30 1.000000000000000020e+30 1.000000000000000020e+30 1.000000000000000020e+30 1.000000000000000020e+30 1.000000000000000020e+30 1.000000000000000020e+30 1.000000000000000020e+30 1.000000000000000020e+30 1.000000000000000020e+30 1.000000000000000020e+30 1.000000000000000020e+30 1.000000000000000020e+30
1.106109312952871804e+01 1.109634740995307212e+01 1.115969234509119268e+01 1.124816997537150876e+01 1.136117800004641509e+01 1.149941179624498311e+01 1.166462468347128834e+01 1.185960182001156404e+01 1.208803459581936579e+01 1.235429148855302905e+01 1.266310119827628711e+01 1.301617679138693440e+01 1.341623922843061401e+01 1.386557118293807278e+01 1.435607769622139784e+01 1.489487952844657137e+01 1.550507488361762043e+01 1.615007744458833017e+01 1.685172645537492642e+01 1.757408314251742354e+01 1.824240603704386032e+01 1.888722755614472604e+01 1.946471952617114098e+01 2.005116517060784886e+01 2.067271184310678933e+01 2.123454996646031034e+01 2.176921728284980873e+01 2.238068363195565169e+01 2.303504120123632859e+01 2.364737013918032105e+01 2.419363611140153836e+01 2.465738972454342104e+01 2.501530014456315598e+01 2.536719753640367614e+01 2.572649879999729805e+01 2.597506827591452705e+01 2.612591903122845949e+01 2.615814715749935715e+01 1.000000000000000020e+30 1.000000000000000020e+30 1.000000000000000020e+30 1.000000000000000020e+30 1.000000000000000020e+30 1.000000000000000020e+30 1.000000000000000020e+30 1.000000000000000020e+30 1.000000000000000020e+30 1.000000000000000020e+30 1.000000000000000020e+30 1.000000000000000020e+30 1.000000000000000020e+30 1.000000000000000020e+30 1.000000000000000020e+30 1.000000000000000020e+30 1.000000000000000020e+30 1.000000000000000020e+30 1.000000000000000020e+30
1.110648071086068533e+01 1.115427574384649212e+01 1.122650195488672153e+01 1.132078522887111482e+01 1.143737302850563609e+01 1.157739883559675675e+01 1.174297281809330329e+01 1.193757787922258196e+01 1.216590872967007186e+01 1.243363992998267342e+01 1.275015958394975435e+01 1.311215365647569442e+01 1.352390120754284553e+01 1.399799516434213942e+01 1.449937473772195240e+01 1.505324068039197805e+01 1.567142227413345701e+01 1.634821982837495824e+01 1.714929278128958856e+01 1.790549330887568402e+01 1.862342003474075014e+01 1.938211024972405383e+01 2.006983335877097119e+01 2.069031016801532985e+01 2.126891979169133151e+01 2.179861049570061127e+01 2.235917067229038935e+01 2.293251191139740897e+01 2.349979841588032770e+01 2.419387807383693811e+01 2.479454992261875290e+01 2.529082032917206391e+01 2.569354937887165136e+01 2.606191685741542940e+01 2.634658896056020794e+01 2.654264013898005814e+01 2.664412762256659306e+01 2.662836796344930335e+01 1.000000000000000020e+30 1.000000000000000020e+30 1.000000000000000020e+30 1.000000000000000020e+30 1.000000000000000020e+30 1.000000000000000020e+30 1.000000000000000020e+30 1.000000000000000020e+30 1.000000000000000020e+30 1.000000000000000020e+30 1.000000000000000020e+30 1.000000000000000020e+30 1.000000000000000020e+30 1.000000000000000020e+30 1.000000000000000020e+30 1.000000000000000020e+30 1.000000000000000020e+30 1.000000000000000020e+30 1.000000000000000020e+30
1.114716733199121457e+01 1.123149721766442433e+01 1.131592145603401889e+01 1.141703562956251972e+01 1.153760892310793729e+01 1.167916458275318092e+01 1.184379514684665402e+01 1.203588848403808598e+01 1.226144679277735605e+01 1.252479067717329286e+01 1.286181901177153897e+01 1.323942055471803947e+01 1.366348747845643707e+01 1.414267724737335996e+01 1.468006081575851240e+01 1.528395235988789480e+01 1.597611957158068741e+01 1.669279374121534332e+01 1.765867464377904028e+01 1.852975747529079698e+01 1.956241940997778528e+01 2.104384548908389974e+01 2.182979501366278896e+01 2.240186930561634782e+01 2.282171976742989727e+01 2.295507070112019221e+01 2.342411191811761739e+01 2.408321646163976837e+01 2.511871129543990477e+01 2.525454228857229211e+01 2.568902766034798191e+01 2.611602124006815373e+01 2.646228331737174599e+01 2.673227769861220793e+01 2.694718975044071385e+01 2.709660302461901793e+01 2.717131830633005407e+01 2.715209695545663493e+01 1.000000000000000020e+30 1.000000000000000020e+30 1.000000000000000020e+30 1.000000000000000020e+30 1.000000000000000020e+30 1.000000000000000020e+30 1.000000000000000020e+30 1.000000000000000020e+30 1.000000000000000020e+30 1.000000000000000020e+30 1.000000000000000020e+30 1.000000000000000020e+30 1.000000000000000020e+30 1.000000000000000020e+30 1.000000000000000020e+30 1.000000000000000020e+30 1.000000000000000020e+30 1.000000000000000020e+30 1.000000000000000020e+30
1.000000000000000020e+30 1.135338843881111437e+01 1.143452860361137446e+01 1.154103473620222076e+01 1.166568603444970265e+01 1.180855023463854891e+01 1.197001955612541657e+01 1.215611726805424730e+01 1.238139271764231886e+01 1.263740664325481511e+01 1.297847324192526486e+01 1.338659256029087530e+01 1.384396377966753633e+01 1.436385757930200313e+01 1.501480840662437188e+01 1.583494362187606441e+01 1.665201613170351536e+01 2.020269969405798705e+01 1.906282055466560266e+01 1.942190248411726827e+01 1.000000000000000020e+30 2.300974663008563326e+01 2.341091669495844485e+01 2.382840712952204498e+01 2.410754256478218949e+01 1.000000000000000020e+30 1.000000000000000020e+30 1.000000000000000020e+30 2.745633999871932218e+01 2.702411448246824577e+01 2.665863829239511418e+01 2.693523842243759248e+01 2.716241547497381603e+01 2.734951494584827003e+01 2.750504280339964325e+01 2.761696083364145338e+01 2.768406689081412253e+01 2.772924930953677958e+01 2.786193761769238719e+01 1.000000000000000020e+30 1.000000000000000020e+30 1.000000000000000020e+30 1.000000000000000020e+30 1.000000000000000020e+30 1.000000000000000020e+30 1.000000000000000020e+30 1.000000000000000020e+30 1.000000000000000020e+30 1.000000000000000020e+30 1.000000000000000020e+30 1.000000000000000020e+30 1.000000000000000020e+30 1.000000000000000020e+30 1.000000000000000020e+30 1.000000000000000020e+30 1.000000000000000020e+30 1.000000000000000020e+30
1.000000000000000020e+30 1.144053275771374523e+01 1.157523672913530355e+01 1.169575439296430730e+01 1.182608906523078929e+01 1.197175974661501918e+01 1.212617299379111913e+01 1.230980011100793270e+01 1.251268473684421068e+01 1.277608978571710630e+01 1.321896722612505570e+01 1.374306904841125743e+01 1.440846905869327088e+01 1.526472437569172236e+01 1.864571636196602711e+01 1.727179738584985813e+01 1.763091450200221999e+01 1.000000000000000020e+30 1.000000000000000020e+30 1.000000000000000020e+30 1.000000000000000020e+30 1.000000000000000020e+30 1.000000000000000020e+30 1.000000000000000020e+30 1.000000000000000020e+30 1.000000000000000020e+30 1.000000000000000020e+30 1.000000000000000020e+30 2.878458294501539783e+01 2.854661018862582011e+01 2.819698554091047882e+01 2.768026507931266877e+01 2.776344278727686543e+01 2.788996366130012206e+01 2.799812550858611004e+01 2.807370440769492248e+01 2.811024480342420162e+01 2.811032600259648362e+01 2.807183523579231021e+01 1.000000000000000020e+30 1.000000000000000020e+30 1.000000000000000020e+30 1.000000000000000020e+30 1.000000000000000020e+30 1.000000000000000020e+30 1.000000000000000020e+30 1.000000000000000020e+30 1.000000000000000020e+30 1.000000000000000020e+30 1.000000000000000020e+30 1.000000000000000020e+30 1.000000000000000020e+30 1.000000000000000020e+30 1.000000000000000020e+30 1.000000000000000020e+30 1.000000000000000020e+30 1.000000000000000020e+30
1.000000000000000020e+30 1.000000000000000020e+30 1.177948187104037991e+01 1.189160172974789553e+01 1.202381899955243938e+01 1.218311060290533554e+01 1.233375156117781124e+01 1.250570851565425556e+01 1.273164098532139654e+01 1.324287424476693964e+01 1.401185333536038691e+01 1.452378740891234976e+01 1.000000000000000020e+30 1.000000000000000020e+30 1.000000000000000020e+30 1.000000000000000020e+30 1.000000000000000020e+30 1.000000000000000020e+30 1.000000000000000020e+30 1.000000000000000020e+30 1.000000000000000020e+30 1.000000000000000020e+30 1.000000000000000020e+30 1.000000000000000020e+30 1.000000000000000020e+30 1.000000000000000020e+30 1.000000000000000020e+30 1.000000000000000020e+30 1.000000000000000020e+30 1.000000000000000020e+30 2.894093631267656619e+01 2.832909405304941686e+01 2.826056930659957089e+01 2.833669722654096645e+01 2.841528504073480832e+01 2.846095184084910912e+01 2.846430702947733593e+01 2.842133357286996898e+01 2.832179700551747814e+01 1.000000000000000020e+30 1.000000000000000020e+30 1.000000000000000020e+30 1.000000000000000020e+30 1.000000000000000020e+30 1.000000000000000020e+30 1.000000000000000020e+30 1.000000000000000020e+30 1.000000000000000020e+30 1.000000000000000020e+30 1.000000000000000020e+30 1.000000000000000020e+30 1.000000000000000020e+30 1.000000000000000020e+30 1.000000000000000020e+30 1.000000000000000020e+30 1.000000000000000020e+30 1.000000000000000020e+30
1.000000000000000020e+30 1.000000000000000020e+30 1.192368186635035165e+01 1.212806803253240773e+01 1.227782517462073208e+01 1.243641022605450353e+01 1.261129773123663256e+01 1.286130682074577258e+01 1.375833780067101664e+01 1.420157117654272483e+01 1.000000000000000020e+30 1.000000000000000020e+30 1.000000000000000020e+30 1.000000000000000020e+30 1.000000000000000020e+30 1.000000000000000020e+30 1.000000000000000020e+30 1.000000000000000020e+30 1.000000000000000020e+30 1.000000000000000020e+30 1.000000000000000020e+30 1.000000000000000020e+30 1.000000000000000020e+30 1.000000000000000020e+30 1.000000000000000020e+30 1.000000000000000020e+30 1.000000000000000020e+30 1.000000000000000020e+30 1.000000000000000020e+30 1.000000000000000020e+30 1.000000000000000020e+30 2.901328272590252411e+01 2.872197078752651223e+01 2.871535856284719657e+01 2.875674473061014069e+01 2.878187512453571628e+01 2.875602880537532613e+01 2.868018775064713921e+01 2.855238610749358585e+01 1.000000000000000020e+30 1.000000000000000020e+30 1.000000000000000020e+30 1.000000000000000020e+30 1.000000000000000020e+30 1.000000000000000020e+30 1.000000000000000020e+30 1.000000000000000020e+30 1.000000000000000020e+30 1.000000000000000020e+30 1.000000000000000020e+30 1.000000000000000020e+30 1.000000000000000020e+30 1.000000000000000020e+30 1.000000000000000020e+30 1.000000000000000020e+30 1.000000000000000020e+30 1.000000000000000020e+30
1.000000000000000020e+30 1.000000000000000020e+30 1.000000000000000020e+30 1.246021143339786974e+01 1.260679529317885716e+01 1.282874580370812012e+01 1.318518204309058461e+01 1.408093085982912029e+01 1.473028137702586626e+01 1.000000000000000020e+30 1.000000000000000020e+30 1.000000000000000020e+30 1.000000000000000020e+30 1.000000000000000020e+30 1.000000000000000020e+30 1.000000000000000020e+30 1.000000000000000020e+30 1.000000000000000020e+30 1.000000000000000020e+30 1.000000000000000020e+30 1.000000000000000020e+30 1.000000000000000020e+30 1.000000000000000020e+30 1.000000000000000020e+30 1.000000000000000020e+30 1.000000000000000020e+30 1.000000000000000020e+30 1.000000000000000020e+30 1.000000000000000020e+30 1.000000000000000020e+30 1.000000000000000020e+30 1.000000000000000020e+30 2.939995521433651149e+01 2.913243222502922336e+01 2.906027434301073953e+01 2.904508270776998202e+01 2.898901829465001612e+01 2.888223289972713204e+01 2.873682432664336517e+01 1.000000000000000020e+30 1.000000000000000020e+30 1.000000000000000020e+30 1.000000000000000020e+30 1.000000000000000020e+30 1.000000000000000020e+30 1.000000000000000020e+30 1.000000000000000020e+30 1.000000000000000020e+30 1.000000000000000020e+30 1.000000000000000020e+30 1.000000000000000020e+30 1.000000000000000020e+30 1.000000000000000020e+30 1.000000000000000020e+30 1.000000000000000020e+30 1.000000000000000020e+30 1.000000000000000020e+30
1.000000000000000020e+30 1.000000000000000020e+30 1.000000000000000020e+30 1.272249498507500576e+01 1.308526116177790044e+01 1.404102820065566881e+01 1.480794732831833649e+01 1.522611039140086220e+01 1.000000000000000020e+30 1.000000000000000020e+30 1.000000000000000020e+30 1.000000000000000020e+30 1.000000000000000020e+30 1.000000000000000020e+30 1.000000000000000020e+30 1.000000000000000020e+30 1.000000000000000020e+30 1.000000000000000020e+30 1.000000000000000020e+30 1.000000000000000020e+30 1.000000000000000020e+30 1.000000000000000020e+30 1.000000000000000020e+30 1.000000000000000020e+30 1.000000000000000020e+30 1.000000000000000020e+30 1.000000000000000020e+30 1.000000000000000020e+30 1.000000000000000020e+30 1.000000000000000020e+30 1.000000000000000020e+30 1.000000000000000020e+30 1.000000000000000020e+30 2.979895793237902168e+01 2.947283055277768327e+01 2.926220503121050243e+01 2.916399890609088885e+01 2.901412843485780613e+01 2.885869879729150256e+01 1.000000000000000020e+30 1.000000000000000020e+30 1.000000000000000020e+30 1.000000000000000020e+30 1.000000000000000020e+30 1.000000000000000020e+30 1.000000000000000020e+30 1.000000000000000020e+30 1.000000000000000020e+30 1.000000000000000020e+30 1.000000000000000020e+30 1.000000000000000020e+30 1.000000000000000020e+30 1.000000000000000020e+30 1.000000000000000020e+30 1.000000000000000020e+30 1.000000000000000020e+30 1.000000000000000020e+30
1.000000000000000020e+30 1.000000000000000020e+30 1.000000000000000020e+30 1.000000000000000020e+30 1.688712435157829361e+01 1.598588310399743584e+01 1.617858247449051490e+01 1.000000000000000020e+30 1.000000000000000020e+30 1.000000000000000020e+30 1.000000000000000020e+30 1.000000000000000020e+30 1.000000000000000020e+30 1.000000000000000020e+30 1.000000000000000020e+30 1.000000000000000020e+30 1.000000000000000020e+30 1.000000000000000020e+30 1.000000000000000020e+30 1.000000000000000020e+30 1.000000000000000020e+30 1.000000000000000020e+30 1.000000000000000020e+30 1.000000000000000020e+30 1.000000000000000020e+30 1.000000000000000020e+30 1.000000000000000020e+30 1.000000000000000020e+30 1.000000000000000020e+30 1.000000000000000020e+30 1.000000000000000020e+30 1.000000000000000020e+30 1.000000000000000020e+30 1.000000000000000020e+30 2.992921843562996287e+01 2.942969560343572866e+01 2.929034227196333973e+01 2.904280523238146827e+01 2.890877555880332395e+01 1.000000000000000020e+30 1.000000000000000020e+30 1.000000000000000020e+30 1.000000000000000020e+30 1.000000000000000020e+30 1.000000000000000020e+30 1.000000000000000020e+30 1.000000000000000020e+30 1.000000000000000020e+30 1.000000000000000020e+30 1.000000000000000020e+30 1.000000000000000020e+30 1.000000000000000020e+30 1.000000000000000020e+30 1.000000000000000020e+30 1.000000000000000020e+30 1.000000000000000020e+30 1.000000000000000020e+30
1.000000000000000020e+30 1.000000000000000020e+30 1.000000000000000020e+30 1.000000000000000020e+30 1.975324255009906338e+01 1.000000000000000020e+30 1.000000000000000020e+30 1.000000000000000020e+30 1.000000000000000020e+30 1.000000000000000020e+30 1.000000000000000020e+30 1.000000000000000020e+30 1.000000000000000020e+30 1.000000000000000020e+30 1.000000000000000020e+30 1.000000000000000020e+30 1.000000000000000020e+30 1.000000000000000020e+30 1.000000000000000020e+30 1.000000000000000020e+30 1.000000000000000020e+30 1.000000000000000020e+30 1.000000000000000020e+30 1.000000000000000020e+30 1.000000000000000020e+30 1.000000000000000020e+30 1.000000000000000020e+30 1.000000000000000020e+30 1.000000000000000020e+30 1.000000000000000020e+30 1.000000000000000020e+30 1.000000000000000020e+30 1.000000000000000020e+30 1.000000000000000020e+30 1.000000000000000020e+30 2.953629476108784147e+01 2.945129956564577611e+01 1.000000000000000020e+30 1.000000000000000020e+30 1.000000000000000020e+30 1.000000000000000020e+30 1.000000000000000020e+30 1.000000000000000020e+30 1.000000000000000020e+30 1.000000000000000020e+30 1.000000000000000020e+30 1.000000000000000020e+30 1.000000000000000020e+30 1.000000000000000020e+30 1.000000000000000020e+30 1.000000000000000020e+30 1.000000000000000020e+30 1.000000000000000020e+30 1.000000000000000020e+30 1.000000000000000020e+30 1.000000000000000020e+30 1.000000000000000020e+30
