1.000000000000000020e+30 1.000000000000000020e+30 1.000000000000000020e+30 1.000000000000000020e+30 1.000000000000000020e+30 1.000000000000000020e+30 1.000000000000000020e+30 1.000000000000000020e+30 1.000000000000000020e+30 1.000000000000000020e+30 1.000000000000000020e+30 1.000000000000000020e+30 1.000000000000000020e+30 1.000000000000000020e+30 1.000000000000000020e+30 1.000000000000000020e+30 1.000000000000000020e+30 1.000000000000000020e+30 1.000000000000000020e+30 1.000000000000000020e+30 1.000000000000000020e+30 1.000000000000000020e+30 1.000000000000000020e+30 1.000000000000000020e+30 1.000000000000000020e+30 1.000000000000000020e+30 1.000000000000000020e+30 1.000000000000000020e+30 1.000000000000000020e+30 1.000000000000000020e+30 1.000000000000000020e+30 1.000000000000000020e+30 1.000000000000000020e+30 1.000000000000000020e+30 1.000000000000000020e+30 1.000000000000000020e+30 1.000000000000000020e+30 1.000000000000000020e+30 1.000000000000000020e+30 1.000000000000000020e+30 1.000000000000000020e+30 1.000000000000000020e+30 1.000000000000000020e+30 1.000000000000000020e+30 1.000000000000000020e+30 1.000000000000000020e+30 1.000000000000000020e+30 1.000000000000000020e+30 1.000000000000000020e+30 1.000000000000000020e+30 1.000000000000000020e+30 1.000000000000000020e+30 1.000000000000000020e+30 1.000000000000000020e+30 1.000000000000000020e+30 1.000000000000000020e+30 1.000000000000000020e+30
1.000000000000000020e+30 1.000000000000000020e+30 1.000000000000000020e+30 1.000000000000000020e+30 1.000000000000000020e+30 1.000000000000000020e+30 1.000000000000000020e+30 1.000000000000000020e+30 1.000000000000000020e+30 1.000000000000000020e+30 1.000000000000000020e+30 1.000000000000000020e+30 1.000000000000000020e+30 1.000000000000000020e+30 1.000000000000000020e+30 1.000000000000000020e+30 1.000000000000000020e+30 1.000000000000000020e+30 1.000000000000000020e+30 1.000000000000000020e+30 1.000000000000000020e+30 1.000000000000000020e+30 1.000000000000000020e+30 1.000000000000000020e+30 1.000000000000000020e+30 1.000000000000000020e+30 1.000000000000000020e+30 9.528320097185998705e+00 9.555112052471034900e+00 9.582092588607991956e+00 9.600978643928666401e+00 9.608911818483793610e+00 9.604826850835250340e+00 9.588327407724198892e+00 9.559307532482890224e+00 9.517823994896259521e+00 9.464072314665955332e+00 9.398429746479278535e+00 9.321585489271754454e+00 9.234859771817154339e+00 9.141036987737759745e+00 9.046788795481406353e+00 8.970533090653505681e+00 1.000000000000000020e+30 1.000000000000000020e+30 1.000000000000000020e+30 1.000000000000000020e+30 1.000000000000000020e+30 1.000000000000000020e+30 1.000000000000000020e+30 1.000000000000000020e+30 1.000000000000000020e+30 1.000000000000000020e+30 1.000000000000000020e+30 1.000000000000000020e+30 1.000000000000000020e+30 1.000000000000000020e+30
1.000000000000000020e+30 1.000000000000000020e+30 1.000000000000000020e+30 1.000000000000000020e+30 1.000000000000000020e+30 1.000000000000000020e+30 1.000000000000000020e+30 1.000000000000000020e+30 1.000000000000000020e+30 1.000000000000000020e+30 1.000000000000000020e+30 1.000000000000000020e+30 1.000000000000000020e+30 1.000000000000000020e+30 1.000000000000000020e+30 1.000000000000000020e+30 1.000000000000000020e+30 1.000000000000000020e+30 1.000000000000000020e+30 1.000000000000000020e+30 1.000000000000000020e+30 1.000000000000000020e+30 1.000000000000000020e+30 1.000000000000000020e+30 9.218635392180296151e+00 9.284074811437877273e+00 9.368488819835636860e+00 9.463224229330970516e+00 9.517336580084839071e+00 9.553338097891257874e+00 9.575613365440645453e+00 9.584851686608400811e+00 9.581080070210449051e+00 9.564271452903790660e+00 9.534450606383511939e+00 9.491709882454529179e+00 9.436220841657299019e+00 9.368257593976135666e+00 9.288227984641427071e+00 9.196674011815705541e+00 9.094045395907221163e+00 8.979322496742540238e+00 8.843215198491831686e+00 8.636079726314894955e+00 8.451440340735768331e+00 8.281930828708174985e+00 8.133293381285108481e+00 8.027712469399604700e+00 1.000000000000000020e+30 1.000000000000000020e+30 1.000000000000000020e+30 1.000000000000000020e+30 1.000000000000000020e+30 1.000000000000000020e+30 1.000000000000000020e+30 1.000000000000000020e+30 1.000000000000000020e+30
1.000000000000000020e+30 1.000000000000000020e+30 1.000000000000000020e+30 1.000000000000000020e+30 1.000000000000000020e+30 1.000000000000000020e+30 1.000000000000000020e+30 1.000000000000000020e+30 1.000000000000000020e+30 1.000000000000000020e+30 1.000000000000000020e+30 1.000000000000000020e+30 1.000000000000000020e+30 1.000000000000000020e+30 1.000000000000000020e+30 1.000000000000000020e+30 1.000000000000000020e+30 1.000000000000000020e+30 1.000000000000000020e+30 1.000000000000000020e+30 1.000000000000000020e+30 8.682342477383768298e+00 8.789182813908208658e+00 8.934652867587423941e+00 9.107200209664739532e+00 9.220647889991372637e+00 9.315789620337312726e+00 9.398779167557002268e+00 9.459101837418643299e+00 9.500695770651367056e+00 9.526279765159120672e+00 9.537066921527394214e+00 9.533565620412325359e+00 9.516013249465192558e+00 9.484556756304160174e+00 9.439325687706057622e+00 9.380463461733665298e+00 9.308135185128588063e+00 9.222499035998005468e+00 9.123584309971985107e+00 9.010925296546965058e+00 8.882632031214482637e+00 8.733662055923979040e+00 8.556539136306168913e+00 8.376055689397121640e+00 8.198073998930864192e+00 8.025082569230193030e+00 7.855604555346815232e+00 7.664132167977748544e+00 1.000000000000000020e+30 1.000000000000000020e+30 1.000000000000000020e+30 1.000000000000000020e+30 1.000000000000000020e+30 1.000000000000000020e+30 1.000000000000000020e+30 1.000000000000000020e+30
1.000000000000000020e+30 1.000000000000000020e+30 1.000000000000000020e+30 1.000000000000000020e+30 1.000000000000000020e+30 1.000000000000000020e+30 1.000000000000000020e+30 1.000000000000000020e+30 1.000000000000000020e+30 1.000000000000000020e+30 1.000000000000000020e+30 1.000000000000000020e+30 1.000000000000000020e+30 1.000000000000000020e+30 1.000000000000000020e+30 1.000000000000000020e+30 1.000000000000000020e+30 1.000000000000000020e+30 7.918360706710819485e+00 8.060635033816472728e+00 8.264873802682004111e+00 8.518632232265098025e+00 8.695682143354133586e+00 8.855613721973398356e+00 9.006536306728818886e+00 9.129715622518084217e+00 9.231660245728043890e+00 9.315443422442351462e+00 9.379543459571696218e+00 9.425071445848526963e+00 9.453421147757994802e+00 9.465551320673821323e+00 9.462028631915030630e+00 9.443183396104307903e+00 9.409223265319653251e+00 9.360299193714469723e+00 9.296538379585875589e+00 9.218049409758542367e+00 9.124890000632467135e+00 9.016971125353785865e+00 8.893863307367336546e+00 8.754533859182432209e+00 8.597413908940900740e+00 8.422396422456225551e+00 8.237234431146442049e+00 8.045620140586985158e+00 7.847468678905539008e+00 7.637740344526428693e+00 7.403249099601718619e+00 7.132893953719253943e+00 1.000000000000000020e+30 1.000000000000000020e+30 1.000000000000000020e+30 1.000000000000000020e+30 1.000000000000000020e+30 1.000000000000000020e+30 1.000000000000000020e+30
1.000000000000000020e+30 1.000000000000000020e+30 1.000000000000000020e+30 1.000000000000000020e+30 1.000000000000000020e+30 1.000000000000000020e+30 1.000000000000000020e+30 1.000000000000000020e+30 1.000000000000000020e+30 1.000000000000000020e+30 1.000000000000000020e+30 1.000000000000000020e+30 1.000000000000000020e+30 1.000000000000000020e+30 1.000000000000000020e+30 1.000000000000000020e+30 7.235391464702269460e+00 7.415587740317113763e+00 7.708188704573973205e+00 7.932592513315295690e+00 8.152178705956584892e+00 8.372353038906961586e+00 8.563029200125445328e+00 8.732302258029433162e+00 8.883357049028369090e+00 9.012348745547736684e+00 9.120266479309337981e+00 9.208280076118050772e+00 9.276549781109482140e+00 9.325709711831578375e+00 9.356565002375425877e+00 9.369793123215053754e+00 9.365876048672495457e+00 9.345135936374081354e+00 9.307789846808660172e+00 9.253994955159864588e+00 9.183878140991604155e+00 9.097547665595895339e+00 8.995082413398668209e+00 8.876494208559416066e+00 8.741674105343060219e+00 8.590392878021924972e+00 8.422564759087238784e+00 8.239095079274367350e+00 8.042813855921110644e+00 7.835093251599337449e+00 7.614533580498158649e+00 7.375750539933603633e+00 7.107600010917828115e+00 6.790407818455213906e+00 6.374404700433236037e+00 6.130703738612020892e+00 1.000000000000000020e+30 1.000000000000000020e+30 1.000000000000000020e+30 1.000000000000000020e+30 1.000000000000000020e+30
1.000000000000000020e+30 1.000000000000000020e+30 1.000000000000000020e+30 1.000000000000000020e+30 1.000000000000000020e+30 1.000000000000000020e+30 1.000000000000000020e+30 1.000000000000000020e+30 1.000000000000000020e+30 1.000000000000000020e+30 1.000000000000000020e+30 1.000000000000000020e+30 1.000000000000000020e+30 1.000000000000000020e+30 1.000000000000000020e+30 6.713165786339221341e+00 6.981662788067295899e+00 7.231069000078139020e+00 7.496699413913882282e+00 7.742294562195651153e+00 7.974647408316925201e+00 8.194497656588298540e+00 8.393708058450648934e+00 8.572036833672175504e+00 8.729840077421188838e+00 8.866146073292838992e+00 8.981043378966139912e+00 9.074966810115416394e+00 9.148238650090259938e+00 9.201306739571714743e+00 9.234689161026857107e+00 9.248858500448370989e+00 9.244187533401092338e+00 9.220949237432176204e+00 9.179341605043278562e+00 9.119518472879063253e+00 9.041617864836155150e+00 8.945784110753885798e+00 8.832182065755787903e+00 8.701005411397163769e+00 8.552491591761041789e+00 8.386977248878917379e+00 8.205044950051476604e+00 8.007737656939815096e+00 7.796451552355134318e+00 7.571650085448342615e+00 7.331904048199870516e+00 7.073303181283417729e+00 6.789531704734889317e+00 6.473925250811861432e+00 6.128243628018289257e+00 5.812787349291689942e+00 5.482153698065006964e+00 1.000000000000000020e+30 1.000000000000000020e+30 1.000000000000000020e+30 1.000000000000000020e+30
1.000000000000000020e+30 1.000000000000000020e+30 1.000000000000000020e+30 1.000000000000000020e+30 1.000000000000000020e+30 1.000000000000000020e+30 1.000000000000000020e+30 1.000000000000000020e+30 1.000000000000000020e+30 1.000000000000000020e+30 1.000000000000000020e+30 1.000000000000000020e+30 1.000000000000000020e+30 1.000000000000000020e+30 6.036370900496848435e+00 6.369338067378168766e+00 6.672781828411173066e+00 6.957605558719825112e+00 7.234626040217933429e+00 7.496965283428187021e+00 7.743952333070853733e+00 7.974409377877680782e+00 8.185179316730430088e+00 8.374911807337941383e+00 8.542997668131151912e+00 8.688866098941527838e+00 8.812366986332921925e+00 8.913622850111970308e+00 8.992850120312624540e+00 9.050349271297594811e+00 9.086462437387712754e+00 9.101515029216423969e+00 9.095779750271100639e+00 9.069469544141707473e+00 9.022750908150779736e+00 8.955768467400208266e+00 8.868675208364869889e+00 8.761665849552008112e+00 8.635013023710939706e+00 8.489108068422970277e+00 8.324510472010826945e+00 8.142008961553909074e+00 7.942679513926129253e+00 7.727863967272461387e+00 7.498883069548303304e+00 7.256325932599656525e+00 6.999390014248314529e+00 6.725623026126130277e+00 6.431536076234874777e+00 6.114767161472847157e+00 5.778580314881281765e+00 5.436885647727208060e+00 5.079172444078039916e+00 4.695743784501303253e+00 1.000000000000000020e+30 1.000000000000000020e+30 1.000000000000000020e+30
1.000000000000000020e+30 1.000000000000000020e+30 1.000000000000000020e+30 1.000000000000000020e+30 1.000000000000000020e+30 1.000000000000000020e+30 1.000000000000000020e+30 1.000000000000000020e+30 1.000000000000000020e+30 1.000000000000000020e+30 1.000000000000000020e+30 1.000000000000000020e+30 1.000000000000000020e+30 5.245161730011238532e+00 5.627630730458887065e+00 5.979632204178785493e+00 6.307983068445794039e+00 6.618720231761533235e+00 6.915751956171349413e+00 7.197553988749792353e+00 7.462638709220026811e+00 7.709299250301334894e+00 7.935458949733960488e+00 8.139640575402685485e+00 8.320900569735268704e+00 8.478617736366784285e+00 8.612496887482526731e+00 8.722485486087025564e+00 8.808672796678994388e+00 8.871234463908010071e+00 8.910385925973786314e+00 8.926341356864714527e+00 8.919288041321191685e+00 8.889379825180729000e+00 8.836747263757679605e+00 8.761520734531217158e+00 8.663864094371939828e+00 8.544018438162547469e+00 8.402357166962053370e+00 8.239454109836817253e+00 8.056163997477733929e+00 7.853704652566158906e+00 7.633705030365530497e+00 7.398137664418094950e+00 7.149011793074202537e+00 6.887761209726066092e+00 6.614531974005522841e+00 6.327787233537841338e+00 6.024781986606648765e+00 5.703051551119459717e+00 5.362453052275678367e+00 5.005691352592998022e+00 4.631979275118673911e+00 4.244535965173211522e+00 3.851316273255356304e+00 1.000000000000000020e+30 1.000000000000000020e+30
1.000000000000000020e+30 1.000000000000000020e+30 1.000000000000000020e+30 1.000000000000000020e+30 1.000000000000000020e+30 1.000000000000000020e+30 1.000000000000000020e+30 1.000000000000000020e+30 1.000000000000000020e+30 1.000000000000000020e+30 1.000000000000000020e+30 1.000000000000000020e+30 4.373172374531564266e+00 4.788470827647944184e+00 5.174549652688102519e+00 5.538782885615024298e+00 5.886514254441020277e+00 6.220198503996871686e+00 6.540089557596555636e+00 6.844473026097815271e+00 7.131230826380569709e+00 7.398200642731247001e+00 7.643331131196615225e+00 7.865005278791176835e+00 8.062085156153033338e+00 8.233830572652715674e+00 8.379829535316847711e+00 8.499910917596094961e+00 8.594058413091646642e+00 8.662346477078537887e+00 8.704892642633540234e+00 8.721823155132089056e+00 8.713253172344131769e+00 8.679282201518370599e+00 8.620003868774245959e+00 8.535528877922551771e+00 8.426021183988275709e+00 8.291749347703181172e+00 8.133157026959823455e+00 7.950957483101801060e+00 7.746254452396227563e+00 7.520680812689415795e+00 7.276518715130037229e+00 7.016711376970246050e+00 6.744604942697609573e+00 6.463233386023235383e+00 6.174143115644111113e+00 5.876314589533467192e+00 5.566356809545528250e+00 5.239777007092450312e+00 4.892621006252311666e+00 4.522831658641282004e+00 4.131890170627085190e+00 3.735160842023353300e+00 3.397424981531905974e+00 1.000000000000000020e+30 1.000000000000000020e+30
1.000000000000000020e+30 1.000000000000000020e+30 1.000000000000000020e+30 1.000000000000000020e+30 1.000000000000000020e+30 1.000000000000000020e+30 1.000000000000000020e+30 1.000000000000000020e+30 1.000000000000000020e+30 1.000000000000000020e+30 1.000000000000000020e+30 3.455793806738413743e+00 3.887490460113196544e+00 4.288964574827256904e+00 4.670331472210007995e+00 5.041058810433396431e+00 5.405769473508043710e+00 5.762592129319839884e+00 6.107855434445563780e+00 6.438041861058292348e+00 6.749987106148489069e+00 7.040853557076812486e+00 7.308220827260961450e+00 7.550216343936332564e+00 7.765521077056019017e+00 7.953282209761482591e+00 8.113002572322971062e+00 8.244431975349183261e+00 8.347476247740717170e+00 8.422130814855997016e+00 8.468435180725554901e+00 8.486443773532052148e+00 8.476210750269808969e+00 8.437787532405213398e+00 8.371232290178232560e+00 8.276631369976952257e+00 8.154134331430253013e+00 8.004006936037002973e+00 7.826709931103624562e+00 7.623015221473515624e+00 7.394173414921769272e+00 7.142143336183915281e+00 6.869872823933250494e+00 6.581551704969631267e+00 6.282592646160704675e+00 5.978825124889598719e+00 5.674315120755371922e+00 5.368443729159061206e+00 5.056020709028182125e+00 4.729028130944649355e+00 4.378490778994740040e+00 3.996069335581936777e+00 3.575209002016136228e+00 3.107739864528181073e+00 2.550008248402767297e+00 1.695333665271847812e+00 1.000000000000000020e+30
1.000000000000000020e+30 1.000000000000000020e+30 1.000000000000000020e+30 1.000000000000000020e+30 1.000000000000000020e+30 1.000000000000000020e+30 1.000000000000000020e+30 1.000000000000000020e+30 1.000000000000000020e+30 1.000000000000000020e+30 2.507242154214586627e+00 2.959872264404713071e+00 3.365062819354251111e+00 3.740687047843583635e+00 4.106595815772237756e+00 4.478358500194383751e+00 4.861418820076729652e+00 5.244875599336139338e+00 5.619181958318602454e+00 5.978797580884739560e+00 6.319499662102406212e+00 6.637633799731920803e+00 6.930220635088822689e+00 7.195062569427536303e+00 7.430682229736758515e+00 7.636162654870628508e+00 7.810973740421745859e+00 7.954828925928862482e+00 8.067584210933970823e+00 8.149174113946052955e+00 8.199573417813279974e+00 8.218775701072456030e+00 8.206783626094130923e+00 8.163608616051631017e+00 8.089278921912153919e+00 7.983856295443184869e+00 7.847463565908177507e+00 7.680329028733519969e+00 7.482859170225959033e+00 7.255759435744023378e+00 7.000234479260414311e+00 6.718315577347309109e+00 6.413377500705927936e+00 6.090874151243489187e+00 5.759074269717267214e+00 5.428763599044443389e+00 5.109456479831962383e+00 4.800895065011858698e+00 4.494486727130039938e+00 4.177002368888014239e+00 3.833052536603216431e+00 3.447050939275725145e+00 3.007943955717768514e+00 2.518033762337651638e+00 1.953372146542738719e+00 1.935425731150363537e+00 1.000000000000000020e+30
1.000000000000000020e+30 1.000000000000000020e+30 1.000000000000000020e+30 1.000000000000000020e+30 1.000000000000000020e+30 1.000000000000000020e+30 1.000000000000000020e+30 1.000000000000000020e+30 1.000000000000000020e+30 1.274891224008522173e+00 1.999118003468170590e+00 2.451705377157324950e+00 2.809584486318391860e+00 3.137472241995537203e+00 3.470834771876389446e+00 3.836900685539342160e+00 4.248034531016151583e+00 4.666730947699058163e+00 5.075000088762776862e+00 5.467973549716549364e+00 5.841094585693705987e+00 6.189747549850716624e+00 6.510238824508766342e+00 6.800050232273690654e+00 7.057644208364574290e+00 7.282151575171374347e+00 7.473095303214664753e+00 7.630203803278924113e+00 7.753307589037060410e+00 7.842290189907304310e+00 7.897066912682295658e+00 7.917576303321404829e+00 7.903778017722955518e+00 7.855654891253655236e+00 7.773218134621730613e+00 7.656515222697772849e+00 7.505641890930835558e+00 7.320763737553113160e+00 7.102160087113851716e+00 6.850314354225512936e+00 6.566095120386864714e+00 6.251113944478100315e+00 5.908442142120763130e+00 5.544038990229998021e+00 5.169268074904196375e+00 4.803571172668719136e+00 4.470345472284202870e+00 4.168323536664354734e+00 3.881992933185218320e+00 3.590682516272261093e+00 3.270898418019846599e+00 2.895345099708109160e+00 2.439827966597732267e+00 1.956681575036891552e+00 2.072612015047286871e+00 2.116980990016379405e+00 1.000000000000000020e+30
1.000000000000000020e+30 1.000000000000000020e+30 1.000000000000000020e+30 1.000000000000000020e+30 1.000000000000000020e+30 1.000000000000000020e+30 1.000000000000000020e+30 1.000000000000000020e+30 1.646578697923583023e+00 1.362181701622209085e+00 1.713001085959296343e+00 1.983573143975677411e+00 2.226662084987665935e+00 2.469516531362081491e+00 2.741554548078632969e+00 3.087844635492440037e+00 3.562477437334075514e+00 4.032499906611776375e+00 4.478078397717063730e+00 4.907811005058665188e+00 5.317153399388533153e+00 5.699523693854261275e+00 6.050223735804824088e+00 6.366558442810750229e+00 6.647182149558092057e+00 6.891487412104430277e+00 7.099178490162338484e+00 7.270051594166480946e+00 7.403920858157265528e+00 7.500612016748521960e+00 7.559974030663755507e+00 7.581889953715642783e+00 7.566284293551029272e+00 7.513127725181241168e+00 7.422438488175520988e+00 7.294278192202959588e+00 7.128740380403082000e+00 6.925933932277331451e+00 6.685970705596550268e+00 6.408977737563001043e+00 6.095168878081852704e+00 5.745045003154844565e+00 5.359948905478669978e+00 4.943792059622555968e+00 4.508252279839669363e+00 4.085343260769312757e+00 3.740716285138180108e+00 3.461750159039626684e+00 3.217189973737971886e+00 2.976918681798479849e+00 2.710686416412956490e+00 2.373005371112329787e+00 1.853469124177663074e+00 2.060189579114640956e+00 2.219443626040011885e+00 2.297306172720279260e+00 1.000000000000000020e+30
1.000000000000000020e+30 1.000000000000000020e+30 1.000000000000000020e+30 1.000000000000000020e+30 1.000000000000000020e+30 1.000000000000000020e+30 1.000000000000000020e+30 2.049810882888250863e+00 1.874624335695580957e+00 1.677660681162645107e+00 1.458701937626434075e+00 1.492615836194285839e+00 1.592430054923249960e+00 1.719816894215245195e+00 1.884265653167823462e+00 2.154683979646360825e+00 2.822183492851617626e+00 3.360222976899927882e+00 3.832017434682629009e+00 4.300961480273183035e+00 4.751388618625664861e+00 5.170835099133115342e+00 5.553458438454536683e+00 5.896993271979393825e+00 6.200835299314008786e+00 6.465000173903535874e+00 6.689532952325206061e+00 6.874321108834577032e+00 7.019129988156996625e+00 7.123689830529030154e+00 7.187759267389477458e+00 7.211158316509584942e+00 7.193783942986727631e+00 7.135617130593405300e+00 7.036721234835755290e+00 6.897225324376961453e+00 6.717284812502803959e+00 6.497014609128397566e+00 6.236397453627625431e+00 5.935180222841963449e+00 5.592763904044231182e+00 5.208016347947839186e+00 4.778841141528580749e+00 4.301883518152550323e+00 3.776444912025525014e+00 3.233432821420287429e+00 2.891873683300298037e+00 2.668371026863820106e+00 2.496611933546652562e+00 2.338741794235226656e+00 2.173298647398211436e+00 1.986951795482783556e+00 1.736975300401872868e+00 2.166295482786164683e+00 2.398739600059881294e+00 2.504509331630499158e+00 1.000000000000000020e+30
1.000000000000000020e+30 1.000000000000000020e+30 1.000000000000000020e+30 1.000000000000000020e+30 1.000000000000000020e+30 1.000000000000000020e+30 2.218985644317303940e+00 2.151116837155329087e+00 2.058554792313833648e+00 1.958081652418287133e+00 1.876499531930054365e+00 1.885805321283695601e+00 1.947889480044989963e+00 2.035387713361235473e+00 2.132701761527403761e+00 2.214851455550812087e+00 2.158191870285874003e+00 2.696425208959825515e+00 3.127768008295765068e+00 3.648526725917276448e+00 4.149796559654822303e+00 4.609912740230824646e+00 5.024932035220712301e+00 5.394883816787541697e+00 5.720875807338814845e+00 6.004065214341611778e+00 6.244962214514073295e+00 6.443461092367326337e+00 6.599156324722453171e+00 6.711597355021724276e+00 6.780410456547793174e+00 6.805340473851831717e+00 6.786265061936051168e+00 6.723203210727627166e+00 6.616315102958393979e+00 6.465878469452058575e+00 6.272223609291697421e+00 6.035611242052956626e+00 5.756046660307913676e+00 5.433052824801695380e+00 5.065448608346446946e+00 4.650941886139095871e+00 4.184337721951113309e+00 3.651158680078857355e+00 3.009403445898880758e+00 2.131985046174909915e+00 1.879126075503205318e+00 1.778267251610899713e+00 1.717552525238890571e+00 1.663963584318764788e+00 1.613351526527832203e+00 1.622178895947997024e+00 2.058956545695294515e+00 2.419962900094337233e+00 2.650175768035837542e+00 2.760489124108009396e+00 1.000000000000000020e+30
1.000000000000000020e+30 1.000000000000000020e+30 1.000000000000000020e+30 1.000000000000000020e+30 1.000000000000000020e+30 2.184386927487274477e+00 2.203984582836304718e+00 2.198265343910727587e+00 2.176701188012035715e+00 2.151620233201960275e+00 2.140810275994432299e+00 2.166607919265313154e+00 2.219999175305018113e+00 2.284414102062855889e+00 2.340862784120271378e+00 2.360444391124628005e+00 2.289918165625016488e+00 2.086465265739056107e+00 2.278109872462591667e+00 2.955379448408324006e+00 3.525324807642687741e+00 4.026843101384563361e+00 4.471611811179664997e+00 4.864767312216270234e+00 5.210065928648855760e+00 5.510417552345637127e+00 5.766701461407995666e+00 5.978458882909892580e+00 6.144831310365418631e+00 6.265051052948493293e+00 6.338567331391536719e+00 6.365043784841174279e+00 6.344349024118870695e+00 6.276568224155723463e+00 6.162017228405754388e+00 6.001227206308040074e+00 5.794867343992641473e+00 5.543571866147989802e+00 5.247636231332445611e+00 4.906620605771605526e+00 4.519206850456225055e+00 4.083775034472844290e+00 3.598477858880637203e+00 3.056136818199559624e+00 2.431541339802127943e+00 1.790124338759678801e+00 1.931431588386124165e+00 1.997537038091571793e+00 2.039781459830249943e+00 2.058363795891285708e+00 2.031930562216119007e+00 1.871825414923330433e+00 2.408180004867980450e+00 2.748102991582869414e+00 2.960123690435066290e+00 3.062926972606153431e+00 1.000000000000000020e+30
1.000000000000000020e+30 1.000000000000000020e+30 1.000000000000000020e+30 1.000000000000000020e+30 1.000000000000000020e+30 2.080981786030060121e+00 2.130930393763734276e+00 2.179588462173061458e+00 2.219309670749338270e+00 2.254932287844806371e+00 2.295559351430837225e+00 2.349080028061537817e+00 2.412016122509715199e+00 2.473927209723964182e+00 2.520437086318920272e+00 2.533816034911466009e+00 2.497495400950594746e+00 2.423410972361065951e+00 2.413166020910713527e+00 2.314174056904349186e+00 2.908698474897828845e+00 3.435780530132777510e+00 3.901771751495599183e+00 4.311602449342428756e+00 4.671018011084003163e+00 4.985758098933542826e+00 5.256315371681828275e+00 5.480909564003439982e+00 5.657725663401223848e+00 5.785549262094147771e+00 5.863659891967577309e+00 5.891663264108092157e+00 5.869429959995883017e+00 5.797127004681839502e+00 5.675275461868684701e+00 5.504772754031002080e+00 5.286833838494896298e+00 5.022800730380612144e+00 4.713682841553241687e+00 4.359246805101152589e+00 3.957485122721590809e+00 3.507386081218369256e+00 3.015548607044453711e+00 2.494851975553124657e+00 1.828520434629213209e+00 1.823496887382741294e+00 2.019117500575248414e+00 2.197772389350438171e+00 2.340321208857546686e+00 2.450616891781607354e+00 2.536237990212455440e+00 2.626864279994414630e+00 2.896581145017920633e+00 3.139604817888848043e+00 3.310132474218307141e+00 3.396751680038328391e+00 1.000000000000000020e+30
1.000000000000000020e+30 1.000000000000000020e+30 1.000000000000000020e+30 1.000000000000000020e+30 1.667384600081933455e+00 1.846992609489610526e+00 1.977596572010301923e+00 2.087885454352234493e+00 2.184387437653727115e+00 2.272479351983643703e+00 2.357740682617082584e+00 2.443491856333984913e+00 2.527446880579744093e+00 2.602532309559717927e+00 2.658758690959816651e+00 2.685450801608549209e+00 2.675691552324727773e+00 2.634724307108823549e+00 2.579549889360079007e+00 2.471159507903311070e+00 2.302670055548398764e+00 2.844143859600198443e+00 3.322417539224172156e+00 3.739854209145570429e+00 4.104863129797609034e+00 4.431106804848823799e+00 4.715670947428052706e+00 4.953218221355238704e+00 5.140353212302201769e+00 5.275531812059266024e+00 5.358044575518790431e+00 5.387520000910421381e+00 5.363825617990882755e+00 5.287184130507784019e+00 5.158331888847071056e+00 4.978620457850948533e+00 4.750023090431720441e+00 4.475062109607605976e+00 4.156376695408432020e+00 3.794479976460116255e+00 3.383922371254043160e+00 2.917665312942570477e+00 2.411927799251055049e+00 2.035318165992836992e+00 1.746770472306313104e+00 1.617501665912258746e+00 2.079539255810943565e+00 2.384815222196107865e+00 2.619578822741286395e+00 2.810571755576853015e+00 2.975787493841797637e+00 3.140352057628406079e+00 3.343241295414850711e+00 3.529878079489470188e+00 3.666617022693790418e+00 3.737876553525015577e+00 1.000000000000000020e+30
1.000000000000000020e+30 1.000000000000000020e+30 1.000000000000000020e+30 1.000000000000000020e+30 1.420400446833967711e+00 1.588938566375267092e+00 1.767750229410225193e+00 1.930455678813178588e+00 2.076540360100975757e+00 2.210375777821263377e+00 2.336274327247881644e+00 2.456193746314799142e+00 2.568243565674125595e+00 2.667004776913972641e+00 2.744877193025918150e+00 2.794034032864976425e+00 2.808945796510069481e+00 2.788439879014011691e+00 2.732314978901055458e+00 2.627736594414812554e+00 2.469067880796899761e+00 2.257692577539460732e+00 2.741413092805833340e+00 3.154334548726585030e+00 3.508144513287835942e+00 3.845971575815405608e+00 4.147367903044097304e+00 4.399151110817990151e+00 4.596483056102828257e+00 4.738527925955987818e+00 4.825101371238493364e+00 4.855977028841710563e+00 4.830933934100256621e+00 4.750125701131364231e+00 4.614432892888868487e+00 4.425675941453310891e+00 4.186665862212026745e+00 3.901525310191331641e+00 3.576734899967661807e+00 3.217372018275434176e+00 2.810223604451271839e+00 2.317424846660312010e+00 1.635353242728987189e+00 1.447828941150468340e+00 1.468137403418655174e+00 1.860757755883825748e+00 2.248845797259897861e+00 2.587201487138892197e+00 2.881567153886077648e+00 3.130410319787926277e+00 3.345937426350765964e+00 3.541507177637809978e+00 3.727620631177748667e+00 3.887458995269297723e+00 4.003046899104895751e+00 4.063198057526832940e+00 1.000000000000000020e+30
1.000000000000000020e+30 1.000000000000000020e+30 1.000000000000000020e+30 5.006443395025649279e-01 9.460207177103134857e-01 1.256268716317765710e+00 1.504109791249098382e+00 1.715071748952571529e+00 1.902621802523571937e+00 2.074926254208893983e+00 2.237165219724725151e+00 2.391329251889545926e+00 2.535616252018812133e+00 2.665027772404251039e+00 2.772571227922266512e+00 2.850920808890730740e+00 2.893992233472747255e+00 2.897596494323762872e+00 2.857916806988915148e+00 2.768684103617588210e+00 2.625755410517018884e+00 2.427482733797135417e+00 2.172595968954121215e+00 2.565434984208129432e+00 2.861762459076635956e+00 3.228353734293651467e+00 3.556750597837845529e+00 3.825076705906093277e+00 4.031471025397497243e+00 4.179167533744656104e+00 4.269211614728059878e+00 4.301499397235608591e+00 4.275388609994238642e+00 4.190649768215017446e+00 4.048124746351791536e+00 3.850065413828010374e+00 3.599790773090208784e+00 3.301935868926033191e+00 2.970481212885272004e+00 2.631847481840356107e+00 2.271578731519570571e+00 1.862573698787054921e+00 1.419789234470727024e+00 1.584523005434326448e+00 1.760623112147021496e+00 2.064391597613174589e+00 2.414903112262325902e+00 2.772692853226589538e+00 3.121236383212629306e+00 3.409863963214195604e+00 3.657359485474974470e+00 3.869041064820669895e+00 4.051157867317824568e+00 4.198777621574905083e+00 4.301973200264954222e+00 4.354473781687105749e+00 1.000000000000000020e+30
1.000000000000000020e+30 1.000000000000000020e+30 1.000000000000000020e+30 3.618063479577598440e-01 5.643119775634601876e-01 9.331235841611390525e-01 1.216407384080407494e+00 1.455647145879524595e+00 1.671106776481794620e+00 1.872165334987375029e+00 2.064888902506270885e+00 2.251808815785104390e+00 2.430630654439860816e+00 2.595683257309556069e+00 2.739086909236843947e+00 2.852616747668056618e+00 2.929119583271266425e+00 2.962999077344449894e+00 2.949710310757454490e+00 2.885068670472213714e+00 2.766098773354729978e+00 2.590219483476476903e+00 2.350221896831074186e+00 2.015046732583755329e+00 2.084820761894366381e+00 2.584634598244638148e+00 2.958232824065787359e+00 3.242004268113969356e+00 3.452007323594827426e+00 3.602761215670252870e+00 3.695492692809837276e+00 3.729635415985803615e+00 3.703222738230419253e+00 3.615032334809654913e+00 3.465561660103683383e+00 3.257842491845251320e+00 2.995434990414277632e+00 2.675411175475933767e+00 2.315927121216023288e+00 2.017594860895847830e+00 1.736685117653035570e+00 1.402481329093345774e+00 1.510152715326468220e+00 1.672590358725074555e+00 1.883413139332359432e+00 2.172005602353681564e+00 2.516219228537617258e+00 2.901649462561871395e+00 3.346999797004701627e+00 3.650078094996279443e+00 3.918748403679935155e+00 4.135738017806915856e+00 4.314977379853368156e+00 4.457277245356688233e+00 4.552259466898976648e+00 4.597856879681882170e+00 1.000000000000000020e+30
1.000000000000000020e+30 1.000000000000000020e+30 1.000000000000000020e+30 2.392638968459662729e-01 3.632052689221713093e-01 6.538009067240768690e-01 9.216869662826105980e-01 1.161309200678567910e+00 1.388752791092345173e+00 1.606737573496384242e+00 1.822230574697673910e+00 2.039489381239394383e+00 2.254317560481530425e+00 2.459343300495079987e+00 2.644142247517794697e+00 2.798387971071206515e+00 2.913552645190089052e+00 2.983266386428963912e+00 3.003034045181816047e+00 2.969967444150588776e+00 2.883094171305931486e+00 2.743920396620121771e+00 2.558602683173237136e+00 2.349575902199918964e+00 2.215997196971966510e+00 2.008748859330930170e+00 2.386535018376790607e+00 2.666380603534280525e+00 2.863156995171423524e+00 3.014127764889807271e+00 3.109195717386788349e+00 3.146976103247433709e+00 3.122110058745219074e+00 3.031477460802405322e+00 2.874458430644164952e+00 2.656859857989650742e+00 2.389472758797158036e+00 2.034336025034010120e+00 1.552114295065485594e+00 1.342688485293732858e+00 1.216479515766368591e+00 1.000000000000000020e+30 1.000000000000000020e+30 1.000000000000000020e+30 1.000000000000000020e+30 1.000000000000000020e+30 1.000000000000000020e+30 1.000000000000000020e+30 3.635813739126471766e+00 3.838742599532432909e+00 4.140087752478640581e+00 4.343931560210597453e+00 4.515856405586967881e+00 4.660400901191976253e+00 4.747382797874253768e+00 4.781405059721890893e+00 1.000000000000000020e+30
1.000000000000000020e+30 1.000000000000000020e+30 7.600120822071466942e-02 1.341616345001274690e-01 2.152540024810101760e-01 3.651276272311899662e-01 6.142926985023826614e-01 8.304526354080364881e-01 1.060037095986291034e+00 1.281423072704531485e+00 1.509210018465434677e+00 1.754974280702968903e+00 2.007447718474663301e+00 2.257640197466213916e+00 2.489731230608386969e+00 2.689885401254290986e+00 2.848074045906036300e+00 2.957597547508940661e+00 3.014373818970784935e+00 3.016541823731905492e+00 2.964549528812790324e+00 2.861728524145502384e+00 2.715762491711971371e+00 2.541543422075166703e+00 2.359950258160159464e+00 2.134049987354289968e+00 1.855129731147015626e+00 2.112942763007483737e+00 2.257206240387361618e+00 2.416903255684685892e+00 2.514780374095050508e+00 2.561367763151786825e+00 2.541846901069516829e+00 2.451046281723072706e+00 2.283369762925893554e+00 2.048774360229038471e+00 1.818833674990985694e+00 1.473941439421649457e+00 1.512099003087684856e+00 1.445211702272054755e+00 1.349036350039140242e+00 1.000000000000000020e+30 1.000000000000000020e+30 1.000000000000000020e+30 1.000000000000000020e+30 1.000000000000000020e+30 1.000000000000000020e+30 1.000000000000000020e+30 1.000000000000000020e+30 1.000000000000000020e+30 4.362348457009479930e+00 4.483319099613551018e+00 4.640016478617754458e+00 4.814219750415912991e+00 4.886954819977547437e+00 4.889830036610581132e+00 1.000000000000000020e+30
1.000000000000000020e+30 1.000000000000000020e+30 5.605911486642647240e-02 8.110470510346023953e-02 1.248041517563158453e-01 1.983392098654458979e-01 3.094336586989065441e-01 4.486577378773731195e-01 6.946911602026302202e-01 8.980181874339716597e-01 1.119656833015242992e+00 1.397946122863249485e+00 1.689765349477049927e+00 1.993882007960586344e+00 2.280747491095847401e+00 2.531615042455200193e+00 2.735727581254175256e+00 2.886951027997113783e+00 2.982108534647155196e+00 3.020301242199076697e+00 3.002776419297921606e+00 2.933097401941043181e+00 2.817384410867418865e+00 2.663804690516126783e+00 2.478226505470122465e+00 2.250658263379593294e+00 1.971637555677652198e+00 1.618165358218983219e+00 1.580070793554113395e+00 1.824032561378176043e+00 1.913309240424384328e+00 1.983238012765927261e+00 1.974885594698914115e+00 1.891240083297996755e+00 1.705931811122614716e+00 1.386860040982305753e+00 1.317772382837932188e+00 1.473684922462029423e+00 1.536283339689399119e+00 1.537557097025957775e+00 1.000000000000000020e+30 1.000000000000000020e+30 1.000000000000000020e+30 1.000000000000000020e+30 1.000000000000000020e+30 1.000000000000000020e+30 1.000000000000000020e+30 1.000000000000000020e+30 1.000000000000000020e+30 1.000000000000000020e+30 1.000000000000000020e+30 1.000000000000000020e+30 1.000000000000000020e+30 4.969094027902980493e+00 4.985108378286457587e+00 1.000000000000000020e+30 1.000000000000000020e+30
1.000000000000000020e+30 2.626652835746038153e-02 3.669544547411209001e-02 5.085013333340816094e-02 7.362027295714167197e-02 1.096467728377625711e-01 1.624835190185015266e-01 2.343669414464774337e-01 3.393582872715938392e-01 4.571953313145156184e-01 6.274832536449864717e-01 9.728830596802541253e-01 1.296427857002851569e+00 1.674878895920492328e+00 2.026772818416453070e+00 2.331856603524869342e+00 2.582346818161684432e+00 2.774522181473593196e+00 2.906871543167289129e+00 2.979595981729275422e+00 2.994512198407489834e+00 2.955049564421821984e+00 2.866083138145453013e+00 2.733158631835200136e+00 2.560503456296863600e+00 2.348846325575807636e+00 2.102190755052071314e+00 1.837643485777510355e+00 1.628232646891971003e+00 1.336383643061833437e+00 1.281187720056128132e+00 1.432730567762267926e+00 1.433071651837969140e+00 1.384555708464744406e+00 1.217058172330740540e+00 1.360130503941205049e+00 1.431416226448767981e+00 1.523675041100997163e+00 1.577010102829329963e+00 1.586504425371495053e+00 1.000000000000000020e+30 1.000000000000000020e+30 1.000000000000000020e+30 1.000000000000000020e+30 1.000000000000000020e+30 1.000000000000000020e+30 1.000000000000000020e+30 1.000000000000000020e+30 1.000000000000000020e+30 1.000000000000000020e+30 1.000000000000000020e+30 1.000000000000000020e+30 1.000000000000000020e+30 1.000000000000000020e+30 1.000000000000000020e+30 1.000000000000000020e+30 1.000000000000000020e+30
1.000000000000000020e+30 2.264847761464682668e-02 2.700301926733992414e-02 3.432351567910420925e-02 4.592642856615939545e-02 6.369503744041575544e-02 8.950721872157256509e-02 1.255587541859790879e-01 1.763780309903207333e-01 2.439312762690109826e-01 3.483771488701990493e-01 5.286999685967677109e-01 7.971048071790871603e-01 1.319552729145661019e+00 1.745811403890879854e+00 2.103526919903985881e+00 2.396560090546736355e+00 2.625577539264322358e+00 2.791274924674151503e+00 2.895032877000507820e+00 2.939171119011589450e+00 2.927034685992856211e+00 2.862870200396225417e+00 2.751411173935592203e+00 2.597268650173697679e+00 2.405030132581261526e+00 2.182148176187450161e+00 1.942471674818217364e+00 1.706782325084631013e+00 1.460242513757820992e+00 1.256578042798036421e+00 9.912850641854527023e-01 8.984609990139840185e-01 9.560250286757061566e-01 1.191051802609959909e+00 1.362860400181479470e+00 1.479238738210583826e+00 1.565121675277331592e+00 1.612935017904570945e+00 1.000000000000000020e+30 1.000000000000000020e+30 1.000000000000000020e+30 1.000000000000000020e+30 1.000000000000000020e+30 1.000000000000000020e+30 1.000000000000000020e+30 1.000000000000000020e+30 1.000000000000000020e+30 1.000000000000000020e+30 1.000000000000000020e+30 1.000000000000000020e+30 1.000000000000000020e+30 1.000000000000000020e+30 1.000000000000000020e+30 1.000000000000000020e+30 1.000000000000000020e+30 1.000000000000000020e+30
1.738759735804736029e-02 1.920348104016923046e-02 2.162241816736120564e-02 2.541873844242355934e-02 3.130939971190430798e-02 4.018797402297601129e-02 5.312800985371585183e-02 7.166927553595138500e-02 9.858206062832493288e-02 1.385627738050795588e-01 2.044898483490200924e-01 3.220253247480011627e-01 5.397479594379274159e-01 1.008453317043475073e+00 1.467854381843005651e+00 1.862953956775611042e+00 2.188588850906934002e+00 2.446594485332442392e+00 2.639205897813892587e+00 2.768686286353984283e+00 2.837694698587765352e+00 2.849504483365125740e+00 2.808009036230771027e+00 2.717581384986939685e+00 2.582953531577712791e+00 2.409505214711281873e+00 2.204338241421181177e+00 1.977054958442968413e+00 1.738096146186591140e+00 1.491416989209235267e+00 1.250662095526516637e+00 1.003293852066043490e+00 7.803970604327724603e-01 9.536886159030417698e-01 1.187952187467634424e+00 1.375646767188421604e+00 1.508724870403079565e+00 1.593849769675787842e+00 1.637193757934469973e+00 1.000000000000000020e+30 1.000000000000000020e+30 1.000000000000000020e+30 1.000000000000000020e+30 1.000000000000000020e+30 1.000000000000000020e+30 1.000000000000000020e+30 1.000000000000000020e+30 1.000000000000000020e+30 1.000000000000000020e+30 1.000000000000000020e+30 1.000000000000000020e+30 1.000000000000000020e+30 1.000000000000000020e+30 1.000000000000000020e+30 1.000000000000000020e+30 1.000000000000000020e+30 1.000000000000000020e+30
1.677999311584442432e-02 1.750948484091632493e-02 1.874591900110585130e-02 2.070001153777457914e-02 2.370982927511517541e-02 2.824314803334062110e-02 3.496535441545555595e-02 4.497490442716869236e-02 6.034821995858464377e-02 8.523767291538360269e-02 1.288115206881523256e-01 2.095581763907467532e-01 3.639528975212694140e-01 6.643413524350679777e-01 1.197009953702889318e+00 1.621789751551618641e+00 1.967563005100452012e+00 2.243919101562630747e+00 2.454958476526803768e+00 2.603399673798720393e+00 2.691942350656856942e+00 2.723678455163768941e+00 2.702162667673559060e+00 2.631384031380337607e+00 2.515745208909649921e+00 2.360153680369766249e+00 2.170331672561713887e+00 1.952962419153412288e+00 1.715090965046906168e+00 1.463052646147258828e+00 1.205778223914387937e+00 9.530404298919965544e-01 7.551879336471275517e-01 8.544955073119401279e-01 1.188857552614814406e+00 1.395067181923693944e+00 1.528752360020291245e+00 1.616879648464666364e+00 1.692743628277960211e+00 1.000000000000000020e+30 1.000000000000000020e+30 1.000000000000000020e+30 1.000000000000000020e+30 1.000000000000000020e+30 1.000000000000000020e+30 1.000000000000000020e+30 1.000000000000000020e+30 1.000000000000000020e+30 1.000000000000000020e+30 1.000000000000000020e+30 1.000000000000000020e+30 1.000000000000000020e+30 1.000000000000000020e+30 1.000000000000000020e+30 1.000000000000000020e+30 1.000000000000000020e+30 1.000000000000000020e+30
1.626805295763119469e-02 1.659402024242477569e-02 1.721790770659677866e-02 1.822633392448558265e-02 1.979049400657902774e-02 2.218130598703795670e-02 2.584298000827753641e-02 3.158500831436002881e-02 4.100922547836403920e-02 5.741720888944306517e-02 8.777581382519111797e-02 1.464554049561590521e-01 2.630722204819014309e-01 4.993298465371292516e-01 9.851589637527676802e-01 1.396698496067603212e+00 1.741497593539414135e+00 2.022851547645270642e+00 2.242528108352565663e+00 2.402275055569010664e+00 2.504347985865252202e+00 2.551494462171408628e+00 2.546847796618944670e+00 2.493905733940991798e+00 2.396504553992275355e+00 2.258600843155734506e+00 2.084187136608192326e+00 1.877378224279098617e+00 1.642611211341048483e+00 1.385000448972808273e+00 1.110122088982389288e+00 8.098703316475351910e-01 9.043344192074055377e-01 1.055287961673407215e+00 1.273736545224273708e+00 1.451992331883866116e+00 1.584704123069733628e+00 1.676927199336098129e+00 1.000000000000000020e+30 1.000000000000000020e+30 1.000000000000000020e+30 1.000000000000000020e+30 1.000000000000000020e+30 1.000000000000000020e+30 1.000000000000000020e+30 1.000000000000000020e+30 1.000000000000000020e+30 1.000000000000000020e+30 1.000000000000000020e+30 1.000000000000000020e+30 1.000000000000000020e+30 1.000000000000000020e+30 1.000000000000000020e+30 1.000000000000000020e+30 1.000000000000000020e+30 1.000000000000000020e+30 1.000000000000000020e+30
1.593258536614428761e-02 1.608877104172153419e-02 1.640737922193436296e-02 1.693599573707656181e-02 1.777234392546229655e-02 1.908871047733810486e-02 2.119781748107359837e-02 2.470628422645733055e-02 3.084904850326049622e-02 4.220320890114728773e-02 6.421002486055368830e-02 1.083846469063354384e-01 1.994098667803450575e-01 3.913127690600124997e-01 8.052719335012094026e-01 1.182252686556462207e+00 1.511108260840566597e+00 1.786083136555257633e+00 2.005100482521024130e+00 2.168387364950588481e+00 2.277719349933070792e+00 2.335529981773571073e+00 2.344459679445952460e+00 2.307432853433915465e+00 2.227814479331736042e+00 2.108561005852035208e+00 1.951703446807972586e+00 1.758421151530783266e+00 1.529985382860717502e+00 1.270248872660399320e+00 9.952757525383892911e-01 7.772032862918100138e-01 9.599331478842522136e-01 1.147368501893832438e+00 1.352283156899099614e+00 1.533117907387487211e+00 1.671979987439687010e+00 1.750954729590174175e+00 1.000000000000000020e+30 1.000000000000000020e+30 1.000000000000000020e+30 1.000000000000000020e+30 1.000000000000000020e+30 1.000000000000000020e+30 1.000000000000000020e+30 1.000000000000000020e+30 1.000000000000000020e+30 1.000000000000000020e+30 1.000000000000000020e+30 1.000000000000000020e+30 1.000000000000000020e+30 1.000000000000000020e+30 1.000000000000000020e+30 1.000000000000000020e+30 1.000000000000000020e+30 1.000000000000000020e+30 1.000000000000000020e+30
1.573195922878325645e-02 1.581068309177460426e-02 1.597755811278849317e-02 1.626253111232967702e-02 1.672735191086286571e-02 1.748895327913690609e-02 1.877318738380581720e-02 2.103352593246090793e-02 2.520608111565566037e-02 3.325313561385934841e-02 4.932592860881142988e-02 8.228274535159015024e-02 1.513296601287912047e-01 2.992367043611122157e-01 6.257345423758950975e-01 9.665599470857096920e-01 1.273955998562518399e+00 1.535098571167461401e+00 1.745569699692727461e+00 1.904865579145700538e+00 2.015141603964133665e+00 2.078907434501643170e+00 2.098161194406237495e+00 2.075012512861790004e+00 2.013100279387759706e+00 1.914800752833772046e+00 1.780031686396994717e+00 1.606023830113251671e+00 1.388292630005679928e+00 1.119585470237905778e+00 7.819692177925465781e-01 8.278744868915866029e-01 9.719755993106174996e-01 1.170389012211814128e+00 1.404690303852848876e+00 1.614517407912857694e+00 1.757311184036664198e+00 1.796644712334645844e+00 1.000000000000000020e+30 1.000000000000000020e+30 1.000000000000000020e+30 1.000000000000000020e+30 1.000000000000000020e+30 1.000000000000000020e+30 1.000000000000000020e+30 1.000000000000000020e+30 1.000000000000000020e+30 1.000000000000000020e+30 1.000000000000000020e+30 1.000000000000000020e+30 1.000000000000000020e+30 1.000000000000000020e+30 1.000000000000000020e+30 1.000000000000000020e+30 1.000000000000000020e+30 1.000000000000000020e+30 1.000000000000000020e+30
1.561723948130678066e-02 1.565874815716917362e-02 1.574927656780784890e-02 1.590881991870359696e-02 1.617886781171162802e-02 1.664127201343685789e-02 1.745923546501903720e-02 1.896498864409191035e-02 2.184458622748941536e-02 2.752437326318032604e-02 3.897460558655486268e-02 6.236302842801022539e-02 1.103626804878067580e-01 2.081763987771398650e-01 4.010665104516655810e-01 7.418986694058442577e-01 1.030041192180031429e+00 1.272631876221346214e+00 1.467613946196829833e+00 1.615070349245669057e+00 1.719800881981447871e+00 1.785196674154650109e+00 1.811943665375303603e+00 1.799865731569585181e+00 1.755558038397671883e+00 1.681938877192267867e+00 1.577038109024117896e+00 1.433229581276857623e+00 1.241409981832049203e+00 9.912672346359761022e-01 6.704867295234500091e-01 7.429357461973776777e-01 8.807608299145274211e-01 1.102820854285683660e+00 1.432200021525996458e+00 1.707284193866053235e+00 1.864100606420020290e+00 1.000000000000000020e+30 1.000000000000000020e+30 1.000000000000000020e+30 1.000000000000000020e+30 1.000000000000000020e+30 1.000000000000000020e+30 1.000000000000000020e+30 1.000000000000000020e+30 1.000000000000000020e+30 1.000000000000000020e+30 1.000000000000000020e+30 1.000000000000000020e+30 1.000000000000000020e+30 1.000000000000000020e+30 1.000000000000000020e+30 1.000000000000000020e+30 1.000000000000000020e+30 1.000000000000000020e+30 1.000000000000000020e+30 1.000000000000000020e+30
1.555339503388721359e-02 1.557636850527271272e-02 1.562769274310191886e-02 1.572105234853735795e-02 1.588505078064777337e-02 1.617723087273793825e-02 1.671366652467301539e-02 1.773062528720770539e-02 1.971147272229836420e-02 2.364508060980321374e-02 3.154599729864943775e-02 4.748586920769530539e-02 7.959997672198221297e-02 1.439462436088167763e-01 2.724250336828486496e-01 5.349674323775283069e-01 7.867546207093707444e-01 1.004331230765890703e+00 1.176804290139932041e+00 1.302311461208348176e+00 1.394293725280533192e+00 1.458231243253381049e+00 1.491655836255472600e+00 1.484501758262338544e+00 1.456563227098980562e+00 1.412425288867570350e+00 1.349066411485499994e+00 1.249480251441119183e+00 1.099689567672540447e+00 8.856640996351364814e-01 5.805507461664967117e-01 5.524813080564381362e-01 6.626393191835098229e-01 8.809066369722734491e-01 1.449766405728860397e+00 1.831724582384127276e+00 2.043479331315545267e+00 1.000000000000000020e+30 1.000000000000000020e+30 1.000000000000000020e+30 1.000000000000000020e+30 1.000000000000000020e+30 1.000000000000000020e+30 1.000000000000000020e+30 1.000000000000000020e+30 1.000000000000000020e+30 1.000000000000000020e+30 1.000000000000000020e+30 1.000000000000000020e+30 1.000000000000000020e+30 1.000000000000000020e+30 1.000000000000000020e+30 1.000000000000000020e+30 1.000000000000000020e+30 1.000000000000000020e+30 1.000000000000000020e+30 1.000000000000000020e+30
1.551878329977910038e-02 1.553234469998660341e-02 1.556318028468831223e-02 1.562070200771517592e-02 1.572468344268029491e-02 1.591513037320590671e-02 1.627267784294824868e-02 1.696004739656896063e-02 1.830503515428931124e-02 2.096402396656579445e-02 2.623825179865880292e-02 3.667180656513677889e-02 5.714943480781494584e-02 9.682475772134405134e-02 1.722382503644136753e-01 3.108030513838648257e-01 5.410079269114431710e-01 7.368439957618484470e-01 8.825409025206518709e-01 9.681269503561527046e-01 1.038526258959686421e+00 1.097489911821226016e+00 1.140941439644789224e+00 1.117149715686115652e+00 1.100908555729639859e+00 1.090874781818562234e+00 1.089905198849958623e+00 1.045541450977118370e+00 9.593111504828351066e-01 8.177394307894129133e-01 5.910786812838477733e-01 5.925268449878827726e-01 7.905378230198453204e-01 9.333117117025616638e-01 1.566224626522017660e+00 2.031500222484752260e+00 2.362000753222079030e+00 2.648058198665345753e+00 1.000000000000000020e+30 1.000000000000000020e+30 1.000000000000000020e+30 1.000000000000000020e+30 1.000000000000000020e+30 1.000000000000000020e+30 1.000000000000000020e+30 1.000000000000000020e+30 1.000000000000000020e+30 1.000000000000000020e+30 1.000000000000000020e+30 1.000000000000000020e+30 1.000000000000000020e+30 1.000000000000000020e+30 1.000000000000000020e+30 1.000000000000000020e+30 1.000000000000000020e+30 1.000000000000000020e+30 1.000000000000000020e+30
1.550107611438028207e-02 1.551008793484332307e-02 1.553051666098825313e-02 1.556878305047647466e-02 1.563844955975336737e-02 1.576685776214768742e-02 1.600868596675200650e-02 1.647293475073196775e-02 1.737547204037094561e-02 1.913880986757558744e-02 2.257551401746970762e-02 2.921294036007709635e-02 4.184633715824876560e-02 6.539739239428264683e-02 1.080269462149782422e-01 1.817788761330741132e-01 3.013860168167966092e-01 4.844878322780608593e-01 5.952463352296585297e-01 5.812059661588533377e-01 6.137347403925624834e-01 6.531734540177218662e-01 7.545247089259967677e-01 6.327271642533071061e-01 6.352011430322676011e-01 6.639520297552747863e-01 7.915640110978087174e-01 8.145635768438085345e-01 8.202001785765270503e-01 7.941974911303927298e-01 7.644051410991741236e-01 8.151281363151643422e-01 9.295948074045677911e-01 1.079712175890050085e+00 1.782895044638261650e+00 2.297968625283112409e+00 2.648379555979477384e+00 2.851748308917051666e+00 1.000000000000000020e+30 1.000000000000000020e+30 1.000000000000000020e+30 1.000000000000000020e+30 1.000000000000000020e+30 1.000000000000000020e+30 1.000000000000000020e+30 1.000000000000000020e+30 1.000000000000000020e+30 1.000000000000000020e+30 1.000000000000000020e+30 1.000000000000000020e+30 1.000000000000000020e+30 1.000000000000000020e+30 1.000000000000000020e+30 1.000000000000000020e+30 1.000000000000000020e+30 1.000000000000000020e+30 1.000000000000000020e+30
1.549377025735953345e-02 1.550156454983353006e-02 1.551815017479192538e-02 1.554788261543769805e-02 1.560004112258277578e-02 1.569301487455208172e-02 1.586308264240817584e-02 1.618186222566539781e-02 1.678998555218458658e-02 1.795987486318217571e-02 2.020463082843216435e-02 2.444786286389942151e-02 3.230495262232515458e-02 4.646653966002949748e-02 7.123377879573972171e-02 1.120991738584485725e-01 1.752555003748895168e-01 2.641485198623384489e-01 3.666339220613290539e-01 5.227237393638334284e-01 5.924181404483798152e-01 5.986013235981793024e-01 4.813925037216691405e-01 4.591721817558004903e-01 5.946916492608993465e-01 6.131367614743905570e-01 5.194105793121798209e-01 5.357634743694974500e-01 6.639012189205560910e-01 7.364068582070957270e-01 8.215562270790573995e-01 9.334396850595345629e-01 9.943612025816733757e-01 1.352615953434267881e+00 2.130047882108722757e+00 2.657943740399837829e+00 3.001732469113096879e+00 3.173993699707526428e+00 1.000000000000000020e+30 1.000000000000000020e+30 1.000000000000000020e+30 1.000000000000000020e+30 1.000000000000000020e+30 1.000000000000000020e+30 1.000000000000000020e+30 1.000000000000000020e+30 1.000000000000000020e+30 1.000000000000000020e+30 1.000000000000000020e+30 1.000000000000000020e+30 1.000000000000000020e+30 1.000000000000000020e+30 1.000000000000000020e+30 1.000000000000000020e+30 1.000000000000000020e+30 1.000000000000000020e+30 1.000000000000000020e+30
1.549364836145118891e-02 1.550427532663743724e-02 1.552335210858015423e-02 1.555435248114325937e-02 1.560395386447150680e-02 1.568443610425074991e-02 1.581916066750658698e-02 1.605398830963366413e-02 1.648058407676158618e-02 1.728506622027375580e-02 1.883663716425837756e-02 2.175944885843016791e-02 2.712943547546805764e-02 3.657150448959336358e-02 5.277960860373445695e-02 7.986645209727184780e-02 1.263960808891554100e-01 1.989801034630599430e-01 3.716348166478479209e-01 5.135389011590572039e-01 5.976212862247244351e-01 6.278276081638163308e-01 5.972240496509904073e-01 5.942252826748926076e-01 6.448806241921506421e-01 6.476004214701441830e-01 5.987412235914291170e-01 5.634136078990747976e-01 4.829315569022435417e-01 6.102766587702125323e-01 8.111605145759384072e-01 1.066323512816154784e+00 1.389447167548762740e+00 2.064468532270815615e+00 2.663821110442987639e+00 3.125889723272180731e+00 3.441968829919157979e+00 3.600888011805128741e+00 1.000000000000000020e+30 1.000000000000000020e+30 1.000000000000000020e+30 1.000000000000000020e+30 1.000000000000000020e+30 1.000000000000000020e+30 1.000000000000000020e+30 1.000000000000000020e+30 1.000000000000000020e+30 1.000000000000000020e+30 1.000000000000000020e+30 1.000000000000000020e+30 1.000000000000000020e+30 1.000000000000000020e+30 1.000000000000000020e+30 1.000000000000000020e+30 1.000000000000000020e+30 1.000000000000000020e+30 1.000000000000000020e+30
1.549806124067690076e-02 1.552073426933614150e-02 1.555137684126924220e-02 1.559724667099772998e-02 1.566426978834026956e-02 1.576091718873285502e-02 1.590099317008234966e-02 1.611033874915432720e-02 1.644121219114409727e-02 1.702348579955941313e-02 1.821724643995470405e-02 2.052588926810253872e-02 2.504003651296398889e-02 3.332255719870992616e-02 5.046084179053686447e-02 8.031629063062756257e-02 1.638198555656764921e-01 2.574618736316005019e-01 4.145021383683055727e-01 5.515510588943468573e-01 6.713012194932452825e-01 7.865005929633399617e-01 8.048804405765072056e-01 8.117845620119008565e-01 8.218744260633309429e-01 7.701874650211072426e-01 7.412049361067006847e-01 7.696132742086264633e-01 9.685581467336953354e-01 1.110623542193672986e+00 1.458887334548900405e+00 1.878806086313344892e+00 2.310676969954887916e+00 2.794006076026027685e+00 3.262681454975240314e+00 3.656605475689650220e+00 3.948700783805691117e+00 4.116407051475009737e+00 1.000000000000000020e+30 1.000000000000000020e+30 1.000000000000000020e+30 1.000000000000000020e+30 1.000000000000000020e+30 1.000000000000000020e+30 1.000000000000000020e+30 1.000000000000000020e+30 1.000000000000000020e+30 1.000000000000000020e+30 1.000000000000000020e+30 1.000000000000000020e+30 1.000000000000000020e+30 1.000000000000000020e+30 1.000000000000000020e+30 1.000000000000000020e+30 1.000000000000000020e+30 1.000000000000000020e+30 1.000000000000000020e+30
1.000000000000000020e+30 1.556269679943515782e-02 1.561810186692516936e-02 1.570342982131775478e-02 1.582381888898026431e-02 1.598654900618699803e-02 1.619788518598390750e-02 1.646557300132116611e-02 1.679571344765232177e-02 1.725050886460186006e-02 1.851497958116373951e-02 2.126948077632947326e-02 2.854436829987399421e-02 4.122899945943030164e-02 8.864779104497182149e-02 1.531559278928239232e-01 2.361442884642621642e-01 6.293249440587145305e-01 5.730170175000321997e-01 6.337299829773173077e-01 1.000000000000000020e+30 9.751688822290542902e-01 9.836843230500220692e-01 9.908066988640241712e-01 9.966288168439957351e-01 1.000000000000000020e+30 1.000000000000000020e+30 1.000000000000000020e+30 1.658554264969232195e+00 1.787660687602563581e+00 2.131703448255386935e+00 2.657484812932678686e+00 3.073396276722866638e+00 3.466235142605567976e+00 3.853785954553802462e+00 4.197818340263779646e+00 4.482129617564822865e+00 4.725964610301526925e+00 5.047422860404558342e+00 1.000000000000000020e+30 1.000000000000000020e+30 1.000000000000000020e+30 1.000000000000000020e+30 1.000000000000000020e+30 1.000000000000000020e+30 1.000000000000000020e+30 1.000000000000000020e+30 1.000000000000000020e+30 1.000000000000000020e+30 1.000000000000000020e+30 1.000000000000000020e+30 1.000000000000000020e+30 1.000000000000000020e+30 1.000000000000000020e+30 1.000000000000000020e+30 1.000000000000000020e+30 1.000000000000000020e+30
1.000000000000000020e+30 1.561108513210105429e-02 1.575393875611606764e-02 1.593081423129641752e-02 1.617792054979937805e-02 1.650924323186615111e-02 1.692492841496937017e-02 1.748899397926027138e-02 1.817369907153623329e-02 1.887204107347219620e-02 2.402633000324725168e-02 3.195926617162396510e-02 8.444642865754961591e-02 1.458614684576776122e-01 4.577095284212725490e-01 3.004784818429908633e-01 3.362689837549525662e-01 1.000000000000000020e+30 1.000000000000000020e+30 1.000000000000000020e+30 1.000000000000000020e+30 1.000000000000000020e+30 1.000000000000000020e+30 1.000000000000000020e+30 1.000000000000000020e+30 1.000000000000000020e+30 1.000000000000000020e+30 1.000000000000000020e+30 2.066269703194815843e+00 2.277569228885843344e+00 2.897638878517169836e+00 3.373819911390685267e+00 3.713637167720145627e+00 4.059590024853537038e+00 4.396104503112784556e+00 4.699335500409733690e+00 4.951029374729378318e+00 5.148679726854828331e+00 5.288785886433627681e+00 1.000000000000000020e+30 1.000000000000000020e+30 1.000000000000000020e+30 1.000000000000000020e+30 1.000000000000000020e+30 1.000000000000000020e+30 1.000000000000000020e+30 1.000000000000000020e+30 1.000000000000000020e+30 1.000000000000000020e+30 1.000000000000000020e+30 1.000000000000000020e+30 1.000000000000000020e+30 1.000000000000000020e+30 1.000000000000000020e+30 1.000000000000000020e+30 1.000000000000000020e+30 1.000000000000000020e+30
1.000000000000000020e+30 1.000000000000000020e+30 1.604634095571515207e-02 1.639750982208111607e-02 1.692348095438929445e-02 1.765825013093588053e-02 1.862618256967229699e-02 2.053587842569199254e-02 2.450693856467279705e-02 3.190230444868007165e-02 9.740134345232683011e-02 1.264285795757997544e-01 1.000000000000000020e+30 1.000000000000000020e+30 1.000000000000000020e+30 1.000000000000000020e+30 1.000000000000000020e+30 1.000000000000000020e+30 1.000000000000000020e+30 1.000000000000000020e+30 1.000000000000000020e+30 1.000000000000000020e+30 1.000000000000000020e+30 1.000000000000000020e+30 1.000000000000000020e+30 1.000000000000000020e+30 1.000000000000000020e+30 1.000000000000000020e+30 1.000000000000000020e+30 1.000000000000000020e+30 3.659589303486732614e+00 3.902735152700070653e+00 4.230802469571426805e+00 4.558235215412320684e+00 4.870835074710473833e+00 5.145770637244388546e+00 5.362773064869381656e+00 5.514426489649177476e+00 5.588962305736632885e+00 1.000000000000000020e+30 1.000000000000000020e+30 1.000000000000000020e+30 1.000000000000000020e+30 1.000000000000000020e+30 1.000000000000000020e+30 1.000000000000000020e+30 1.000000000000000020e+30 1.000000000000000020e+30 1.000000000000000020e+30 1.000000000000000020e+30 1.000000000000000020e+30 1.000000000000000020e+30 1.000000000000000020e+30 1.000000000000000020e+30 1.000000000000000020e+30 1.000000000000000020e+30 1.000000000000000020e+30
1.000000000000000020e+30 1.000000000000000020e+30 1.637505377565392703e-02 1.734181054647766090e-02 1.862210881483825423e-02 2.054738770562343150e-02 2.325757325646863119e-02 3.310566198558056311e-02 1.179858753636757185e-01 1.429338100348288287e-01 1.000000000000000020e+30 1.000000000000000020e+30 1.000000000000000020e+30 1.000000000000000020e+30 1.000000000000000020e+30 1.000000000000000020e+30 1.000000000000000020e+30 1.000000000000000020e+30 1.000000000000000020e+30 1.000000000000000020e+30 1.000000000000000020e+30 1.000000000000000020e+30 1.000000000000000020e+30 1.000000000000000020e+30 1.000000000000000020e+30 1.000000000000000020e+30 1.000000000000000020e+30 1.000000000000000020e+30 1.000000000000000020e+30 1.000000000000000020e+30 1.000000000000000020e+30 4.369596635493520509e+00 4.666351955071206703e+00 4.977559867331788013e+00 5.275265444837544671e+00 5.537444416319362794e+00 5.723527378172629021e+00 5.838524674920486213e+00 5.881104325830381008e+00 1.000000000000000020e+30 1.000000000000000020e+30 1.000000000000000020e+30 1.000000000000000020e+30 1.000000000000000020e+30 1.000000000000000020e+30 1.000000000000000020e+30 1.000000000000000020e+30 1.000000000000000020e+30 1.000000000000000020e+30 1.000000000000000020e+30 1.000000000000000020e+30 1.000000000000000020e+30 1.000000000000000020e+30 1.000000000000000020e+30 1.000000000000000020e+30 1.000000000000000020e+30 1.000000000000000020e+30
1.000000000000000020e+30 1.000000000000000020e+30 1.000000000000000020e+30 1.963146259489786244e-02 2.347200109027880108e-02 3.146604753361002815e-02 4.306875887301322980e-02 1.444478074844200988e-01 2.121498873711660238e-01 1.000000000000000020e+30 1.000000000000000020e+30 1.000000000000000020e+30 1.000000000000000020e+30 1.000000000000000020e+30 1.000000000000000020e+30 1.000000000000000020e+30 1.000000000000000020e+30 1.000000000000000020e+30 1.000000000000000020e+30 1.000000000000000020e+30 1.000000000000000020e+30 1.000000000000000020e+30 1.000000000000000020e+30 1.000000000000000020e+30 1.000000000000000020e+30 1.000000000000000020e+30 1.000000000000000020e+30 1.000000000000000020e+30 1.000000000000000020e+30 1.000000000000000020e+30 1.000000000000000020e+30 1.000000000000000020e+30 5.087743593119188112e+00 5.361210917934926101e+00 5.628593135918919188e+00 5.887511642259950939e+00 6.034811529183750523e+00 6.112768730857468746e+00 6.132215508600630471e+00 1.000000000000000020e+30 1.000000000000000020e+30 1.000000000000000020e+30 1.000000000000000020e+30 1.000000000000000020e+30 1.000000000000000020e+30 1.000000000000000020e+30 1.000000000000000020e+30 1.000000000000000020e+30 1.000000000000000020e+30 1.000000000000000020e+30 1.000000000000000020e+30 1.000000000000000020e+30 1.000000000000000020e+30 1.000000000000000020e+30 1.000000000000000020e+30 1.000000000000000020e+30 1.000000000000000020e+30
1.000000000000000020e+30 1.000000000000000020e+30 1.000000000000000020e+30 2.314584824600334628e-02 4.180636030825574806e-02 1.427930884689818936e-01 2.129452044225023377e-01 2.568271674892426693e-01 1.000000000000000020e+30 1.000000000000000020e+30 1.000000000000000020e+30 1.000000000000000020e+30 1.000000000000000020e+30 1.000000000000000020e+30 1.000000000000000020e+30 1.000000000000000020e+30 1.000000000000000020e+30 1.000000000000000020e+30 1.000000000000000020e+30 1.000000000000000020e+30 1.000000000000000020e+30 1.000000000000000020e+30 1.000000000000000020e+30 1.000000000000000020e+30 1.000000000000000020e+30 1.000000000000000020e+30 1.000000000000000020e+30 1.000000000000000020e+30 1.000000000000000020e+30 1.000000000000000020e+30 1.000000000000000020e+30 1.000000000000000020e+30 1.000000000000000020e+30 5.743332267923974221e+00 5.989062295393413393e+00 6.202932146775554934e+00 6.291468308911837504e+00 6.320478134417717442e+00 6.318428564168004691e+00 1.000000000000000020e+30 1.000000000000000020e+30 1.000000000000000020e+30 1.000000000000000020e+30 1.000000000000000020e+30 1.000000000000000020e+30 1.000000000000000020e+30 1.000000000000000020e+30 1.000000000000000020e+30 1.000000000000000020e+30 1.000000000000000020e+30 1.000000000000000020e+30 1.000000000000000020e+30 1.000000000000000020e+30 1.000000000000000020e+30 1.000000000000000020e+30 1.000000000000000020e+30 1.000000000000000020e+30
1.000000000000000020e+30 1.000000000000000020e+30 1.000000000000000020e+30 1.000000000000000020e+30 4.234057854227101236e-01 3.347735388179297611e-01 3.520018441064012293e-01 1.000000000000000020e+30 1.000000000000000020e+30 1.000000000000000020e+30 1.000000000000000020e+30 1.000000000000000020e+30 1.000000000000000020e+30 1.000000000000000020e+30 1.000000000000000020e+30 1.000000000000000020e+30 1.000000000000000020e+30 1.000000000000000020e+30 1.000000000000000020e+30 1.000000000000000020e+30 1.000000000000000020e+30 1.000000000000000020e+30 1.000000000000000020e+30 1.000000000000000020e+30 1.000000000000000020e+30 1.000000000000000020e+30 1.000000000000000020e+30 1.000000000000000020e+30 1.000000000000000020e+30 1.000000000000000020e+30 1.000000000000000020e+30 1.000000000000000020e+30 1.000000000000000020e+30 1.000000000000000020e+30 6.319968005135115696e+00 6.438351150298387893e+00 6.473369263485617253e+00 6.432236116068813736e+00 6.417809499766621961e+00 1.000000000000000020e+30 1.000000000000000020e+30 1.000000000000000020e+30 1.000000000000000020e+30 1.000000000000000020e+30 1.000000000000000020e+30 1.000000000000000020e+30 1.000000000000000020e+30 1.000000000000000020e+30 1.000000000000000020e+30 1.000000000000000020e+30 1.000000000000000020e+30 1.000000000000000020e+30 1.000000000000000020e+30 1.000000000000000020e+30 1.000000000000000020e+30 1.000000000000000020e+30 1.000000000000000020e+30
1.000000000000000020e+30 1.000000000000000020e+30 1.000000000000000020e+30 1.000000000000000020e+30 7.103114823354006457e-01 1.000000000000000020e+30 1.000000000000000020e+30 1.000000000000000020e+30 1.000000000000000020e+30 1.000000000000000020e+30 1.000000000000000020e+30 1.000000000000000020e+30 1.000000000000000020e+30 1.000000000000000020e+30 1.000000000000000020e+30 1.000000000000000020e+30 1.000000000000000020e+30 1.000000000000000020e+30 1.000000000000000020e+30 1.000000000000000020e+30 1.000000000000000020e+30 1.000000000000000020e+30 1.000000000000000020e+30 1.000000000000000020e+30 1.000000000000000020e+30 1.000000000000000020e+30 1.000000000000000020e+30 1.000000000000000020e+30 1.000000000000000020e+30 1.000000000000000020e+30 1.000000000000000020e+30 1.000000000000000020e+30 1.000000000000000020e+30 1.000000000000000020e+30 1.000000000000000020e+30 6.579792383716948301e+00 6.594158352765965070e+00 1.000000000000000020e+30 1.000000000000000020e+30 1.000000000000000020e+30 1.000000000000000020e+30 1.000000000000000020e+30 1.000000000000000020e+30 1.000000000000000020e+30 1.000000000000000020e+30 1.000000000000000020e+30 1.000000000000000020e+30 1.000000000000000020e+30 1.000000000000000020e+30 1.000000000000000020e+30 1.000000000000000020e+30 1.000000000000000020e+30 1.000000000000000020e+30 1.000000000000000020e+30 1.000000000000000020e+30 1.000000000000000020e+30 1.000000000000000020e+30
