1.000000000000000020e+30 1.000000000000000020e+30 1.000000000000000020e+30 1.000000000000000020e+30 1.000000000000000020e+30 1.000000000000000020e+30 1.000000000000000020e+30 1.000000000000000020e+30 1.000000000000000020e+30 1.000000000000000020e+30 1.000000000000000020e+30 1.000000000000000020e+30 1.000000000000000020e+30 1.000000000000000020e+30 1.000000000000000020e+30 1.000000000000000020e+30 1.000000000000000020e+30 1.000000000000000020e+30 1.000000000000000020e+30 1.000000000000000020e+30 1.000000000000000020e+30 1.000000000000000020e+30 1.000000000000000020e+30 1.000000000000000020e+30 1.000000000000000020e+30 1.000000000000000020e+30 1.000000000000000020e+30 1.000000000000000020e+30 1.000000000000000020e+30 1.000000000000000020e+30 1.000000000000000020e+30 1.000000000000000020e+30 1.000000000000000020e+30 1.000000000000000020e+30 1.000000000000000020e+30 1.000000000000000020e+30 1.000000000000000020e+30 1.000000000000000020e+30 1.000000000000000020e+30 1.000000000000000020e+30 1.000000000000000020e+30 1.000000000000000020e+30 1.000000000000000020e+30 1.000000000000000020e+30 1.000000000000000020e+30 1.000000000000000020e+30 1.000000000000000020e+30 1.000000000000000020e+30 1.000000000000000020e+30 1.000000000000000020e+30 1.000000000000000020e+30 1.000000000000000020e+30 1.000000000000000020e+30 1.000000000000000020e+30 1.000000000000000020e+30 1.000000000000000020e+30 1.000000000000000020e+30
1.000000000000000020e+30 1.000000000000000020e+30 1.000000000000000020e+30 1.000000000000000020e+30 1.000000000000000020e+30 1.000000000000000020e+30 1.000000000000000020e+30 1.000000000000000020e+30 1.000000000000000020e+30 1.000000000000000020e+30 1.000000000000000020e+30 1.000000000000000020e+30 1.000000000000000020e+30 1.000000000000000020e+30 1.000000000000000020e+30 1.000000000000000020e+30 1.000000000000000020e+30 1.000000000000000020e+30 1.000000000000000020e+30 1.000000000000000020e+30 1.000000000000000020e+30 1.000000000000000020e+30 1.000000000000000020e+30 1.000000000000000020e+30 1.000000000000000020e+30 1.000000000000000020e+30 1.000000000000000020e+30 9.235691758032105625e+00 9.264041398093274537e+00 9.292647466582032223e+00 9.312723974245102454e+00 9.321220393610426314e+00 9.316996513288389181e+00 9.299636320189863525e+00 9.269047128140204705e+00 9.225323161953545181e+00 9.168718522986289088e+00 9.099690627458619119e+00 9.019034668714835945e+00 8.928213761145094907e+00 8.830219667591906685e+00 8.732071687709041186e+00 8.652910624709171827e+00 1.000000000000000020e+30 1.000000000000000020e+30 1.000000000000000020e+30 1.000000000000000020e+30 1.000000000000000020e+30 1.000000000000000020e+30 1.000000000000000020e+30 1.000000000000000020e+30 1.000000000000000020e+30 1.000000000000000020e+30 1.000000000000000020e+30 1.000000000000000020e+30 1.000000000000000020e+30 1.000000000000000020e+30
1.000000000000000020e+30 1.000000000000000020e+30 1.000000000000000020e+30 1.000000000000000020e+30 1.000000000000000020e+30 1.000000000000000020e+30 1.000000000000000020e+30 1.000000000000000020e+30 1.000000000000000020e+30 1.000000000000000020e+30 1.000000000000000020e+30 1.000000000000000020e+30 1.000000000000000020e+30 1.000000000000000020e+30 1.000000000000000020e+30 1.000000000000000020e+30 1.000000000000000020e+30 1.000000000000000020e+30 1.000000000000000020e+30 1.000000000000000020e+30 1.000000000000000020e+30 1.000000000000000020e+30 1.000000000000000020e+30 1.000000000000000020e+30 8.910054402638650117e+00 8.978587618042901397e+00 9.067273538691880574e+00 9.167067103675183404e+00 9.224167862869157020e+00 9.262241198988238722e+00 9.285862613411786981e+00 9.295728052161409849e+00 9.291852928403987022e+00 9.274213348784392963e+00 9.242856661246131367e+00 9.197916550974360561e+00 9.139623779689765470e+00 9.068329443528728717e+00 8.984536862359497889e+00 8.888902177219966561e+00 8.782001152114803588e+00 8.662909569593708170e+00 8.522195830042821996e+00 8.308892032470453159e+00 8.119259094598287874e+00 7.945841588252442023e+00 7.794468340120571881e+00 7.687456981486952223e+00 1.000000000000000020e+30 1.000000000000000020e+30 1.000000000000000020e+30 1.000000000000000020e+30 1.000000000000000020e+30 1.000000000000000020e+30 1.000000000000000020e+30 1.000000000000000020e+30 1.000000000000000020e+30
1.000000000000000020e+30 1.000000000000000020e+30 1.000000000000000020e+30 1.000000000000000020e+30 1.000000000000000020e+30 1.000000000000000020e+30 1.000000000000000020e+30 1.000000000000000020e+30 1.000000000000000020e+30 1.000000000000000020e+30 1.000000000000000020e+30 1.000000000000000020e+30 1.000000000000000020e+30 1.000000000000000020e+30 1.000000000000000020e+30 1.000000000000000020e+30 1.000000000000000020e+30 1.000000000000000020e+30 1.000000000000000020e+30 1.000000000000000020e+30 1.000000000000000020e+30 8.354206225818701981e+00 8.464401224751179953e+00 8.615037500553272665e+00 8.794308634730858998e+00 8.912598813671941400e+00 9.012196002082569990e+00 9.099345214376558744e+00 9.162809333044441118e+00 9.206652036523939486e+00 9.233686812625833795e+00 9.245163020691295586e+00 9.241606724409244578e+00 9.223276337948680847e+00 9.190351491593931499e+00 9.143008430357697947e+00 9.081451425621709816e+00 9.005919829387622144e+00 8.916657688034311136e+00 8.813787306409111011e+00 8.696931168105400900e+00 8.564253426926526913e+00 8.410678674291563794e+00 8.228633312575666992e+00 8.043767096290938667e+00 7.862265504929092153e+00 7.686814075870287866e+00 7.516063212197313881e+00 7.324483946770286913e+00 1.000000000000000020e+30 1.000000000000000020e+30 1.000000000000000020e+30 1.000000000000000020e+30 1.000000000000000020e+30 1.000000000000000020e+30 1.000000000000000020e+30 1.000000000000000020e+30
1.000000000000000020e+30 1.000000000000000020e+30 1.000000000000000020e+30 1.000000000000000020e+30 1.000000000000000020e+30 1.000000000000000020e+30 1.000000000000000020e+30 1.000000000000000020e+30 1.000000000000000020e+30 1.000000000000000020e+30 1.000000000000000020e+30 1.000000000000000020e+30 1.000000000000000020e+30 1.000000000000000020e+30 1.000000000000000020e+30 1.000000000000000020e+30 1.000000000000000020e+30 1.000000000000000020e+30 7.576372250760821991e+00 7.720507869163266257e+00 7.928298984333516763e+00 8.187373091727202734e+00 8.369027050593379258e+00 8.533981719680367561e+00 8.690292895520514094e+00 8.818271476075521420e+00 8.924523167484256447e+00 9.012087834431667943e+00 9.079215104693664884e+00 9.126981218093586534e+00 9.156797750022446891e+00 9.169645194173916991e+00 9.166113088977722256e+00 9.146561279434747505e+00 9.111237526454001312e+00 9.060344918296250327e+00 8.994074550828035086e+00 8.912609252048975250e+00 8.816088773412362301e+00 8.704509726929524405e+00 8.577525372638987733e+00 8.434175586181241968e+00 8.272959208176684953e+00 8.093899442100966013e+00 7.905141624089994323e+00 7.710684162242471551e+00 7.510680477447392533e+00 7.300287723774367521e+00 7.066492461472998698e+00 6.798422440812154299e+00 1.000000000000000020e+30 1.000000000000000020e+30 1.000000000000000020e+30 1.000000000000000020e+30 1.000000000000000020e+30 1.000000000000000020e+30 1.000000000000000020e+30
1.000000000000000020e+30 1.000000000000000020e+30 1.000000000000000020e+30 1.000000000000000020e+30 1.000000000000000020e+30 1.000000000000000020e+30 1.000000000000000020e+30 1.000000000000000020e+30 1.000000000000000020e+30 1.000000000000000020e+30 1.000000000000000020e+30 1.000000000000000020e+30 1.000000000000000020e+30 1.000000000000000020e+30 1.000000000000000020e+30 1.000000000000000020e+30 6.893625458477224299e+00 7.073556016229655796e+00 7.366596877777410235e+00 7.592663460757163030e+00 7.815185054566279987e+00 8.039342706861395627e+00 8.234259184938146348e+00 8.408030549589062375e+00 8.563687494681119006e+00 8.697012916793822157e+00 8.808860952007409040e+00 8.900298312161508463e+00 8.971362234327356688e+00 9.022628061632319785e+00 9.054885633325485017e+00 9.068818880000193872e+00 9.064930025554224002e+00 9.043573953585289260e+00 9.005013040653970791e+00 8.949461973496214640e+00 8.877116038666114761e+00 8.788160673470649442e+00 8.682757945564087976e+00 8.561005835132512232e+00 8.422882297298132315e+00 8.268247553790585513e+00 8.097121330812777629e+00 7.910566108195749457e+00 7.711661704184952448e+00 7.502035313093471380e+00 7.280532609635739227e+00 7.042021249475491906e+00 6.775663109493852865e+00 6.462292517001240633e+00 6.053327425140216711e+00 5.814460524814107245e+00 1.000000000000000020e+30 1.000000000000000020e+30 1.000000000000000020e+30 1.000000000000000020e+30 1.000000000000000020e+30
1.000000000000000020e+30 1.000000000000000020e+30 1.000000000000000020e+30 1.000000000000000020e+30 1.000000000000000020e+30 1.000000000000000020e+30 1.000000000000000020e+30 1.000000000000000020e+30 1.000000000000000020e+30 1.000000000000000020e+30 1.000000000000000020e+30 1.000000000000000020e+30 1.000000000000000020e+30 1.000000000000000020e+30 1.000000000000000020e+30 6.378766347790809199e+00 6.643930512074598838e+00 6.891704801860832674e+00 7.156986650902008584e+00 7.403447759640865655e+00 7.637778769515295885e+00 7.860489025179560940e+00 8.063065629748470187e+00 8.245068952820753694e+00 8.406658242319288377e+00 8.546628702606305694e+00 8.664904882819188359e+00 8.761796628293350153e+00 8.837522885009503781e+00 8.892466635005417785e+00 8.927116164264624842e+00 8.941940564869794272e+00 8.937329510929329146e+00 8.913590222870134028e+00 8.870970374888514698e+00 8.809686982612234374e+00 8.729952289509359531e+00 8.631992885918892355e+00 8.516060674206656245e+00 8.382438332100834444e+00 8.231453153429077574e+00 8.063535466273030750e+00 7.879375449341885940e+00 7.680155116137797222e+00 7.467454007567138063e+00 7.241944619475865430e+00 7.002428509428238357e+00 6.745255733306306567e+00 6.464410048174598522e+00 6.153555106856681611e+00 5.814642857672884801e+00 5.506997244749202380e+00 5.186452262177923878e+00 1.000000000000000020e+30 1.000000000000000020e+30 1.000000000000000020e+30 1.000000000000000020e+30
1.000000000000000020e+30 1.000000000000000020e+30 1.000000000000000020e+30 1.000000000000000020e+30 1.000000000000000020e+30 1.000000000000000020e+30 1.000000000000000020e+30 1.000000000000000020e+30 1.000000000000000020e+30 1.000000000000000020e+30 1.000000000000000020e+30 1.000000000000000020e+30 1.000000000000000020e+30 1.000000000000000020e+30 5.716807414754561556e+00 6.042894907640564028e+00 6.341541257467524950e+00 6.623289872940481438e+00 6.898664253592456497e+00 7.160605882959277579e+00 7.408278491960390788e+00 7.640294774541984246e+00 7.853244600607990122e+00 8.045564311611249408e+00 8.216445369872547033e+00 8.365122800500472522e+00 8.491284508027332478e+00 8.594922802283377905e+00 8.676152577712416658e+00 8.735205260824189466e+00 8.772385660440727762e+00 8.788009856088862648e+00 8.782365419948437335e+00 8.755701249867751557e+00 8.708238059773561801e+00 8.640189900706035431e+00 8.551790824737427243e+00 8.443324173266828936e+00 8.315154466622676210e+00 8.167764351573197246e+00 8.001801775147667328e+00 7.818141960841646032e+00 7.617951028756193566e+00 7.402674859174002364e+00 7.173763087349918521e+00 6.931965114901776914e+00 6.676681248298922178e+00 6.405714288266480594e+00 6.115875807464690617e+00 5.805108328234931392e+00 5.476881093489128105e+00 5.145077382573126634e+00 4.799603054961531612e+00 4.431088490423684689e+00 1.000000000000000020e+30 1.000000000000000020e+30 1.000000000000000020e+30
1.000000000000000020e+30 1.000000000000000020e+30 1.000000000000000020e+30 1.000000000000000020e+30 1.000000000000000020e+30 1.000000000000000020e+30 1.000000000000000020e+30 1.000000000000000020e+30 1.000000000000000020e+30 1.000000000000000020e+30 1.000000000000000020e+30 1.000000000000000020e+30 1.000000000000000020e+30 4.948633267497240418e+00 5.320403650023412645e+00 5.664082554243745626e+00 5.986056717191525323e+00 6.292058867153394353e+00 6.585778879940304087e+00 6.865527644420764020e+00 7.129661359332994941e+00 7.376296611808307091e+00 7.603159382799691279e+00 7.808579037894759267e+00 7.991425055240847009e+00 8.150898803079650534e+00 8.286548368117925278e+00 8.398190231117450111e+00 8.485810687636766048e+00 8.549512852961537845e+00 8.589470465637257135e+00 8.605885319818337820e+00 8.598959218757718403e+00 8.568884589564037313e+00 8.515851370784373486e+00 8.440066254395704348e+00 8.341781735108225959e+00 8.221334554681465789e+00 8.079194985947879104e+00 7.916029194991291540e+00 7.732774806284372637e+00 7.530720263427856942e+00 7.311553732354873603e+00 7.077301932815008634e+00 6.830037033838116223e+00 6.571287575711725282e+00 6.301358454906251794e+00 6.018961623822647766e+00 5.721683781914909339e+00 5.407427426729326747e+00 5.076372020020897047e+00 4.731425614771792354e+00 4.371924956477171165e+00 4.000889013231994085e+00 3.625783369413895674e+00 1.000000000000000020e+30 1.000000000000000020e+30
1.000000000000000020e+30 1.000000000000000020e+30 1.000000000000000020e+30 1.000000000000000020e+30 1.000000000000000020e+30 1.000000000000000020e+30 1.000000000000000020e+30 1.000000000000000020e+30 1.000000000000000020e+30 1.000000000000000020e+30 1.000000000000000020e+30 1.000000000000000020e+30 4.107806224914451576e+00 4.508729329514320483e+00 4.883033608173901641e+00 5.237528393708744012e+00 5.577157249088813273e+00 5.904177118075190300e+00 6.218739053875779632e+00 6.519040348355369829e+00 6.802858302959190695e+00 7.067900032219037065e+00 7.311960209959734058e+00 7.533255709139108802e+00 7.730478515098762493e+00 7.902722571215828218e+00 8.049423903955890580e+00 8.170280649115351679e+00 8.265171985493903861e+00 8.334097408736608870e+00 8.377130480272832358e+00 8.394384158070515412e+00 8.385989394697702437e+00 8.352087970524189942e+00 8.292838730013285087e+00 8.208436034263197456e+00 8.099140407947109210e+00 7.965323359226712086e+00 7.807530426112140987e+00 7.626567534227817191e+00 7.423613406447294949e+00 7.200350245565487306e+00 6.959078112966465390e+00 6.702727098553857843e+00 6.434613366858354944e+00 6.157763039414375861e+00 5.873804605454020056e+00 5.581957705901587907e+00 5.279226509845814874e+00 4.961607559940262036e+00 4.625634157398386570e+00 4.269615256671209558e+00 3.895096354500118707e+00 3.516678510300260463e+00 3.195679227489026442e+00 1.000000000000000020e+30 1.000000000000000020e+30
1.000000000000000020e+30 1.000000000000000020e+30 1.000000000000000020e+30 1.000000000000000020e+30 1.000000000000000020e+30 1.000000000000000020e+30 1.000000000000000020e+30 1.000000000000000020e+30 1.000000000000000020e+30 1.000000000000000020e+30 1.000000000000000020e+30 3.228904266617518726e+00 3.642898107294918031e+00 4.029622628729378597e+00 4.398423146089877278e+00 4.758046018758692597e+00 5.112725522348990026e+00 5.460618430093633791e+00 5.798156132214251635e+00 6.121851848303780486e+00 6.428509676384894789e+00 6.715216461412810034e+00 6.979441110515891999e+00 7.219174032957399234e+00 7.432943426893432459e+00 7.619739927240734012e+00 7.778918012977145580e+00 7.910097140206156396e+00 8.013077770991019477e+00 8.087779405806323041e+00 8.134197291783047845e+00 8.152373619705663543e+00 8.142381138061049128e+00 8.104318168056952487e+00 8.038314324272112898e+00 7.944546951463470563e+00 7.823269934802167036e+00 7.674859195364780007e+00 7.499882628703210763e+00 7.299205881849283983e+00 7.074147624057388839e+00 6.826694614998608301e+00 6.559766491064257465e+00 6.277455367750702564e+00 5.985009721941965566e+00 5.688077828920510726e+00 5.390657901496265225e+00 5.092350291556679842e+00 4.788467419149833759e+00 4.471675369286561619e+00 4.133744586485740946e+00 3.767020897533303270e+00 3.365466840092162570e+00 2.921466732414211620e+00 2.393991157815492876e+00 1.588142311117799466e+00 1.000000000000000020e+30
1.000000000000000020e+30 1.000000000000000020e+30 1.000000000000000020e+30 1.000000000000000020e+30 1.000000000000000020e+30 1.000000000000000020e+30 1.000000000000000020e+30 1.000000000000000020e+30 1.000000000000000020e+30 1.000000000000000020e+30 2.326446901964039693e+00 2.757001604947364459e+00 3.144611113992562768e+00 3.505758620179795226e+00 3.858812536650846781e+00 4.218210502376299686e+00 4.588954936369580295e+00 4.960748514976311085e+00 5.324505249394366757e+00 5.674833573007592946e+00 6.007543808252535200e+00 6.318962887122491878e+00 6.606045819882722547e+00 6.866486781948078821e+00 7.098670583221410091e+00 7.301529898558994702e+00 7.474388015312785072e+00 7.616828254153571010e+00 7.728601563626692261e+00 7.809567572272726466e+00 7.859658805583339181e+00 7.878859698767149311e+00 7.867195732398950980e+00 7.824730493311083279e+00 7.751569747860774129e+00 7.647872806507664656e+00 7.513873520140355922e+00 7.349916780757837387e+00 7.156521817097638127e+00 6.934491373884035248e+00 6.685096931949837895e+00 6.410385349914053066e+00 6.113665886634375823e+00 5.800205285489522744e+00 5.477924967898484709e+00 5.157126785347056597e+00 4.846931450754655479e+00 4.547272914756368856e+00 4.250250416435379819e+00 3.943606212816315626e+00 3.613046672186662978e+00 3.244068391269788965e+00 2.826361255770672098e+00 2.362044952850399948e+00 1.828722891426626695e+00 1.808623981747535803e+00 1.000000000000000020e+30
1.000000000000000020e+30 1.000000000000000020e+30 1.000000000000000020e+30 1.000000000000000020e+30 1.000000000000000020e+30 1.000000000000000020e+30 1.000000000000000020e+30 1.000000000000000020e+30 1.000000000000000020e+30 1.169344277486763062e+00 1.846159700396916126e+00 2.274384508212149214e+00 2.616264378517307865e+00 2.931359582324570390e+00 3.252551956736177807e+00 3.605228906364887909e+00 4.000926375354014297e+00 4.404498967149672595e+00 4.798942159213222425e+00 5.179463848144971294e+00 5.541550396847371829e+00 5.880629454292730429e+00 6.192992855108264472e+00 6.476040630358930628e+00 6.728105917542412939e+00 6.948169272107460159e+00 7.135605528974792833e+00 7.290013019517312287e+00 7.411119429215661469e+00 7.498737287908720184e+00 7.552744533196974253e+00 7.573075967633489114e+00 7.559719643410186762e+00 7.512716033422054629e+00 7.432158980827906269e+00 7.318198132840926462e+00 7.171044443653336486e+00 6.990984320841171495e+00 6.778414855638506431e+00 6.533923574753439212e+00 6.258455011569527215e+00 5.953645779879959576e+00 5.622500361068819785e+00 5.270739895071650416e+00 4.909179067515858641e+00 4.556255258971439126e+00 4.234157189323767945e+00 3.941857142731814534e+00 3.664920067308199414e+00 3.384055746100969930e+00 3.077317007611125366e+00 2.719179617393373327e+00 2.286980927795218665e+00 1.829480539175073472e+00 1.933244242045140560e+00 1.972107530977029288e+00 1.000000000000000020e+30
1.000000000000000020e+30 1.000000000000000020e+30 1.000000000000000020e+30 1.000000000000000020e+30 1.000000000000000020e+30 1.000000000000000020e+30 1.000000000000000020e+30 1.000000000000000020e+30 1.483973540771122535e+00 1.237593263975974800e+00 1.570051990577821188e+00 1.829085982194322613e+00 2.063005340196165438e+00 2.297279114961805480e+00 2.559555005989791354e+00 2.892137458133655414e+00 3.345751328517126755e+00 3.796066681750669414e+00 4.224277926104667458e+00 4.638120300524637862e+00 5.033079047795759209e+00 5.402744827202723421e+00 5.742475450407342308e+00 6.049511781192633997e+00 6.322372433216377097e+00 6.560288199241888663e+00 6.762808567394504422e+00 6.929600143439556881e+00 7.060379917578280207e+00 7.154910798554752205e+00 7.213013060358469453e+00 7.234574088563221927e+00 7.219553624838638939e+00 7.167985135185090506e+00 7.079972641615549733e+00 6.955681031786541624e+00 6.795318630857178910e+00 6.599114492693209932e+00 6.367299877925781892e+00 6.100113739927788714e+00 5.797865810333071579e+00 5.461123326117524712e+00 5.091235377727902467e+00 4.691965103421212646e+00 4.274395353249554219e+00 3.868786545417349121e+00 3.537141968575864048e+00 3.267728334677851620e+00 3.031255002895285600e+00 2.799491912833672824e+00 2.544082031357448148e+00 2.222409884962802007e+00 1.731214674893835292e+00 1.918404610384079945e+00 2.062786838351041485e+00 2.133177540083600832e+00 1.000000000000000020e+30
1.000000000000000020e+30 1.000000000000000020e+30 1.000000000000000020e+30 1.000000000000000020e+30 1.000000000000000020e+30 1.000000000000000020e+30 1.000000000000000020e+30 1.830516514530227568e+00 1.680933564338460862e+00 1.512365160049706558e+00 1.324248676778703837e+00 1.363929655367875693e+00 1.463113336842911227e+00 1.587786855580125556e+00 1.747530235010611666e+00 2.007240433146204150e+00 2.639618187659397375e+00 3.152367506745365588e+00 3.604056023267644626e+00 4.053529134110761767e+00 4.485897388301440358e+00 4.889265257437027223e+00 5.257929241625329375e+00 5.589540761236906796e+00 5.883320414999778869e+00 6.139090303238316615e+00 6.356727806402171943e+00 6.535994435882718889e+00 6.676570814999799097e+00 6.778139082313500374e+00 6.840442781740406097e+00 6.863317350124779281e+00 6.846702928164759783e+00 6.790647545671243179e+00 6.695300416885223704e+00 6.560889656122803615e+00 6.387677620497577813e+00 6.175890008423659872e+00 5.925621938219371110e+00 5.636733757154841484e+00 5.308742597478033787e+00 4.940644059157242474e+00 4.530509162689153158e+00 4.075216376537824203e+00 3.574150936854853189e+00 3.056498006246591181e+00 2.728855506366094197e+00 2.512797014223592473e+00 2.345960955669380787e+00 2.192751067143918764e+00 2.032918930315503303e+00 1.853734744692087100e+00 1.615154151403277227e+00 2.009423598438786041e+00 2.222071900219162455e+00 2.318599343734712104e+00 1.000000000000000020e+30
1.000000000000000020e+30 1.000000000000000020e+30 1.000000000000000020e+30 1.000000000000000020e+30 1.000000000000000020e+30 1.000000000000000020e+30 1.971566510101607106e+00 1.916058299281389488e+00 1.839480062048066467e+00 1.756635409258752389e+00 1.691383677802957841e+00 1.708390551898365084e+00 1.773375334359450051e+00 1.861924870729255721e+00 1.960298671026452055e+00 2.045970731655609054e+00 2.004678324898334640e+00 2.516906136907525848e+00 2.930002088221701051e+00 3.426945215689968460e+00 3.905883103151732705e+00 4.346332571731784000e+00 4.744372882137970926e+00 5.099813192450943333e+00 5.413487492873535700e+00 5.686297358325365536e+00 5.918569213375590721e+00 6.110086198689333337e+00 6.260383607813747808e+00 6.368987163039846244e+00 6.435527455342732850e+00 6.459778806757168645e+00 6.441670784414595730e+00 6.381292279025498893e+00 6.278885388284817459e+00 6.134815541614114132e+00 5.949501700787953595e+00 5.723292504325362628e+00 5.456283086092756918e+00 5.148094560145944243e+00 4.797659633156796666e+00 4.402835797078449076e+00 3.958721033580316906e+00 3.451659604663006586e+00 2.842067448274503416e+00 2.010111507047835477e+00 1.767008445035245678e+00 1.667541348558521097e+00 1.606365684738660260e+00 1.552387519094253543e+00 1.501531727993355547e+00 1.505886829492290691e+00 1.906338748735003641e+00 2.237384225490640866e+00 2.448213896667333689e+00 2.549127010469084631e+00 1.000000000000000020e+30
1.000000000000000020e+30 1.000000000000000020e+30 1.000000000000000020e+30 1.000000000000000020e+30 1.000000000000000020e+30 1.935353078001898375e+00 1.955599833954798195e+00 1.954497900287661016e+00 1.940362402838347933e+00 1.924068846925814702e+00 1.921424633076294963e+00 1.952396355026552843e+00 2.008826735095637694e+00 2.075821412577407710e+00 2.136243948125191139e+00 2.163686712693966729e+00 2.108975814791973935e+00 1.932279164861764320e+00 2.120895498334649076e+00 2.763111790017440228e+00 3.305383316683861761e+00 3.783672407273630522e+00 4.208657077407041314e+00 4.584943396455593678e+00 4.915860429349391048e+00 5.203962179221681694e+00 5.449940309551541517e+00 5.653270453390399020e+00 5.813084465512053711e+00 5.928627733025276569e+00 5.999378318141698863e+00 6.025045263567019305e+00 6.005558084694849974e+00 5.941073156938901256e+00 5.831979926308529905e+00 5.678877605798659189e+00 5.482492583158497190e+00 5.243505732348870296e+00 4.962257798177861723e+00 4.638369807637041653e+00 4.270602330260465429e+00 3.857388991020358926e+00 3.396904970360464127e+00 2.882294467993383069e+00 2.289798507937141903e+00 1.680756631847689642e+00 1.806731502505673381e+00 1.862678997362734901e+00 1.896946986250709344e+00 1.909826551521855986e+00 1.881551600219069531e+00 1.730141090229452283e+00 2.222841984493256540e+00 2.534582363705678354e+00 2.728815220165242472e+00 2.822929940682890937e+00 1.000000000000000020e+30
1.000000000000000020e+30 1.000000000000000020e+30 1.000000000000000020e+30 1.000000000000000020e+30 1.000000000000000020e+30 1.842946844017089747e+00 1.889128707260568030e+00 1.935462332410000430e+00 1.974985559875138907e+00 2.011911852333054807e+00 2.054281323267729942e+00 2.109066782862355716e+00 2.173052254862644528e+00 2.236773102481800279e+00 2.287171360132290943e+00 2.308031593490083910e+00 2.284067417106209419e+00 2.226171629119234829e+00 2.228003111599107910e+00 2.148611353606429741e+00 2.713337312309604954e+00 3.214799870150053085e+00 3.658832961189903088e+00 4.049916107305455704e+00 4.393265669354661895e+00 4.694085934137096849e+00 4.952736646214328076e+00 5.167491603665294697e+00 5.336614273762284810e+00 5.458950216664905319e+00 5.533832178295678084e+00 5.560925957125978591e+00 5.540171718301827752e+00 5.471808215632649741e+00 5.356418360885836449e+00 5.194939805969832847e+00 4.988598384564204125e+00 4.738717583529576061e+00 4.446276622199989426e+00 4.111050835624395994e+00 3.731109173519371325e+00 3.305398021223278970e+00 2.839937292467233920e+00 2.346596935310344634e+00 1.715725850983377487e+00 1.704381327612049191e+00 1.880183607972417903e+00 2.040504485105960608e+00 2.167739847013227639e+00 2.265597845455482151e+00 2.341132744765332951e+00 2.421764270371470129e+00 2.668370775312545629e+00 2.890862573177964912e+00 3.046995901480862745e+00 3.126294617393541753e+00 1.000000000000000020e+30
1.000000000000000020e+30 1.000000000000000020e+30 1.000000000000000020e+30 1.000000000000000020e+30 1.474905484604658312e+00 1.634886624082309892e+00 1.752193878563977680e+00 1.852506379548915616e+00 1.941637484999445773e+00 2.024329319142744055e+00 2.105484491180375173e+00 2.187976435620905491e+00 2.269649826640578461e+00 2.344047060280279204e+00 2.402065094004389056e+00 2.433945469727512023e+00 2.433327418728785219e+00 2.405000175665016560e+00 2.364574212596187941e+00 2.275959790571986385e+00 2.132704538224503121e+00 2.646952095751621492e+00 3.101737184033491079e+00 3.499215857756436066e+00 3.847116147241615547e+00 4.157998519650788261e+00 4.429095500508409167e+00 4.655409450582326691e+00 4.833756119624254666e+00 4.962687123667586242e+00 5.041555709533915852e+00 5.070058534905601988e+00 5.048141704657574280e+00 4.976102327876476217e+00 4.854726506053903101e+00 4.685372599957208450e+00 4.469964944646676486e+00 4.210911874855281845e+00 3.910685529053580023e+00 3.569717262255649892e+00 3.182809803419186068e+00 2.743206421202901257e+00 2.265860666660747924e+00 1.908513871217503821e+00 1.632647309376023648e+00 1.505599437958505371e+00 1.929031087864233385e+00 2.206838113769780119e+00 2.419525610301264784e+00 2.592168181211710998e+00 2.741512617348046188e+00 2.890786576530171459e+00 3.075989057658798043e+00 3.246703262849009342e+00 3.371868157706676694e+00 3.437113031154595877e+00 1.000000000000000020e+30
1.000000000000000020e+30 1.000000000000000020e+30 1.000000000000000020e+30 1.000000000000000020e+30 1.256674353815973921e+00 1.406421768700430786e+00 1.565952031858338422e+00 1.712078151158976880e+00 1.844418673725580549e+00 1.966854534574080438e+00 2.083171315360721643e+00 2.195029476399521506e+00 2.300635174581681319e+00 2.395025871022228525e+00 2.471272419878533633e+00 2.522234268986771166e+00 2.542851781008514944e+00 2.532035402559241533e+00 2.489552561936706709e+00 2.403482816067334049e+00 2.268513080482800426e+00 2.085756570180121727e+00 2.544934700299705810e+00 2.937578866041170578e+00 3.274513838623556161e+00 3.595566653013623881e+00 3.881771964123751584e+00 4.120887821024117770e+00 4.308403236210753384e+00 4.443529703859288027e+00 4.526113580478758003e+00 4.555994099445622503e+00 4.533043713926968366e+00 4.457502363147343161e+00 4.330293834997875457e+00 4.153211713178395215e+00 3.928955812858452301e+00 3.661418199531975670e+00 3.356632085444027691e+00 3.019249314371513560e+00 2.636778615527456182e+00 2.173531704350062821e+00 1.532035854257122853e+00 1.352704122207090354e+00 1.366548299496000318e+00 1.725718556276186533e+00 2.080262112798256346e+00 2.388556008079010251e+00 2.656315078759443171e+00 2.882542393209615028e+00 3.078606195390570122e+00 3.256834798760150917e+00 3.426875010435094460e+00 3.573143095289232907e+00 3.679006942344080766e+00 3.734119402877994709e+00 1.000000000000000020e+30
1.000000000000000020e+30 1.000000000000000020e+30 1.000000000000000020e+30 4.437127321022510951e-01 8.376061920854874776e-01 1.112442133170978176e+00 1.332648851137762769e+00 1.520946267301559462e+00 1.689338138851560700e+00 1.845081090780449573e+00 1.992741799429492255e+00 2.134020683331704138e+00 2.267219392563624591e+00 2.387775458523315741e+00 2.489337244289960616e+00 2.565251836290790344e+00 2.609982051242629719e+00 2.619692388535304950e+00 2.590842686529080563e+00 2.517585616110690871e+00 2.395991935142895546e+00 2.224392449290742313e+00 2.001441949346535409e+00 2.374804135648338033e+00 2.657997656585855406e+00 3.005174140307763864e+00 3.315979219112598297e+00 3.570123648984845577e+00 3.765847749725256488e+00 3.906119524520026420e+00 3.991928064181977209e+00 4.023232418379468989e+00 3.999522764762625027e+00 3.920690911624495456e+00 3.787628863467691342e+00 3.602529789786982573e+00 3.368564215919573890e+00 3.090112328334574165e+00 2.780193570157944993e+00 2.463343159989058062e+00 2.125965389465596544e+00 1.742452585872934501e+00 1.325816117192476939e+00 1.475245420848217526e+00 1.634027172489483259e+00 1.910590059350056436e+00 2.230045845320931086e+00 2.556019315429959082e+00 2.873515812319667351e+00 3.136551618654777496e+00 3.362347750201587271e+00 3.555749968978378917e+00 3.722411977145720030e+00 3.857676819131022672e+00 3.952308808011157026e+00 4.000471383421727367e+00 1.000000000000000020e+30
1.000000000000000020e+30 1.000000000000000020e+30 1.000000000000000020e+30 3.211153371352187258e-01 5.002830537596238969e-01 8.269928132244438457e-01 1.078326463664373458e+00 1.291227620559121103e+00 1.483757129713955125e+00 1.664266007625860411e+00 1.838125805592375039e+00 2.007535508439794558e+00 2.170379991302743505e+00 2.321525540927866338e+00 2.453863803603221871e+00 2.559973865191150999e+00 2.633385826729643941e+00 2.669008058556989305e+00 2.662657303092082817e+00 2.610424360117126419e+00 2.509461295559246796e+00 2.357235150006424806e+00 2.146911413089367837e+00 1.849679192335072386e+00 1.922816960935286090e+00 2.392839186952288699e+00 2.745224651230626645e+00 3.013519529881381498e+00 3.212536402726070328e+00 3.355645146218849462e+00 3.444017230520367789e+00 3.477187589282138003e+00 3.453428213334589714e+00 3.371717597467154270e+00 3.232633132177923141e+00 3.039085090827968294e+00 2.794455440216331965e+00 2.496131913666742363e+00 2.161037465828578252e+00 1.882829383963297909e+00 1.620858035286624199e+00 1.309249336980323308e+00 1.407327306072807760e+00 1.554721761508998323e+00 1.745825675348365857e+00 2.008256748171396655e+00 2.321687039094555427e+00 2.672812744474677871e+00 3.078664201104999609e+00 3.355205213296377664e+00 3.600732515819129009e+00 3.799322768526642413e+00 3.963617151928490401e+00 4.094211118509845981e+00 4.181440814951333351e+00 4.223331487139558860e+00 1.000000000000000020e+30
1.000000000000000020e+30 1.000000000000000020e+30 1.000000000000000020e+30 2.129620945821145417e-01 3.226751771539783098e-01 5.802113653281676386e-01 8.178154507790876826e-01 1.030761658572594275e+00 1.233454326792226219e+00 1.428355936641840351e+00 1.621664234565652674e+00 1.817134825999709768e+00 2.010982442464771758e+00 2.196588423254315803e+00 2.364613439086184599e+00 2.505800716321089361e+00 2.612486083785806823e+00 2.678912569662778687e+00 2.700971654501012509e+00 2.675963959721751717e+00 2.602889748088519806e+00 2.482966829499661188e+00 2.321613777561876368e+00 2.139087444706887275e+00 2.025869098056885864e+00 1.845421085646722359e+00 2.201714904205756440e+00 2.466415418474846355e+00 2.653336625537463966e+00 2.796746127191104492e+00 2.887425519095097926e+00 2.924137821797368364e+00 2.902025729463320047e+00 2.818313132703965884e+00 2.672553663719266392e+00 2.470215359558425749e+00 2.221323095548672022e+00 1.890817114861849557e+00 1.442062159017501344e+00 1.247397892825741428e+00 1.130696531057205467e+00 1.000000000000000020e+30 1.000000000000000020e+30 1.000000000000000020e+30 1.000000000000000020e+30 1.000000000000000020e+30 1.000000000000000020e+30 1.000000000000000020e+30 3.341687855097214221e+00 3.527147042891074946e+00 3.802851814384145879e+00 3.989644883483424831e+00 4.147459731734920219e+00 4.280301061817881170e+00 4.360288546298495049e+00 4.391592309865472998e+00 1.000000000000000020e+30
1.000000000000000020e+30 1.000000000000000020e+30 6.882797624871564435e-02 1.201945085477452713e-01 1.919516384176007950e-01 3.247583387950561118e-01 5.458563589244739278e-01 7.378479825569762562e-01 9.421438558360876181e-01 1.139579649212557610e+00 1.343167448972657718e+00 1.563193717586440545e+00 1.789595969461512448e+00 2.014342855488644890e+00 2.223328023808797127e+00 2.404212158287776901e+00 2.548034244458690978e+00 2.648779811208100021e+00 2.702745972571791278e+00 2.708193470676526715e+00 2.665439007367944146e+00 2.577389133497899110e+00 2.450890313594316083e+00 2.299355552396994185e+00 2.141686306751477531e+00 1.943943398538760414e+00 1.698018345681207020e+00 1.942457216384996244e+00 2.081259836724931311e+00 2.232851982722475981e+00 2.326360606509751960e+00 2.371413489870090707e+00 2.354439324191304639e+00 2.270741362801969920e+00 2.115310800652643319e+00 1.897461939906601724e+00 1.683337009854710242e+00 1.362557929919338662e+00 1.396325991752946249e+00 1.334729625159998045e+00 1.248847587352752253e+00 1.000000000000000020e+30 1.000000000000000020e+30 1.000000000000000020e+30 1.000000000000000020e+30 1.000000000000000020e+30 1.000000000000000020e+30 1.000000000000000020e+30 1.000000000000000020e+30 1.000000000000000020e+30 4.006132065591137881e+00 4.117179236126146336e+00 4.261199043687526000e+00 4.421429962131898428e+00 4.488370680901003773e+00 4.491072941181727174e+00 1.000000000000000020e+30
1.000000000000000020e+30 1.000000000000000020e+30 5.124037686672239245e-02 7.336644181947760135e-02 1.120267858994529186e-01 1.771676874601032792e-01 2.757056447944706834e-01 3.993526907209594135e-01 6.181728425902492940e-01 7.992325756509068846e-01 9.968702166980334400e-01 1.245208108090996024e+00 1.505823406645138141e+00 1.777615259111637647e+00 2.034292732626859834e+00 2.259193670988250080e+00 2.442756623530785376e+00 2.579513632057890415e+00 2.666607415733473818e+00 2.703193479246241093e+00 2.690334631089722262e+00 2.631167244841339681e+00 2.531130833901998667e+00 2.397513062718825250e+00 2.235489969946756972e+00 2.035727603442798461e+00 1.789351882432156815e+00 1.475066909207643828e+00 1.446578395898035163e+00 1.675778975678413607e+00 1.761796556187425811e+00 1.828614777422923110e+00 1.822158521385298657e+00 1.745106288021097685e+00 1.573391372226716323e+00 1.277534133057275145e+00 1.211943798082578017e+00 1.353238377785700219e+00 1.410008964640686591e+00 1.411590175741373132e+00 1.000000000000000020e+30 1.000000000000000020e+30 1.000000000000000020e+30 1.000000000000000020e+30 1.000000000000000020e+30 1.000000000000000020e+30 1.000000000000000020e+30 1.000000000000000020e+30 1.000000000000000020e+30 1.000000000000000020e+30 1.000000000000000020e+30 1.000000000000000020e+30 1.000000000000000020e+30 4.563812048006095523e+00 4.578547949919276050e+00 1.000000000000000020e+30 1.000000000000000020e+30
1.000000000000000020e+30 2.497204272674826905e-02 3.416856833938746590e-02 4.666923845745690747e-02 6.680709269879137047e-02 9.870964159639537827e-02 1.455563797763607392e-01 2.093718878883976675e-01 3.026961652020974114e-01 4.075462650615948590e-01 5.591956407537103102e-01 8.668917642692032244e-01 1.155141365359859229e+00 1.492320155797640657e+00 1.805941350572395576e+00 2.078067023742145913e+00 2.301841411050209896e+00 2.473992663498210121e+00 2.593186585891933849e+00 2.659591528039540353e+00 2.674802685578330674e+00 2.641848898379759447e+00 2.565047601878333694e+00 2.449302028804110964e+00 2.298284225572260642e+00 2.112430202859138628e+00 1.895098136917176657e+00 1.661474426006274374e+00 1.477502310688180609e+00 1.217852157537131941e+00 1.171982145014948129e+00 1.314159372711574791e+00 1.316095759461334280e+00 1.271266800412964582e+00 1.115743597996138536e+00 1.244228573668787474e+00 1.307491486472663222e+00 1.390902332096241922e+00 1.439992255872589277e+00 1.451247079949164354e+00 1.000000000000000020e+30 1.000000000000000020e+30 1.000000000000000020e+30 1.000000000000000020e+30 1.000000000000000020e+30 1.000000000000000020e+30 1.000000000000000020e+30 1.000000000000000020e+30 1.000000000000000020e+30 1.000000000000000020e+30 1.000000000000000020e+30 1.000000000000000020e+30 1.000000000000000020e+30 1.000000000000000020e+30 1.000000000000000020e+30 1.000000000000000020e+30 1.000000000000000020e+30
1.000000000000000020e+30 2.178571544699976770e-02 2.562593592534135808e-02 3.208956324150831485e-02 4.234763686905106128e-02 5.807627444049861393e-02 8.095271250782809513e-02 1.129422012258957386e-01 1.580847731274086232e-01 2.181422973353007166e-01 3.110531862575086626e-01 4.715012877656055701e-01 7.102929890191198581e-01 1.175149963143668597e+00 1.554199058547129253e+00 1.872272774495174152e+00 2.132955171604320910e+00 2.336932649928846750e+00 2.484875820618004383e+00 2.578034635537032049e+00 2.618474865381599237e+00 2.609162507723627566e+00 2.553855538820198667e+00 2.456726933522460854e+00 2.321804307462045802e+00 2.153047867848069785e+00 1.956967596729408010e+00 1.745824078912700861e+00 1.538130422193553670e+00 1.320032009469960688e+00 1.139926068057568243e+00 9.025564234506128214e-01 8.199225807883654404e-01 8.720959351212679289e-01 1.084508682143831670e+00 1.239274574529723338e+00 1.344083158549459700e+00 1.422012646907246491e+00 1.465998670774352641e+00 1.000000000000000020e+30 1.000000000000000020e+30 1.000000000000000020e+30 1.000000000000000020e+30 1.000000000000000020e+30 1.000000000000000020e+30 1.000000000000000020e+30 1.000000000000000020e+30 1.000000000000000020e+30 1.000000000000000020e+30 1.000000000000000020e+30 1.000000000000000020e+30 1.000000000000000020e+30 1.000000000000000020e+30 1.000000000000000020e+30 1.000000000000000020e+30 1.000000000000000020e+30 1.000000000000000020e+30
1.715459558931495959e-02 1.875320087965109961e-02 2.088557094802595895e-02 2.423644480945122068e-02 2.944242147820439956e-02 3.729844448229763243e-02 4.876138732389026509e-02 6.520391951289997157e-02 8.909199731107850240e-02 1.246013733301827020e-01 1.831766322557469295e-01 2.876202203468935514e-01 4.810988827341184382e-01 8.977323725441097579e-01 1.305680221155289367e+00 1.656291085504367322e+00 1.945180431031605650e+00 2.174123508277718830e+00 2.345199468843282897e+00 2.460474024468472187e+00 2.522337476700650338e+00 2.533707072705515095e+00 2.498035431898288028e+00 2.419182933084872644e+00 2.301303600685148165e+00 2.149099539709180995e+00 1.968788650366874560e+00 1.768805001455113324e+00 1.558290813018432086e+00 1.340452343917052147e+00 1.127251947781322761e+00 9.068546221342408398e-01 7.070177997075234311e-01 8.643123686505894687e-01 1.075841078713184462e+00 1.245173119874161349e+00 1.365720334001169656e+00 1.443671264888756189e+00 1.484336374271292280e+00 1.000000000000000020e+30 1.000000000000000020e+30 1.000000000000000020e+30 1.000000000000000020e+30 1.000000000000000020e+30 1.000000000000000020e+30 1.000000000000000020e+30 1.000000000000000020e+30 1.000000000000000020e+30 1.000000000000000020e+30 1.000000000000000020e+30 1.000000000000000020e+30 1.000000000000000020e+30 1.000000000000000020e+30 1.000000000000000020e+30 1.000000000000000020e+30 1.000000000000000020e+30 1.000000000000000020e+30
1.662034480422483820e-02 1.726259028690716596e-02 1.835229601917718126e-02 2.007653235478401577e-02 2.273546236696859929e-02 2.674484217800300254e-02 3.269641897271433062e-02 4.156661188037496374e-02 5.519941170455851254e-02 7.728007894232713504e-02 1.159446928616036931e-01 1.876007500353685797e-01 3.246229942074860819e-01 5.912423393992953802e-01 1.063969319649862966e+00 1.440444058313332887e+00 1.746626472929024398e+00 1.991231622473694785e+00 2.178033004475947720e+00 2.309529797181264055e+00 2.388170493024379670e+00 2.416727670464973610e+00 2.398365883991296243e+00 2.336616870234132115e+00 2.235358019234454208e+00 2.098890255644291880e+00 1.932211666111250947e+00 1.741140164881609387e+00 1.531760251214872914e+00 1.309443974311674808e+00 1.081848140096782762e+00 8.573055579136987792e-01 6.806461897589227705e-01 7.709129328206103526e-01 1.072641123095272819e+00 1.258802345727267680e+00 1.380190989441452798e+00 1.461406942677958787e+00 1.535947047244560437e+00 1.000000000000000020e+30 1.000000000000000020e+30 1.000000000000000020e+30 1.000000000000000020e+30 1.000000000000000020e+30 1.000000000000000020e+30 1.000000000000000020e+30 1.000000000000000020e+30 1.000000000000000020e+30 1.000000000000000020e+30 1.000000000000000020e+30 1.000000000000000020e+30 1.000000000000000020e+30 1.000000000000000020e+30 1.000000000000000020e+30 1.000000000000000020e+30 1.000000000000000020e+30 1.000000000000000020e+30
1.617043748286204133e-02 1.645741707458725153e-02 1.700714992819605739e-02 1.789665275693094401e-02 1.927786193639043771e-02 2.139122738418242770e-02 2.463093661636554452e-02 2.971492767165871338e-02 3.806312530378570119e-02 5.260150617884268992e-02 7.950471628653708878e-02 1.315110516236079052e-01 2.348795628200064656e-01 4.443363626141961786e-01 8.751571611349663327e-01 1.239512413677079206e+00 1.544403513113135284e+00 1.792977772012411819e+00 1.986963610489195675e+00 2.128021786041354169e+00 2.218225785310866449e+00 2.260058253765527603e+00 2.256323601113099375e+00 2.210130912764212585e+00 2.124868592847773296e+00 2.004006150944154907e+00 1.851011794891971096e+00 1.669416650798725366e+00 1.462977003011231236e+00 1.235980200599603673e+00 9.930566243126117687e-01 7.265129798836957864e-01 8.129496210414550728e-01 9.497636230347442643e-01 1.147076993240145448e+00 1.308144124592411028e+00 1.428429681455525957e+00 1.512574359599250684e+00 1.000000000000000020e+30 1.000000000000000020e+30 1.000000000000000020e+30 1.000000000000000020e+30 1.000000000000000020e+30 1.000000000000000020e+30 1.000000000000000020e+30 1.000000000000000020e+30 1.000000000000000020e+30 1.000000000000000020e+30 1.000000000000000020e+30 1.000000000000000020e+30 1.000000000000000020e+30 1.000000000000000020e+30 1.000000000000000020e+30 1.000000000000000020e+30 1.000000000000000020e+30 1.000000000000000020e+30 1.000000000000000020e+30
1.587577421183276535e-02 1.601326525233987344e-02 1.629393483925682326e-02 1.676003655723350833e-02 1.749819492740779803e-02 1.866105976449665416e-02 2.052560102769383429e-02 2.362888464253043788e-02 2.906403836864378948e-02 3.911229470090202276e-02 5.859120875031845893e-02 9.769908338365819456e-02 1.783045597649198788e-01 3.482973912095414515e-01 7.151480691621576735e-01 1.048624961439186487e+00 1.339113464716639390e+00 1.581734579632267712e+00 1.774820648987168292e+00 1.918699264030082841e+00 2.015032177126976354e+00 2.066036564610981952e+00 2.074093015088320779e+00 2.041815757095262196e+00 1.972188113938384335e+00 1.867804447807174917e+00 1.730401357209831126e+00 1.560906464212739708e+00 1.360260920306655352e+00 1.131635758564954131e+00 8.890503511803099501e-01 6.965843115234642280e-01 8.625908627687192132e-01 1.032550252025697279e+00 1.218056032974149439e+00 1.381689496512910065e+00 1.507136295759065270e+00 1.577622261065879661e+00 1.000000000000000020e+30 1.000000000000000020e+30 1.000000000000000020e+30 1.000000000000000020e+30 1.000000000000000020e+30 1.000000000000000020e+30 1.000000000000000020e+30 1.000000000000000020e+30 1.000000000000000020e+30 1.000000000000000020e+30 1.000000000000000020e+30 1.000000000000000020e+30 1.000000000000000020e+30 1.000000000000000020e+30 1.000000000000000020e+30 1.000000000000000020e+30 1.000000000000000020e+30 1.000000000000000020e+30 1.000000000000000020e+30
1.569965265929566117e-02 1.576894237072389710e-02 1.591590567564253947e-02 1.616707348558520801e-02 1.657709170854836447e-02 1.724939045329322920e-02 1.838368190069496894e-02 2.038089601992156691e-02 2.406871550556805711e-02 3.118249146203265487e-02 4.539460677714215325e-02 7.454486021256592765e-02 1.356398821737602178e-01 2.665749412680509245e-01 5.557771359331713512e-01 8.571422533183707948e-01 1.128518864458908144e+00 1.358756587491256829e+00 1.544119787387693066e+00 1.684296830357531416e+00 1.781293840509103887e+00 1.837404433572591866e+00 1.854452406879618875e+00 1.834344556112167179e+00 1.780320274215686727e+00 1.694473287867989786e+00 1.576679810035872320e+00 1.424369203521531402e+00 1.233356541502751647e+00 9.968947124104189372e-01 6.986631357323652702e-01 7.427102680237187560e-01 8.745556629248852909e-01 1.055120117981386052e+00 1.268038335972608177e+00 1.458600443407280789e+00 1.587466279093686428e+00 1.619364864467648824e+00 1.000000000000000020e+30 1.000000000000000020e+30 1.000000000000000020e+30 1.000000000000000020e+30 1.000000000000000020e+30 1.000000000000000020e+30 1.000000000000000020e+30 1.000000000000000020e+30 1.000000000000000020e+30 1.000000000000000020e+30 1.000000000000000020e+30 1.000000000000000020e+30 1.000000000000000020e+30 1.000000000000000020e+30 1.000000000000000020e+30 1.000000000000000020e+30 1.000000000000000020e+30 1.000000000000000020e+30 1.000000000000000020e+30
1.559902115916881465e-02 1.563555295308087165e-02 1.571526418625542737e-02 1.585583150316460105e-02 1.609391143909371519e-02 1.650179924389022154e-02 1.722362774304101243e-02 1.855282315279210489e-02 2.109543055478341894e-02 2.611184458928112601e-02 3.622777621399426301e-02 5.689796896398741782e-02 9.933575481875817070e-02 1.858508352425303489e-01 3.565183412711356303e-01 6.580837893384535731e-01 9.124958762513014632e-01 1.126347068250536099e+00 1.298004408038456514e+00 1.427679168096957163e+00 1.519721080266751789e+00 1.577208048141320429e+00 1.600813567589555619e+00 1.590437962119605864e+00 1.551954721501841217e+00 1.487955240049516625e+00 1.396668180887086219e+00 1.271231432496494618e+00 1.103341705630383363e+00 8.834508913830692034e-01 6.001318647770164105e-01 6.682681628895814629e-01 7.950722682203150704e-01 9.979874031032612836e-01 1.298551084889211005e+00 1.549633961300604712e+00 1.692644136687248446e+00 1.000000000000000020e+30 1.000000000000000020e+30 1.000000000000000020e+30 1.000000000000000020e+30 1.000000000000000020e+30 1.000000000000000020e+30 1.000000000000000020e+30 1.000000000000000020e+30 1.000000000000000020e+30 1.000000000000000020e+30 1.000000000000000020e+30 1.000000000000000020e+30 1.000000000000000020e+30 1.000000000000000020e+30 1.000000000000000020e+30 1.000000000000000020e+30 1.000000000000000020e+30 1.000000000000000020e+30 1.000000000000000020e+30 1.000000000000000020e+30
1.554309614673424211e-02 1.556332853441274623e-02 1.560853972361992727e-02 1.569080647426846983e-02 1.583536672851201463e-02 1.609298940405224157e-02 1.656609275005571993e-02 1.746319235646719495e-02 1.921100774660576896e-02 2.268284565957005491e-02 2.965856028373787048e-02 4.373709004757513757e-02 7.211281298068518419e-02 1.289943026743472776e-01 2.426271539338237249e-01 4.749919302982072988e-01 6.974241172162569669e-01 8.893288572414690396e-01 1.041222080689958140e+00 1.151583704051753587e+00 1.232411738504923582e+00 1.288627626300129503e+00 1.318123604603612664e+00 1.312068272704121297e+00 1.288045706060482631e+00 1.250142365434116831e+00 1.195712010332151687e+00 1.109624825215063559e+00 9.792615536065819581e-01 7.916063651879929886e-01 5.218187257540561896e-01 4.997564104710053856e-01 6.020612473465720704e-01 8.023167477366381917e-01 1.322614654855048588e+00 1.672381105533802925e+00 1.866760427792190091e+00 1.000000000000000020e+30 1.000000000000000020e+30 1.000000000000000020e+30 1.000000000000000020e+30 1.000000000000000020e+30 1.000000000000000020e+30 1.000000000000000020e+30 1.000000000000000020e+30 1.000000000000000020e+30 1.000000000000000020e+30 1.000000000000000020e+30 1.000000000000000020e+30 1.000000000000000020e+30 1.000000000000000020e+30 1.000000000000000020e+30 1.000000000000000020e+30 1.000000000000000020e+30 1.000000000000000020e+30 1.000000000000000020e+30 1.000000000000000020e+30
1.551289119059594268e-02 1.552487920324998986e-02 1.555212286152550180e-02 1.560291697262564982e-02 1.569469400933284214e-02 1.586272880458757320e-02 1.617813926233587635e-02 1.678449423836782597e-02 1.797112779179244405e-02 2.031764369760059516e-02 2.497351128492590611e-02 3.418695801083744545e-02 5.227658379887259454e-02 8.733938050587400359e-02 1.540161146033914852e-01 2.765908252912683274e-01 4.803192364172579887e-01 6.533465121522223917e-01 7.818428185446445466e-01 8.570949366989607521e-01 9.189916857159821095e-01 9.709067955322489007e-01 1.009313581593862308e+00 9.884882495090405730e-01 9.747927712910335885e-01 9.670474187579478631e-01 9.679642078808057271e-01 9.310595151594900365e-01 8.575859710805758818e-01 7.349292704603204163e-01 5.352732318714342741e-01 5.404930858014047601e-01 7.238782445849698544e-01 8.561595967182258349e-01 1.437945550049823051e+00 1.866060256626535407e+00 2.171772015648511189e+00 2.440246319433172495e+00 1.000000000000000020e+30 1.000000000000000020e+30 1.000000000000000020e+30 1.000000000000000020e+30 1.000000000000000020e+30 1.000000000000000020e+30 1.000000000000000020e+30 1.000000000000000020e+30 1.000000000000000020e+30 1.000000000000000020e+30 1.000000000000000020e+30 1.000000000000000020e+30 1.000000000000000020e+30 1.000000000000000020e+30 1.000000000000000020e+30 1.000000000000000020e+30 1.000000000000000020e+30 1.000000000000000020e+30 1.000000000000000020e+30
1.549763147331902069e-02 1.550570780880059646e-02 1.552395639170770121e-02 1.555802950410169715e-02 1.561988485438792727e-02 1.573363480181391022e-02 1.594751997495174808e-02 1.635777264607512702e-02 1.715511832113151766e-02 1.871309976811390968e-02 2.175036732517023411e-02 2.761790478189750722e-02 3.878861188715286568e-02 5.961771018211026868e-02 9.733033936124360630e-02 1.625992287230324240e-01 2.685076578371519140e-01 4.308074230183979170e-01 5.288667304719799622e-01 5.162317415389161557e-01 5.449159080771607266e-01 5.797237351744447542e-01 6.694620854526723841e-01 5.616441314556070985e-01 5.644699232392750288e-01 5.908228056394728700e-01 7.057188645474583577e-01 7.287147572108823024e-01 7.376398928599952054e-01 7.192378661865416190e-01 6.978548490267646454e-01 7.487424212324705897e-01 8.565686274604772388e-01 9.965966445003853202e-01 1.646111078127951322e+00 2.121879076887732030e+00 2.446248553611173548e+00 2.635547614058268984e+00 1.000000000000000020e+30 1.000000000000000020e+30 1.000000000000000020e+30 1.000000000000000020e+30 1.000000000000000020e+30 1.000000000000000020e+30 1.000000000000000020e+30 1.000000000000000020e+30 1.000000000000000020e+30 1.000000000000000020e+30 1.000000000000000020e+30 1.000000000000000020e+30 1.000000000000000020e+30 1.000000000000000020e+30 1.000000000000000020e+30 1.000000000000000020e+30 1.000000000000000020e+30 1.000000000000000020e+30 1.000000000000000020e+30
1.549168609893961969e-02 1.549891258172130318e-02 1.551414781558336023e-02 1.554122793753804840e-02 1.558835702697854673e-02 1.567177883066776453e-02 1.582354532001463421e-02 1.610701917869792124e-02 1.664687799975297575e-02 1.768515269864082834e-02 1.967818888342299372e-02 2.344694338347978746e-02 3.042669044703799272e-02 4.300606132372870177e-02 6.500150745619925896e-02 1.012871716583044895e-01 1.573952327060152701e-01 2.364208666477290721e-01 3.278636563633172685e-01 4.672793718107844385e-01 5.293697050292383022e-01 5.348575735222383942e-01 4.301406296185436573e-01 4.106435530813722368e-01 5.321396088928307400e-01 5.490570322357308797e-01 4.659667824448620044e-01 4.826656761343982027e-01 6.016443312827285395e-01 6.724458831594247732e-01 7.557055930307864378e-01 8.629457405670987180e-01 9.218288167939936439e-01 1.255348790230452982e+00 1.976254731027831113e+00 2.465434849293770991e+00 2.784239103468387100e+00 2.944305543083126420e+00 1.000000000000000020e+30 1.000000000000000020e+30 1.000000000000000020e+30 1.000000000000000020e+30 1.000000000000000020e+30 1.000000000000000020e+30 1.000000000000000020e+30 1.000000000000000020e+30 1.000000000000000020e+30 1.000000000000000020e+30 1.000000000000000020e+30 1.000000000000000020e+30 1.000000000000000020e+30 1.000000000000000020e+30 1.000000000000000020e+30 1.000000000000000020e+30 1.000000000000000020e+30 1.000000000000000020e+30 1.000000000000000020e+30
1.549230864902005969e-02 1.550259874987520645e-02 1.552083835036728934e-02 1.555016074461240162e-02 1.559654657360500137e-02 1.567089704802398023e-02 1.579388825082626152e-02 1.600619999843506946e-02 1.638959320699179961e-02 1.711148807991438175e-02 1.850589925180359113e-02 2.113607822180996534e-02 2.597310649527742252e-02 3.447890822417559731e-02 4.908765357770990267e-02 7.345466749449516830e-02 1.153423977960620905e-01 1.804351862353335278e-01 3.359555236675219048e-01 4.631373713639948542e-01 5.382677085561453634e-01 5.660764019757764665e-01 5.394966884487729653e-01 5.372865060274548688e-01 5.827565384553936578e-01 5.852290237335429079e-01 5.423194584658390660e-01 5.121998785644823471e-01 4.418500415222439415e-01 5.630495742810925908e-01 7.524922921869994230e-01 9.921738898652525673e-01 1.294601658053218030e+00 1.923681965949273431e+00 2.481040730995192067e+00 2.910537048667274806e+00 3.204551102708423027e+00 3.352631947930296619e+00 1.000000000000000020e+30 1.000000000000000020e+30 1.000000000000000020e+30 1.000000000000000020e+30 1.000000000000000020e+30 1.000000000000000020e+30 1.000000000000000020e+30 1.000000000000000020e+30 1.000000000000000020e+30 1.000000000000000020e+30 1.000000000000000020e+30 1.000000000000000020e+30 1.000000000000000020e+30 1.000000000000000020e+30 1.000000000000000020e+30 1.000000000000000020e+30 1.000000000000000020e+30 1.000000000000000020e+30 1.000000000000000020e+30
1.549707730183607149e-02 1.551959944254281860e-02 1.554974079945472230e-02 1.559456613637091871e-02 1.565957770813485375e-02 1.575240718636740367e-02 1.588524369986112073e-02 1.608084659595076377e-02 1.638556875280994252e-02 1.691841564024206684e-02 1.801966250248990264e-02 2.015828310934094161e-02 2.435902055680905579e-02 3.205812688125597026e-02 4.806468319564131259e-02 7.570006938050390100e-02 1.526745227980951802e-01 2.373542733465548726e-01 3.807720542449952728e-01 5.055824488292423036e-01 6.147702043330626198e-01 7.238502741619891045e-01 7.422731090064015325e-01 7.490012455176878747e-01 7.573138030922755837e-01 7.069498000915861446e-01 6.814988884472862329e-01 7.113400358353734187e-01 9.028432440927787184e-01 1.034847235069690674e+00 1.361287769644144996e+00 1.754864842826756810e+00 2.159118780776266622e+00 2.610452936142453328e+00 3.047627157919420515e+00 3.415147995571581774e+00 3.688102082344344446e+00 3.845388568546369790e+00 1.000000000000000020e+30 1.000000000000000020e+30 1.000000000000000020e+30 1.000000000000000020e+30 1.000000000000000020e+30 1.000000000000000020e+30 1.000000000000000020e+30 1.000000000000000020e+30 1.000000000000000020e+30 1.000000000000000020e+30 1.000000000000000020e+30 1.000000000000000020e+30 1.000000000000000020e+30 1.000000000000000020e+30 1.000000000000000020e+30 1.000000000000000020e+30 1.000000000000000020e+30 1.000000000000000020e+30 1.000000000000000020e+30
1.000000000000000020e+30 1.556185428987674410e-02 1.561697799717995730e-02 1.570167395624632103e-02 1.582085200173729417e-02 1.598133358465740964e-02 1.618853205347372398e-02 1.644866538005771567e-02 1.676522575937316670e-02 1.719552712876223910e-02 1.841289713322602148e-02 2.107448517448494776e-02 2.814863516304770205e-02 4.035310284617626975e-02 8.606716234433657575e-02 1.481751522376510977e-01 2.273591988525886509e-01 6.072265323931657077e-01 5.356970973480782439e-01 5.903664947657786266e-01 1.000000000000000020e+30 9.084288397744115784e-01 9.168399180730829601e-01 9.236210176556727269e-01 9.287241035250043408e-01 1.000000000000000020e+30 1.000000000000000020e+30 1.000000000000000020e+30 1.559581062923784289e+00 1.676869918957370365e+00 1.994923257692021723e+00 2.487341397506440011e+00 2.877041449516629879e+00 3.244938160153217677e+00 3.607801520259328321e+00 3.930193390828172539e+00 4.197329487278430804e+00 4.427874040644185882e+00 4.734398846429957786e+00 1.000000000000000020e+30 1.000000000000000020e+30 1.000000000000000020e+30 1.000000000000000020e+30 1.000000000000000020e+30 1.000000000000000020e+30 1.000000000000000020e+30 1.000000000000000020e+30 1.000000000000000020e+30 1.000000000000000020e+30 1.000000000000000020e+30 1.000000000000000020e+30 1.000000000000000020e+30 1.000000000000000020e+30 1.000000000000000020e+30 1.000000000000000020e+30 1.000000000000000020e+30 1.000000000000000020e+30
1.000000000000000020e+30 1.561039833493123655e-02 1.575308894742717680e-02 1.592958582404313539e-02 1.617599334871475808e-02 1.650609812806736604e-02 1.691971513137634567e-02 1.748037057262909894e-02 1.815978351087358528e-02 1.885028055851499518e-02 2.399247801760255247e-02 3.188082639586704847e-02 8.405599261617552331e-02 1.450052758929932517e-01 4.545226337326420674e-01 2.944591435245350053e-01 3.285190878187235208e-01 1.000000000000000020e+30 1.000000000000000020e+30 1.000000000000000020e+30 1.000000000000000020e+30 1.000000000000000020e+30 1.000000000000000020e+30 1.000000000000000020e+30 1.000000000000000020e+30 1.000000000000000020e+30 1.000000000000000020e+30 1.000000000000000020e+30 1.947684586057733869e+00 2.143457144920295487e+00 2.720697636767663408e+00 3.162439423194851162e+00 3.481217532747630017e+00 3.806354436665910335e+00 4.122770186508672552e+00 4.408170272779225130e+00 4.645532056140131871e+00 4.832634903092356993e+00 4.966041198295762626e+00 1.000000000000000020e+30 1.000000000000000020e+30 1.000000000000000020e+30 1.000000000000000020e+30 1.000000000000000020e+30 1.000000000000000020e+30 1.000000000000000020e+30 1.000000000000000020e+30 1.000000000000000020e+30 1.000000000000000020e+30 1.000000000000000020e+30 1.000000000000000020e+30 1.000000000000000020e+30 1.000000000000000020e+30 1.000000000000000020e+30 1.000000000000000020e+30 1.000000000000000020e+30 1.000000000000000020e+30
1.000000000000000020e+30 1.000000000000000020e+30 1.604557198001590676e-02 1.639649513362898339e-02 1.692205187893182014e-02 1.765622185367005451e-02 1.862331785829504996e-02 2.053186692344927122e-02 2.450154840687628066e-02 3.189577662037360734e-02 9.736861968447155236e-02 1.263681048453802469e-01 1.000000000000000020e+30 1.000000000000000020e+30 1.000000000000000020e+30 1.000000000000000020e+30 1.000000000000000020e+30 1.000000000000000020e+30 1.000000000000000020e+30 1.000000000000000020e+30 1.000000000000000020e+30 1.000000000000000020e+30 1.000000000000000020e+30 1.000000000000000020e+30 1.000000000000000020e+30 1.000000000000000020e+30 1.000000000000000020e+30 1.000000000000000020e+30 1.000000000000000020e+30 1.000000000000000020e+30 3.438398533050563088e+00 3.662673995818429784e+00 3.970553137256120468e+00 4.279296137089127150e+00 4.574549828103136484e+00 4.834470644164467146e+00 5.039838275424605385e+00 5.183651955854522875e+00 5.254650175946508739e+00 1.000000000000000020e+30 1.000000000000000020e+30 1.000000000000000020e+30 1.000000000000000020e+30 1.000000000000000020e+30 1.000000000000000020e+30 1.000000000000000020e+30 1.000000000000000020e+30 1.000000000000000020e+30 1.000000000000000020e+30 1.000000000000000020e+30 1.000000000000000020e+30 1.000000000000000020e+30 1.000000000000000020e+30 1.000000000000000020e+30 1.000000000000000020e+30 1.000000000000000020e+30 1.000000000000000020e+30
1.000000000000000020e+30 1.000000000000000020e+30 1.637427821077201001e-02 1.734071185702504292e-02 1.862064854723200977e-02 2.054562577199778306e-02 2.325561862564820212e-02 3.310337872651774455e-02 1.179807946121588375e-01 1.429276281930025316e-01 1.000000000000000020e+30 1.000000000000000020e+30 1.000000000000000020e+30 1.000000000000000020e+30 1.000000000000000020e+30 1.000000000000000020e+30 1.000000000000000020e+30 1.000000000000000020e+30 1.000000000000000020e+30 1.000000000000000020e+30 1.000000000000000020e+30 1.000000000000000020e+30 1.000000000000000020e+30 1.000000000000000020e+30 1.000000000000000020e+30 1.000000000000000020e+30 1.000000000000000020e+30 1.000000000000000020e+30 1.000000000000000020e+30 1.000000000000000020e+30 1.000000000000000020e+30 4.105886443829885657e+00 4.384000776162992885e+00 4.678065942705595504e+00 4.960273408239197046e+00 5.209262940238561512e+00 5.386010470169694919e+00 5.495344668918192177e+00 5.536032864308985779e+00 1.000000000000000020e+30 1.000000000000000020e+30 1.000000000000000020e+30 1.000000000000000020e+30 1.000000000000000020e+30 1.000000000000000020e+30 1.000000000000000020e+30 1.000000000000000020e+30 1.000000000000000020e+30 1.000000000000000020e+30 1.000000000000000020e+30 1.000000000000000020e+30 1.000000000000000020e+30 1.000000000000000020e+30 1.000000000000000020e+30 1.000000000000000020e+30 1.000000000000000020e+30 1.000000000000000020e+30
1.000000000000000020e+30 1.000000000000000020e+30 1.000000000000000020e+30 1.962972468557139943e-02 2.346935542880488820e-02 3.146268917679630184e-02 4.306522829085806386e-02 1.444403840909426473e-01 2.121426877319947391e-01 1.000000000000000020e+30 1.000000000000000020e+30 1.000000000000000020e+30 1.000000000000000020e+30 1.000000000000000020e+30 1.000000000000000020e+30 1.000000000000000020e+30 1.000000000000000020e+30 1.000000000000000020e+30 1.000000000000000020e+30 1.000000000000000020e+30 1.000000000000000020e+30 1.000000000000000020e+30 1.000000000000000020e+30 1.000000000000000020e+30 1.000000000000000020e+30 1.000000000000000020e+30 1.000000000000000020e+30 1.000000000000000020e+30 1.000000000000000020e+30 1.000000000000000020e+30 1.000000000000000020e+30 1.000000000000000020e+30 4.786351580628471325e+00 5.044314629185500998e+00 5.298156880725287898e+00 5.544889740363917241e+00 5.685257706091383589e+00 5.759562919458860897e+00 5.778287041356437115e+00 1.000000000000000020e+30 1.000000000000000020e+30 1.000000000000000020e+30 1.000000000000000020e+30 1.000000000000000020e+30 1.000000000000000020e+30 1.000000000000000020e+30 1.000000000000000020e+30 1.000000000000000020e+30 1.000000000000000020e+30 1.000000000000000020e+30 1.000000000000000020e+30 1.000000000000000020e+30 1.000000000000000020e+30 1.000000000000000020e+30 1.000000000000000020e+30 1.000000000000000020e+30 1.000000000000000020e+30
1.000000000000000020e+30 1.000000000000000020e+30 1.000000000000000020e+30 2.314293312339475370e-02 4.179778754008129510e-02 1.427700779131252373e-01 2.129193767641055501e-01 2.568073475425519669e-01 1.000000000000000020e+30 1.000000000000000020e+30 1.000000000000000020e+30 1.000000000000000020e+30 1.000000000000000020e+30 1.000000000000000020e+30 1.000000000000000020e+30 1.000000000000000020e+30 1.000000000000000020e+30 1.000000000000000020e+30 1.000000000000000020e+30 1.000000000000000020e+30 1.000000000000000020e+30 1.000000000000000020e+30 1.000000000000000020e+30 1.000000000000000020e+30 1.000000000000000020e+30 1.000000000000000020e+30 1.000000000000000020e+30 1.000000000000000020e+30 1.000000000000000020e+30 1.000000000000000020e+30 1.000000000000000020e+30 1.000000000000000020e+30 1.000000000000000020e+30 5.411333077326073493e+00 5.644335396810222782e+00 5.847877219211530253e+00 5.932370985996206159e+00 5.960007022275012112e+00 5.958193622437183201e+00 1.000000000000000020e+30 1.000000000000000020e+30 1.000000000000000020e+30 1.000000000000000020e+30 1.000000000000000020e+30 1.000000000000000020e+30 1.000000000000000020e+30 1.000000000000000020e+30 1.000000000000000020e+30 1.000000000000000020e+30 1.000000000000000020e+30 1.000000000000000020e+30 1.000000000000000020e+30 1.000000000000000020e+30 1.000000000000000020e+30 1.000000000000000020e+30 1.000000000000000020e+30 1.000000000000000020e+30
1.000000000000000020e+30 1.000000000000000020e+30 1.000000000000000020e+30 1.000000000000000020e+30 4.232385612838479583e-01 3.346983342072821221e-01 3.519413375350836093e-01 1.000000000000000020e+30 1.000000000000000020e+30 1.000000000000000020e+30 1.000000000000000020e+30 1.000000000000000020e+30 1.000000000000000020e+30 1.000000000000000020e+30 1.000000000000000020e+30 1.000000000000000020e+30 1.000000000000000020e+30 1.000000000000000020e+30 1.000000000000000020e+30 1.000000000000000020e+30 1.000000000000000020e+30 1.000000000000000020e+30 1.000000000000000020e+30 1.000000000000000020e+30 1.000000000000000020e+30 1.000000000000000020e+30 1.000000000000000020e+30 1.000000000000000020e+30 1.000000000000000020e+30 1.000000000000000020e+30 1.000000000000000020e+30 1.000000000000000020e+30 1.000000000000000020e+30 1.000000000000000020e+30 5.963044983780802610e+00 6.074474192220350233e+00 6.107765651558238140e+00 6.068188215006514064e+00 6.054360286861284912e+00 1.000000000000000020e+30 1.000000000000000020e+30 1.000000000000000020e+30 1.000000000000000020e+30 1.000000000000000020e+30 1.000000000000000020e+30 1.000000000000000020e+30 1.000000000000000020e+30 1.000000000000000020e+30 1.000000000000000020e+30 1.000000000000000020e+30 1.000000000000000020e+30 1.000000000000000020e+30 1.000000000000000020e+30 1.000000000000000020e+30 1.000000000000000020e+30 1.000000000000000020e+30 1.000000000000000020e+30
1.000000000000000020e+30 1.000000000000000020e+30 1.000000000000000020e+30 1.000000000000000020e+30 7.098885989977039568e-01 1.000000000000000020e+30 1.000000000000000020e+30 1.000000000000000020e+30 1.000000000000000020e+30 1.000000000000000020e+30 1.000000000000000020e+30 1.000000000000000020e+30 1.000000000000000020e+30 1.000000000000000020e+30 1.000000000000000020e+30 1.000000000000000020e+30 1.000000000000000020e+30 1.000000000000000020e+30 1.000000000000000020e+30 1.000000000000000020e+30 1.000000000000000020e+30 1.000000000000000020e+30 1.000000000000000020e+30 1.000000000000000020e+30 1.000000000000000020e+30 1.000000000000000020e+30 1.000000000000000020e+30 1.000000000000000020e+30 1.000000000000000020e+30 1.000000000000000020e+30 1.000000000000000020e+30 1.000000000000000020e+30 1.000000000000000020e+30 1.000000000000000020e+30 1.000000000000000020e+30 6.210687639118704695e+00 6.224232659454205674e+00 1.000000000000000020e+30 1.000000000000000020e+30 1.000000000000000020e+30 1.000000000000000020e+30 1.000000000000000020e+30 1.000000000000000020e+30 1.000000000000000020e+30 1.000000000000000020e+30 1.000000000000000020e+30 1.000000000000000020e+30 1.000000000000000020e+30 1.000000000000000020e+30 1.000000000000000020e+30 1.000000000000000020e+30 1.000000000000000020e+30 1.000000000000000020e+30 1.000000000000000020e+30 1.000000000000000020e+30 1.000000000000000020e+30 1.000000000000000020e+30
