1.000000000000000020e+30 1.000000000000000020e+30 1.000000000000000020e+30 1.000000000000000020e+30 1.000000000000000020e+30 1.000000000000000020e+30 1.000000000000000020e+30 1.000000000000000020e+30 1.000000000000000020e+30 1.000000000000000020e+30 1.000000000000000020e+30 1.000000000000000020e+30 1.000000000000000020e+30 1.000000000000000020e+30 1.000000000000000020e+30 1.000000000000000020e+30 1.000000000000000020e+30 1.000000000000000020e+30 1.000000000000000020e+30 1.000000000000000020e+30 1.000000000000000020e+30 1.000000000000000020e+30 1.000000000000000020e+30 1.000000000000000020e+30 1.000000000000000020e+30 1.000000000000000020e+30 1.000000000000000020e+30 1.000000000000000020e+30 1.000000000000000020e+30 1.000000000000000020e+30 1.000000000000000020e+30 1.000000000000000020e+30 1.000000000000000020e+30 1.000000000000000020e+30 1.000000000000000020e+30 1.000000000000000020e+30 1.000000000000000020e+30 1.000000000000000020e+30 1.000000000000000020e+30 1.000000000000000020e+30 1.000000000000000020e+30 1.000000000000000020e+30 1.000000000000000020e+30 1.000000000000000020e+30 1.000000000000000020e+30 1.000000000000000020e+30 1.000000000000000020e+30 1.000000000000000020e+30 1.000000000000000020e+30 1.000000000000000020e+30 1.000000000000000020e+30 1.000000000000000020e+30 1.000000000000000020e+30 1.000000000000000020e+30 1.000000000000000020e+30 1.000000000000000020e+30 1.000000000000000020e+30
1.000000000000000020e+30 1.000000000000000020e+30 1.000000000000000020e+30 1.000000000000000020e+30 1.000000000000000020e+30 1.000000000000000020e+30 1.000000000000000020e+30 1.000000000000000020e+30 1.000000000000000020e+30 1.000000000000000020e+30 1.000000000000000020e+30 1.000000000000000020e+30 1.000000000000000020e+30 1.000000000000000020e+30 1.000000000000000020e+30 1.000000000000000020e+30 1.000000000000000020e+30 1.000000000000000020e+30 1.000000000000000020e+30 1.000000000000000020e+30 1.000000000000000020e+30 1.000000000000000020e+30 1.000000000000000020e+30 1.000000000000000020e+30 1.000000000000000020e+30 1.000000000000000020e+30 1.000000000000000020e+30 4.593721867404108927e+00 4.559190743548594327e+00 4.496558976971415156e+00 4.408331381130671467e+00 4.295846270275919920e+00 4.160155867595766388e+00 4.002360583357630119e+00 3.823772371149525728e+00 3.626027514172979416e+00 3.411200920173018680e+00 3.181967070228259864e+00 2.941889754425964565e+00 2.696050468229648445e+00 2.452634338661582980e+00 2.227485823020868949e+00 2.058753339880727840e+00 1.000000000000000020e+30 1.000000000000000020e+30 1.000000000000000020e+30 1.000000000000000020e+30 1.000000000000000020e+30 1.000000000000000020e+30 1.000000000000000020e+30 1.000000000000000020e+30 1.000000000000000020e+30 1.000000000000000020e+30 1.000000000000000020e+30 1.000000000000000020e+30 1.000000000000000020e+30 1.000000000000000020e+30
1.000000000000000020e+30 1.000000000000000020e+30 1.000000000000000020e+30 1.000000000000000020e+30 1.000000000000000020e+30 1.000000000000000020e+30 1.000000000000000020e+30 1.000000000000000020e+30 1.000000000000000020e+30 1.000000000000000020e+30 1.000000000000000020e+30 1.000000000000000020e+30 1.000000000000000020e+30 1.000000000000000020e+30 1.000000000000000020e+30 1.000000000000000020e+30 1.000000000000000020e+30 1.000000000000000020e+30 1.000000000000000020e+30 1.000000000000000020e+30 1.000000000000000020e+30 1.000000000000000020e+30 1.000000000000000020e+30 1.000000000000000020e+30 4.607057589442792533e+00 4.610950408233527753e+00 4.604492245548296836e+00 4.584346663961531121e+00 4.543476934616619722e+00 4.478564778633455035e+00 4.389375715539855172e+00 4.276381259662560552e+00 4.140309935344935077e+00 3.982106558786283834e+00 3.802974527791896264e+00 3.604435439917939910e+00 3.388396870784059711e+00 3.157229376667417320e+00 2.913843530692505457e+00 2.661693944577907533e+00 2.404339702343646135e+00 2.142843332772163656e+00 1.863164371344562031e+00 1.477440128868828140e+00 1.131615943846372652e+00 8.086434197756712239e-01 4.974556368722477528e-01 5.112821290878994951e-01 1.000000000000000020e+30 1.000000000000000020e+30 1.000000000000000020e+30 1.000000000000000020e+30 1.000000000000000020e+30 1.000000000000000020e+30 1.000000000000000020e+30 1.000000000000000020e+30 1.000000000000000020e+30
1.000000000000000020e+30 1.000000000000000020e+30 1.000000000000000020e+30 1.000000000000000020e+30 1.000000000000000020e+30 1.000000000000000020e+30 1.000000000000000020e+30 1.000000000000000020e+30 1.000000000000000020e+30 1.000000000000000020e+30 1.000000000000000020e+30 1.000000000000000020e+30 1.000000000000000020e+30 1.000000000000000020e+30 1.000000000000000020e+30 1.000000000000000020e+30 1.000000000000000020e+30 1.000000000000000020e+30 1.000000000000000020e+30 1.000000000000000020e+30 1.000000000000000020e+30 4.419465731370949335e+00 4.459211771053523066e+00 4.507977726900239013e+00 4.559864861090296984e+00 4.577840221013191879e+00 4.574555706514392028e+00 4.551950025960206148e+00 4.508118272497263490e+00 4.441375462894999515e+00 4.351129287748444874e+00 4.237442621103140183e+00 4.100770303402893724e+00 3.941866709205083641e+00 3.761771386329629152e+00 3.561823525831640413e+00 3.343680998733048693e+00 3.109321422181765548e+00 2.860978463055776189e+00 2.600891733755091639e+00 2.330563162119353660e+00 2.048864909226062903e+00 1.748394101641505660e+00 1.415507633692133282e+00 1.089589469061986282e+00 7.803229252685023321e-01 4.900251825927547933e-01 5.110647044900723523e-01 5.192884737702690989e-01 1.000000000000000020e+30 1.000000000000000020e+30 1.000000000000000020e+30 1.000000000000000020e+30 1.000000000000000020e+30 1.000000000000000020e+30 1.000000000000000020e+30 1.000000000000000020e+30
1.000000000000000020e+30 1.000000000000000020e+30 1.000000000000000020e+30 1.000000000000000020e+30 1.000000000000000020e+30 1.000000000000000020e+30 1.000000000000000020e+30 1.000000000000000020e+30 1.000000000000000020e+30 1.000000000000000020e+30 1.000000000000000020e+30 1.000000000000000020e+30 1.000000000000000020e+30 1.000000000000000020e+30 1.000000000000000020e+30 1.000000000000000020e+30 1.000000000000000020e+30 1.000000000000000020e+30 4.069551970480991265e+00 4.134322849142967549e+00 4.225883878061565291e+00 4.338225896775328216e+00 4.408328894939184117e+00 4.462504048700640880e+00 4.503672426976557119e+00 4.522762013935689218e+00 4.520514680211279668e+00 4.497264511200567583e+00 4.452213589581341502e+00 4.384446519930856212e+00 4.293458931148601998e+00 4.179177624986721185e+00 4.041885249627247489e+00 3.882167505329702450e+00 3.700890214162121605e+00 3.499191877711062659e+00 3.278475619374363159e+00 3.040380491376698746e+00 2.786698748914289592e+00 2.519180504254954212e+00 2.239146999023588602e+00 1.946927911104761044e+00 1.641774189829117381e+00 1.325093436615302434e+00 1.012088036154364934e+00 7.167373794354520156e-01 4.839675727434935015e-01 5.096700413981090083e-01 5.135458489645982061e-01 5.068502432695192184e-01 1.000000000000000020e+30 1.000000000000000020e+30 1.000000000000000020e+30 1.000000000000000020e+30 1.000000000000000020e+30 1.000000000000000020e+30 1.000000000000000020e+30
1.000000000000000020e+30 1.000000000000000020e+30 1.000000000000000020e+30 1.000000000000000020e+30 1.000000000000000020e+30 1.000000000000000020e+30 1.000000000000000020e+30 1.000000000000000020e+30 1.000000000000000020e+30 1.000000000000000020e+30 1.000000000000000020e+30 1.000000000000000020e+30 1.000000000000000020e+30 1.000000000000000020e+30 1.000000000000000020e+30 1.000000000000000020e+30 3.744259180378197271e+00 3.828565033071466228e+00 3.966001817320603973e+00 4.068250846515689467e+00 4.165096358332917248e+00 4.258318465811531617e+00 4.331850966748472587e+00 4.387976927489030565e+00 4.427020553486038068e+00 4.446140804685705383e+00 4.444382118262741876e+00 4.421199696611696872e+00 4.375904454369351271e+00 4.307834278376280857e+00 4.216563285161001318e+00 4.101967752649525956e+00 3.964220268987384443e+00 3.803768394684329479e+00 3.621316621927721524e+00 3.417812266071657668e+00 3.194429629306157814e+00 2.952544547962797417e+00 2.693691419933027742e+00 2.419502673888202615e+00 2.131666584405075948e+00 1.832047132100385722e+00 1.523308664416437308e+00 1.210244716581253099e+00 8.987495160091644175e-01 5.747974994114746217e-01 5.281927492297997517e-01 5.161607722786524244e-01 5.044925844334890996e-01 4.863803844648983965e-01 4.571613984610700121e-01 4.375598451782243270e-01 1.000000000000000020e+30 1.000000000000000020e+30 1.000000000000000020e+30 1.000000000000000020e+30 1.000000000000000020e+30
1.000000000000000020e+30 1.000000000000000020e+30 1.000000000000000020e+30 1.000000000000000020e+30 1.000000000000000020e+30 1.000000000000000020e+30 1.000000000000000020e+30 1.000000000000000020e+30 1.000000000000000020e+30 1.000000000000000020e+30 1.000000000000000020e+30 1.000000000000000020e+30 1.000000000000000020e+30 1.000000000000000020e+30 1.000000000000000020e+30 3.498537592660729167e+00 3.623522487709516238e+00 3.738384940866401163e+00 3.859580130875615911e+00 3.968740581181996685e+00 4.068319881225919588e+00 4.157717017744571919e+00 4.231739596284956662e+00 4.288930321290076009e+00 4.328221302561586548e+00 4.347976624271661983e+00 4.347027240405868298e+00 4.324513352931895760e+00 4.279696072926819639e+00 4.211969671479245392e+00 4.120932440104533967e+00 4.006426818114143806e+00 3.868546328262368217e+00 3.707626263197657757e+00 3.524229156860624101e+00 3.319128945340800385e+00 3.093294621621519358e+00 2.847875502500933464e+00 2.584197908642368535e+00 2.303803718947748713e+00 2.008609243282666323e+00 1.701363951629430549e+00 1.386782647916005251e+00 1.074018310650109331e+00 7.806086566571938112e-01 5.240526535942400255e-01 5.236917836275891691e-01 5.083391787013609164e-01 4.880993612498766843e-01 4.634199741314667387e-01 4.342011372829253091e-01 4.047757564423853927e-01 3.711110060712118908e-01 1.000000000000000020e+30 1.000000000000000020e+30 1.000000000000000020e+30 1.000000000000000020e+30
1.000000000000000020e+30 1.000000000000000020e+30 1.000000000000000020e+30 1.000000000000000020e+30 1.000000000000000020e+30 1.000000000000000020e+30 1.000000000000000020e+30 1.000000000000000020e+30 1.000000000000000020e+30 1.000000000000000020e+30 1.000000000000000020e+30 1.000000000000000020e+30 1.000000000000000020e+30 1.000000000000000020e+30 3.185802610722525685e+00 3.338849957512947775e+00 3.477310801564690745e+00 3.605431007068985672e+00 3.727843835235014502e+00 3.840616777243588853e+00 3.942728566995532535e+00 4.032737171260600384e+00 4.108034172420373942e+00 4.166777229882660194e+00 4.207472624234998904e+00 4.228669609121532780e+00 4.229155613645561473e+00 4.207955938588449740e+00 4.164282243554858098e+00 4.097526902892334455e+00 4.007284297151961994e+00 3.893367248284848703e+00 3.755809358583960034e+00 3.594856122567699597e+00 3.410949376279586609e+00 3.204708295429286480e+00 2.976909849767098049e+00 2.728474493457667460e+00 2.460471574487838264e+00 2.174177888184296137e+00 1.871256649594099208e+00 1.554177910664999329e+00 1.227182391694813468e+00 8.997467110997345863e-01 6.093202377094515398e-01 5.522614165334741587e-01 5.201113826514941474e-01 4.915461903220266771e-01 4.625021850837635062e-01 4.315795275183343382e-01 3.982683436171197133e-01 3.632772736678350212e-01 3.247348868656514953e-01 2.824900775265389852e-01 1.000000000000000020e+30 1.000000000000000020e+30 1.000000000000000020e+30
1.000000000000000020e+30 1.000000000000000020e+30 1.000000000000000020e+30 1.000000000000000020e+30 1.000000000000000020e+30 1.000000000000000020e+30 1.000000000000000020e+30 1.000000000000000020e+30 1.000000000000000020e+30 1.000000000000000020e+30 1.000000000000000020e+30 1.000000000000000020e+30 1.000000000000000020e+30 2.825411968997372902e+00 3.000245861434148509e+00 3.160150689424633619e+00 3.306837620435885139e+00 3.442631486892599124e+00 3.569263070223974488e+00 3.685783950979039769e+00 3.791035674278535605e+00 3.883490213734334340e+00 3.961209081569925239e+00 4.022395983258033603e+00 4.065449553773627045e+00 4.088922782542017131e+00 4.091573224488707972e+00 4.072375863383413730e+00 4.030511658280897080e+00 3.965362652123695320e+00 3.876515113862884387e+00 3.763761140926689119e+00 3.627093094933560913e+00 3.466690071122477068e+00 3.282897574055614331e+00 3.076201908988928757e+00 2.847201152117140754e+00 2.596576305345002833e+00 2.325071481237107829e+00 2.033504365075165854e+00 1.722842657275813538e+00 1.394280910800172579e+00 1.048070807274189553e+00 6.711827235930168944e-01 5.959473677552494797e-01 5.412061189486467860e-01 4.989433086841604248e-01 4.615188076923227301e-01 4.253345915107180075e-01 3.889345652114895580e-01 3.510790643209340534e-01 3.126479387659740761e-01 2.696447340731741305e-01 2.281054395900002363e-01 1.639858744167359550e-01 1.000000000000000020e+30 1.000000000000000020e+30
1.000000000000000020e+30 1.000000000000000020e+30 1.000000000000000020e+30 1.000000000000000020e+30 1.000000000000000020e+30 1.000000000000000020e+30 1.000000000000000020e+30 1.000000000000000020e+30 1.000000000000000020e+30 1.000000000000000020e+30 1.000000000000000020e+30 1.000000000000000020e+30 2.428058331151733196e+00 2.620597874384391623e+00 2.798396900077151361e+00 2.962296052701843152e+00 3.113807268819924978e+00 3.254523980000921135e+00 3.385346046155415234e+00 3.505845365976947292e+00 3.614893053797767042e+00 3.710926484759687227e+00 3.792138670456354888e+00 3.856740786074157601e+00 3.903078400899569367e+00 3.929672284848325869e+00 3.935251358639176633e+00 3.918765579893472406e+00 3.879383633872590664e+00 3.816487117395131357e+00 3.729664804073843154e+00 3.618704688236672684e+00 3.483580916018679918e+00 3.324434000992474214e+00 3.141543765360761853e+00 2.935294828763461261e+00 2.706134101857063268e+00 2.454518226322961905e+00 2.180846969449891759e+00 1.885389446792657964e+00 1.568322793748524457e+00 1.230711692101544186e+00 8.811362378498015513e-01 5.729504243802967522e-01 5.473293446649667437e-01 5.034512895329786852e-01 4.591170945204189335e-01 4.167646018459340573e-01 3.751940537280928356e-01 3.348350475019890027e-01 2.918280777126653347e-01 2.542163138291149149e-01 2.009966470005234429e-01 1.844642997474863766e-01 1.977351493406848404e-01 1.000000000000000020e+30 1.000000000000000020e+30
1.000000000000000020e+30 1.000000000000000020e+30 1.000000000000000020e+30 1.000000000000000020e+30 1.000000000000000020e+30 1.000000000000000020e+30 1.000000000000000020e+30 1.000000000000000020e+30 1.000000000000000020e+30 1.000000000000000020e+30 1.000000000000000020e+30 1.999196357043644179e+00 2.208324300274401075e+00 2.401967463877138886e+00 2.580616658627665760e+00 2.745804572742621463e+00 2.899421429486530588e+00 3.043091536151989462e+00 3.177510579230062859e+00 3.302145688908673993e+00 3.415638088196225386e+00 3.516212569932719578e+00 3.601945129007485757e+00 3.670953086066617299e+00 3.721503255354532858e+00 3.752066336982235573e+00 3.761344551950439374e+00 3.748279512893636145e+00 3.712047234343635260e+00 3.652047607983075039e+00 3.567891832150607012e+00 3.459387475334214201e+00 3.326519154078168672e+00 3.169422684720582417e+00 2.988351108622210539e+00 2.783631503883568392e+00 2.555610821572490199e+00 2.304583487822713384e+00 2.030671200522771613e+00 1.733545507794476137e+00 1.411599768539504529e+00 1.059116277530229855e+00 6.556589295248482774e-01 5.594543870242464356e-01 5.026338633895733876e-01 4.522418259460728174e-01 4.037890584644417413e-01 3.580535994882820816e-01 3.109812495382498487e-01 2.708081617496563287e-01 2.148934364323847601e-01 1.993409516316982377e-01 2.179316973286815062e-01 2.223472012277063481e-01 2.329780558756067155e-01 2.507460347013458768e-01 1.000000000000000020e+30
1.000000000000000020e+30 1.000000000000000020e+30 1.000000000000000020e+30 1.000000000000000020e+30 1.000000000000000020e+30 1.000000000000000020e+30 1.000000000000000020e+30 1.000000000000000020e+30 1.000000000000000020e+30 1.000000000000000020e+30 1.533435037776390564e+00 1.765862275819813920e+00 1.978400829453692333e+00 2.171279784359108955e+00 2.347956995660706703e+00 2.511329960273013029e+00 2.664276057534400888e+00 2.809100370415701597e+00 2.946588388758747179e+00 3.075703113626513829e+00 3.194456250435668387e+00 3.300606016471046900e+00 3.391936912739052179e+00 3.466380637192288283e+00 3.522087301385493863e+00 3.557466005920019825e+00 3.571199911096452517e+00 3.562242017106272307e+00 3.529800024446248852e+00 3.473317437326335799e+00 3.392454252860331643e+00 3.287066792640381596e+00 3.157183969459647965e+00 3.002976676606517348e+00 2.824717716140308532e+00 2.622731490399005772e+00 2.397335335553663516e+00 2.148776933663737676e+00 1.877170430551812430e+00 1.582410565031242333e+00 1.263938244606716221e+00 9.198864050353047217e-01 5.446612002572587263e-01 4.920715320797990344e-01 4.375405366815348640e-01 3.855669676060373696e-01 3.326095085423404485e-01 2.878866274676742942e-01 2.274010184101261933e-01 2.103115222206773383e-01 2.289921747295182719e-01 2.314146891058861955e-01 2.370535690285416053e-01 2.419352010797242158e-01 2.488593642376924764e-01 2.560531022033810666e-01 1.000000000000000020e+30
1.000000000000000020e+30 1.000000000000000020e+30 1.000000000000000020e+30 1.000000000000000020e+30 1.000000000000000020e+30 1.000000000000000020e+30 1.000000000000000020e+30 1.000000000000000020e+30 1.000000000000000020e+30 9.649633709588365527e-01 1.280002745263011832e+00 1.529804800682345256e+00 1.744034071571967326e+00 1.931317058411669896e+00 2.101844384097911966e+00 2.259317582245476075e+00 2.408132111035571565e+00 2.552203634765952689e+00 2.692703991051248469e+00 2.827228258283349671e+00 2.952475857682830718e+00 3.065476420593964413e+00 3.163620621432491120e+00 3.244601906588435725e+00 3.306431184501312792e+00 3.347458094425358688e+00 3.366367083808478267e+00 3.362152607224768719e+00 3.334086580646301812e+00 3.281687644991958752e+00 3.204695376849025834e+00 3.103047364718890755e+00 2.976854125714586630e+00 2.826366081781048756e+00 2.651927986318860508e+00 2.453919514420674908e+00 2.232687636520268804e+00 1.988491255440652195e+00 1.721514439776402838e+00 1.432099000291647828e+00 1.121576389773524696e+00 7.943435856751841495e-01 4.596453109329858289e-01 4.126633295083699249e-01 3.564092559932239279e-01 3.068176042293176975e-01 2.405267353109928896e-01 2.211135554358081012e-01 2.400371156696947395e-01 2.423305933583097260e-01 2.472180526169403814e-01 2.480486539087027875e-01 2.445973883649213976e-01 2.470387278827889943e-01 2.519117486117107285e-01 2.558870243448282400e-01 1.000000000000000020e+30
1.000000000000000020e+30 1.000000000000000020e+30 1.000000000000000020e+30 1.000000000000000020e+30 1.000000000000000020e+30 1.000000000000000020e+30 1.000000000000000020e+30 1.000000000000000020e+30 1.544222001888095219e+00 1.276054402598640891e+00 1.072495575637712806e+00 1.308292403468294562e+00 1.514089960553415937e+00 1.684254964536395782e+00 1.843694257058781538e+00 1.989704989462806495e+00 2.129342519159586278e+00 2.270368063150284499e+00 2.415163727993081100e+00 2.557293337148486057e+00 2.690943352166287106e+00 2.812407761401060302e+00 2.918763959861983448e+00 3.007473649899377044e+00 3.076407172324819417e+00 3.123876936970225504e+00 3.148610059914455750e+00 3.149689843720828275e+00 3.126496287490892367e+00 3.078660326572277395e+00 3.006033512195530388e+00 2.908667155267287807e+00 2.786791452298975624e+00 2.640784474898768330e+00 2.471122288756166796e+00 2.278304844419475117e+00 2.062759014761609055e+00 1.824734159012058488e+00 1.564241263026236339e+00 1.281221879357424598e+00 9.767950855974598667e-01 6.597851430372360104e-01 3.795209559323209914e-01 3.291589922527031198e-01 2.557100504349129610e-01 2.322280358720664184e-01 2.498181962044509208e-01 2.513966767504031141e-01 2.570601679605604151e-01 2.593947405633166281e-01 2.569994290886964405e-01 2.563548108391554559e-01 2.335828375088839226e-01 2.369434448147248184e-01 2.429891558182397937e-01 2.467515590491057287e-01 1.000000000000000020e+30
1.000000000000000020e+30 1.000000000000000020e+30 1.000000000000000020e+30 1.000000000000000020e+30 1.000000000000000020e+30 1.000000000000000020e+30 1.000000000000000020e+30 2.045889491272856908e+00 1.790835808447320154e+00 1.503015307782695764e+00 1.122654660074541955e+00 1.097202795235160844e+00 1.298776034947378033e+00 1.425714198808406108e+00 1.575616154953559445e+00 1.702027884851940343e+00 1.823665811462942044e+00 1.958164510998711361e+00 2.112537516634124479e+00 2.266923944155053050e+00 2.411556439066673274e+00 2.543347200243182726e+00 2.659484839102522979e+00 2.757198815921682478e+00 2.834207276758578420e+00 2.888832031299064962e+00 2.919918093959716465e+00 2.926711479033662133e+00 2.908758273540827055e+00 2.865842207360316252e+00 2.797955681273282202e+00 2.705290254108835946e+00 2.588229865713561395e+00 2.447330412507799036e+00 2.283270907805274419e+00 2.096763494963627572e+00 1.888412164851875685e+00 1.658508670432243148e+00 1.406711498411929995e+00 1.131301342525413700e+00 8.266306267445513445e-01 4.730621826191167556e-01 3.093015180557180943e-01 2.559752160186999914e-01 2.632910991374779464e-01 2.592943108083305970e-01 2.628214680944968018e-01 2.651714912776115818e-01 2.648139647122356721e-01 2.684273986249611776e-01 2.521495121080388202e-01 2.737682676331982812e-01 3.392369608052552832e-01 3.690714486336493794e-01 3.851611039553314297e-01 3.926261152752272277e-01 1.000000000000000020e+30
1.000000000000000020e+30 1.000000000000000020e+30 1.000000000000000020e+30 1.000000000000000020e+30 1.000000000000000020e+30 1.000000000000000020e+30 2.489267201284742548e+00 2.275484479710385255e+00 2.046724592628990980e+00 1.801204101571211913e+00 1.547855387327561560e+00 1.372323422977058449e+00 1.138480507922445595e+00 1.123711166582936460e+00 1.309456680498717773e+00 1.396623347285506522e+00 1.481705172347684618e+00 1.601620026644459793e+00 1.784213428026510950e+00 1.959377398388882474e+00 2.116878004114584932e+00 2.260674258746421472e+00 2.388327049682405168e+00 2.496412410183441288e+00 2.582405211559411828e+00 2.644737030281512524e+00 2.682509241865437044e+00 2.695244800031517673e+00 2.682729177157770817e+00 2.644936501878037305e+00 2.582015835909979629e+00 2.494309448444477884e+00 2.382376204812472142e+00 2.246996292579223287e+00 2.089136194475655461e+00 1.909853362590156367e+00 1.710122940329715124e+00 1.490589484732483871e+00 1.251294526216240266e+00 9.914063913441983900e-01 7.085960498137074959e-01 3.979321473435130097e-01 3.221702406515402628e-01 2.805332402706606776e-01 2.698258840063377795e-01 2.664147865960516115e-01 2.644198961321843622e-01 2.688874388355703138e-01 2.556536862101280172e-01 2.841748785107363617e-01 3.642970879052656596e-01 4.162135284529429602e-01 4.659464246620943495e-01 4.998774106436281173e-01 5.206104266709825623e-01 5.304850855049071390e-01 1.000000000000000020e+30
1.000000000000000020e+30 1.000000000000000020e+30 1.000000000000000020e+30 1.000000000000000020e+30 1.000000000000000020e+30 2.833166705796545060e+00 2.674106349223843271e+00 2.492777291097926007e+00 2.293852057607298267e+00 2.083562746459090675e+00 1.873488031356882244e+00 1.685339825558106019e+00 1.499436908602914231e+00 1.351817538356014259e+00 1.122046726825333129e+00 1.072845503385299715e+00 1.083813410509089747e+00 1.160378844562076850e+00 1.439892029678865093e+00 1.644682545255405470e+00 1.809807994164789546e+00 1.966838434067960772e+00 2.108317931451651805e+00 2.228318393461016012e+00 2.324040376932344110e+00 2.394331951803255087e+00 2.438813803693855142e+00 2.457456194784328307e+00 2.450366728719589826e+00 2.417730415747273209e+00 2.359839135578961855e+00 2.277164101930324147e+00 2.170432669657574642e+00 2.040678944394613836e+00 1.889243106791028914e+00 1.717688913337347856e+00 1.527596629228502589e+00 1.320221477180011593e+00 1.096245290396530736e+00 8.563388055219108841e-01 6.025951307901953324e-01 3.398019041802358142e-01 2.881307772810532963e-01 2.616554788174692003e-01 2.565407687886759325e-01 2.594689507555715258e-01 2.467316884546228162e-01 2.772122625069762258e-01 3.619754269124625390e-01 4.240165774926014652e-01 4.896974728152877487e-01 5.450384527318221650e-01 5.918511834061843668e-01 6.267021916000256043e-01 6.493761728301484792e-01 6.605003874357677773e-01 1.000000000000000020e+30
1.000000000000000020e+30 1.000000000000000020e+30 1.000000000000000020e+30 1.000000000000000020e+30 1.000000000000000020e+30 2.960567712001718199e+00 2.850794890354612754e+00 2.698642202143040514e+00 2.524833666979499736e+00 2.339784184937257372e+00 2.152849572760051622e+00 1.973180703977393424e+00 1.800575300764197140e+00 1.641657656542092170e+00 1.483407699844141003e+00 1.385815499922337546e+00 1.324474168691987419e+00 1.270809978093652592e+00 1.149238838110713923e+00 1.347021074040423372e+00 1.486883917641497188e+00 1.663313575690778867e+00 1.823348169007241504e+00 1.957008414963414600e+00 2.062731779943743682e+00 2.140675112047815354e+00 2.191412583116901569e+00 2.215581949317205979e+00 2.213679097956025021e+00 2.186075165314781632e+00 2.133135054368928252e+00 2.055381857474840146e+00 1.953656703474567990e+00 1.829239664563395262e+00 1.683913761457070057e+00 1.519938540691245565e+00 1.339820666554310202e+00 1.145653989184135968e+00 9.381796972032179216e-01 7.181162789109490907e-01 4.906723965403079202e-01 2.841427183535775725e-01 2.163320765638023779e-01 2.089644086675407908e-01 2.226394435847668940e-01 2.553729747748723633e-01 3.373652572625224222e-01 4.025175575608367362e-01 4.761977453277531636e-01 5.443610830189206107e-01 6.084920002317336651e-01 6.644982855865663174e-01 7.110137511464720284e-01 7.463834739566266308e-01 7.699618730673316591e-01 7.817066724846519765e-01 1.000000000000000020e+30
1.000000000000000020e+30 1.000000000000000020e+30 1.000000000000000020e+30 1.000000000000000020e+30 3.305347039253530017e+00 3.165060183412144124e+00 3.038018348822770776e+00 2.895466104208586078e+00 2.737660107379773500e+00 2.569871216598108354e+00 2.398311852313957715e+00 2.228656323507169468e+00 2.064005697247358828e+00 1.907995163761271984e+00 1.762461206278534975e+00 1.641621570096663429e+00 1.537015242943182924e+00 1.429126184737546934e+00 1.286309081961636291e+00 1.086705847632614574e+00 1.105726227160658492e+00 1.353105105648275686e+00 1.540357009004081457e+00 1.688103469684734570e+00 1.802737990198470808e+00 1.887036329403017021e+00 1.942884017904187299e+00 1.971794569331341229e+00 1.974638031562855778e+00 1.951855991064505469e+00 1.903723425104651978e+00 1.830653956972109420e+00 1.733475556921918903e+00 1.613638523921327117e+00 1.473377056215082970e+00 1.315851644632284323e+00 1.145126713679946340e+00 9.650468331421679924e-01 7.750627253490051105e-01 5.714058089428621923e-01 3.437471233782504743e-01 2.666635959341225881e-01 2.162316571041648927e-01 2.623722694453480830e-01 3.056142164042429665e-01 3.591976450035546664e-01 4.305705676423856043e-01 5.039402052424784006e-01 5.793483510479126020e-01 6.509625945990413776e-01 7.165025667136641907e-01 7.735327537047812507e-01 8.205584148695429514e-01 8.564394210153266629e-01 8.805240340926798748e-01 8.925794728305647130e-01 1.000000000000000020e+30
1.000000000000000020e+30 1.000000000000000020e+30 1.000000000000000020e+30 1.000000000000000020e+30 3.410242556599628827e+00 3.321996275770769280e+00 3.207391173856330546e+00 3.075232889545775450e+00 2.929311505759738754e+00 2.773790938986617327e+00 2.613177820547954777e+00 2.451667242476879061e+00 2.292537052861667313e+00 2.138742446035255984e+00 1.992784606502375544e+00 1.858064166090085845e+00 1.730507466869574795e+00 1.600879260057827658e+00 1.459796557867149014e+00 1.313440909133686496e+00 1.214429751647937206e+00 1.082173880653724218e+00 1.274527529283940641e+00 1.428751646412527831e+00 1.548547670308803914e+00 1.636571477818532516e+00 1.695496017789790422e+00 1.727977934928194514e+00 1.735046269001051966e+00 1.716953097131279637e+00 1.673579810380728450e+00 1.604953440267114173e+00 1.511673933580234941e+00 1.395186072632090379e+00 1.258010045687917078e+00 1.104197246501685381e+00 9.404521593160508619e-01 7.765023768756771361e-01 6.093228569877866541e-01 4.340100349993355477e-01 2.624532239641892972e-01 2.101076928309812408e-01 2.515289165560568030e-01 3.058570543726517044e-01 3.647158958982213428e-01 4.307935928205815501e-01 5.061535301558790501e-01 5.864212968308178953e-01 6.680477469951642266e-01 7.440899040658548458e-01 8.122632740097337489e-01 8.707440796929080129e-01 9.185298905145690140e-01 9.548882315346650662e-01 9.792479920370191770e-01 9.914069692165723424e-01 1.000000000000000020e+30
1.000000000000000020e+30 1.000000000000000020e+30 1.000000000000000020e+30 3.672485815357204419e+00 3.567164995205314604e+00 3.469723248218996137e+00 3.359577625079645635e+00 3.234965894811794307e+00 3.097798548163439580e+00 2.951137578213232082e+00 2.798409696669174718e+00 2.642910474537733201e+00 2.487480435469780371e+00 2.334508444509621139e+00 2.185791744116878821e+00 2.042265078966084335e+00 1.901962546768271478e+00 1.760986931321322224e+00 1.616575356213899584e+00 1.472025357575662108e+00 1.336387359835775168e+00 1.189171389537230894e+00 1.026421718897739810e+00 1.182191970527268321e+00 1.303512716583511422e+00 1.391847704909195738e+00 1.450678915895505350e+00 1.485404109974177045e+00 1.496358998678517960e+00 1.483202895567600210e+00 1.444911429554838200e+00 1.380698653316599689e+00 1.290658585963951221e+00 1.175984769857546519e+00 1.039001430443011964e+00 8.834885483312532317e-01 7.183582471137105463e-01 5.749110500901122300e-01 4.367796914810417319e-01 2.792731372360631181e-01 2.245907635104285038e-01 1.878204256140816875e-01 2.613230494320076258e-01 3.314272821804861158e-01 4.022723924564217124e-01 4.776580665939095804e-01 5.600604184481302594e-01 6.493254282405922506e-01 7.426055626611979266e-01 8.239308936702331998e-01 8.952618934909700732e-01 9.550680594571987481e-01 1.003416321339706707e+00 1.040109877070863442e+00 1.064466267611630323e+00 1.076446104264328518e+00 1.000000000000000020e+30
1.000000000000000020e+30 1.000000000000000020e+30 1.000000000000000020e+30 3.739585768918794795e+00 3.678768151938951458e+00 3.593407915786636320e+00 3.490249663019434845e+00 3.372129209408514683e+00 3.241589896716797981e+00 3.101361640463460301e+00 2.954267678312329171e+00 2.803009547877948648e+00 2.649971769089997320e+00 2.497104409135255665e+00 2.345762911680802532e+00 2.196451237661650513e+00 2.048359709128936945e+00 1.899894391566286478e+00 1.750006454531660705e+00 1.599387824665449154e+00 1.448739403490020949e+00 1.291750286697227690e+00 1.125483901334019210e+00 9.502859134336717473e-01 1.070711913584197372e+00 1.155167457692778399e+00 1.208027676895824021e+00 1.244373653744624164e+00 1.259465697281871188e+00 1.252385071337481559e+00 1.220290294182162283e+00 1.160947447154945467e+00 1.073722209832752572e+00 9.595116124868658947e-01 8.200931044778164702e-01 6.552589787332784299e-01 4.587923652387388973e-01 3.533781273816782309e-01 2.700707301361736645e-01 1.955199585311070964e-01 1.568055766750589552e-01 1.685804621938055692e-01 2.617450580396810667e-01 3.425071354550893732e-01 4.204250072717788389e-01 5.013606187354011645e-01 5.894889504576948935e-01 6.889523212161122734e-01 8.080978248746973902e-01 8.911870087508309002e-01 9.658188806090788336e-01 1.025707319319865585e+00 1.073855430295988844e+00 1.110833344090077501e+00 1.134736284258674788e+00 1.145898585737729292e+00 1.000000000000000020e+30
1.000000000000000020e+30 1.000000000000000020e+30 1.000000000000000020e+30 3.828772414662680923e+00 3.776606679068565509e+00 3.697160009040290518e+00 3.598837266153630310e+00 3.485440490358282073e+00 3.359654108067889666e+00 3.223955538129243514e+00 3.080765460131605682e+00 2.932373533590151293e+00 2.780814692659528742e+00 2.627752131847522765e+00 2.474351851321070495e+00 2.321150151852595211e+00 2.167973846214242606e+00 2.014216851667607333e+00 1.859356402959762677e+00 1.703202677324892722e+00 1.545117968303724165e+00 1.382627615514729236e+00 1.213920735515351179e+00 1.038216848552920402e+00 8.549102475883360031e-01 9.304711127639222479e-01 9.618815470050747773e-01 1.004318981443278691e+00 1.024370485782189588e+00 1.026294938168372139e+00 1.002927854510308192e+00 9.496123291747317063e-01 8.650559537061610627e-01 7.504976802896239363e-01 6.100114733123097599e-01 4.434138422936516610e-01 4.003371316530447976e-01 3.324688345573453829e-01 2.624407637949269789e-01 1.945992428647028705e-01 1.316005347931335223e-01 1.000000000000000020e+30 1.000000000000000020e+30 1.000000000000000020e+30 1.000000000000000020e+30 1.000000000000000020e+30 1.000000000000000020e+30 1.000000000000000020e+30 8.874400458408829850e-01 9.430846944171475954e-01 1.025834222432170817e+00 1.081609519535906561e+00 1.128020140327985033e+00 1.166439415218014419e+00 1.189067959138564445e+00 1.197605683895044848e+00 1.000000000000000020e+30
1.000000000000000020e+30 1.000000000000000020e+30 4.003318274423842915e+00 3.930733658045360901e+00 3.862672052420172530e+00 3.781239571761450868e+00 3.684569329314248520e+00 3.573922563195237156e+00 3.451200973753919765e+00 3.318468009455818546e+00 3.177805606066687272e+00 3.031205845203552851e+00 2.880463405059085602e+00 2.727074702861672861e+00 2.572146439889496872e+00 2.416328411350152638e+00 2.259812718000568044e+00 2.102471891681608529e+00 1.944063933511593234e+00 1.784297725242804500e+00 1.622587040547528447e+00 1.457805957327736657e+00 1.288908133558738900e+00 1.114837156918416561e+00 9.328555436733492190e-01 7.320697359186162378e-01 6.866618294548012535e-01 7.683167234586867345e-01 7.889585027452135080e-01 8.070905055541081063e-01 7.973513853930548345e-01 7.518387760192992708e-01 6.694414414628279131e-01 5.514212187131707354e-01 4.112027616768718641e-01 3.901491519954948806e-01 3.536032142536690293e-01 3.012093206137299028e-01 2.406389640306278721e-01 1.773077346142614141e-01 1.199719057991250060e-01 1.000000000000000020e+30 1.000000000000000020e+30 1.000000000000000020e+30 1.000000000000000020e+30 1.000000000000000020e+30 1.000000000000000020e+30 1.000000000000000020e+30 1.000000000000000020e+30 1.000000000000000020e+30 1.086389952276902493e+00 1.119324149217639119e+00 1.161685314397034929e+00 1.208564993141583388e+00 1.227754045529128479e+00 1.227934754206664536e+00 1.000000000000000020e+30
1.000000000000000020e+30 1.000000000000000020e+30 4.035316986870357781e+00 3.988060003641073603e+00 3.922416727630683386e+00 3.841356935188486421e+00 3.745657222185035273e+00 3.636521746313912562e+00 3.515540802867346049e+00 3.384499313520979324e+00 3.245241308694879478e+00 3.099562164371295392e+00 2.949111817231157229e+00 2.795307811967731482e+00 2.639263373864164652e+00 2.481743601355777873e+00 2.323170857145707036e+00 2.163695064043183347e+00 2.003292272493711668e+00 1.841816955204759187e+00 1.678979866596259418e+00 1.514387269373780320e+00 1.347846511363786304e+00 1.179693172884336283e+00 1.011540735481662567e+00 8.500169255925421608e-01 7.262889842080670899e-01 5.768937595244201244e-01 5.395307719576255545e-01 5.991632095589056739e-01 6.111052435210938549e-01 5.749332899368453376e-01 4.941384585050525580e-01 3.601992124401681150e-01 3.541496174425675658e-01 3.394597418872433714e-01 3.101621014486040662e-01 2.659927195944075673e-01 2.098886199066097025e-01 1.426999402698996833e-01 1.000000000000000020e+30 1.000000000000000020e+30 1.000000000000000020e+30 1.000000000000000020e+30 1.000000000000000020e+30 1.000000000000000020e+30 1.000000000000000020e+30 1.000000000000000020e+30 1.000000000000000020e+30 1.000000000000000020e+30 1.000000000000000020e+30 1.000000000000000020e+30 1.000000000000000020e+30 1.250891337509283829e+00 1.254956602992963299e+00 1.000000000000000020e+30 1.000000000000000020e+30
1.000000000000000020e+30 4.113519469086564406e+00 4.073789861958904801e+00 4.023272017154255309e+00 3.957458603075813208e+00 3.876460325363738857e+00 3.781075534598131949e+00 3.672489525799297105e+00 3.552167753616228829e+00 3.421746590988282488e+00 3.282934478294749603e+00 3.137421995717504242e+00 2.986797394313435827e+00 2.832468691631977897e+00 2.675598403969392969e+00 2.517062058030413496e+00 2.357443697094387947e+00 2.197074137517147641e+00 2.036096583321223008e+00 1.874533348271642197e+00 1.712351767629349153e+00 1.549581803350254861e+00 1.386550175704386767e+00 1.224220721511062093e+00 1.064794636773869208e+00 9.128261164428054242e-01 7.753694462835991619e-01 6.431156326002760437e-01 5.382598507735049109e-01 4.240233891073587058e-01 4.580694156948138529e-01 4.281035747892176224e-01 3.581128967138662578e-01 2.684045439913934072e-01 2.931251109200474492e-01 2.909963098469385279e-01 2.694937917572606811e-01 2.309411402841346495e-01 1.788026005997953027e-01 1.249726673953727857e-01 1.000000000000000020e+30 1.000000000000000020e+30 1.000000000000000020e+30 1.000000000000000020e+30 1.000000000000000020e+30 1.000000000000000020e+30 1.000000000000000020e+30 1.000000000000000020e+30 1.000000000000000020e+30 1.000000000000000020e+30 1.000000000000000020e+30 1.000000000000000020e+30 1.000000000000000020e+30 1.000000000000000020e+30 1.000000000000000020e+30 1.000000000000000020e+30 1.000000000000000020e+30
1.000000000000000020e+30 4.112055429772508042e+00 4.082065864471863925e+00 4.033070226192781327e+00 3.967337240851926516e+00 3.886047716176328937e+00 3.790320102678376823e+00 3.681424359727471174e+00 3.560806343118679163e+00 3.430048391147243247e+00 3.290808985892427874e+00 3.144754456265402176e+00 2.993486020741257914e+00 2.838465120541016073e+00 2.680943841448944820e+00 2.521912526138566868e+00 2.362079358648357275e+00 2.201891376223778618e+00 2.041592596670518400e+00 1.881306328153953489e+00 1.721135920233512140e+00 1.561294846483116672e+00 1.402277769635492000e+00 1.245057797090352691e+00 1.091277236022568431e+00 9.432181840924347416e-01 8.026138762144903183e-01 6.665061515016169613e-01 5.318810145954303570e-01 3.697644509513179356e-01 3.553852140015090200e-01 3.079497670179566771e-01 2.290451391616234178e-01 2.290817557753511147e-01 2.469183570456849330e-01 2.500059469988845651e-01 2.341788069218461166e-01 1.980323129161633833e-01 1.382415217086828685e-01 1.000000000000000020e+30 1.000000000000000020e+30 1.000000000000000020e+30 1.000000000000000020e+30 1.000000000000000020e+30 1.000000000000000020e+30 1.000000000000000020e+30 1.000000000000000020e+30 1.000000000000000020e+30 1.000000000000000020e+30 1.000000000000000020e+30 1.000000000000000020e+30 1.000000000000000020e+30 1.000000000000000020e+30 1.000000000000000020e+30 1.000000000000000020e+30 1.000000000000000020e+30 1.000000000000000020e+30
4.110802654426390035e+00 4.099451471280185721e+00 4.068368684160175164e+00 4.018881095662515612e+00 3.952395216216261442e+00 3.870130483213642947e+00 3.773307412818013518e+00 3.663252480497694918e+00 3.541427548346455456e+00 3.409417350624538656e+00 3.268894802891395113e+00 3.121571208680780973e+00 2.969132080216884795e+00 2.813159153113670818e+00 2.655044610006992212e+00 2.495913102560416874e+00 2.336575809977682106e+00 2.177538057139531080e+00 2.019062154402091025e+00 1.861270142307264397e+00 1.704267497567811152e+00 1.548272884520513148e+00 1.393739564529908881e+00 1.241440797769903348e+00 1.092463601786436200e+00 9.479742835831711512e-01 8.084992849815626492e-01 6.728057221271687149e-01 5.385831545383463759e-01 4.012127876840411167e-01 2.729197568479003744e-01 2.068600589490310893e-01 1.619515341524835617e-01 1.603311098400240498e-01 2.038724108095995302e-01 2.164270933075529701e-01 2.078227538385588047e-01 1.773375631088383864e-01 1.148491257264583065e-01 1.000000000000000020e+30 1.000000000000000020e+30 1.000000000000000020e+30 1.000000000000000020e+30 1.000000000000000020e+30 1.000000000000000020e+30 1.000000000000000020e+30 1.000000000000000020e+30 1.000000000000000020e+30 1.000000000000000020e+30 1.000000000000000020e+30 1.000000000000000020e+30 1.000000000000000020e+30 1.000000000000000020e+30 1.000000000000000020e+30 1.000000000000000020e+30 1.000000000000000020e+30 1.000000000000000020e+30
4.081204918078618071e+00 4.065635151085272625e+00 4.032272718297925884e+00 3.981135685639586974e+00 3.913022732186476560e+00 3.828996806373217154e+00 3.730270750296162507e+00 3.618194033463494996e+00 3.494253126180464797e+00 3.360065875556308423e+00 3.217365312755869677e+00 3.067967689993623903e+00 2.913716662244834943e+00 2.756396251997433655e+00 2.597613643816436557e+00 2.438671687902209673e+00 2.280475977778513741e+00 2.123527068264903228e+00 1.968002575399278031e+00 1.813898236774885930e+00 1.661188304302217977e+00 1.509968200199736321e+00 1.360552971677193357e+00 1.213505960772786718e+00 1.069572573510247704e+00 9.294996895180073215e-01 7.937081172683723151e-01 6.620040847047367061e-01 5.340147975896289978e-01 4.103440088841081024e-01 2.979604988456969195e-01 2.108725580310947534e-01 1.482749981297881714e-01 1.421781624304304659e-01 1.806039572371584412e-01 1.928244000653703549e-01 1.871704454245648741e-01 1.597879758431518249e-01 4.458008997599474665e-02 1.000000000000000020e+30 1.000000000000000020e+30 1.000000000000000020e+30 1.000000000000000020e+30 1.000000000000000020e+30 1.000000000000000020e+30 1.000000000000000020e+30 1.000000000000000020e+30 1.000000000000000020e+30 1.000000000000000020e+30 1.000000000000000020e+30 1.000000000000000020e+30 1.000000000000000020e+30 1.000000000000000020e+30 1.000000000000000020e+30 1.000000000000000020e+30 1.000000000000000020e+30 1.000000000000000020e+30
4.026490056876241397e+00 4.008987030738520474e+00 3.973487427379535752e+00 3.920162670085096224e+00 3.849715589900323476e+00 3.763162210641031624e+00 3.661716554819527403e+00 3.546746586115680611e+00 3.419764898179612267e+00 3.282434299944292366e+00 3.136575131263771965e+00 2.984159140616458039e+00 2.827269506857558845e+00 2.668004083811403415e+00 2.508307517675770093e+00 2.349750094229261066e+00 2.193337735033626501e+00 2.039483874585578782e+00 1.888140832068570640e+00 1.739017442955530734e+00 1.591811715896091606e+00 1.446391591473940030e+00 1.302895244317355372e+00 1.161728081271784285e+00 1.023456876818181982e+00 8.887176618630698854e-01 7.580970802871087599e-01 6.319926799044166543e-01 5.108032864302722853e-01 3.949501162149501865e-01 2.854112332783780293e-01 1.788097414891649528e-01 1.658624777172044706e-01 1.633655386382579511e-01 1.725755003548029298e-01 1.729155514948897687e-01 1.558091137392975667e-01 8.139730656613389237e-02 1.000000000000000020e+30 1.000000000000000020e+30 1.000000000000000020e+30 1.000000000000000020e+30 1.000000000000000020e+30 1.000000000000000020e+30 1.000000000000000020e+30 1.000000000000000020e+30 1.000000000000000020e+30 1.000000000000000020e+30 1.000000000000000020e+30 1.000000000000000020e+30 1.000000000000000020e+30 1.000000000000000020e+30 1.000000000000000020e+30 1.000000000000000020e+30 1.000000000000000020e+30 1.000000000000000020e+30 1.000000000000000020e+30
3.949056967644715588e+00 3.930200231066712124e+00 3.892574132034449352e+00 3.836639428336773072e+00 3.763219291740500960e+00 3.673394375424776648e+00 3.568419882319490810e+00 3.449687417666464029e+00 3.318725737257506303e+00 3.177230413291432853e+00 3.027109479387627200e+00 2.870523311106984110e+00 2.709883423159779259e+00 2.547760822333243080e+00 2.386650651647520327e+00 2.228574460415091441e+00 2.074663652914575884e+00 1.925113417118913928e+00 1.779435331960051103e+00 1.636820818191610183e+00 1.496510879829994201e+00 1.358041921056867052e+00 1.221369928666068194e+00 1.086835538348944530e+00 9.549031098365338144e-01 8.261986984058412586e-01 7.015964945070166658e-01 5.818785369924539541e-01 4.681784616381003961e-01 3.601856507202129132e-01 2.577815322823071575e-01 1.609732848010539952e-01 1.619466492429588178e-01 1.619581336477183275e-01 1.614663056371326566e-01 1.526186889072548014e-01 1.266945486529729159e-01 6.981320449237671255e-02 1.000000000000000020e+30 1.000000000000000020e+30 1.000000000000000020e+30 1.000000000000000020e+30 1.000000000000000020e+30 1.000000000000000020e+30 1.000000000000000020e+30 1.000000000000000020e+30 1.000000000000000020e+30 1.000000000000000020e+30 1.000000000000000020e+30 1.000000000000000020e+30 1.000000000000000020e+30 1.000000000000000020e+30 1.000000000000000020e+30 1.000000000000000020e+30 1.000000000000000020e+30 1.000000000000000020e+30 1.000000000000000020e+30
3.850903581380107354e+00 3.830706712436410921e+00 3.790697430816116320e+00 3.731636534307140263e+00 3.654569854556476649e+00 3.560721788398250265e+00 3.451422642779832906e+00 3.328082555683792521e+00 3.192212123405502755e+00 3.045488624475289896e+00 2.889861107631019888e+00 2.727670992935975924e+00 2.561738733708517124e+00 2.395331006797569273e+00 2.231878174979547769e+00 2.074259346959317352e+00 1.923773053888557572e+00 1.780145266554713723e+00 1.642088912172265491e+00 1.507914547106470993e+00 1.376164122234591947e+00 1.245917384136368655e+00 1.116976391676365088e+00 9.898659283877190296e-01 8.648949627565922782e-01 7.425755259897105498e-01 6.243896086532271239e-01 5.110408149499652275e-01 4.061731592299333005e-01 3.070993199803567220e-01 2.126636137481989763e-01 1.415157518457458852e-01 1.480480682780702106e-01 1.491820525249835938e-01 1.464946948864013221e-01 1.334864345006039621e-01 1.058160996249538355e-01 6.694097876754616372e-02 1.000000000000000020e+30 1.000000000000000020e+30 1.000000000000000020e+30 1.000000000000000020e+30 1.000000000000000020e+30 1.000000000000000020e+30 1.000000000000000020e+30 1.000000000000000020e+30 1.000000000000000020e+30 1.000000000000000020e+30 1.000000000000000020e+30 1.000000000000000020e+30 1.000000000000000020e+30 1.000000000000000020e+30 1.000000000000000020e+30 1.000000000000000020e+30 1.000000000000000020e+30 1.000000000000000020e+30 1.000000000000000020e+30
3.734175865223867685e+00 3.712369361770584852e+00 3.669444771545044670e+00 3.606551138207543250e+00 3.525058969485699745e+00 3.426404114148065450e+00 3.312013197553595578e+00 3.183289609532701903e+00 3.041654796765278057e+00 2.888657032456112272e+00 2.726158208568427277e+00 2.556583384503000822e+00 2.383179899013116998e+00 2.210173682821169550e+00 2.042624253518466659e+00 1.885279976240941791e+00 1.739592074757184470e+00 1.604262596010692210e+00 1.476606768857657848e+00 1.353433853768607475e+00 1.232289803195456779e+00 1.111615999907948016e+00 9.910548448820880596e-01 8.722404832632826288e-01 7.548935608163050981e-01 6.386281612094157900e-01 5.272578216342239665e-01 4.176697659413556307e-01 3.252533676205051072e-01 2.370897611553093587e-01 1.319179633637744820e-01 1.273894491035433285e-01 1.268925849034830133e-01 1.273091607813495729e-01 1.285563592583563175e-01 1.155889238828630289e-01 8.427926443075742236e-02 1.000000000000000020e+30 1.000000000000000020e+30 1.000000000000000020e+30 1.000000000000000020e+30 1.000000000000000020e+30 1.000000000000000020e+30 1.000000000000000020e+30 1.000000000000000020e+30 1.000000000000000020e+30 1.000000000000000020e+30 1.000000000000000020e+30 1.000000000000000020e+30 1.000000000000000020e+30 1.000000000000000020e+30 1.000000000000000020e+30 1.000000000000000020e+30 1.000000000000000020e+30 1.000000000000000020e+30 1.000000000000000020e+30 1.000000000000000020e+30
3.601434130083908780e+00 3.577460663065214153e+00 3.530729853490297110e+00 3.463011638847996121e+00 3.376150084314393673e+00 3.271860258993504189e+00 3.151673290922089254e+00 3.016939663849139919e+00 2.868878495907849047e+00 2.708717223361744697e+00 2.537973633832008691e+00 2.358885324707009179e+00 2.174951338442970616e+00 1.991474688827371331e+00 1.816254354566214424e+00 1.658861087113901345e+00 1.520342198999719896e+00 1.397025446190125697e+00 1.283969820718054100e+00 1.175266075287282552e+00 1.067322952059212460e+00 9.576457493392149800e-01 8.449224926515718215e-01 7.357803630811541318e-01 6.275342959015240973e-01 5.145831234292637113e-01 4.141563965709426087e-01 2.935119737773884130e-01 2.262898729357505911e-01 1.696600425237367316e-01 1.155016525427914054e-01 9.599246960068918977e-02 9.110374847834978862e-02 9.050096283064569536e-02 1.113910507112920861e-01 1.060536931039779140e-01 7.926256064322170780e-02 1.000000000000000020e+30 1.000000000000000020e+30 1.000000000000000020e+30 1.000000000000000020e+30 1.000000000000000020e+30 1.000000000000000020e+30 1.000000000000000020e+30 1.000000000000000020e+30 1.000000000000000020e+30 1.000000000000000020e+30 1.000000000000000020e+30 1.000000000000000020e+30 1.000000000000000020e+30 1.000000000000000020e+30 1.000000000000000020e+30 1.000000000000000020e+30 1.000000000000000020e+30 1.000000000000000020e+30 1.000000000000000020e+30 1.000000000000000020e+30
3.455920961430153593e+00 3.428716177013416022e+00 3.376704329157136808e+00 3.302744231947168263e+00 3.209345363189945122e+00 3.098547668755505136e+00 2.971976521190273779e+00 2.830875417103507985e+00 2.676118225692601271e+00 2.508326499501552398e+00 2.328239200795979347e+00 2.137353688269632457e+00 1.938856669344461547e+00 1.738399915210495861e+00 1.547189664111565000e+00 1.389843849636796413e+00 1.263194608667369767e+00 1.157773610454841284e+00 1.066122582449879008e+00 9.763754112666322982e-01 8.850518344942482907e-01 7.869252721749397939e-01 6.736835806263540283e-01 5.775406497280483054e-01 4.848292558916425521e-01 3.577777373193625765e-01 3.029222741221718751e-01 2.972932246383331867e-01 2.564450796557821155e-01 2.032663918594529995e-01 1.335240196970587379e-01 1.066390114067242156e-01 1.052821413947826468e-01 8.810234092091405456e-02 1.085080509803463544e-01 1.075501807597378928e-01 8.942359109151709617e-02 6.247761136333739723e-02 1.000000000000000020e+30 1.000000000000000020e+30 1.000000000000000020e+30 1.000000000000000020e+30 1.000000000000000020e+30 1.000000000000000020e+30 1.000000000000000020e+30 1.000000000000000020e+30 1.000000000000000020e+30 1.000000000000000020e+30 1.000000000000000020e+30 1.000000000000000020e+30 1.000000000000000020e+30 1.000000000000000020e+30 1.000000000000000020e+30 1.000000000000000020e+30 1.000000000000000020e+30 1.000000000000000020e+30 1.000000000000000020e+30
3.302042591662325055e+00 3.269389680969377654e+00 3.209581898521505217e+00 3.127356786051147086e+00 3.025992568358311097e+00 2.907786894194075433e+00 2.774418602156153657e+00 2.627007585828740943e+00 2.465964157562817061e+00 2.290935437772080085e+00 2.101240790697087579e+00 1.896700384203823031e+00 1.679393161908260268e+00 1.452190308427461662e+00 1.221764463037546822e+00 1.068794338380271380e+00 9.644320547151926659e-01 8.851738172104051117e-01 8.161992776788147275e-01 7.462640523357567668e-01 6.737207719103822656e-01 5.862228847600449155e-01 4.354555925518824866e-01 3.736732917893181849e-01 3.419207923343032252e-01 3.644330604427075682e-01 3.449286669913531611e-01 3.228397509386398134e-01 2.866574539954705458e-01 2.413809005047711509e-01 1.918456113929277451e-01 1.538074987552180695e-01 1.231099187927248984e-01 9.666224859175694128e-02 1.159518283173441300e-01 1.151873426376924248e-01 9.750697888646191192e-02 6.645486224001898035e-02 1.000000000000000020e+30 1.000000000000000020e+30 1.000000000000000020e+30 1.000000000000000020e+30 1.000000000000000020e+30 1.000000000000000020e+30 1.000000000000000020e+30 1.000000000000000020e+30 1.000000000000000020e+30 1.000000000000000020e+30 1.000000000000000020e+30 1.000000000000000020e+30 1.000000000000000020e+30 1.000000000000000020e+30 1.000000000000000020e+30 1.000000000000000020e+30 1.000000000000000020e+30 1.000000000000000020e+30 1.000000000000000020e+30
3.146485893887918994e+00 3.103114229244528843e+00 3.031185304340913156e+00 2.937978485626560499e+00 2.827038667697387098e+00 2.700544762651781117e+00 2.560160302166198054e+00 2.407028411208008478e+00 2.241151599034558295e+00 2.060775267164957292e+00 1.862981190241938645e+00 1.644160723864133145e+00 1.406740123386035490e+00 1.147781040827887455e+00 7.991649204719698529e-01 6.805653757665546255e-01 6.118818501735897586e-01 5.531242325829318629e-01 4.963342263844416902e-01 4.477224387353571644e-01 4.055980056883172757e-01 3.813229071395849989e-01 4.340398009853299599e-01 4.244097250211676942e-01 4.071666755334105159e-01 3.990272524393513875e-01 3.779069532818706278e-01 3.500555468819125382e-01 3.141759223260489065e-01 2.724961541425116041e-01 2.276239210264833501e-01 1.820368510585884392e-01 1.253119704731381068e-01 1.128391188165871195e-01 1.323558353377939922e-01 1.286827224414106574e-01 1.080288674361253032e-01 7.293291760264429546e-02 1.000000000000000020e+30 1.000000000000000020e+30 1.000000000000000020e+30 1.000000000000000020e+30 1.000000000000000020e+30 1.000000000000000020e+30 1.000000000000000020e+30 1.000000000000000020e+30 1.000000000000000020e+30 1.000000000000000020e+30 1.000000000000000020e+30 1.000000000000000020e+30 1.000000000000000020e+30 1.000000000000000020e+30 1.000000000000000020e+30 1.000000000000000020e+30 1.000000000000000020e+30 1.000000000000000020e+30 1.000000000000000020e+30
3.001218024689886299e+00 2.932628273564887422e+00 2.841813041753225466e+00 2.734736749147754331e+00 2.612816511612495951e+00 2.477247670250793732e+00 2.329674305831546999e+00 2.171878710432154858e+00 2.004076984524484129e+00 1.822537584918151543e+00 1.621658512098473892e+00 1.387708763111200394e+00 1.134848392504926418e+00 9.140730129731714504e-01 6.560546086297467383e-01 6.784328720684992264e-01 6.533692573052721775e-01 6.120844845452284577e-01 5.674203114717375485e-01 5.229070243111141325e-01 4.842716941578230627e-01 4.731940052842380506e-01 4.912570488437714711e-01 4.885946394523409397e-01 4.731755958313901278e-01 4.502989517491286509e-01 4.191330341718951802e-01 3.803660610331375258e-01 3.404288980760115102e-01 2.991793635520410555e-01 2.560334391820477395e-01 2.113954197935903612e-01 1.555482266277193604e-01 1.611398912884111634e-01 1.607592760195714066e-01 1.480199819618973345e-01 1.219951754522719950e-01 8.214537776904747013e-02 1.000000000000000020e+30 1.000000000000000020e+30 1.000000000000000020e+30 1.000000000000000020e+30 1.000000000000000020e+30 1.000000000000000020e+30 1.000000000000000020e+30 1.000000000000000020e+30 1.000000000000000020e+30 1.000000000000000020e+30 1.000000000000000020e+30 1.000000000000000020e+30 1.000000000000000020e+30 1.000000000000000020e+30 1.000000000000000020e+30 1.000000000000000020e+30 1.000000000000000020e+30 1.000000000000000020e+30 1.000000000000000020e+30
2.892618679657843028e+00 2.752962713231268399e+00 2.637965084036184127e+00 2.516376026518514220e+00 2.383149466511401027e+00 2.237819562976880672e+00 2.082312149959795633e+00 1.920743910706828927e+00 1.755929146498683036e+00 1.580114549560968529e+00 1.379813218708034084e+00 1.104138060330162929e+00 7.610746516951432117e-01 6.284735768379524634e-01 6.813676218468059931e-01 7.079611872864588484e-01 7.019221849283293624e-01 6.714241193703285315e-01 6.549139881997542156e-01 6.367082818764444596e-01 6.154172005724547478e-01 6.534738169615630365e-01 6.696545632278221305e-01 6.666223423956042504e-01 6.422807315952304696e-01 5.655679366040315958e-01 5.176479175576068625e-01 4.719423735963076405e-01 4.279104079134030125e-01 3.345271375182199969e-01 2.864662560590448548e-01 2.482641315101797030e-01 2.176206541517131665e-01 2.040063568857424237e-01 1.901517810232112027e-01 1.693778880985414015e-01 1.386962834076680418e-01 9.541897308202643146e-02 1.000000000000000020e+30 1.000000000000000020e+30 1.000000000000000020e+30 1.000000000000000020e+30 1.000000000000000020e+30 1.000000000000000020e+30 1.000000000000000020e+30 1.000000000000000020e+30 1.000000000000000020e+30 1.000000000000000020e+30 1.000000000000000020e+30 1.000000000000000020e+30 1.000000000000000020e+30 1.000000000000000020e+30 1.000000000000000020e+30 1.000000000000000020e+30 1.000000000000000020e+30 1.000000000000000020e+30 1.000000000000000020e+30
1.000000000000000020e+30 2.518658471737103444e+00 2.411591180588477101e+00 2.281428812634370473e+00 2.138325840739384365e+00 1.982348845716934926e+00 1.815894386018212625e+00 1.648880457896988672e+00 1.487365340063273367e+00 1.285899710478277891e+00 1.073035659570267253e+00 7.001485371041670236e-01 7.415087237450601609e-01 7.149114794493373060e-01 7.353058035924495695e-01 7.789679772859618989e-01 8.147147044591455112e-01 1.032595584621325724e+00 7.831065959507891305e-01 7.685107193384751456e-01 1.000000000000000020e+30 8.198919780321026751e-01 8.243824862803954545e-01 8.218003693787869768e-01 8.127717169766985883e-01 1.000000000000000020e+30 1.000000000000000020e+30 1.000000000000000020e+30 5.557276221576216146e-01 4.468203603319030881e-01 3.236293649362493863e-01 2.800088519466832349e-01 2.541384624250826452e-01 2.354483407781841342e-01 2.149080948967086457e-01 1.892385178858035366e-01 1.567926115079696925e-01 1.180905890060416213e-01 7.966194395903083980e-02 1.000000000000000020e+30 1.000000000000000020e+30 1.000000000000000020e+30 1.000000000000000020e+30 1.000000000000000020e+30 1.000000000000000020e+30 1.000000000000000020e+30 1.000000000000000020e+30 1.000000000000000020e+30 1.000000000000000020e+30 1.000000000000000020e+30 1.000000000000000020e+30 1.000000000000000020e+30 1.000000000000000020e+30 1.000000000000000020e+30 1.000000000000000020e+30 1.000000000000000020e+30 1.000000000000000020e+30
1.000000000000000020e+30 2.363280031415107452e+00 2.180975870757475121e+00 2.033049106631379388e+00 1.881046745415344557e+00 1.713148674947266192e+00 1.527013963677852804e+00 1.326883007370801337e+00 1.123130657066821358e+00 7.009411214702350179e-01 4.470690386251240378e-01 6.700485085991489953e-01 7.679356391138988380e-01 8.244910594468924936e-01 1.107488048013562265e+00 9.209908426791840741e-01 9.364760955926481056e-01 1.000000000000000020e+30 1.000000000000000020e+30 1.000000000000000020e+30 1.000000000000000020e+30 1.000000000000000020e+30 1.000000000000000020e+30 1.000000000000000020e+30 1.000000000000000020e+30 1.000000000000000020e+30 1.000000000000000020e+30 1.000000000000000020e+30 6.405534648884084747e-01 5.667349120744381574e-01 4.273194026177604687e-01 3.045852162792749840e-01 2.776413781097060718e-01 2.568976259411965279e-01 2.330873487419605206e-01 2.043441245570334075e-01 1.698302074427455455e-01 1.294195929240223863e-01 8.350059406991308664e-02 1.000000000000000020e+30 1.000000000000000020e+30 1.000000000000000020e+30 1.000000000000000020e+30 1.000000000000000020e+30 1.000000000000000020e+30 1.000000000000000020e+30 1.000000000000000020e+30 1.000000000000000020e+30 1.000000000000000020e+30 1.000000000000000020e+30 1.000000000000000020e+30 1.000000000000000020e+30 1.000000000000000020e+30 1.000000000000000020e+30 1.000000000000000020e+30 1.000000000000000020e+30 1.000000000000000020e+30
1.000000000000000020e+30 1.000000000000000020e+30 1.890441890332700270e+00 1.764304192901088753e+00 1.616334797510682986e+00 1.437100896269229544e+00 1.198310615325038020e+00 8.250409579179504016e-01 5.965818775433348042e-01 7.038950129212491191e-01 6.541546538736622285e-01 7.331377766144725472e-01 1.000000000000000020e+30 1.000000000000000020e+30 1.000000000000000020e+30 1.000000000000000020e+30 1.000000000000000020e+30 1.000000000000000020e+30 1.000000000000000020e+30 1.000000000000000020e+30 1.000000000000000020e+30 1.000000000000000020e+30 1.000000000000000020e+30 1.000000000000000020e+30 1.000000000000000020e+30 1.000000000000000020e+30 1.000000000000000020e+30 1.000000000000000020e+30 1.000000000000000020e+30 1.000000000000000020e+30 4.320311836785739601e-01 3.344079763113811943e-01 2.941693750043460343e-01 2.700513438176211367e-01 2.443930633167731847e-01 2.136000346164393104e-01 1.773706079328341290e-01 1.351202617209533441e-01 8.622377157978654283e-02 1.000000000000000020e+30 1.000000000000000020e+30 1.000000000000000020e+30 1.000000000000000020e+30 1.000000000000000020e+30 1.000000000000000020e+30 1.000000000000000020e+30 1.000000000000000020e+30 1.000000000000000020e+30 1.000000000000000020e+30 1.000000000000000020e+30 1.000000000000000020e+30 1.000000000000000020e+30 1.000000000000000020e+30 1.000000000000000020e+30 1.000000000000000020e+30 1.000000000000000020e+30 1.000000000000000020e+30
1.000000000000000020e+30 1.000000000000000020e+30 1.702735331918618256e+00 1.486604563067892348e+00 1.329965415624183356e+00 1.115094941233197634e+00 7.774816348235243924e-01 8.255397238098497459e-01 8.093656982456625126e-01 8.275254858301707150e-01 1.000000000000000020e+30 1.000000000000000020e+30 1.000000000000000020e+30 1.000000000000000020e+30 1.000000000000000020e+30 1.000000000000000020e+30 1.000000000000000020e+30 1.000000000000000020e+30 1.000000000000000020e+30 1.000000000000000020e+30 1.000000000000000020e+30 1.000000000000000020e+30 1.000000000000000020e+30 1.000000000000000020e+30 1.000000000000000020e+30 1.000000000000000020e+30 1.000000000000000020e+30 1.000000000000000020e+30 1.000000000000000020e+30 1.000000000000000020e+30 1.000000000000000020e+30 3.704493137935003788e-01 3.098207514835715215e-01 2.777721561433716957e-01 2.489820597758273524e-01 2.166296683989039906e-01 1.794999421454316069e-01 1.363001389081811843e-01 8.665513776487222819e-02 1.000000000000000020e+30 1.000000000000000020e+30 1.000000000000000020e+30 1.000000000000000020e+30 1.000000000000000020e+30 1.000000000000000020e+30 1.000000000000000020e+30 1.000000000000000020e+30 1.000000000000000020e+30 1.000000000000000020e+30 1.000000000000000020e+30 1.000000000000000020e+30 1.000000000000000020e+30 1.000000000000000020e+30 1.000000000000000020e+30 1.000000000000000020e+30 1.000000000000000020e+30 1.000000000000000020e+30
1.000000000000000020e+30 1.000000000000000020e+30 1.000000000000000020e+30 1.034542168982443888e+00 9.390908385444028950e-01 6.400430547360557165e-01 7.708704066598313087e-01 8.888116374914184492e-01 9.356509245711659428e-01 1.000000000000000020e+30 1.000000000000000020e+30 1.000000000000000020e+30 1.000000000000000020e+30 1.000000000000000020e+30 1.000000000000000020e+30 1.000000000000000020e+30 1.000000000000000020e+30 1.000000000000000020e+30 1.000000000000000020e+30 1.000000000000000020e+30 1.000000000000000020e+30 1.000000000000000020e+30 1.000000000000000020e+30 1.000000000000000020e+30 1.000000000000000020e+30 1.000000000000000020e+30 1.000000000000000020e+30 1.000000000000000020e+30 1.000000000000000020e+30 1.000000000000000020e+30 1.000000000000000020e+30 1.000000000000000020e+30 3.474280369069249197e-01 2.891717555366611903e-01 2.496189698539975632e-01 2.127817450070978444e-01 1.762706205873047216e-01 1.327603745348540087e-01 8.433592374542703274e-02 1.000000000000000020e+30 1.000000000000000020e+30 1.000000000000000020e+30 1.000000000000000020e+30 1.000000000000000020e+30 1.000000000000000020e+30 1.000000000000000020e+30 1.000000000000000020e+30 1.000000000000000020e+30 1.000000000000000020e+30 1.000000000000000020e+30 1.000000000000000020e+30 1.000000000000000020e+30 1.000000000000000020e+30 1.000000000000000020e+30 1.000000000000000020e+30 1.000000000000000020e+30 1.000000000000000020e+30
1.000000000000000020e+30 1.000000000000000020e+30 1.000000000000000020e+30 4.863458626588759715e-01 4.322608940352847262e-01 6.810460888024568726e-01 8.639658128726835917e-01 9.590133297322356309e-01 1.000000000000000020e+30 1.000000000000000020e+30 1.000000000000000020e+30 1.000000000000000020e+30 1.000000000000000020e+30 1.000000000000000020e+30 1.000000000000000020e+30 1.000000000000000020e+30 1.000000000000000020e+30 1.000000000000000020e+30 1.000000000000000020e+30 1.000000000000000020e+30 1.000000000000000020e+30 1.000000000000000020e+30 1.000000000000000020e+30 1.000000000000000020e+30 1.000000000000000020e+30 1.000000000000000020e+30 1.000000000000000020e+30 1.000000000000000020e+30 1.000000000000000020e+30 1.000000000000000020e+30 1.000000000000000020e+30 1.000000000000000020e+30 1.000000000000000020e+30 3.252795563128440537e-01 2.579268667275030347e-01 2.035611657354982895e-01 1.686537619544843658e-01 1.230037283316481739e-01 7.896092189295804420e-02 1.000000000000000020e+30 1.000000000000000020e+30 1.000000000000000020e+30 1.000000000000000020e+30 1.000000000000000020e+30 1.000000000000000020e+30 1.000000000000000020e+30 1.000000000000000020e+30 1.000000000000000020e+30 1.000000000000000020e+30 1.000000000000000020e+30 1.000000000000000020e+30 1.000000000000000020e+30 1.000000000000000020e+30 1.000000000000000020e+30 1.000000000000000020e+30 1.000000000000000020e+30 1.000000000000000020e+30
1.000000000000000020e+30 1.000000000000000020e+30 1.000000000000000020e+30 1.000000000000000020e+30 8.916588030163530298e-01 8.863338763336566783e-01 9.571981968854723632e-01 1.000000000000000020e+30 1.000000000000000020e+30 1.000000000000000020e+30 1.000000000000000020e+30 1.000000000000000020e+30 1.000000000000000020e+30 1.000000000000000020e+30 1.000000000000000020e+30 1.000000000000000020e+30 1.000000000000000020e+30 1.000000000000000020e+30 1.000000000000000020e+30 1.000000000000000020e+30 1.000000000000000020e+30 1.000000000000000020e+30 1.000000000000000020e+30 1.000000000000000020e+30 1.000000000000000020e+30 1.000000000000000020e+30 1.000000000000000020e+30 1.000000000000000020e+30 1.000000000000000020e+30 1.000000000000000020e+30 1.000000000000000020e+30 1.000000000000000020e+30 1.000000000000000020e+30 1.000000000000000020e+30 2.728994022143051978e-01 1.975937991957485429e-01 1.634799284377762563e-01 1.005772628958725989e-01 7.136605326837507091e-02 1.000000000000000020e+30 1.000000000000000020e+30 1.000000000000000020e+30 1.000000000000000020e+30 1.000000000000000020e+30 1.000000000000000020e+30 1.000000000000000020e+30 1.000000000000000020e+30 1.000000000000000020e+30 1.000000000000000020e+30 1.000000000000000020e+30 1.000000000000000020e+30 1.000000000000000020e+30 1.000000000000000020e+30 1.000000000000000020e+30 1.000000000000000020e+30 1.000000000000000020e+30 1.000000000000000020e+30
1.000000000000000020e+30 1.000000000000000020e+30 1.000000000000000020e+30 1.000000000000000020e+30 1.189892500946393206e+00 1.000000000000000020e+30 1.000000000000000020e+30 1.000000000000000020e+30 1.000000000000000020e+30 1.000000000000000020e+30 1.000000000000000020e+30 1.000000000000000020e+30 1.000000000000000020e+30 1.000000000000000020e+30 1.000000000000000020e+30 1.000000000000000020e+30 1.000000000000000020e+30 1.000000000000000020e+30 1.000000000000000020e+30 1.000000000000000020e+30 1.000000000000000020e+30 1.000000000000000020e+30 1.000000000000000020e+30 1.000000000000000020e+30 1.000000000000000020e+30 1.000000000000000020e+30 1.000000000000000020e+30 1.000000000000000020e+30 1.000000000000000020e+30 1.000000000000000020e+30 1.000000000000000020e+30 1.000000000000000020e+30 1.000000000000000020e+30 1.000000000000000020e+30 1.000000000000000020e+30 2.000993185005520425e-01 1.844524546827364386e-01 1.000000000000000020e+30 1.000000000000000020e+30 1.000000000000000020e+30 1.000000000000000020e+30 1.000000000000000020e+30 1.000000000000000020e+30 1.000000000000000020e+30 1.000000000000000020e+30 1.000000000000000020e+30 1.000000000000000020e+30 1.000000000000000020e+30 1.000000000000000020e+30 1.000000000000000020e+30 1.000000000000000020e+30 1.000000000000000020e+30 1.000000000000000020e+30 1.000000000000000020e+30 1.000000000000000020e+30 1.000000000000000020e+30 1.000000000000000020e+30
