1.000000000000000020e+30 1.000000000000000020e+30 1.000000000000000020e+30 1.000000000000000020e+30 1.000000000000000020e+30 1.000000000000000020e+30 1.000000000000000020e+30 1.000000000000000020e+30 1.000000000000000020e+30 1.000000000000000020e+30 1.000000000000000020e+30 1.000000000000000020e+30 1.000000000000000020e+30 1.000000000000000020e+30 1.000000000000000020e+30 1.000000000000000020e+30 1.000000000000000020e+30 1.000000000000000020e+30 1.000000000000000020e+30 1.000000000000000020e+30 1.000000000000000020e+30 1.000000000000000020e+30 1.000000000000000020e+30 1.000000000000000020e+30 1.000000000000000020e+30 1.000000000000000020e+30 1.000000000000000020e+30 1.000000000000000020e+30 1.000000000000000020e+30 1.000000000000000020e+30 1.000000000000000020e+30 1.000000000000000020e+30 1.000000000000000020e+30 1.000000000000000020e+30 1.000000000000000020e+30 1.000000000000000020e+30 1.000000000000000020e+30 1.000000000000000020e+30 1.000000000000000020e+30 1.000000000000000020e+30 1.000000000000000020e+30 1.000000000000000020e+30 1.000000000000000020e+30 1.000000000000000020e+30 1.000000000000000020e+30 1.000000000000000020e+30 1.000000000000000020e+30 1.000000000000000020e+30 1.000000000000000020e+30 1.000000000000000020e+30 1.000000000000000020e+30 1.000000000000000020e+30 1.000000000000000020e+30 1.000000000000000020e+30 1.000000000000000020e+30 1.000000000000000020e+30 1.000000000000000020e+30
1.000000000000000020e+30 1.000000000000000020e+30 1.000000000000000020e+30 1.000000000000000020e+30 1.000000000000000020e+30 1.000000000000000020e+30 1.000000000000000020e+30 1.000000000000000020e+30 1.000000000000000020e+30 1.000000000000000020e+30 1.000000000000000020e+30 1.000000000000000020e+30 1.000000000000000020e+30 1.000000000000000020e+30 1.000000000000000020e+30 1.000000000000000020e+30 1.000000000000000020e+30 1.000000000000000020e+30 1.000000000000000020e+30 1.000000000000000020e+30 1.000000000000000020e+30 1.000000000000000020e+30 1.000000000000000020e+30 1.000000000000000020e+30 1.000000000000000020e+30 1.000000000000000020e+30 1.000000000000000020e+30 1.318482113191013028e+01 1.318636509496706388e+01 1.318797876488659604e+01 1.318967782836274161e+01 1.319179655203559065e+01 1.319399606541850112e+01 1.319623291844080448e+01 1.319591263228481282e+01 1.317802488436555564e+01 1.316438732552278168e+01 1.315386528298727420e+01 1.314638972995243371e+01 1.314699958512901468e+01 1.314771771148314450e+01 1.314844426048121662e+01 1.314853633991426030e+01 1.000000000000000020e+30 1.000000000000000020e+30 1.000000000000000020e+30 1.000000000000000020e+30 1.000000000000000020e+30 1.000000000000000020e+30 1.000000000000000020e+30 1.000000000000000020e+30 1.000000000000000020e+30 1.000000000000000020e+30 1.000000000000000020e+30 1.000000000000000020e+30 1.000000000000000020e+30 1.000000000000000020e+30
1.000000000000000020e+30 1.000000000000000020e+30 1.000000000000000020e+30 1.000000000000000020e+30 1.000000000000000020e+30 1.000000000000000020e+30 1.000000000000000020e+30 1.000000000000000020e+30 1.000000000000000020e+30 1.000000000000000020e+30 1.000000000000000020e+30 1.000000000000000020e+30 1.000000000000000020e+30 1.000000000000000020e+30 1.000000000000000020e+30 1.000000000000000020e+30 1.000000000000000020e+30 1.000000000000000020e+30 1.000000000000000020e+30 1.000000000000000020e+30 1.000000000000000020e+30 1.000000000000000020e+30 1.000000000000000020e+30 1.000000000000000020e+30 1.321597217625077292e+01 1.319855174655609709e+01 1.318412461046105655e+01 1.318812669279870597e+01 1.319307652308982526e+01 1.319846032896366594e+01 1.320334484019810972e+01 1.320081214545359316e+01 1.319825541631766974e+01 1.319576696794377391e+01 1.319118131153405216e+01 1.317278028474220974e+01 1.315908214737192061e+01 1.314867424302086363e+01 1.314147680481024238e+01 1.314320901520415319e+01 1.314514008061068573e+01 1.314717283244134372e+01 1.314845978456635933e+01 1.314315024494664286e+01 1.313846720737710960e+01 1.313436920062960311e+01 1.313120080919916788e+01 1.313202255849548727e+01 1.000000000000000020e+30 1.000000000000000020e+30 1.000000000000000020e+30 1.000000000000000020e+30 1.000000000000000020e+30 1.000000000000000020e+30 1.000000000000000020e+30 1.000000000000000020e+30 1.000000000000000020e+30
1.000000000000000020e+30 1.000000000000000020e+30 1.000000000000000020e+30 1.000000000000000020e+30 1.000000000000000020e+30 1.000000000000000020e+30 1.000000000000000020e+30 1.000000000000000020e+30 1.000000000000000020e+30 1.000000000000000020e+30 1.000000000000000020e+30 1.000000000000000020e+30 1.000000000000000020e+30 1.000000000000000020e+30 1.000000000000000020e+30 1.000000000000000020e+30 1.000000000000000020e+30 1.000000000000000020e+30 1.000000000000000020e+30 1.000000000000000020e+30 1.000000000000000020e+30 1.331126744978107368e+01 1.327563778013878704e+01 1.324286586139233002e+01 1.321711225144611568e+01 1.319782304655278082e+01 1.318446952770189107e+01 1.319172548443243542e+01 1.320075140487558052e+01 1.321118267526452961e+01 1.322072221170491524e+01 1.321140891284146690e+01 1.320287325238785314e+01 1.319527861668376367e+01 1.318669834514560968e+01 1.316794120380832567e+01 1.315428028832261198e+01 1.314404282732983553e+01 1.313712402098900967e+01 1.313974866380502959e+01 1.314271013928436460e+01 1.314593345137794778e+01 1.314842973628903344e+01 1.314315109258547309e+01 1.313846825761329384e+01 1.313436872987496251e+01 1.313101967388252511e+01 1.313014815541438196e+01 1.312930452464548914e+01 1.000000000000000020e+30 1.000000000000000020e+30 1.000000000000000020e+30 1.000000000000000020e+30 1.000000000000000020e+30 1.000000000000000020e+30 1.000000000000000020e+30 1.000000000000000020e+30
1.000000000000000020e+30 1.000000000000000020e+30 1.000000000000000020e+30 1.000000000000000020e+30 1.000000000000000020e+30 1.000000000000000020e+30 1.000000000000000020e+30 1.000000000000000020e+30 1.000000000000000020e+30 1.000000000000000020e+30 1.000000000000000020e+30 1.000000000000000020e+30 1.000000000000000020e+30 1.000000000000000020e+30 1.000000000000000020e+30 1.000000000000000020e+30 1.000000000000000020e+30 1.000000000000000020e+30 1.364762707052897639e+01 1.352313946026182734e+01 1.340478121264957068e+01 1.332076380509563052e+01 1.327096348448999841e+01 1.323867146840807507e+01 1.321499673349694071e+01 1.319705521053662700e+01 1.318490405469129634e+01 1.319554815750113441e+01 1.320929244691512672e+01 1.322624902647767442e+01 1.324204192852740292e+01 1.322193476715963811e+01 1.320602387534250788e+01 1.319321065088674239e+01 1.318120557728488507e+01 1.316267135059774951e+01 1.314945327195932201e+01 1.313969794881688991e+01 1.313329051821629534e+01 1.313661454168943976e+01 1.314042956160932007e+01 1.314470663002638240e+01 1.314834046743768248e+01 1.314310998882341686e+01 1.313843797524914692e+01 1.313434439887676497e+01 1.313081856384536650e+01 1.312835260912899393e+01 1.312609542903453352e+01 1.312399636933867164e+01 1.000000000000000020e+30 1.000000000000000020e+30 1.000000000000000020e+30 1.000000000000000020e+30 1.000000000000000020e+30 1.000000000000000020e+30 1.000000000000000020e+30
1.000000000000000020e+30 1.000000000000000020e+30 1.000000000000000020e+30 1.000000000000000020e+30 1.000000000000000020e+30 1.000000000000000020e+30 1.000000000000000020e+30 1.000000000000000020e+30 1.000000000000000020e+30 1.000000000000000020e+30 1.000000000000000020e+30 1.000000000000000020e+30 1.000000000000000020e+30 1.000000000000000020e+30 1.000000000000000020e+30 1.000000000000000020e+30 1.375588151029629103e+01 1.373422730537218328e+01 1.366207076965580569e+01 1.351559157714589965e+01 1.339427479146879740e+01 1.331294742387154351e+01 1.326363116840587786e+01 1.323532957035491187e+01 1.321526996137557042e+01 1.319978244357363018e+01 1.318887312692369917e+01 1.319909486261447817e+01 1.321209851421527937e+01 1.322748681706449680e+01 1.322406988701458275e+01 1.314437451414232783e+01 1.311896183020254902e+01 1.310684713944132973e+01 1.310069395075027643e+01 1.310491176199553287e+01 1.311073203451925728e+01 1.311919449401907478e+01 1.313123722049540909e+01 1.313460614271384763e+01 1.313816918426700830e+01 1.314212586958539219e+01 1.314540847276600211e+01 1.314066388463565005e+01 1.313631384394340884e+01 1.313247779377973146e+01 1.312893830672040707e+01 1.312480951565335552e+01 1.312123534360845412e+01 1.311811961972745522e+01 1.311568500552279737e+01 1.311642036203478412e+01 1.000000000000000020e+30 1.000000000000000020e+30 1.000000000000000020e+30 1.000000000000000020e+30 1.000000000000000020e+30
1.000000000000000020e+30 1.000000000000000020e+30 1.000000000000000020e+30 1.000000000000000020e+30 1.000000000000000020e+30 1.000000000000000020e+30 1.000000000000000020e+30 1.000000000000000020e+30 1.000000000000000020e+30 1.000000000000000020e+30 1.000000000000000020e+30 1.000000000000000020e+30 1.000000000000000020e+30 1.000000000000000020e+30 1.000000000000000020e+30 1.375357190071816049e+01 1.374869494849087559e+01 1.372466662289427575e+01 1.365192096850179837e+01 1.350065524321877675e+01 1.338062194819915973e+01 1.330251385400206843e+01 1.325648658657042489e+01 1.323348596565154800e+01 1.321815994743344547e+01 1.320628097520399180e+01 1.319711965335057258e+01 1.320230558385850728e+01 1.320850221768576382e+01 1.321455603038512017e+01 1.318591320655881560e+01 1.310651956962799503e+01 1.309213930304628093e+01 1.308627640933776171e+01 1.308356704435614937e+01 1.308655748474522440e+01 1.309168675341472898e+01 1.310252606729729585e+01 1.313041197222500323e+01 1.313349879137188125e+01 1.313594620102147736e+01 1.313852288182624051e+01 1.314038187684051984e+01 1.313633427697939382e+01 1.313250780962095199e+01 1.312909722884088382e+01 1.312568678690095325e+01 1.312014981637355149e+01 1.311563436757857026e+01 1.311190082453368078e+01 1.310922835549346743e+01 1.311088050741277655e+01 1.311268089431569805e+01 1.000000000000000020e+30 1.000000000000000020e+30 1.000000000000000020e+30 1.000000000000000020e+30
1.000000000000000020e+30 1.000000000000000020e+30 1.000000000000000020e+30 1.000000000000000020e+30 1.000000000000000020e+30 1.000000000000000020e+30 1.000000000000000020e+30 1.000000000000000020e+30 1.000000000000000020e+30 1.000000000000000020e+30 1.000000000000000020e+30 1.000000000000000020e+30 1.000000000000000020e+30 1.000000000000000020e+30 1.373589596213738062e+01 1.373781178789693413e+01 1.372883068881762902e+01 1.370102015492366654e+01 1.362656081521396167e+01 1.347819961057470195e+01 1.336401779963366998e+01 1.329110887601365221e+01 1.324936338329445817e+01 1.323157960944602429e+01 1.322111599627004885e+01 1.321340148121298164e+01 1.320665364810221654e+01 1.320564781365133555e+01 1.320492798213772012e+01 1.320338453533700829e+01 1.316268202755524896e+01 1.309463347838351766e+01 1.308484010746880877e+01 1.308100823484612008e+01 1.307927546021220166e+01 1.308136434753373223e+01 1.308520353145148363e+01 1.309471237497382212e+01 1.312940114150459081e+01 1.313225688636423705e+01 1.313370695621216910e+01 1.313510725634103160e+01 1.313586813371057715e+01 1.313241289191352124e+01 1.312907254887433517e+01 1.312604909023951016e+01 1.312277387524003913e+01 1.311623767534052476e+01 1.311117286973721541e+01 1.310715785887907181e+01 1.310441327214095075e+01 1.310654674013289167e+01 1.310901982433325053e+01 1.311184281577192223e+01 1.000000000000000020e+30 1.000000000000000020e+30 1.000000000000000020e+30
1.000000000000000020e+30 1.000000000000000020e+30 1.000000000000000020e+30 1.000000000000000020e+30 1.000000000000000020e+30 1.000000000000000020e+30 1.000000000000000020e+30 1.000000000000000020e+30 1.000000000000000020e+30 1.000000000000000020e+30 1.000000000000000020e+30 1.000000000000000020e+30 1.000000000000000020e+30 1.370161933133389631e+01 1.371058110924131945e+01 1.370213938149092847e+01 1.368172403354957467e+01 1.364590342387487176e+01 1.357261197172022982e+01 1.343987142205954477e+01 1.334043031753961550e+01 1.327722548497752619e+01 1.324143601421160099e+01 1.322855314895711842e+01 1.322260470976177693e+01 1.321948835221348872e+01 1.321685453411532052e+01 1.320750069481218247e+01 1.319977349342465267e+01 1.319222882072122793e+01 1.314681112071293789e+01 1.308885414150942417e+01 1.308144714941396280e+01 1.307860063986409216e+01 1.307732603658256387e+01 1.307892215045634288e+01 1.308194719805486983e+01 1.309007051297724189e+01 1.312608549892441978e+01 1.312844517930619048e+01 1.312896169801029522e+01 1.312934924502294010e+01 1.312935560246826761e+01 1.312712071917981760e+01 1.312491495422173315e+01 1.312285040384147727e+01 1.312014517147231096e+01 1.311291943615673716e+01 1.310754896044307216e+01 1.310343393276050783e+01 1.310071255412541014e+01 1.310309353596499626e+01 1.310594843551058197e+01 1.310938323694613317e+01 1.311328815127751923e+01 1.000000000000000020e+30 1.000000000000000020e+30
1.000000000000000020e+30 1.000000000000000020e+30 1.000000000000000020e+30 1.000000000000000020e+30 1.000000000000000020e+30 1.000000000000000020e+30 1.000000000000000020e+30 1.000000000000000020e+30 1.000000000000000020e+30 1.000000000000000020e+30 1.000000000000000020e+30 1.000000000000000020e+30 1.362421448335829588e+01 1.365841896398132960e+01 1.366103766081159776e+01 1.361727863082072965e+01 1.356214422791788898e+01 1.350532162595286501e+01 1.343999530403069897e+01 1.335840520071622173e+01 1.329689985824222376e+01 1.325558251459422721e+01 1.323068291464271518e+01 1.322107914520107386e+01 1.321612267762830939e+01 1.321280052363324486e+01 1.319870940739863308e+01 1.314157185277524853e+01 1.311958030391748231e+01 1.310819536714022604e+01 1.309801537460604415e+01 1.308375204472490871e+01 1.307961339903996034e+01 1.307764848214130105e+01 1.307667815520558996e+01 1.307773115815314391e+01 1.307942130189801233e+01 1.308260147859288480e+01 1.308935918897870465e+01 1.308898846905954017e+01 1.308847295781342268e+01 1.308799002990211058e+01 1.308786535287384645e+01 1.309082305926584588e+01 1.309547465490280338e+01 1.310357655706315683e+01 1.311745943088847000e+01 1.311089631609443273e+01 1.310571842657654962e+01 1.310176466646023563e+01 1.309919569233988845e+01 1.310173315091220125e+01 1.310487060921793656e+01 1.310875078420838236e+01 1.311322456221295063e+01 1.000000000000000020e+30 1.000000000000000020e+30
1.000000000000000020e+30 1.000000000000000020e+30 1.000000000000000020e+30 1.000000000000000020e+30 1.000000000000000020e+30 1.000000000000000020e+30 1.000000000000000020e+30 1.000000000000000020e+30 1.000000000000000020e+30 1.000000000000000020e+30 1.000000000000000020e+30 1.343535787339273568e+01 1.353112788640696706e+01 1.358633625118363852e+01 1.358794246052473120e+01 1.350189177003365693e+01 1.341351109494106453e+01 1.334406826009402991e+01 1.329404125057180863e+01 1.326584730963374348e+01 1.324520431952365129e+01 1.322968359433798291e+01 1.321837045451684389e+01 1.320988299602936955e+01 1.320273080331330462e+01 1.319570831343191664e+01 1.316852112561033294e+01 1.310671810253675496e+01 1.309296955151180875e+01 1.308707386254085137e+01 1.308355985284560141e+01 1.308029213246376266e+01 1.307847796384475814e+01 1.307732301709650891e+01 1.307663274517516605e+01 1.307707815490244130e+01 1.307762418559313211e+01 1.307831424805751830e+01 1.307909744127172935e+01 1.307881999911478310e+01 1.307855448516208874e+01 1.307831057039024714e+01 1.307825129371313544e+01 1.307998229920694122e+01 1.308312322310101727e+01 1.309051730598696395e+01 1.311481883964305872e+01 1.310982401614598736e+01 1.310519444371692543e+01 1.310157252267129735e+01 1.309924582267601956e+01 1.310196055066472809e+01 1.310541571849319809e+01 1.310975428273343368e+01 1.311418796891591754e+01 1.306970886278660160e+01 1.000000000000000020e+30
1.000000000000000020e+30 1.000000000000000020e+30 1.000000000000000020e+30 1.000000000000000020e+30 1.000000000000000020e+30 1.000000000000000020e+30 1.000000000000000020e+30 1.000000000000000020e+30 1.000000000000000020e+30 1.000000000000000020e+30 1.294169510954994529e+01 1.321200044530010764e+01 1.337453278814558821e+01 1.346716701183197706e+01 1.349024565407473553e+01 1.339739037857568427e+01 1.330670762997824141e+01 1.324402917568533944e+01 1.320863855465031556e+01 1.320553601583391234e+01 1.320653544867635709e+01 1.320816124252666945e+01 1.320815620566148318e+01 1.319925384339834373e+01 1.318999263953589818e+01 1.318092839928275239e+01 1.314964397912150673e+01 1.309508539032390217e+01 1.308546511869467111e+01 1.308154861783499356e+01 1.307945671002621424e+01 1.307842067273371356e+01 1.307764183404056446e+01 1.307703432168522539e+01 1.307658906191574211e+01 1.307656262944091807e+01 1.307653773655068363e+01 1.307651465753513520e+01 1.307647597520016980e+01 1.307628882404769222e+01 1.307611621342670283e+01 1.307595791592128442e+01 1.307591837862014827e+01 1.307707790354217714e+01 1.307928138413296892e+01 1.308515909445004333e+01 1.311244601709252144e+01 1.310875050017812349e+01 1.310466498675326719e+01 1.310138096721636813e+01 1.309930501905517275e+01 1.310218559767337254e+01 1.310574619754232195e+01 1.310874191341219586e+01 1.306042324755491180e+01 1.311551561426334800e+01 1.000000000000000020e+30
1.000000000000000020e+30 1.000000000000000020e+30 1.000000000000000020e+30 1.000000000000000020e+30 1.000000000000000020e+30 1.000000000000000020e+30 1.000000000000000020e+30 1.000000000000000020e+30 1.000000000000000020e+30 1.100942530260464380e+01 1.237340969113959943e+01 1.287661481861505486e+01 1.310931538269972663e+01 1.324333142100654648e+01 1.332055170625763019e+01 1.329310571196673862e+01 1.323813434885694917e+01 1.319162622540440921e+01 1.316629984032495138e+01 1.317164485321099221e+01 1.318073679813160126e+01 1.319162591891155678e+01 1.320084913532903848e+01 1.318977163493545923e+01 1.317890791796284056e+01 1.316906784161479571e+01 1.313691073385078667e+01 1.308932094825998504e+01 1.308194166119380242e+01 1.307900892778543422e+01 1.307752111671613982e+01 1.307724683568182122e+01 1.307700006282892780e+01 1.307677596228102423e+01 1.307654626627923378e+01 1.307614454910226165e+01 1.307581027707492716e+01 1.307552767696328111e+01 1.307529373654089433e+01 1.307515290311592260e+01 1.307502423158465099e+01 1.307490636841302312e+01 1.307487604265095271e+01 1.307574427228192704e+01 1.307742618083218211e+01 1.308219290298356086e+01 1.310890109450124719e+01 1.310658695323873779e+01 1.310342545074591492e+01 1.310085795508890172e+01 1.309937574096639423e+01 1.310194042014344618e+01 1.309644513272587574e+01 1.300528957019352738e+01 1.311689772518822927e+01 1.311711407265024221e+01 1.000000000000000020e+30
1.000000000000000020e+30 1.000000000000000020e+30 1.000000000000000020e+30 1.000000000000000020e+30 1.000000000000000020e+30 1.000000000000000020e+30 1.000000000000000020e+30 1.000000000000000020e+30 1.273141304767550608e+01 1.145960318928125687e+01 1.219241227494999968e+01 1.246347612878606981e+01 1.263404817836885385e+01 1.276478273488339354e+01 1.291594040302674173e+01 1.311197195083626177e+01 1.319189445319029019e+01 1.317184289154123356e+01 1.315196183050214529e+01 1.315842121892847594e+01 1.316788096522814655e+01 1.317968675409265522e+01 1.319121500615316123e+01 1.317885837697621909e+01 1.316826437501011071e+01 1.315910126551754722e+01 1.312955962925436104e+01 1.308717116045759354e+01 1.308070172229870032e+01 1.307813427910398296e+01 1.307684684443297485e+01 1.307673215684843449e+01 1.307662375599979576e+01 1.307652025228938975e+01 1.307637351679190374e+01 1.307587676688560840e+01 1.307548379760368995e+01 1.307516514767563187e+01 1.307489266814856954e+01 1.307460090096200389e+01 1.307436442116770969e+01 1.307416921973327995e+01 1.307406182952861329e+01 1.307457308817029151e+01 1.307545403488560609e+01 1.307733565812849719e+01 1.308280163937690332e+01 1.308489931103721382e+01 1.308789542708575837e+01 1.309281545472111929e+01 1.310053003399422877e+01 1.309459258241537505e+01 1.280971531478136072e+01 1.310383795943242546e+01 1.312289487221414319e+01 1.312067544072615100e+01 1.000000000000000020e+30
1.000000000000000020e+30 1.000000000000000020e+30 1.000000000000000020e+30 1.000000000000000020e+30 1.000000000000000020e+30 1.000000000000000020e+30 1.000000000000000020e+30 1.322663466646030095e+01 1.306031325252553899e+01 1.259485633975245733e+01 1.165580201892005796e+01 1.147042626268788368e+01 1.157485226597529326e+01 1.164921361666737454e+01 1.175865211327457160e+01 1.236608979118018503e+01 1.309853176832737809e+01 1.316407667950006832e+01 1.315043776980196277e+01 1.315582364143381611e+01 1.316292049120409935e+01 1.317129823921904830e+01 1.317869884333221897e+01 1.316777619046011871e+01 1.315856625299121418e+01 1.315062991962014216e+01 1.312533687308627250e+01 1.308673434448252593e+01 1.308051995570715320e+01 1.307802450292832575e+01 1.307676062443659326e+01 1.307658438791115074e+01 1.307642182293054844e+01 1.307627058844430401e+01 1.307609964584642626e+01 1.307571413141466543e+01 1.307539626854288350e+01 1.307512972097566362e+01 1.307485141620230351e+01 1.307429446261783923e+01 1.307392479349680237e+01 1.307366227202137310e+01 1.307350768963892307e+01 1.307379267161052994e+01 1.307422461584828000e+01 1.307473260104211299e+01 1.307586321990275735e+01 1.307694137689066771e+01 1.307861785959148548e+01 1.308145119640474618e+01 1.308418682643821995e+01 1.307632255734751858e+01 1.279655711937778761e+01 1.310910162157136583e+01 1.313150041663565304e+01 1.312820294328994031e+01 1.000000000000000020e+30
1.000000000000000020e+30 1.000000000000000020e+30 1.000000000000000020e+30 1.000000000000000020e+30 1.000000000000000020e+30 1.000000000000000020e+30 1.325934691227727136e+01 1.325317486685793433e+01 1.320879384327431971e+01 1.308614263281226897e+01 1.287948100371868598e+01 1.280960563055150025e+01 1.282189852872428304e+01 1.285665416179553766e+01 1.294030302964434220e+01 1.308011314303187511e+01 1.277839967947639899e+01 1.314222228381783353e+01 1.314804457359471535e+01 1.315384433400767072e+01 1.315879730760097210e+01 1.316427011294881311e+01 1.316850133362448361e+01 1.315879627235002403e+01 1.315067609173060070e+01 1.314368332068372247e+01 1.312172236840292250e+01 1.308632807513984098e+01 1.308034737710548789e+01 1.307791942850014166e+01 1.307667790570519806e+01 1.307644602471963680e+01 1.307623730972787612e+01 1.307604771791302944e+01 1.307585891640074394e+01 1.307556507571671389e+01 1.307531369517864661e+01 1.307509606678191716e+01 1.307481274311989772e+01 1.307405558066667162e+01 1.307362861293898781e+01 1.307335540728208478e+01 1.307319832970987683e+01 1.307338691359777272e+01 1.307352702848094950e+01 1.304144350928630125e+01 1.302908589572957077e+01 1.302202631794257393e+01 1.299536878459944589e+01 1.291314962632078611e+01 1.266005178086115635e+01 1.269642700434465610e+01 1.308075847304750816e+01 1.313523852219719856e+01 1.314505423581523758e+01 1.313870383782198203e+01 1.000000000000000020e+30
1.000000000000000020e+30 1.000000000000000020e+30 1.000000000000000020e+30 1.000000000000000020e+30 1.000000000000000020e+30 1.325346363263632377e+01 1.325860615736407588e+01 1.325927114600244572e+01 1.325039064803592126e+01 1.322541344718749379e+01 1.319155305690149760e+01 1.319870474619354717e+01 1.323853984952554264e+01 1.330425815383702748e+01 1.337123913394196251e+01 1.327718599001011945e+01 1.317526028951700390e+01 1.293743141019213461e+01 1.306286696113244084e+01 1.315026535901695226e+01 1.315505225161520286e+01 1.315822898288003628e+01 1.316013508649550268e+01 1.315142750584330500e+01 1.314417420375199974e+01 1.313792852121552635e+01 1.311859798961117107e+01 1.308594539119238576e+01 1.308018189525725106e+01 1.307781807248521666e+01 1.307659810226833308e+01 1.307631610389032772e+01 1.307606824175422489e+01 1.307584798573190632e+01 1.307564625496889477e+01 1.307542824092887557e+01 1.307523540493094139e+01 1.307506325670005332e+01 1.307477543289500233e+01 1.307386437275101265e+01 1.307341601469476977e+01 1.307315023645254293e+01 1.307300145592117602e+01 1.307313923970484915e+01 1.307313851591300669e+01 1.304580314417440690e+01 1.307360561049441472e+01 1.307431424453254287e+01 1.307525153427660847e+01 1.307701424712669436e+01 1.305220450039981372e+01 1.255838314637079733e+01 1.309827447453689153e+01 1.315788617062980848e+01 1.316497061477269703e+01 1.315390696441160934e+01 1.000000000000000020e+30
1.000000000000000020e+30 1.000000000000000020e+30 1.000000000000000020e+30 1.000000000000000020e+30 1.000000000000000020e+30 1.324995208442757288e+01 1.325457827877318451e+01 1.325728045274763645e+01 1.325803830260345606e+01 1.325652003640951726e+01 1.325845626906658659e+01 1.328647836768397106e+01 1.333540759291022582e+01 1.340490542945636676e+01 1.345522559560628295e+01 1.330581020988297780e+01 1.321604195790725456e+01 1.316856482220712543e+01 1.315208655181697672e+01 1.308538360453850302e+01 1.315494263037062517e+01 1.315835095354948692e+01 1.315893974582798798e+01 1.315043544196074343e+01 1.314335453011774035e+01 1.313724992720402440e+01 1.311814295730559898e+01 1.308583284991883389e+01 1.308011739366738801e+01 1.307777265421705692e+01 1.307656392267565693e+01 1.307629348466281272e+01 1.307605521277515770e+01 1.307584264035510380e+01 1.307564651111746912e+01 1.307542840662377337e+01 1.307523548299157490e+01 1.307506331001515321e+01 1.307478498694316116e+01 1.307391012508582051e+01 1.307346500504007203e+01 1.307319641674526878e+01 1.307304410361609115e+01 1.307310835295194451e+01 1.304441029272849661e+01 1.307330103266595955e+01 1.307404367836661585e+01 1.307470385810225011e+01 1.307604694375522492e+01 1.308102999077527961e+01 1.316274757297617448e+01 1.312276228960218916e+01 1.318318502527021252e+01 1.319683898212424289e+01 1.319468440037249657e+01 1.317465522341791306e+01 1.000000000000000020e+30
1.000000000000000020e+30 1.000000000000000020e+30 1.000000000000000020e+30 1.000000000000000020e+30 1.324107209705407762e+01 1.324420221333075354e+01 1.324772004730185238e+01 1.325405372118245673e+01 1.326114188751759038e+01 1.326884526614862025e+01 1.327971660504782925e+01 1.330333370760516942e+01 1.333647054806908372e+01 1.337664579110304608e+01 1.339499982418227120e+01 1.328743225125965211e+01 1.322006986306016785e+01 1.318336405918150867e+01 1.316321212559976317e+01 1.316174420744268936e+01 1.306962747718938722e+01 1.316217231205749627e+01 1.316428144108921217e+01 1.315535606722498763e+01 1.314784253741986397e+01 1.314134618720825110e+01 1.312021593313400381e+01 1.308597401323536680e+01 1.308014883920334270e+01 1.307778046529630522e+01 1.307657340886331809e+01 1.307637443953001544e+01 1.307619470394925365e+01 1.307602943394462613e+01 1.307585905114044422e+01 1.307556540834391434e+01 1.307531387560533354e+01 1.307509625035980605e+01 1.307484253396136964e+01 1.307423526016489923e+01 1.307384777118511998e+01 1.307357974574394177e+01 1.307340092964802558e+01 1.307358339350676424e+01 1.307362161947689216e+01 1.304710038416202877e+01 1.307467040434086059e+01 1.307574047009573626e+01 1.307762695904527916e+01 1.308496274393618464e+01 1.322473188217117368e+01 1.323916213207181336e+01 1.324889360766206892e+01 1.325069025773301945e+01 1.324181891363987162e+01 1.320434085074507813e+01 1.000000000000000020e+30
1.000000000000000020e+30 1.000000000000000020e+30 1.000000000000000020e+30 1.000000000000000020e+30 1.323290120620883847e+01 1.323744506804550802e+01 1.324028891999602564e+01 1.325026279434451482e+01 1.326252069840398029e+01 1.327630224132670023e+01 1.329067325601518412e+01 1.330301504765956011e+01 1.331643390565237084e+01 1.332979609416841704e+01 1.332902116953842864e+01 1.326620979990061144e+01 1.322169549421954571e+01 1.319323498276311390e+01 1.317533725683625789e+01 1.317415144223480183e+01 1.317044407898658775e+01 1.306288376176533816e+01 1.316684806367456595e+01 1.316091380368669839e+01 1.315299842943543851e+01 1.314607161736324414e+01 1.312253175043247566e+01 1.308611619816110938e+01 1.308018070992391557e+01 1.307778842439964073e+01 1.307658319590936991e+01 1.307645873362924682e+01 1.307634475736031021e+01 1.307623644171314226e+01 1.307609933805443880e+01 1.307571476300411462e+01 1.307539662147179449e+01 1.307513010764362882e+01 1.307490318171767463e+01 1.307470510248771234e+01 1.307453359466672715e+01 1.307435855466424002e+01 1.306231515660551068e+01 1.305945364385184959e+01 1.305275641487386196e+01 1.307544603020151719e+01 1.307663706949402638e+01 1.307817642292287985e+01 1.308133082548949488e+01 1.309357286085996996e+01 1.332360693162499388e+01 1.335311780182607322e+01 1.335702412441318820e+01 1.335533278402342283e+01 1.333493612584139854e+01 1.325477776287825371e+01 1.000000000000000020e+30
1.000000000000000020e+30 1.000000000000000020e+30 1.000000000000000020e+30 1.278625901199817783e+01 1.316236558761506359e+01 1.322246880729520946e+01 1.323214651828978639e+01 1.324639091805352997e+01 1.326331277533040875e+01 1.328244054183158163e+01 1.329956956366719645e+01 1.329983425803474972e+01 1.329662276365776918e+01 1.329192170693416131e+01 1.328144998585172942e+01 1.324914615525206152e+01 1.322353488992824033e+01 1.320453664564345253e+01 1.319084388624042248e+01 1.318741065468149642e+01 1.318425179089263288e+01 1.317732181830719718e+01 1.305366882668996276e+01 1.316322889237940785e+01 1.315740735458599886e+01 1.315141263913579550e+01 1.312510672041575432e+01 1.308626873121757939e+01 1.308021862439485972e+01 1.307780053116444918e+01 1.307659644025842205e+01 1.307654941067771048e+01 1.307650901481526695e+01 1.307646901209565371e+01 1.307637458344712655e+01 1.307587988949550173e+01 1.307548576122958295e+01 1.307516649952751919e+01 1.307496838278306406e+01 1.307544185253431301e+01 1.307610922029059708e+01 1.307702211430503425e+01 1.306676882718895172e+01 1.307972256220984342e+01 1.308099978394015572e+01 1.308292915809307644e+01 1.308564872343762175e+01 1.309022700110577908e+01 1.309955885727404024e+01 1.313277267102572132e+01 1.359667925136509048e+01 1.363135096369052413e+01 1.363195481057460690e+01 1.362681676355432359e+01 1.357247892057616667e+01 1.335245069666687101e+01 1.000000000000000020e+30
1.000000000000000020e+30 1.000000000000000020e+30 1.000000000000000020e+30 1.281735587179770519e+01 1.271631634126319099e+01 1.318015347006952531e+01 1.322412193888898990e+01 1.324364012300539351e+01 1.326359687232683626e+01 1.328610790620286330e+01 1.330559529067489244e+01 1.329973376669717844e+01 1.328953104578694955e+01 1.327872736974711465e+01 1.326587707422842399e+01 1.324322065069936194e+01 1.322444364339045286e+01 1.320951353583267007e+01 1.319803479832682669e+01 1.319368930737551260e+01 1.318977905512554294e+01 1.318592984618529584e+01 1.317679161767447482e+01 1.303914431714066779e+01 1.306491357154610711e+01 1.315275401970700386e+01 1.312892456445142741e+01 1.308781303500590631e+01 1.308114823531911597e+01 1.307846546226830853e+01 1.307713159045654550e+01 1.307712264500694843e+01 1.307712229637650125e+01 1.307712143696740981e+01 1.307704904071511542e+01 1.307645774614744916e+01 1.307598924437603216e+01 1.307561085889233077e+01 1.307533444708162129e+01 1.307646657919514332e+01 1.307866909297522895e+01 1.304830119518252651e+01 1.435950622950777245e+01 1.474792968598133847e+01 1.514374886086018890e+01 1.587251535123683155e+01 1.881221826648922857e+01 1.947801799945556667e+01 1.980095184012478526e+01 1.983913429812607987e+01 1.984948743398025783e+01 1.983170799151591623e+01 1.968510287128241387e+01 1.859031094500698700e+01 1.399593402315932700e+01 1.347632279619013929e+01 1.000000000000000020e+30
1.000000000000000020e+30 1.000000000000000020e+30 1.000000000000000020e+30 1.289973997646901793e+01 1.278822318985964124e+01 1.316452173001668768e+01 1.322002171549352489e+01 1.324162995593746750e+01 1.326323462232834594e+01 1.328696395593339830e+01 1.330828663640307674e+01 1.330332953027898668e+01 1.329468047442615308e+01 1.328576357703194510e+01 1.327402112704904980e+01 1.324652741556939084e+01 1.322412521411745168e+01 1.320660475911502907e+01 1.319362733931532716e+01 1.319058227544411821e+01 1.318788992900394597e+01 1.318529522922672470e+01 1.318182884250386699e+01 1.317057477628922690e+01 1.316183543743354001e+01 1.304878109403344055e+01 1.313179203864317124e+01 1.309181608218100124e+01 1.308372680159749102e+01 1.308036960342345267e+01 1.307866984746204686e+01 1.307865543572677147e+01 1.307865503698937282e+01 1.307865392814782268e+01 1.307857525150338063e+01 1.307792526932268018e+01 1.307739496991936967e+01 1.307669693732782612e+01 1.305216667086473770e+01 1.305352058516228908e+01 1.304658847029440771e+01 1.000000000000000020e+30 1.000000000000000020e+30 1.000000000000000020e+30 1.000000000000000020e+30 1.000000000000000020e+30 1.000000000000000020e+30 1.000000000000000020e+30 2.173088789212565075e+01 2.174236017133813093e+01 2.178641833294661012e+01 2.175862953400592303e+01 2.152892157354070690e+01 1.996799522472174360e+01 1.405957893552458238e+01 1.356711806906459472e+01 1.000000000000000020e+30
1.000000000000000020e+30 1.000000000000000020e+30 1.305703317266043051e+01 1.297287408735999747e+01 1.288517741811520345e+01 1.284582341329290145e+01 1.318956200802850276e+01 1.322589937225894907e+01 1.326080084128214409e+01 1.328647076559682816e+01 1.330965907233908574e+01 1.330750220266056338e+01 1.330200522184557954e+01 1.329610155057216403e+01 1.328560553832726576e+01 1.325068549339359159e+01 1.322373495143482103e+01 1.320356830017280814e+01 1.318935120449322085e+01 1.318748445310774642e+01 1.318593424209066889e+01 1.318441181582756094e+01 1.318211958154980934e+01 1.317428951037108575e+01 1.316732643000336012e+01 1.315725040361694198e+01 1.302324809724544430e+01 1.309525629818589998e+01 1.308633313317720059e+01 1.308378663076563342e+01 1.308150951516621596e+01 1.308156133507226571e+01 1.308156395202863287e+01 1.308155804323075344e+01 1.308139387319922697e+01 1.307981358630359026e+01 1.307956370969233362e+01 1.304419708216487983e+01 1.307954768954434854e+01 1.308237019303270365e+01 1.308767691882968620e+01 1.000000000000000020e+30 1.000000000000000020e+30 1.000000000000000020e+30 1.000000000000000020e+30 1.000000000000000020e+30 1.000000000000000020e+30 1.000000000000000020e+30 1.000000000000000020e+30 1.000000000000000020e+30 2.210833594954118198e+01 2.208483390125378065e+01 2.194419135435935431e+01 2.118945386893667049e+01 1.416878701078888447e+01 1.368924943163420771e+01 1.000000000000000020e+30
1.000000000000000020e+30 1.000000000000000020e+30 1.305005075918971968e+01 1.302981449190729535e+01 1.300487255091620931e+01 1.297708913697478472e+01 1.296439969592369224e+01 1.295816222213045243e+01 1.324194758430624930e+01 1.327649880790192505e+01 1.329989714502848308e+01 1.331001194667477705e+01 1.330903696447156648e+01 1.330710018468167988e+01 1.329834869090799465e+01 1.325488890018755406e+01 1.322342995601870008e+01 1.320085685187222602e+01 1.318560066512094053e+01 1.318479612154402858e+01 1.318431030907041546e+01 1.318381875352250887e+01 1.318256346988111183e+01 1.317594836537710279e+01 1.316995383241048145e+01 1.316423516869899224e+01 1.314441625970455263e+01 1.294400889538992416e+01 1.295348047013574089e+01 1.308322052983818651e+01 1.308246290794961020e+01 1.308820008243191246e+01 1.308845719085259596e+01 1.308830488302530881e+01 1.308174098162156618e+01 1.297613912466795227e+01 1.300197071481934685e+01 1.309264334298404364e+01 1.309804584928296123e+01 1.310649171514865863e+01 1.000000000000000020e+30 1.000000000000000020e+30 1.000000000000000020e+30 1.000000000000000020e+30 1.000000000000000020e+30 1.000000000000000020e+30 1.000000000000000020e+30 1.000000000000000020e+30 1.000000000000000020e+30 1.000000000000000020e+30 1.000000000000000020e+30 1.000000000000000020e+30 1.000000000000000020e+30 3.062017320205384507e+01 1.459983394696790526e+01 1.000000000000000020e+30 1.000000000000000020e+30
1.000000000000000020e+30 1.305521482295513636e+01 1.304928167245463300e+01 1.305554003279367592e+01 1.306335251660242491e+01 1.307305502470898517e+01 1.308304586955355653e+01 1.307198108804696446e+01 1.306835347176492057e+01 1.305535538049672795e+01 1.304895160812571042e+01 1.327994776825319434e+01 1.328902402111109105e+01 1.329761555927615291e+01 1.329256482813624984e+01 1.325571704191609257e+01 1.322803830717223050e+01 1.320737701593793645e+01 1.319316963280812338e+01 1.319370727573193847e+01 1.319461018562797783e+01 1.319551983948008278e+01 1.319561811512377680e+01 1.318992060785199349e+01 1.318456667801091342e+01 1.317949905236131158e+01 1.316866956806578237e+01 1.312902352425231811e+01 1.310150153679266438e+01 1.284705433418441878e+01 1.284354041204129082e+01 1.307613481691487145e+01 1.308077619785148471e+01 1.308000251173749895e+01 1.287175560679638586e+01 1.309970368751005942e+01 1.313410119537205567e+01 1.321851949150508787e+01 1.370911872099776474e+01 1.383628520080193347e+01 1.000000000000000020e+30 1.000000000000000020e+30 1.000000000000000020e+30 1.000000000000000020e+30 1.000000000000000020e+30 1.000000000000000020e+30 1.000000000000000020e+30 1.000000000000000020e+30 1.000000000000000020e+30 1.000000000000000020e+30 1.000000000000000020e+30 1.000000000000000020e+30 1.000000000000000020e+30 1.000000000000000020e+30 1.000000000000000020e+30 1.000000000000000020e+30 1.000000000000000020e+30
1.000000000000000020e+30 1.305930322801989796e+01 1.305369295178576650e+01 1.305760374150513492e+01 1.306258640340495170e+01 1.306877112704208521e+01 1.307455907616906643e+01 1.306514223682923870e+01 1.305436465534657664e+01 1.304191670712588724e+01 1.302974647511525319e+01 1.303527169906287675e+01 1.304163447120368069e+01 1.326379772808129864e+01 1.326968588655068970e+01 1.325318687646412741e+01 1.323857489309983215e+01 1.322616097907019217e+01 1.321709673752843806e+01 1.322049815224913338e+01 1.322446232031712299e+01 1.322863739677252148e+01 1.323203288536176103e+01 1.322855459863677119e+01 1.322497214380653752e+01 1.322122859537495465e+01 1.320895591827414961e+01 1.316236429763078952e+01 1.313760295157261204e+01 1.310917852824865015e+01 1.308096249349477702e+01 1.274051733438624012e+01 1.260694667261197566e+01 1.277992391585568477e+01 1.308745321804601680e+01 1.313188838521731050e+01 1.317165344850493902e+01 1.329333221856822611e+01 1.358662157200912901e+01 1.000000000000000020e+30 1.000000000000000020e+30 1.000000000000000020e+30 1.000000000000000020e+30 1.000000000000000020e+30 1.000000000000000020e+30 1.000000000000000020e+30 1.000000000000000020e+30 1.000000000000000020e+30 1.000000000000000020e+30 1.000000000000000020e+30 1.000000000000000020e+30 1.000000000000000020e+30 1.000000000000000020e+30 1.000000000000000020e+30 1.000000000000000020e+30 1.000000000000000020e+30 1.000000000000000020e+30
1.306966536476513419e+01 1.306371787529701223e+01 1.305820721195873091e+01 1.305917766205386421e+01 1.306047436970366427e+01 1.306201835492727881e+01 1.306276427307170351e+01 1.305527922217921422e+01 1.304705718425519478e+01 1.303821097199694456e+01 1.302959259878604215e+01 1.302732753472837857e+01 1.303150724814433659e+01 1.323689879609448283e+01 1.325024193547298701e+01 1.325077332734540825e+01 1.325082595635059590e+01 1.325105926763964170e+01 1.325256975278399807e+01 1.326202493804659710e+01 1.327278835937122992e+01 1.328475676308311826e+01 1.329691155911735301e+01 1.330211132594783230e+01 1.330710044278075443e+01 1.331130629082439931e+01 1.329987946729012016e+01 1.322733891075321822e+01 1.318603538953942511e+01 1.315562243425040734e+01 1.312375350922145856e+01 1.302920503844677214e+01 1.247400000971576617e+01 1.299370604154882614e+01 1.312644859009922627e+01 1.317507337883407281e+01 1.325661396201235753e+01 1.360012769070056748e+01 1.377344053220805620e+01 1.000000000000000020e+30 1.000000000000000020e+30 1.000000000000000020e+30 1.000000000000000020e+30 1.000000000000000020e+30 1.000000000000000020e+30 1.000000000000000020e+30 1.000000000000000020e+30 1.000000000000000020e+30 1.000000000000000020e+30 1.000000000000000020e+30 1.000000000000000020e+30 1.000000000000000020e+30 1.000000000000000020e+30 1.000000000000000020e+30 1.000000000000000020e+30 1.000000000000000020e+30 1.000000000000000020e+30
1.307398669432898686e+01 1.306822053536846262e+01 1.306273673636916044e+01 1.306073413560492469e+01 1.305832376795338945e+01 1.305523149555584972e+01 1.305106600077416346e+01 1.304583558496571349e+01 1.304045991106011293e+01 1.303494832636725853e+01 1.302961244247118522e+01 1.302651827648021055e+01 1.302401018996448734e+01 1.303300851661571613e+01 1.322940129807864196e+01 1.324925069438705272e+01 1.326573603601170248e+01 1.328503246879542665e+01 1.330753759084292120e+01 1.332983146979143640e+01 1.335582042879781639e+01 1.338650120875652583e+01 1.342195766724712414e+01 1.345786910390618019e+01 1.349810530987132573e+01 1.353734457535235691e+01 1.353748101625351019e+01 1.339912137842160789e+01 1.329190601472414990e+01 1.318350774147774729e+01 1.303148944301658041e+01 1.271557891194810175e+01 1.190806662770686586e+01 1.223733538562169265e+01 1.307547289781380506e+01 1.324754642934724913e+01 1.342927487671579634e+01 1.357763153417895374e+01 1.375410770529420645e+01 1.000000000000000020e+30 1.000000000000000020e+30 1.000000000000000020e+30 1.000000000000000020e+30 1.000000000000000020e+30 1.000000000000000020e+30 1.000000000000000020e+30 1.000000000000000020e+30 1.000000000000000020e+30 1.000000000000000020e+30 1.000000000000000020e+30 1.000000000000000020e+30 1.000000000000000020e+30 1.000000000000000020e+30 1.000000000000000020e+30 1.000000000000000020e+30 1.000000000000000020e+30 1.000000000000000020e+30
1.307750686728957845e+01 1.307236315858572517e+01 1.306722589890430086e+01 1.306194106330073090e+01 1.305569946863256803e+01 1.304821044110759942e+01 1.303977371277533059e+01 1.303545105386619873e+01 1.303090268969283905e+01 1.302595122356942170e+01 1.302061709714207005e+01 1.301568138507271932e+01 1.301095497232746823e+01 1.301429591503952565e+01 1.324291943254884352e+01 1.327355327097301974e+01 1.330198085567174360e+01 1.333751915873706473e+01 1.338067198523294010e+01 1.341640521780453632e+01 1.345827753809219907e+01 1.350854813691359801e+01 1.356880250723853187e+01 1.364006790337153951e+01 1.371481249667050584e+01 1.375353721874151880e+01 1.365536206031639743e+01 1.342328435298058231e+01 1.317734611021563929e+01 1.283753795562260791e+01 1.226878787228845802e+01 1.105207576573769401e+01 1.215967787139513412e+01 1.271683643527053675e+01 1.311039614616435145e+01 1.325130998211041344e+01 1.331989001790027949e+01 1.336457242524707567e+01 1.000000000000000020e+30 1.000000000000000020e+30 1.000000000000000020e+30 1.000000000000000020e+30 1.000000000000000020e+30 1.000000000000000020e+30 1.000000000000000020e+30 1.000000000000000020e+30 1.000000000000000020e+30 1.000000000000000020e+30 1.000000000000000020e+30 1.000000000000000020e+30 1.000000000000000020e+30 1.000000000000000020e+30 1.000000000000000020e+30 1.000000000000000020e+30 1.000000000000000020e+30 1.000000000000000020e+30 1.000000000000000020e+30
1.308031136486231283e+01 1.307661386878763388e+01 1.307232896492330454e+01 1.306287602051174268e+01 1.305254043219063398e+01 1.304130614255882392e+01 1.302993986867840270e+01 1.302408059855337541e+01 1.301691506272382171e+01 1.300752067395703726e+01 1.299517642918495675e+01 1.298419930273935918e+01 1.297302399825199082e+01 1.297605884730717385e+01 1.329675673608369912e+01 1.334416299850460419e+01 1.338048092812756629e+01 1.342261994649944157e+01 1.347113495704924269e+01 1.350942634309938661e+01 1.355230816329504329e+01 1.360127368796223557e+01 1.365570608371474925e+01 1.371022604106635789e+01 1.374160048617234509e+01 1.368066453582295594e+01 1.342339477047280560e+01 1.310773664522122850e+01 1.277257565729043343e+01 1.233199341610789368e+01 1.173828113326489486e+01 1.106914287343178849e+01 1.234690576906843340e+01 1.283388996924409398e+01 1.300269105899127631e+01 1.303927515071428900e+01 1.305821376337722839e+01 1.309349147557868065e+01 1.000000000000000020e+30 1.000000000000000020e+30 1.000000000000000020e+30 1.000000000000000020e+30 1.000000000000000020e+30 1.000000000000000020e+30 1.000000000000000020e+30 1.000000000000000020e+30 1.000000000000000020e+30 1.000000000000000020e+30 1.000000000000000020e+30 1.000000000000000020e+30 1.000000000000000020e+30 1.000000000000000020e+30 1.000000000000000020e+30 1.000000000000000020e+30 1.000000000000000020e+30 1.000000000000000020e+30 1.000000000000000020e+30
1.308385245809775199e+01 1.308193392449609860e+01 1.307857824224295662e+01 1.306392290196277628e+01 1.304928312967028070e+01 1.303486053041841153e+01 1.302146047867965706e+01 1.301307346518463604e+01 1.300107420264533609e+01 1.298141478714472541e+01 1.294758805072334695e+01 1.291871301589257826e+01 1.288480015247382049e+01 1.287019695416220344e+01 1.330547560289916298e+01 1.343255329381246987e+01 1.349370851727610265e+01 1.354439965461057405e+01 1.359318720124950985e+01 1.362728486107198478e+01 1.366135257816952731e+01 1.369554986983673395e+01 1.372425267820318595e+01 1.373088586732708549e+01 1.368295083262201217e+01 1.351163765796006189e+01 1.315671044517341848e+01 1.277526901461346398e+01 1.234079750380638707e+01 1.174721572729812102e+01 1.085516209525383680e+01 1.172735770509993891e+01 1.237474021330133489e+01 1.263644723651080426e+01 1.261374798476967207e+01 1.264434059747783046e+01 1.270373803898042375e+01 1.290014038819818865e+01 1.000000000000000020e+30 1.000000000000000020e+30 1.000000000000000020e+30 1.000000000000000020e+30 1.000000000000000020e+30 1.000000000000000020e+30 1.000000000000000020e+30 1.000000000000000020e+30 1.000000000000000020e+30 1.000000000000000020e+30 1.000000000000000020e+30 1.000000000000000020e+30 1.000000000000000020e+30 1.000000000000000020e+30 1.000000000000000020e+30 1.000000000000000020e+30 1.000000000000000020e+30 1.000000000000000020e+30 1.000000000000000020e+30
1.308843864746385321e+01 1.308875659743519826e+01 1.308639647005606932e+01 1.306520224355810100e+01 1.304607502228206251e+01 1.302900052544587339e+01 1.301426658696277805e+01 1.300281239702087177e+01 1.298381681193269799e+01 1.294395200059261875e+01 1.284943991572524524e+01 1.276092702206635821e+01 1.263113943225862457e+01 1.244332522240726568e+01 1.235734085471425558e+01 1.324574516277765213e+01 1.349067836490482186e+01 1.360028943019848136e+01 1.365827065184338984e+01 1.368045543868088210e+01 1.368971753821390358e+01 1.368929543565538687e+01 1.366547740575533432e+01 1.358806765220166923e+01 1.344871428774357014e+01 1.321498289410082450e+01 1.287178248535494518e+01 1.248676893152081746e+01 1.198439312109520216e+01 1.125147182353802400e+01 1.011532238411664686e+01 1.096283958811021364e+01 1.137849342184082957e+01 1.164901636741289614e+01 1.193023851111006728e+01 1.209515816749063788e+01 1.218472375107278260e+01 1.000000000000000020e+30 1.000000000000000020e+30 1.000000000000000020e+30 1.000000000000000020e+30 1.000000000000000020e+30 1.000000000000000020e+30 1.000000000000000020e+30 1.000000000000000020e+30 1.000000000000000020e+30 1.000000000000000020e+30 1.000000000000000020e+30 1.000000000000000020e+30 1.000000000000000020e+30 1.000000000000000020e+30 1.000000000000000020e+30 1.000000000000000020e+30 1.000000000000000020e+30 1.000000000000000020e+30 1.000000000000000020e+30 1.000000000000000020e+30
1.309640755462184281e+01 1.309903899340239342e+01 1.309785652351838081e+01 1.307193053636338576e+01 1.304964087650560245e+01 1.303066029732353215e+01 1.301526448363841837e+01 1.300620506284985467e+01 1.298856167125484262e+01 1.293880422644235040e+01 1.277771912706322333e+01 1.259612915569384839e+01 1.228668909975392687e+01 1.174689493895261805e+01 1.117823698846782499e+01 1.216600357685166323e+01 1.277491430444589326e+01 1.312261868018682698e+01 1.327896649589193245e+01 1.330676199128409642e+01 1.330141784106073644e+01 1.328719084752300184e+01 1.324158233986327282e+01 1.310800356719569670e+01 1.295540963609793117e+01 1.277895311616446250e+01 1.255300240013222179e+01 1.222546019017377361e+01 1.171986127371190278e+01 1.092317913532773055e+01 9.692737804027887094e+00 9.791623704179507115e+00 9.938147217760342045e+00 1.022047653883375951e+01 1.115530155020312186e+01 1.153174934802593121e+01 1.168099238515536165e+01 1.000000000000000020e+30 1.000000000000000020e+30 1.000000000000000020e+30 1.000000000000000020e+30 1.000000000000000020e+30 1.000000000000000020e+30 1.000000000000000020e+30 1.000000000000000020e+30 1.000000000000000020e+30 1.000000000000000020e+30 1.000000000000000020e+30 1.000000000000000020e+30 1.000000000000000020e+30 1.000000000000000020e+30 1.000000000000000020e+30 1.000000000000000020e+30 1.000000000000000020e+30 1.000000000000000020e+30 1.000000000000000020e+30 1.000000000000000020e+30
1.310816618511904075e+01 1.311424418935207292e+01 1.311571633903907674e+01 1.308823258664467737e+01 1.306402652610439219e+01 1.304316636230604942e+01 1.302738724601939069e+01 1.302994241152744692e+01 1.302795539670338520e+01 1.299625883174942587e+01 1.284178393771476046e+01 1.263399431343800394e+01 1.226413994572314614e+01 1.157437583815864635e+01 1.066058253380885468e+01 1.084609089825282524e+01 1.184775054496272340e+01 1.243485181671274020e+01 1.265692758873057322e+01 1.258795776149077561e+01 1.254797290163561918e+01 1.254871312914274029e+01 1.255503838905828928e+01 1.230679893585045370e+01 1.218072366307509924e+01 1.214927160248902638e+01 1.215376441317194178e+01 1.196022136803357050e+01 1.153777082922790953e+01 1.081108559084001719e+01 9.757170899638895278e+00 9.588509597562683950e+00 9.886672643201862343e+00 9.879156866521464408e+00 1.070080905396291726e+01 1.108711157536110647e+01 1.120664864262926841e+01 1.103090728823115363e+01 1.000000000000000020e+30 1.000000000000000020e+30 1.000000000000000020e+30 1.000000000000000020e+30 1.000000000000000020e+30 1.000000000000000020e+30 1.000000000000000020e+30 1.000000000000000020e+30 1.000000000000000020e+30 1.000000000000000020e+30 1.000000000000000020e+30 1.000000000000000020e+30 1.000000000000000020e+30 1.000000000000000020e+30 1.000000000000000020e+30 1.000000000000000020e+30 1.000000000000000020e+30 1.000000000000000020e+30 1.000000000000000020e+30
1.310405830456529941e+01 1.311823983472435096e+01 1.312689769455556998e+01 1.309953467724758092e+01 1.307392802037962554e+01 1.305105148945875726e+01 1.303524254978696995e+01 1.305603552923290778e+01 1.307675997398140133e+01 1.307244764124705050e+01 1.294725474079860028e+01 1.272588144208810057e+01 1.232798066991943209e+01 1.157336697049497332e+01 1.050022666679318029e+01 1.039015779639072079e+01 1.077179405424388392e+01 1.169703818300839160e+01 1.186151556902828474e+01 1.111915042757064143e+01 1.096049594345010547e+01 1.102902865119698816e+01 1.152024167952486700e+01 1.052038653989728623e+01 1.049832719238835210e+01 1.082734795473758815e+01 1.159939945796097049e+01 1.167380281424811450e+01 1.147674423558039969e+01 1.093562920830099117e+01 1.023649610854486625e+01 9.920667332374788927e+00 9.897632080466626903e+00 9.791918756114586841e+00 1.047177961038723559e+01 1.079554892205278982e+01 1.088229565941227150e+01 1.077489824265285989e+01 1.000000000000000020e+30 1.000000000000000020e+30 1.000000000000000020e+30 1.000000000000000020e+30 1.000000000000000020e+30 1.000000000000000020e+30 1.000000000000000020e+30 1.000000000000000020e+30 1.000000000000000020e+30 1.000000000000000020e+30 1.000000000000000020e+30 1.000000000000000020e+30 1.000000000000000020e+30 1.000000000000000020e+30 1.000000000000000020e+30 1.000000000000000020e+30 1.000000000000000020e+30 1.000000000000000020e+30 1.000000000000000020e+30
1.291976535271929549e+01 1.293694791063992788e+01 1.294655545518557282e+01 1.291276214324358662e+01 1.287546909130266393e+01 1.283773196870758326e+01 1.281204712383871680e+01 1.285988190847382029e+01 1.292676727844465212e+01 1.301287656612093713e+01 1.310110215845126547e+01 1.288891202387163837e+01 1.248244243149268407e+01 1.172875988118059176e+01 1.063139522942940296e+01 1.042886773645552623e+01 1.054996136505785742e+01 1.087277804135404757e+01 1.106016398525288302e+01 1.222798484955606213e+01 1.249820569100701562e+01 1.241589754858636319e+01 1.123153189791413986e+01 1.097446706869213884e+01 1.176464286387501268e+01 1.175939043357318958e+01 1.104529032548546397e+01 1.106815196357767483e+01 1.163384137213977887e+01 1.129076172069983031e+01 1.061054661859557946e+01 1.009709587077314907e+01 9.860815117320935741e+00 9.864770378994879962e+00 1.041175881423421856e+01 1.062699994450922070e+01 1.058505132703423079e+01 1.017080546822205633e+01 1.000000000000000020e+30 1.000000000000000020e+30 1.000000000000000020e+30 1.000000000000000020e+30 1.000000000000000020e+30 1.000000000000000020e+30 1.000000000000000020e+30 1.000000000000000020e+30 1.000000000000000020e+30 1.000000000000000020e+30 1.000000000000000020e+30 1.000000000000000020e+30 1.000000000000000020e+30 1.000000000000000020e+30 1.000000000000000020e+30 1.000000000000000020e+30 1.000000000000000020e+30 1.000000000000000020e+30 1.000000000000000020e+30
1.219403004450892070e+01 1.208738424215403739e+01 1.193061824271665827e+01 1.173432706847607854e+01 1.150061172520600827e+01 1.123257503129085855e+01 1.099419954289808921e+01 1.099196744812792303e+01 1.108812941313074241e+01 1.132224653724808761e+01 1.662005928449183045e+01 1.804609444290193920e+01 1.869474757566693057e+01 2.259425397789810575e+01 2.545463690089799869e+01 2.985253111044267271e+01 4.055020602564054144e+01 4.971257907821573241e+01 9.231384603397397370e+01 1.080201279880659655e+02 1.119634681855300613e+02 1.354089026916680041e+02 1.530886032341492466e+02 1.584172091573106798e+02 1.539203449965384891e+02 1.346376032651751018e+02 1.140096920192530519e+02 8.114192671792231693e+01 4.084882300410949085e+01 2.886640854320467042e+01 1.214500298224464991e+01 1.032967549672217267e+01 1.017891718525117284e+01 1.039987647142283222e+01 1.058397331544358089e+01 1.062039927013249674e+01 1.045576831088523306e+01 1.000541411367180444e+01 1.000000000000000020e+30 1.000000000000000020e+30 1.000000000000000020e+30 1.000000000000000020e+30 1.000000000000000020e+30 1.000000000000000020e+30 1.000000000000000020e+30 1.000000000000000020e+30 1.000000000000000020e+30 1.000000000000000020e+30 1.000000000000000020e+30 1.000000000000000020e+30 1.000000000000000020e+30 1.000000000000000020e+30 1.000000000000000020e+30 1.000000000000000020e+30 1.000000000000000020e+30 1.000000000000000020e+30 1.000000000000000020e+30
1.187839228768850219e+01 1.168498976191420091e+01 1.149310817562950149e+01 1.128242646690390139e+01 1.101882806266803172e+01 1.069197544786616838e+01 1.037430657738248385e+01 1.034591264691438539e+01 1.044745261114632306e+01 1.077187655315975334e+01 2.098533523009481172e+01 2.636260745049513332e+01 2.964285609397664700e+01 3.489160062771876625e+01 4.983834213979582017e+01 7.198674953482434091e+01 1.594870173197443535e+02 2.009059787530694052e+02 3.081174970738458114e+02 3.894377875264476074e+02 4.633929294375388963e+02 6.668728226072884127e+02 7.274187565041668222e+02 7.358318014177497162e+02 6.951116003819785192e+02 5.118521966456010546e+02 4.362569516087972374e+02 3.794940652453992129e+02 3.308140842669286030e+02 1.116706380531391005e+02 2.030736646522420585e+01 1.192280173065499760e+01 1.123801507037308056e+01 1.101841775466468043e+01 1.090088598658401153e+01 1.075141250941697457e+01 1.047753905813858388e+01 1.000780987060934279e+01 1.000000000000000020e+30 1.000000000000000020e+30 1.000000000000000020e+30 1.000000000000000020e+30 1.000000000000000020e+30 1.000000000000000020e+30 1.000000000000000020e+30 1.000000000000000020e+30 1.000000000000000020e+30 1.000000000000000020e+30 1.000000000000000020e+30 1.000000000000000020e+30 1.000000000000000020e+30 1.000000000000000020e+30 1.000000000000000020e+30 1.000000000000000020e+30 1.000000000000000020e+30 1.000000000000000020e+30 1.000000000000000020e+30
1.000000000000000020e+30 1.123566108254340890e+01 1.109728221732812692e+01 1.096051270764956520e+01 1.078261961077211240e+01 1.053730970712659776e+01 1.026543309928012881e+01 1.025440746594520824e+01 1.034447985290165839e+01 1.077855702814448513e+01 2.446722118944014213e+01 3.182045370705315079e+01 4.328871027102710656e+01 6.010025674015454200e+01 1.675533031563374777e+02 3.061342237123282644e+02 4.685055673237787914e+02 1.366093607581715332e+03 7.345518882881555101e+02 7.542024613717653665e+02 1.000000000000000020e+30 1.201700714203686175e+03 1.224028639047242450e+03 1.230466477745921338e+03 1.219039023749255875e+03 1.000000000000000020e+30 1.000000000000000020e+30 1.000000000000000020e+30 7.119349887056791886e+02 3.801817492664656584e+02 3.674626381774638162e+01 1.398821420492560819e+01 1.237629573072422851e+01 1.172544380080822712e+01 1.131437000930158021e+01 1.098163624892196211e+01 1.062341327397270696e+01 1.022757718392807824e+01 9.857819186133019329e+00 1.000000000000000020e+30 1.000000000000000020e+30 1.000000000000000020e+30 1.000000000000000020e+30 1.000000000000000020e+30 1.000000000000000020e+30 1.000000000000000020e+30 1.000000000000000020e+30 1.000000000000000020e+30 1.000000000000000020e+30 1.000000000000000020e+30 1.000000000000000020e+30 1.000000000000000020e+30 1.000000000000000020e+30 1.000000000000000020e+30 1.000000000000000020e+30 1.000000000000000020e+30 1.000000000000000020e+30
1.000000000000000020e+30 1.073044508818062681e+01 1.058634700915079563e+01 1.054817018613758961e+01 1.053031575927128394e+01 1.051644694197608843e+01 1.053988172903932963e+01 1.063596893869412519e+01 1.102733207731069953e+01 1.216925199789312018e+01 3.784682334325571418e+01 5.390106282827361639e+01 2.218577976898361044e+02 4.063634200070432030e+02 1.359810109839542747e+03 7.618648672911482436e+02 8.297280328096804851e+02 1.000000000000000020e+30 1.000000000000000020e+30 1.000000000000000020e+30 1.000000000000000020e+30 1.000000000000000020e+30 1.000000000000000020e+30 1.000000000000000020e+30 1.000000000000000020e+30 1.000000000000000020e+30 1.000000000000000020e+30 1.000000000000000020e+30 9.326184082803056299e+02 6.408018161138826372e+02 2.114187267059909914e+02 1.881234556747073938e+01 1.447751323172538029e+01 1.289359125332475386e+01 1.197647342288839845e+01 1.129234896665481713e+01 1.079805534185444849e+01 1.034508775784365753e+01 9.889478850744188421e+00 1.000000000000000020e+30 1.000000000000000020e+30 1.000000000000000020e+30 1.000000000000000020e+30 1.000000000000000020e+30 1.000000000000000020e+30 1.000000000000000020e+30 1.000000000000000020e+30 1.000000000000000020e+30 1.000000000000000020e+30 1.000000000000000020e+30 1.000000000000000020e+30 1.000000000000000020e+30 1.000000000000000020e+30 1.000000000000000020e+30 1.000000000000000020e+30 1.000000000000000020e+30 1.000000000000000020e+30
1.000000000000000020e+30 1.000000000000000020e+30 1.014126366243996991e+01 1.018704469761904541e+01 1.030273834092848873e+01 1.055835081931160602e+01 1.909956114693555662e+01 2.593790404017344287e+01 3.629262455659289799e+01 5.191637892001268284e+01 2.723054360727231256e+02 3.652947502625460174e+02 1.000000000000000020e+30 1.000000000000000020e+30 1.000000000000000020e+30 1.000000000000000020e+30 1.000000000000000020e+30 1.000000000000000020e+30 1.000000000000000020e+30 1.000000000000000020e+30 1.000000000000000020e+30 1.000000000000000020e+30 1.000000000000000020e+30 1.000000000000000020e+30 1.000000000000000020e+30 1.000000000000000020e+30 1.000000000000000020e+30 1.000000000000000020e+30 1.000000000000000020e+30 1.000000000000000020e+30 3.429220216767097327e+02 1.240826468974164811e+02 6.238106611044131711e+01 3.523698361535720380e+01 1.484606957269003047e+01 1.167855947426514263e+01 1.098720551880634133e+01 1.044284893875145492e+01 9.923357856636160435e+00 1.000000000000000020e+30 1.000000000000000020e+30 1.000000000000000020e+30 1.000000000000000020e+30 1.000000000000000020e+30 1.000000000000000020e+30 1.000000000000000020e+30 1.000000000000000020e+30 1.000000000000000020e+30 1.000000000000000020e+30 1.000000000000000020e+30 1.000000000000000020e+30 1.000000000000000020e+30 1.000000000000000020e+30 1.000000000000000020e+30 1.000000000000000020e+30 1.000000000000000020e+30 1.000000000000000020e+30
1.000000000000000020e+30 1.000000000000000020e+30 1.005465914356666524e+01 1.011287883811349175e+01 1.031375168355112315e+01 1.097909532806143496e+01 2.767083755047917748e+01 5.468405317421692757e+01 3.321374298093032280e+02 4.151421224290724012e+02 1.000000000000000020e+30 1.000000000000000020e+30 1.000000000000000020e+30 1.000000000000000020e+30 1.000000000000000020e+30 1.000000000000000020e+30 1.000000000000000020e+30 1.000000000000000020e+30 1.000000000000000020e+30 1.000000000000000020e+30 1.000000000000000020e+30 1.000000000000000020e+30 1.000000000000000020e+30 1.000000000000000020e+30 1.000000000000000020e+30 1.000000000000000020e+30 1.000000000000000020e+30 1.000000000000000020e+30 1.000000000000000020e+30 1.000000000000000020e+30 1.000000000000000020e+30 2.875937900180327915e+02 1.353091762884457125e+02 6.281379446803448019e+01 1.790226158727065098e+01 1.211125939793226181e+01 1.117456831876241097e+01 1.052790677539941200e+01 9.953458094611711715e+00 1.000000000000000020e+30 1.000000000000000020e+30 1.000000000000000020e+30 1.000000000000000020e+30 1.000000000000000020e+30 1.000000000000000020e+30 1.000000000000000020e+30 1.000000000000000020e+30 1.000000000000000020e+30 1.000000000000000020e+30 1.000000000000000020e+30 1.000000000000000020e+30 1.000000000000000020e+30 1.000000000000000020e+30 1.000000000000000020e+30 1.000000000000000020e+30 1.000000000000000020e+30 1.000000000000000020e+30
1.000000000000000020e+30 1.000000000000000020e+30 1.000000000000000020e+30 1.034074909784663987e+01 1.088231337290871537e+01 1.340275085128700638e+01 5.613630900599869022e+01 3.806553955537756906e+02 6.212700322499142658e+02 1.000000000000000020e+30 1.000000000000000020e+30 1.000000000000000020e+30 1.000000000000000020e+30 1.000000000000000020e+30 1.000000000000000020e+30 1.000000000000000020e+30 1.000000000000000020e+30 1.000000000000000020e+30 1.000000000000000020e+30 1.000000000000000020e+30 1.000000000000000020e+30 1.000000000000000020e+30 1.000000000000000020e+30 1.000000000000000020e+30 1.000000000000000020e+30 1.000000000000000020e+30 1.000000000000000020e+30 1.000000000000000020e+30 1.000000000000000020e+30 1.000000000000000020e+30 1.000000000000000020e+30 1.000000000000000020e+30 2.749229819368023300e+02 1.038715432149361391e+02 2.079956448689030424e+01 1.230691939280379366e+01 1.127681220063851875e+01 1.056419190846301426e+01 9.967491683676504621e+00 1.000000000000000020e+30 1.000000000000000020e+30 1.000000000000000020e+30 1.000000000000000020e+30 1.000000000000000020e+30 1.000000000000000020e+30 1.000000000000000020e+30 1.000000000000000020e+30 1.000000000000000020e+30 1.000000000000000020e+30 1.000000000000000020e+30 1.000000000000000020e+30 1.000000000000000020e+30 1.000000000000000020e+30 1.000000000000000020e+30 1.000000000000000020e+30 1.000000000000000020e+30 1.000000000000000020e+30
1.000000000000000020e+30 1.000000000000000020e+30 1.000000000000000020e+30 1.139342411401386279e+01 1.612587672351831003e+01 9.517073684974940306e+01 4.160575846338437032e+02 6.546064452774392066e+02 1.000000000000000020e+30 1.000000000000000020e+30 1.000000000000000020e+30 1.000000000000000020e+30 1.000000000000000020e+30 1.000000000000000020e+30 1.000000000000000020e+30 1.000000000000000020e+30 1.000000000000000020e+30 1.000000000000000020e+30 1.000000000000000020e+30 1.000000000000000020e+30 1.000000000000000020e+30 1.000000000000000020e+30 1.000000000000000020e+30 1.000000000000000020e+30 1.000000000000000020e+30 1.000000000000000020e+30 1.000000000000000020e+30 1.000000000000000020e+30 1.000000000000000020e+30 1.000000000000000020e+30 1.000000000000000020e+30 1.000000000000000020e+30 1.000000000000000020e+30 2.090649151340953722e+02 3.015668029077903256e+01 1.230947542596645761e+01 1.127999363416335754e+01 1.050494953200066561e+01 9.951774305553453104e+00 1.000000000000000020e+30 1.000000000000000020e+30 1.000000000000000020e+30 1.000000000000000020e+30 1.000000000000000020e+30 1.000000000000000020e+30 1.000000000000000020e+30 1.000000000000000020e+30 1.000000000000000020e+30 1.000000000000000020e+30 1.000000000000000020e+30 1.000000000000000020e+30 1.000000000000000020e+30 1.000000000000000020e+30 1.000000000000000020e+30 1.000000000000000020e+30 1.000000000000000020e+30 1.000000000000000020e+30
1.000000000000000020e+30 1.000000000000000020e+30 1.000000000000000020e+30 1.000000000000000020e+30 1.065411247551880251e+03 6.173140206021020049e+02 7.729357900179224998e+02 1.000000000000000020e+30 1.000000000000000020e+30 1.000000000000000020e+30 1.000000000000000020e+30 1.000000000000000020e+30 1.000000000000000020e+30 1.000000000000000020e+30 1.000000000000000020e+30 1.000000000000000020e+30 1.000000000000000020e+30 1.000000000000000020e+30 1.000000000000000020e+30 1.000000000000000020e+30 1.000000000000000020e+30 1.000000000000000020e+30 1.000000000000000020e+30 1.000000000000000020e+30 1.000000000000000020e+30 1.000000000000000020e+30 1.000000000000000020e+30 1.000000000000000020e+30 1.000000000000000020e+30 1.000000000000000020e+30 1.000000000000000020e+30 1.000000000000000020e+30 1.000000000000000020e+30 1.000000000000000020e+30 4.175183086339307437e+01 1.236026171686313369e+01 1.130711957697221770e+01 1.021308728427043810e+01 9.896759836596647375e+00 1.000000000000000020e+30 1.000000000000000020e+30 1.000000000000000020e+30 1.000000000000000020e+30 1.000000000000000020e+30 1.000000000000000020e+30 1.000000000000000020e+30 1.000000000000000020e+30 1.000000000000000020e+30 1.000000000000000020e+30 1.000000000000000020e+30 1.000000000000000020e+30 1.000000000000000020e+30 1.000000000000000020e+30 1.000000000000000020e+30 1.000000000000000020e+30 1.000000000000000020e+30 1.000000000000000020e+30
1.000000000000000020e+30 1.000000000000000020e+30 1.000000000000000020e+30 1.000000000000000020e+30 2.005194332345018893e+03 1.000000000000000020e+30 1.000000000000000020e+30 1.000000000000000020e+30 1.000000000000000020e+30 1.000000000000000020e+30 1.000000000000000020e+30 1.000000000000000020e+30 1.000000000000000020e+30 1.000000000000000020e+30 1.000000000000000020e+30 1.000000000000000020e+30 1.000000000000000020e+30 1.000000000000000020e+30 1.000000000000000020e+30 1.000000000000000020e+30 1.000000000000000020e+30 1.000000000000000020e+30 1.000000000000000020e+30 1.000000000000000020e+30 1.000000000000000020e+30 1.000000000000000020e+30 1.000000000000000020e+30 1.000000000000000020e+30 1.000000000000000020e+30 1.000000000000000020e+30 1.000000000000000020e+30 1.000000000000000020e+30 1.000000000000000020e+30 1.000000000000000020e+30 1.000000000000000020e+30 1.247655506801324599e+01 1.183361322433443341e+01 1.000000000000000020e+30 1.000000000000000020e+30 1.000000000000000020e+30 1.000000000000000020e+30 1.000000000000000020e+30 1.000000000000000020e+30 1.000000000000000020e+30 1.000000000000000020e+30 1.000000000000000020e+30 1.000000000000000020e+30 1.000000000000000020e+30 1.000000000000000020e+30 1.000000000000000020e+30 1.000000000000000020e+30 1.000000000000000020e+30 1.000000000000000020e+30 1.000000000000000020e+30 1.000000000000000020e+30 1.000000000000000020e+30 1.000000000000000020e+30
