1.000000000000000020e+30 1.000000000000000020e+30 1.000000000000000020e+30 1.000000000000000020e+30 1.000000000000000020e+30 1.000000000000000020e+30 1.000000000000000020e+30 1.000000000000000020e+30 1.000000000000000020e+30 1.000000000000000020e+30 1.000000000000000020e+30 1.000000000000000020e+30 1.000000000000000020e+30 1.000000000000000020e+30 1.000000000000000020e+30 1.000000000000000020e+30 1.000000000000000020e+30 1.000000000000000020e+30 1.000000000000000020e+30 1.000000000000000020e+30 1.000000000000000020e+30 1.000000000000000020e+30 1.000000000000000020e+30 1.000000000000000020e+30 1.000000000000000020e+30 1.000000000000000020e+30 1.000000000000000020e+30 1.000000000000000020e+30 1.000000000000000020e+30 1.000000000000000020e+30 1.000000000000000020e+30 1.000000000000000020e+30 1.000000000000000020e+30 1.000000000000000020e+30 1.000000000000000020e+30 1.000000000000000020e+30 1.000000000000000020e+30 1.000000000000000020e+30 1.000000000000000020e+30 1.000000000000000020e+30 1.000000000000000020e+30 1.000000000000000020e+30 1.000000000000000020e+30 1.000000000000000020e+30 1.000000000000000020e+30 1.000000000000000020e+30 1.000000000000000020e+30 1.000000000000000020e+30 1.000000000000000020e+30 1.000000000000000020e+30 1.000000000000000020e+30 1.000000000000000020e+30 1.000000000000000020e+30 1.000000000000000020e+30 1.000000000000000020e+30 1.000000000000000020e+30 1.000000000000000020e+30
1.000000000000000020e+30 1.000000000000000020e+30 1.000000000000000020e+30 1.000000000000000020e+30 1.000000000000000020e+30 1.000000000000000020e+30 1.000000000000000020e+30 1.000000000000000020e+30 1.000000000000000020e+30 1.000000000000000020e+30 1.000000000000000020e+30 1.000000000000000020e+30 1.000000000000000020e+30 1.000000000000000020e+30 1.000000000000000020e+30 1.000000000000000020e+30 1.000000000000000020e+30 1.000000000000000020e+30 1.000000000000000020e+30 1.000000000000000020e+30 1.000000000000000020e+30 1.000000000000000020e+30 1.000000000000000020e+30 1.000000000000000020e+30 1.000000000000000020e+30 1.000000000000000020e+30 1.000000000000000020e+30 1.989872412981995353e+00 1.988529059459186454e+00 1.986696782772984893e+00 1.984628504825688422e+00 1.982386500720403788e+00 1.980006164719429362e+00 1.977503086948749322e+00 1.974891271908133072e+00 1.972189620688238776e+00 1.969424557037192880e+00 1.966631950065914181e+00 1.963859563738798331e+00 1.961171418748184125e+00 1.958658984199943998e+00 1.956476594481167508e+00 1.954949099172396787e+00 1.000000000000000020e+30 1.000000000000000020e+30 1.000000000000000020e+30 1.000000000000000020e+30 1.000000000000000020e+30 1.000000000000000020e+30 1.000000000000000020e+30 1.000000000000000020e+30 1.000000000000000020e+30 1.000000000000000020e+30 1.000000000000000020e+30 1.000000000000000020e+30 1.000000000000000020e+30 1.000000000000000020e+30
1.000000000000000020e+30 1.000000000000000020e+30 1.000000000000000020e+30 1.000000000000000020e+30 1.000000000000000020e+30 1.000000000000000020e+30 1.000000000000000020e+30 1.000000000000000020e+30 1.000000000000000020e+30 1.000000000000000020e+30 1.000000000000000020e+30 1.000000000000000020e+30 1.000000000000000020e+30 1.000000000000000020e+30 1.000000000000000020e+30 1.000000000000000020e+30 1.000000000000000020e+30 1.000000000000000020e+30 1.000000000000000020e+30 1.000000000000000020e+30 1.000000000000000020e+30 1.000000000000000020e+30 1.000000000000000020e+30 1.000000000000000020e+30 1.999311241336299227e+00 1.997763364571252254e+00 1.995437703445888999e+00 1.992316865526577496e+00 1.990112170616550324e+00 1.988017536724605572e+00 1.985852132259599001e+00 1.983568128911086692e+00 1.981159499885866593e+00 1.978628966484147877e+00 1.975985380684870840e+00 1.973244674687364419e+00 1.970430796863450684e+00 1.967576861187877890e+00 1.964726270153122512e+00 1.961932135260862520e+00 1.959251239015153745e+00 1.956731918486389388e+00 1.954343275443229500e+00 1.951579334846688996e+00 1.949060092825870782e+00 1.946870445596071253e+00 1.945137347857451626e+00 1.944059087868561075e+00 1.000000000000000020e+30 1.000000000000000020e+30 1.000000000000000020e+30 1.000000000000000020e+30 1.000000000000000020e+30 1.000000000000000020e+30 1.000000000000000020e+30 1.000000000000000020e+30 1.000000000000000020e+30
1.000000000000000020e+30 1.000000000000000020e+30 1.000000000000000020e+30 1.000000000000000020e+30 1.000000000000000020e+30 1.000000000000000020e+30 1.000000000000000020e+30 1.000000000000000020e+30 1.000000000000000020e+30 1.000000000000000020e+30 1.000000000000000020e+30 1.000000000000000020e+30 1.000000000000000020e+30 1.000000000000000020e+30 1.000000000000000020e+30 1.000000000000000020e+30 1.000000000000000020e+30 1.000000000000000020e+30 1.000000000000000020e+30 1.000000000000000020e+30 1.000000000000000020e+30 2.009011446944249712e+00 2.007522364071710363e+00 2.005223361612356037e+00 2.002008689837850408e+00 1.999682728106133567e+00 1.997362456168740419e+00 1.994890167015514360e+00 1.992633213280317950e+00 1.990444985913548015e+00 1.988213978173259733e+00 1.985884554499572019e+00 1.983432996597490394e+00 1.980852758783702372e+00 1.978147628060373586e+00 1.975330210155737731e+00 1.972421917473196507e+00 1.969453260211316836e+00 1.966463368439415715e+00 1.963495269317503178e+00 1.960588260322328580e+00 1.957763968341491134e+00 1.955000885367080832e+00 1.952221646450165160e+00 1.949609013705315474e+00 1.947280148461954630e+00 1.945334290427077617e+00 1.943846024680068396e+00 1.942768187713272976e+00 1.000000000000000020e+30 1.000000000000000020e+30 1.000000000000000020e+30 1.000000000000000020e+30 1.000000000000000020e+30 1.000000000000000020e+30 1.000000000000000020e+30 1.000000000000000020e+30
1.000000000000000020e+30 1.000000000000000020e+30 1.000000000000000020e+30 1.000000000000000020e+30 1.000000000000000020e+30 1.000000000000000020e+30 1.000000000000000020e+30 1.000000000000000020e+30 1.000000000000000020e+30 1.000000000000000020e+30 1.000000000000000020e+30 1.000000000000000020e+30 1.000000000000000020e+30 1.000000000000000020e+30 1.000000000000000020e+30 1.000000000000000020e+30 1.000000000000000020e+30 1.000000000000000020e+30 2.018190731695479023e+00 2.016841197875007818e+00 2.014726384964133477e+00 2.011700269628499349e+00 2.009524256170158729e+00 2.007319041238042612e+00 2.004913119616437811e+00 2.002696892193403855e+00 2.000522212282606738e+00 1.998319199601707119e+00 1.996148917468372863e+00 1.993967897869363348e+00 1.991717202461746883e+00 1.989354007819244430e+00 1.986853822231398059e+00 1.984206506109415180e+00 1.981412903807758363e+00 1.978483353180161108e+00 1.975437391945404020e+00 1.972303610610169233e+00 1.969118200826250442e+00 1.965920034212591760e+00 1.962744575909832312e+00 1.959617460948282597e+00 1.956551400209238789e+00 1.953562777276107942e+00 1.950739481073044512e+00 1.948168860712193640e+00 1.945922723397404352e+00 1.944049106624542445e+00 1.942548653001270109e+00 1.941418839885759695e+00 1.000000000000000020e+30 1.000000000000000020e+30 1.000000000000000020e+30 1.000000000000000020e+30 1.000000000000000020e+30 1.000000000000000020e+30 1.000000000000000020e+30
1.000000000000000020e+30 1.000000000000000020e+30 1.000000000000000020e+30 1.000000000000000020e+30 1.000000000000000020e+30 1.000000000000000020e+30 1.000000000000000020e+30 1.000000000000000020e+30 1.000000000000000020e+30 1.000000000000000020e+30 1.000000000000000020e+30 1.000000000000000020e+30 1.000000000000000020e+30 1.000000000000000020e+30 1.000000000000000020e+30 1.000000000000000020e+30 2.024957797728682340e+00 2.023445940253492115e+00 2.020788014639578467e+00 2.018847095286904203e+00 2.016867158415012184e+00 2.014694912798014492e+00 2.012704375310056637e+00 2.010746655504483726e+00 2.008750706497735461e+00 2.006786544423044383e+00 2.004819734507762075e+00 2.002814885840233483e+00 2.000764673097383373e+00 1.998639457034953271e+00 1.996401142529286021e+00 1.994017259129841735e+00 1.991466062654798863e+00 1.988736935656860272e+00 1.985829543628662153e+00 1.982753241713401948e+00 1.979526931812034984e+00 1.976178679970859164e+00 1.972744033845551082e+00 1.969262439164203293e+00 1.965772760874677338e+00 1.962310567537923323e+00 1.958910066039058151e+00 1.955613181612565699e+00 1.952485407390756489e+00 1.949594094482971052e+00 1.946995483536885008e+00 1.944723725454045482e+00 1.942784378797133504e+00 1.941140057224414184e+00 1.939631246791789110e+00 1.938711761564525959e+00 1.000000000000000020e+30 1.000000000000000020e+30 1.000000000000000020e+30 1.000000000000000020e+30 1.000000000000000020e+30
1.000000000000000020e+30 1.000000000000000020e+30 1.000000000000000020e+30 1.000000000000000020e+30 1.000000000000000020e+30 1.000000000000000020e+30 1.000000000000000020e+30 1.000000000000000020e+30 1.000000000000000020e+30 1.000000000000000020e+30 1.000000000000000020e+30 1.000000000000000020e+30 1.000000000000000020e+30 1.000000000000000020e+30 1.000000000000000020e+30 2.030021498109325417e+00 2.027753108047209096e+00 2.025867397581074592e+00 2.023881046303582565e+00 2.022105193978136484e+00 2.020395717760883780e+00 2.018678487143815481e+00 2.017016579612599170e+00 2.015372780203647629e+00 2.013710674394910694e+00 2.012025698495316206e+00 2.010293052753713283e+00 2.008483353264331139e+00 2.006572063564701303e+00 2.004529741201973803e+00 2.002324946226064384e+00 1.999930189331731611e+00 1.997325725440269206e+00 1.994501105422961551e+00 1.991455620056157727e+00 1.988198475343551763e+00 1.984748917170276128e+00 1.981135916094582727e+00 1.977396743771746346e+00 1.973574384712142527e+00 1.969714466981935974e+00 1.965863406711737094e+00 1.962069166509214702e+00 1.958384535948348493e+00 1.954872387571500170e+00 1.951592960472690930e+00 1.948596008670218538e+00 1.945915437805789239e+00 1.943567334160873683e+00 1.941551246029588729e+00 1.939866260071196225e+00 1.938628892772123136e+00 1.937813738008765219e+00 1.000000000000000020e+30 1.000000000000000020e+30 1.000000000000000020e+30 1.000000000000000020e+30
1.000000000000000020e+30 1.000000000000000020e+30 1.000000000000000020e+30 1.000000000000000020e+30 1.000000000000000020e+30 1.000000000000000020e+30 1.000000000000000020e+30 1.000000000000000020e+30 1.000000000000000020e+30 1.000000000000000020e+30 1.000000000000000020e+30 1.000000000000000020e+30 1.000000000000000020e+30 1.000000000000000020e+30 2.036290569138388129e+00 2.033600143632825041e+00 2.031442564807850015e+00 2.029638530314201716e+00 2.027999817831198648e+00 2.026523785296242330e+00 2.025143846049748841e+00 2.023810045968389204e+00 2.022508940786334364e+00 2.021209668725209685e+00 2.019878733686012673e+00 2.018489407658666579e+00 2.017011028199538369e+00 2.015410979729536312e+00 2.013657512561084939e+00 2.011718556319035400e+00 2.009563280558119391e+00 2.007165162451007845e+00 2.004504651248942615e+00 2.001570903486770359e+00 1.998362835854220032e+00 1.994889831794426582e+00 1.991172175300288005e+00 1.987240954369664525e+00 1.983137049779166716e+00 1.978909191427244973e+00 1.974611549448477499e+00 1.970301759033437961e+00 1.966040357841066122e+00 1.961890681488915211e+00 1.957917699571977366e+00 1.954183438355649560e+00 1.950738473208143642e+00 1.947621759397436758e+00 1.944859683479846391e+00 1.942471631742636484e+00 1.940480635147388222e+00 1.938933287437717645e+00 1.937830296651870343e+00 1.937152898271151447e+00 1.000000000000000020e+30 1.000000000000000020e+30 1.000000000000000020e+30
1.000000000000000020e+30 1.000000000000000020e+30 1.000000000000000020e+30 1.000000000000000020e+30 1.000000000000000020e+30 1.000000000000000020e+30 1.000000000000000020e+30 1.000000000000000020e+30 1.000000000000000020e+30 1.000000000000000020e+30 1.000000000000000020e+30 1.000000000000000020e+30 1.000000000000000020e+30 2.043285913938944098e+00 2.040324604271486653e+00 2.037950766933100510e+00 2.036053956510050167e+00 2.034514827953967764e+00 2.033216588276096637e+00 2.032094107882927325e+00 2.031087429273207512e+00 2.030146040418046471e+00 2.029231408257972102e+00 2.028303913789159196e+00 2.027323719590504503e+00 2.026252808182859244e+00 2.025052731083845092e+00 2.023684841126740075e+00 2.022111376276482186e+00 2.020296035059457651e+00 2.018205403422482558e+00 2.015811071317630709e+00 2.013091761213895658e+00 2.010035112958418857e+00 2.006639105203178008e+00 2.002913183991997581e+00 1.998879051439524268e+00 1.994570891417436931e+00 1.990034754747109114e+00 1.985327031752040394e+00 1.980512275151714352e+00 1.975660862657149242e+00 1.970846888091591254e+00 1.966145987330585543e+00 1.961631959364978695e+00 1.957372055896737129e+00 1.953422031079390386e+00 1.949827625288097499e+00 1.946622998471601695e+00 1.943835039078398941e+00 1.941489933260917455e+00 1.939615099125985509e+00 1.938223521631643465e+00 1.937303521612330437e+00 1.936829117134280187e+00 1.000000000000000020e+30 1.000000000000000020e+30
1.000000000000000020e+30 1.000000000000000020e+30 1.000000000000000020e+30 1.000000000000000020e+30 1.000000000000000020e+30 1.000000000000000020e+30 1.000000000000000020e+30 1.000000000000000020e+30 1.000000000000000020e+30 1.000000000000000020e+30 1.000000000000000020e+30 1.000000000000000020e+30 2.050765747953140039e+00 2.047628274912961732e+00 2.045113907447898782e+00 2.043138074693835016e+00 2.041614519884801027e+00 2.040446974636164867e+00 2.039542198835511577e+00 2.038828385970116397e+00 2.038242675812692806e+00 2.037728584917712915e+00 2.037235319562191282e+00 2.036713908613170698e+00 2.036116315879626271e+00 2.035395526992278548e+00 2.034505014377383070e+00 2.033398913107687278e+00 2.032032760042740360e+00 2.030364463122503516e+00 2.028355745247139463e+00 2.025973999141828852e+00 2.023194282144190392e+00 2.020001244306682597e+00 2.016390904585154686e+00 2.012372223042299790e+00 2.007968341517666566e+00 2.003217251902734919e+00 1.998171609626131939e+00 1.992897519120403249e+00 1.987472333476272501e+00 1.981981691308614346e+00 1.976516006677684345e+00 1.971166405386957976e+00 1.966019850564502125e+00 1.961154183164419917e+00 1.956633989223605541e+00 1.952509489355569450e+00 1.948821041830445244e+00 1.945599002106179531e+00 1.942868378426430676e+00 1.940651201453662988e+00 1.938961474747805447e+00 1.937804981976688490e+00 1.937180830544868781e+00 1.000000000000000020e+30 1.000000000000000020e+30
1.000000000000000020e+30 1.000000000000000020e+30 1.000000000000000020e+30 1.000000000000000020e+30 1.000000000000000020e+30 1.000000000000000020e+30 1.000000000000000020e+30 1.000000000000000020e+30 1.000000000000000020e+30 1.000000000000000020e+30 1.000000000000000020e+30 2.058570858080760235e+00 2.055324569766606491e+00 2.052731008138375390e+00 2.050719064910689227e+00 2.049219848225156237e+00 2.048154978703978113e+00 2.047440346441773418e+00 2.046996821462401250e+00 2.046753090300553080e+00 2.046642926663651885e+00 2.046604106767697218e+00 2.046577640604215542e+00 2.046506282022736656e+00 2.046333753072619555e+00 2.046004494108008664e+00 2.045463560957612170e+00 2.044656938210181796e+00 2.043532292676379925e+00 2.042040096961580176e+00 2.040135153537556256e+00 2.037778470366754302e+00 2.034939361881617170e+00 2.031597654292134347e+00 2.027745904769568952e+00 2.023391532351250355e+00 2.018558682498948542e+00 2.013289538812147672e+00 2.007644719399098499e+00 2.001702412065098358e+00 1.995556026552601114e+00 1.989310341620932565e+00 1.983076340431548346e+00 1.976965128128074456e+00 1.971081465634119123e+00 1.965517773720160344e+00 1.960349872133271054e+00 1.955635204098285396e+00 1.951414676343883992e+00 1.947720673704208982e+00 1.944576575083690972e+00 1.941999937231295270e+00 1.940001420201369342e+00 1.938584686312285976e+00 1.937733579884956869e+00 1.937425295279059601e+00 1.000000000000000020e+30
1.000000000000000020e+30 1.000000000000000020e+30 1.000000000000000020e+30 1.000000000000000020e+30 1.000000000000000020e+30 1.000000000000000020e+30 1.000000000000000020e+30 1.000000000000000020e+30 1.000000000000000020e+30 1.000000000000000020e+30 2.066583230919197156e+00 2.063280847958223863e+00 2.060656498481411969e+00 2.058648849947069870e+00 2.057200099601344423e+00 2.056245109267130555e+00 2.055711514149474173e+00 2.055525594942917422e+00 2.055614264421433468e+00 2.055906441858272427e+00 2.056333109708010642e+00 2.056827164269772190e+00 2.057323021183925071e+00 2.057755939191018957e+00 2.058061537407114283e+00 2.058175616210285330e+00 2.058034253546757952e+00 2.057574262557528844e+00 2.056734048871857290e+00 2.055454866540323167e+00 2.053682476550685365e+00 2.051369181710611223e+00 2.048476180341362252e+00 2.044976173530444807e+00 2.040856155895944379e+00 2.036120282601058928e+00 2.030792614158039022e+00 2.024919399924114405e+00 2.018570401899280942e+00 2.011838637499713922e+00 2.004837917970450079e+00 1.997697797125437491e+00 1.990556114038596114e+00 1.983550104084723209e+00 1.976807599914213620e+00 1.970439675655757394e+00 1.964535505043725427e+00 1.959160207513111152e+00 1.954356892497305820e+00 1.950152620462886288e+00 1.946568936544211148e+00 1.943617142388857300e+00 1.941301500120196755e+00 1.939617433729137641e+00 1.938540680198156174e+00 1.938074935614288563e+00 1.000000000000000020e+30
1.000000000000000020e+30 1.000000000000000020e+30 1.000000000000000020e+30 1.000000000000000020e+30 1.000000000000000020e+30 1.000000000000000020e+30 1.000000000000000020e+30 1.000000000000000020e+30 1.000000000000000020e+30 2.074672635155594858e+00 2.071393130004053340e+00 2.068782616359420956e+00 2.066812750041362889e+00 2.065439490261587352e+00 2.064608765173586491e+00 2.064259714413607227e+00 2.064328843172979600e+00 2.064745529911796051e+00 2.065438458423975998e+00 2.066336338161292918e+00 2.067367642764708080e+00 2.068460858135785063e+00 2.069544423709638536e+00 2.070546418189465054e+00 2.071394291620186845e+00 2.072014812279901808e+00 2.072334298930731400e+00 2.072279203027361127e+00 2.071777084264208035e+00 2.070758003771994371e+00 2.069156351518980586e+00 2.066913111137439252e+00 2.063978552958367185e+00 2.060315340101682935e+00 2.055902021174691008e+00 2.050736841653179710e+00 2.044841704708971086e+00 2.038265922024621979e+00 2.031089098340380872e+00 2.023422121581255340e+00 2.015404944798949494e+00 2.007200017318778507e+00 1.998981313384299963e+00 1.990920877647861520e+00 1.983176288575100532e+00 1.975881535520135568e+00 1.969141532747398671e+00 1.963028518216231477e+00 1.957586102836553099e+00 1.952836344360216581e+00 1.948788659946141033e+00 1.945450753562363522e+00 1.942817635831096235e+00 1.940882412604263862e+00 1.939678814294732989e+00 1.939088245606681360e+00 1.000000000000000020e+30
1.000000000000000020e+30 1.000000000000000020e+30 1.000000000000000020e+30 1.000000000000000020e+30 1.000000000000000020e+30 1.000000000000000020e+30 1.000000000000000020e+30 1.000000000000000020e+30 2.083071978668597612e+00 2.079642550366528120e+00 2.077049161787108744e+00 2.075130725247382291e+00 2.073848604153649688e+00 2.073153436658556892e+00 2.072991756418845366e+00 2.073311491880453605e+00 2.074056502405493330e+00 2.075149725789466437e+00 2.076520684399590699e+00 2.078098477458659499e+00 2.079809001557321846e+00 2.081576336125759319e+00 2.083323042792758262e+00 2.084969982482688611e+00 2.086436136087721938e+00 2.087638628365322990e+00 2.088493044230127715e+00 2.088914102043374132e+00 2.088816731848696318e+00 2.088117597592116237e+00 2.086737099959549369e+00 2.084601894276900680e+00 2.081647957624036316e+00 2.077824243868666709e+00 2.073096969524037103e+00 2.067454557988273933e+00 2.060913192608404998e+00 2.053522711628243069e+00 2.045372107505182502e+00 2.036593091434860003e+00 2.027359220033265519e+00 2.017877718191428471e+00 2.008372822020300763e+00 1.999064068392369053e+00 1.990147383029196471e+00 1.981784172253144405e+00 1.974098091955662326e+00 1.967165868914692251e+00 1.961027485956305716e+00 1.955696426103549213e+00 1.951169844626799543e+00 1.947442968868631663e+00 1.944492266796923108e+00 1.942391183789026865e+00 1.941025261535365143e+00 1.940345586370732400e+00 1.000000000000000020e+30
1.000000000000000020e+30 1.000000000000000020e+30 1.000000000000000020e+30 1.000000000000000020e+30 1.000000000000000020e+30 1.000000000000000020e+30 1.000000000000000020e+30 2.091477212712236078e+00 2.088100224918853609e+00 2.085476452522163182e+00 2.083563847197817065e+00 2.082366107526039567e+00 2.081809091977365966e+00 2.081835003933194539e+00 2.082395529098205245e+00 2.083445181956256942e+00 2.084948094464398771e+00 2.086792876235401994e+00 2.088917499525475563e+00 2.091254686812600738e+00 2.093726463075163302e+00 2.096252012468805326e+00 2.098747859195789545e+00 2.101127414614285538e+00 2.103300727730810227e+00 2.105174512292821376e+00 2.106652488224223241e+00 2.107636102190460381e+00 2.108025675033916357e+00 2.107722024161571728e+00 2.106628618191808577e+00 2.104654328596157420e+00 2.101716851350031057e+00 2.097746890679720533e+00 2.092693235528344076e+00 2.086528914076909658e+00 2.079258639936415243e+00 2.070927631414155368e+00 2.061631309862126393e+00 2.051523965239280933e+00 2.040822053524885327e+00 2.029795438581318390e+00 2.018741349436309118e+00 2.007946218727178156e+00 1.997654945446661001e+00 1.988058641048194852e+00 1.979307947830378334e+00 1.971474232063340271e+00 1.964586966363354836e+00 1.958646716950888100e+00 1.953636759536570455e+00 1.949534697074675638e+00 1.946313594222940369e+00 1.944019476103193478e+00 1.942515826197563245e+00 1.941764694558768323e+00 1.000000000000000020e+30
1.000000000000000020e+30 1.000000000000000020e+30 1.000000000000000020e+30 1.000000000000000020e+30 1.000000000000000020e+30 1.000000000000000020e+30 2.099762456356665030e+00 2.096500120671566769e+00 2.093983357232980236e+00 2.092178481429784132e+00 2.091078592901260080e+00 2.090660314032716016e+00 2.090872272033898138e+00 2.091668749549063566e+00 2.093004659949534663e+00 2.094828242513476546e+00 2.097069052564729752e+00 2.099734639932889113e+00 2.102688000411598868e+00 2.105871362820176174e+00 2.109194992985212291e+00 2.112572695127971301e+00 2.115914971524581301e+00 2.119127543635769939e+00 2.122110993794532607e+00 2.124760767622658086e+00 2.126967476709647809e+00 2.128617619136368155e+00 2.129594751511023176e+00 2.129781161773483866e+00 2.129060122809714350e+00 2.127318820875331973e+00 2.124452059157215800e+00 2.120366861853341778e+00 2.114988182167390818e+00 2.108266088434917140e+00 2.100185072446265178e+00 2.090776355470196357e+00 2.080133772764045652e+00 2.068431925857252551e+00 2.055940313290880894e+00 2.043019064688249564e+00 2.030078028019258518e+00 2.017502184935483278e+00 2.005597681232802909e+00 1.994571135817741814e+00 1.984637894812533609e+00 1.975826432370902497e+00 1.968146231984095884e+00 1.961578935669428425e+00 1.956087514145170791e+00 1.951633865345249852e+00 1.948215723716265169e+00 1.945721269820298804e+00 1.944093385641502136e+00 1.943281715172205049e+00 1.000000000000000020e+30
1.000000000000000020e+30 1.000000000000000020e+30 1.000000000000000020e+30 1.000000000000000020e+30 1.000000000000000020e+30 2.107619747735998139e+00 2.104717458411481612e+00 2.102430063095973800e+00 2.100776270973314652e+00 2.099807306183295808e+00 2.099529156345453451e+00 2.099921763578698197e+00 2.100946304881293525e+00 2.102566362870643690e+00 2.104740970541503220e+00 2.107419823516492041e+00 2.110540875191768251e+00 2.114035108903513649e+00 2.117886566359588052e+00 2.122018762342558151e+00 2.126294511776149587e+00 2.130628685290719027e+00 2.134926738057328244e+00 2.139086512468862278e+00 2.142998557447924224e+00 2.146546172270521691e+00 2.149605550215428540e+00 2.152046463370749674e+00 2.153733412092775801e+00 2.154527275906775063e+00 2.154287585545658690e+00 2.152875545815968295e+00 2.150157915916847795e+00 2.146011851443294649e+00 2.140330894326054167e+00 2.133032584613878679e+00 2.124068821107212734e+00 2.113441174258473332e+00 2.101224390446915447e+00 2.087600423357764967e+00 2.072897790374055305e+00 2.057609897552945988e+00 2.042335882618226517e+00 2.027614712006809317e+00 2.013834833426844995e+00 2.001242237768602550e+00 1.990045123573344954e+00 1.980194405493602261e+00 1.971691255288079203e+00 1.964495334851444897e+00 1.958536823121921344e+00 1.953728195717754357e+00 1.950083176946932673e+00 1.947429577133816370e+00 1.945703097814559968e+00 1.944844130859355147e+00 1.000000000000000020e+30
1.000000000000000020e+30 1.000000000000000020e+30 1.000000000000000020e+30 1.000000000000000020e+30 1.000000000000000020e+30 2.112259282665410520e+00 2.110752105353749020e+00 2.109387736393498969e+00 2.108565766949374698e+00 2.108419981585645697e+00 2.108970587616203485e+00 2.110198808636978729e+00 2.112077276113182300e+00 2.114574727595497805e+00 2.117652722972089396e+00 2.121262738699239314e+00 2.125346665827040571e+00 2.129840753714311141e+00 2.134683003648739863e+00 2.139777756933208597e+00 2.145109713586891065e+00 2.150514660550657098e+00 2.155890658140608096e+00 2.161126759320827873e+00 2.166102823194735016e+00 2.170689225979491432e+00 2.174746398391469882e+00 2.178125547029380549e+00 2.180669745481426780e+00 2.182215451822430374e+00 2.182594685368910881e+00 2.181638058811033343e+00 2.179178752971146604e+00 2.175057428456013131e+00 2.169128040612648523e+00 2.161264782345982294e+00 2.151371368871120904e+00 2.139396257685182157e+00 2.125361630425674608e+00 2.109418701707655774e+00 2.091938775706037035e+00 2.073610529635774746e+00 2.055391364252221020e+00 2.038066832061820932e+00 2.022100427256297017e+00 2.007805637283485822e+00 1.995201816759898827e+00 1.984253981324496596e+00 1.974915950595835801e+00 1.967119519194689969e+00 1.960755287253792778e+00 1.955700649110977407e+00 1.951857675857592955e+00 1.949091747723216583e+00 1.947301665295722239e+00 1.946412822465378056e+00 1.000000000000000020e+30
1.000000000000000020e+30 1.000000000000000020e+30 1.000000000000000020e+30 1.000000000000000020e+30 2.123905894988989296e+00 2.120161086478775658e+00 2.118381133529988691e+00 2.117511225764148186e+00 2.117408380127991485e+00 2.118055499767605099e+00 2.119437993241825247e+00 2.121529334581592874e+00 2.124304808071908912e+00 2.127735222299306450e+00 2.131782728634726176e+00 2.136399347137257543e+00 2.141527695829053002e+00 2.147102754488593224e+00 2.153052392392501790e+00 2.159290299499577959e+00 2.165724454026360490e+00 2.172327417017875906e+00 2.178917895350909184e+00 2.185375709888769169e+00 2.191569662064184687e+00 2.197356978496105562e+00 2.202580871795469353e+00 2.207072106815912704e+00 2.210649976286320317e+00 2.213123460911738949e+00 2.214293134717479905e+00 2.213954147194659772e+00 2.211900324586712596e+00 2.207929198255393910e+00 2.201847419792967386e+00 2.193475830096187185e+00 2.182654143074531206e+00 2.169248421546151384e+00 2.153173256667558544e+00 2.134459270222876626e+00 2.113425719242478795e+00 2.091009118288865931e+00 2.068970584610309693e+00 2.048495916249335469e+00 2.030087616156420527e+00 2.013866222461365929e+00 1.999824860205731358e+00 1.987763631756356064e+00 1.977602046057568952e+00 1.969269249854051163e+00 1.962593184269601387e+00 1.957381220031851443e+00 1.953460540972923765e+00 1.950664807117776345e+00 1.948861948212282869e+00 1.947966036143299995e+00 1.000000000000000020e+30
1.000000000000000020e+30 1.000000000000000020e+30 1.000000000000000020e+30 1.000000000000000020e+30 2.129480677360202634e+00 2.127872484609986792e+00 2.126852048062422895e+00 2.126645840316878200e+00 2.127277345307283962e+00 2.128724094373767528e+00 2.130954858803228547e+00 2.133942758849824539e+00 2.137662438626073858e+00 2.142084514131352257e+00 2.147170667854099602e+00 2.152872700966859565e+00 2.159133087853938537e+00 2.165885726619309448e+00 2.173055683021674067e+00 2.180557346504937932e+00 2.188295635863525490e+00 2.196165039842841615e+00 2.204122052722390368e+00 2.211964352758849284e+00 2.219549541281546912e+00 2.226723391734631186e+00 2.233309517289292501e+00 2.239116372826100321e+00 2.243937337155868850e+00 2.247550963604461938e+00 2.249722308545982763e+00 2.250205861435905508e+00 2.248750002355206945e+00 2.245102697954935334e+00 2.239017219813522530e+00 2.230255336293620605e+00 2.218584243172829318e+00 2.203764574768092288e+00 2.185535538007070233e+00 2.163635308514664679e+00 2.138004900229082406e+00 2.109626626305839636e+00 2.082474170659261326e+00 2.058246868977753330e+00 2.037186377519386582e+00 2.019098987077639240e+00 2.003612324873109696e+00 1.990449735689054034e+00 1.979473754860397561e+00 1.970727870482063437e+00 1.963901602972771387e+00 1.958694486891440212e+00 1.954847478154816631e+00 1.952134918677031816e+00 1.950383222876238776e+00 1.949504684592766379e+00 1.000000000000000020e+30
1.000000000000000020e+30 1.000000000000000020e+30 1.000000000000000020e+30 2.142475385348427075e+00 2.138516839349376308e+00 2.136830436193080551e+00 2.136314451607504328e+00 2.136777153272125140e+00 2.138159813689290090e+00 2.140425549483161660e+00 2.143535086589298810e+00 2.147461097335297886e+00 2.152177740233922165e+00 2.157654744161284999e+00 2.163853061094964225e+00 2.170724250362117136e+00 2.178210834632642978e+00 2.186246449636679134e+00 2.194755288249786496e+00 2.203650957193339366e+00 2.212835791854298684e+00 2.222199592325266870e+00 2.231618001690920394e+00 2.241025939046669357e+00 2.250194411012228279e+00 2.258967286436943667e+00 2.267140667792133524e+00 2.274499603833295414e+00 2.280810177581104270e+00 2.285817943397729479e+00 2.289248189396018596e+00 2.290808951554516693e+00 2.290196179777814312e+00 2.287101334723231627e+00 2.281219889002397583e+00 2.272256240520309500e+00 2.259915470752450251e+00 2.243866009299170461e+00 2.223650016031574417e+00 2.198508905249053402e+00 2.167167898702960116e+00 2.128710729264194690e+00 2.094748381590185726e+00 2.066405274079404997e+00 2.042780901272416294e+00 2.022973814251253000e+00 2.006237680560890801e+00 1.992036787102521078e+00 1.980136201786416583e+00 1.971235640442182691e+00 1.964526903295065186e+00 1.959572056869951506e+00 1.956009928954060006e+00 1.953536145679647618e+00 1.951903794653836233e+00 1.951054180482691969e+00 1.000000000000000020e+30
1.000000000000000020e+30 1.000000000000000020e+30 1.000000000000000020e+30 2.148513487893638718e+00 2.147160283745636722e+00 2.146474593600368408e+00 2.146684541995466766e+00 2.147877844200321906e+00 2.150046971083289904e+00 2.153162925576454167e+00 2.157189945747355342e+00 2.162102258043443470e+00 2.167874129331969879e+00 2.174474279247560204e+00 2.181863174575332298e+00 2.189992650051445278e+00 2.198805972651067364e+00 2.208237460077533854e+00 2.218211520193940078e+00 2.228641306969003644e+00 2.239427312479147947e+00 2.250455657062596426e+00 2.261595803990999798e+00 2.272696485232805319e+00 2.283650459792363918e+00 2.294270778846797754e+00 2.304288272238387059e+00 2.313471347183419624e+00 2.321559042192599787e+00 2.328262170455488000e+00 2.333261633075297770e+00 2.336212216537171038e+00 2.336748301920919424e+00 2.334494938493762994e+00 2.329083511429201447e+00 2.320167665931794243e+00 2.307425566529563543e+00 2.290520489614063848e+00 2.268969535666824022e+00 2.241730419110409933e+00 2.205433260976348286e+00 2.145090358019612342e+00 2.103163167471947315e+00 2.071323765576453368e+00 2.045919675920415237e+00 2.025041286806684493e+00 2.007505235005309085e+00 1.992421104644856333e+00 1.978824005501909955e+00 1.970522927146820535e+00 1.964336117055045516e+00 1.959982107442847177e+00 1.956996868918012833e+00 1.954994905922525339e+00 1.953522641323739650e+00 1.952652303003367340e+00 1.000000000000000020e+30
1.000000000000000020e+30 1.000000000000000020e+30 1.000000000000000020e+30 2.158010541067398425e+00 2.157223909362161240e+00 2.157139464893675473e+00 2.158018348126369279e+00 2.159952625638137835e+00 2.162938124938128315e+00 2.166939845279637122e+00 2.171928893290048013e+00 2.177881636370748275e+00 2.184772040393772041e+00 2.192568319852695513e+00 2.201231058717871392e+00 2.210713230168780630e+00 2.220959891143270859e+00 2.231907201888314596e+00 2.243480950104330685e+00 2.255594827400127844e+00 2.268148643902684558e+00 2.281026502774480047e+00 2.294095082130985563e+00 2.307202925771049351e+00 2.320185514633073431e+00 2.332824488420643050e+00 2.344969415921738687e+00 2.356285515052530144e+00 2.366482128259874251e+00 2.375235254727829037e+00 2.382175654434909973e+00 2.386897160263607542e+00 2.388959678269924947e+00 2.387904638155218695e+00 2.383282039370862471e+00 2.374690838338711529e+00 2.361819149361013448e+00 2.344453007966035063e+00 2.322494454315696899e+00 2.296383334159603162e+00 2.269930867117912143e+00 1.000000000000000020e+30 1.000000000000000020e+30 1.000000000000000020e+30 1.000000000000000020e+30 1.000000000000000020e+30 1.000000000000000020e+30 1.000000000000000020e+30 1.973244110104648286e+00 1.968673038203028414e+00 1.963235986653856235e+00 1.959946707860927395e+00 1.957918408008926470e+00 1.956832238425168846e+00 1.955438703623252561e+00 1.954288702789717780e+00 1.000000000000000020e+30
1.000000000000000020e+30 1.000000000000000020e+30 2.175847055906284577e+00 2.170455265177324566e+00 2.168734912924781710e+00 2.168824727616039727e+00 2.170309078532015157e+00 2.172990458491427024e+00 2.176825860375813715e+00 2.181756666804463229e+00 2.187758490208717710e+00 2.194811775849339952e+00 2.202888966953240324e+00 2.211959045317677397e+00 2.221983492473020849e+00 2.232917618661920400e+00 2.244709736551334878e+00 2.257299364231897698e+00 2.270615114870867313e+00 2.284572540310652933e+00 2.299072033458314568e+00 2.313996779914841095e+00 2.329210713365042373e+00 2.344556394781293740e+00 2.359852040549241359e+00 2.374880564045625864e+00 2.389395272730183706e+00 2.403194425888004915e+00 2.415877873283608590e+00 2.427096617564802550e+00 2.436420571665233403e+00 2.443377170971644752e+00 2.447434226717586370e+00 2.448020895480326864e+00 2.444564261107889269e+00 2.436566996413180863e+00 2.423715715921209934e+00 2.405897318827197484e+00 2.383129785985512061e+00 2.354198572260626676e+00 2.310678301804132584e+00 1.000000000000000020e+30 1.000000000000000020e+30 1.000000000000000020e+30 1.000000000000000020e+30 1.000000000000000020e+30 1.000000000000000020e+30 1.000000000000000020e+30 1.000000000000000020e+30 1.000000000000000020e+30 1.960935785843114676e+00 1.959586266819611122e+00 1.958820452133757994e+00 1.959896295140096445e+00 1.958028025932111893e+00 1.955694095311476532e+00 1.000000000000000020e+30
1.000000000000000020e+30 1.000000000000000020e+30 2.183514759050322329e+00 2.181442074407772047e+00 2.180627852403390410e+00 2.181334724621939447e+00 2.183482990769449739e+00 2.186957826727852883e+00 2.191705685316882146e+00 2.197614180134550121e+00 2.204683129368001371e+00 2.212903640554457763e+00 2.222239901346469093e+00 2.232666008203095576e+00 2.244144085271490230e+00 2.256633434523046322e+00 2.270087760199670956e+00 2.284451968753856477e+00 2.299659307479179571e+00 2.315628795431995179e+00 2.332262894704967060e+00 2.349445310719486812e+00 2.367038698016147968e+00 2.384881882179184398e+00 2.402785941644145495e+00 2.420528331192164373e+00 2.437849572109308749e+00 2.454445317629071699e+00 2.470031783540209247e+00 2.484205544877293725e+00 2.496434111949401569e+00 2.506192715254364156e+00 2.512833566358239512e+00 2.515635419088591007e+00 2.513824198757800943e+00 2.506697243014425869e+00 2.493920054431514988e+00 2.475703082454618453e+00 2.453061002888792252e+00 2.429580446987373410e+00 1.000000000000000020e+30 1.000000000000000020e+30 1.000000000000000020e+30 1.000000000000000020e+30 1.000000000000000020e+30 1.000000000000000020e+30 1.000000000000000020e+30 1.000000000000000020e+30 1.000000000000000020e+30 1.000000000000000020e+30 1.000000000000000020e+30 1.000000000000000020e+30 1.000000000000000020e+30 1.967312007049093259e+00 1.962024759566527221e+00 1.000000000000000020e+30 1.000000000000000020e+30
1.000000000000000020e+30 2.200929856786774330e+00 2.195568937187402536e+00 2.193463146882550063e+00 2.193266199789571935e+00 2.194701043211096270e+00 2.197628685287017714e+00 2.201949409783507949e+00 2.207594772414394502e+00 2.214514422820217820e+00 2.222700913941074052e+00 2.232169004180486471e+00 2.242836969773032152e+00 2.254706909780023860e+00 2.267733632475727568e+00 2.281883987963547966e+00 2.297120521945512195e+00 2.313396239029761770e+00 2.330651202780118059e+00 2.348809727866684405e+00 2.367777993630240552e+00 2.387441932438756353e+00 2.407665062452620131e+00 2.428285676752953925e+00 2.449112746658604234e+00 2.469920525318694438e+00 2.490443340531577121e+00 2.510370673509925599e+00 2.529347181947666279e+00 2.546918437837082383e+00 2.562639385885825849e+00 2.575895762931668109e+00 2.585871780443265600e+00 2.591674004176385271e+00 2.592203320535359623e+00 2.586420844338018998e+00 2.573453193024952679e+00 2.553559992595291650e+00 2.527336235336348658e+00 2.484888306215607745e+00 1.000000000000000020e+30 1.000000000000000020e+30 1.000000000000000020e+30 1.000000000000000020e+30 1.000000000000000020e+30 1.000000000000000020e+30 1.000000000000000020e+30 1.000000000000000020e+30 1.000000000000000020e+30 1.000000000000000020e+30 1.000000000000000020e+30 1.000000000000000020e+30 1.000000000000000020e+30 1.000000000000000020e+30 1.000000000000000020e+30 1.000000000000000020e+30 1.000000000000000020e+30
1.000000000000000020e+30 2.208716360654179756e+00 2.206729435020625907e+00 2.205911241634229913e+00 2.206643876941607907e+00 2.208949381253145550e+00 2.212757872206589482e+00 2.217995994697052442e+00 2.224617139564577961e+00 2.232597186670223000e+00 2.241934415580880913e+00 2.252634035491326348e+00 2.264684528317561618e+00 2.278100394509093629e+00 2.292770994858098987e+00 2.308687847071499100e+00 2.325827794175111762e+00 2.344155161321773040e+00 2.363619239541629558e+00 2.384151533476102980e+00 2.405663521910552216e+00 2.428044974539258050e+00 2.451162479780004233e+00 2.474857202423999869e+00 2.498940561402687610e+00 2.523187740917874233e+00 2.547330383994058423e+00 2.571049898766171626e+00 2.593971196621930542e+00 2.615646819497004838e+00 2.635555744193467387e+00 2.653019579468582467e+00 2.667270394457268434e+00 2.677199550839266085e+00 2.681290786069610910e+00 2.677538561951974927e+00 2.664062898018362269e+00 2.641796773463950920e+00 2.621740431366818225e+00 1.000000000000000020e+30 1.000000000000000020e+30 1.000000000000000020e+30 1.000000000000000020e+30 1.000000000000000020e+30 1.000000000000000020e+30 1.000000000000000020e+30 1.000000000000000020e+30 1.000000000000000020e+30 1.000000000000000020e+30 1.000000000000000020e+30 1.000000000000000020e+30 1.000000000000000020e+30 1.000000000000000020e+30 1.000000000000000020e+30 1.000000000000000020e+30 1.000000000000000020e+30 1.000000000000000020e+30
2.226028222172772519e+00 2.220953227855182899e+00 2.219162754802880944e+00 2.219221301621542963e+00 2.220907284937967408e+00 2.224152701514075847e+00 2.228910554460186155e+00 2.235129902430892823e+00 2.242787050377112124e+00 2.251878184595780485e+00 2.262415212007377274e+00 2.274415155877683059e+00 2.287894252094005765e+00 2.302880409954336294e+00 2.319273886951451757e+00 2.337057618950733051e+00 2.356220845374618289e+00 2.376741568947275507e+00 2.398580682282624110e+00 2.421678652722221603e+00 2.445953445601707799e+00 2.471299623281255187e+00 2.497588525018310079e+00 2.524667853281128416e+00 2.552357135987468162e+00 2.580438692216173724e+00 2.608646670096661957e+00 2.636658621746979847e+00 2.664092869470169322e+00 2.690506657727240292e+00 2.715382932987651099e+00 2.738084520430818625e+00 2.757788467178810432e+00 2.773414026387246434e+00 2.782927032693882641e+00 2.783086594719643703e+00 2.768101181426762203e+00 2.733528575406599437e+00 2.693363435984300835e+00 1.000000000000000020e+30 1.000000000000000020e+30 1.000000000000000020e+30 1.000000000000000020e+30 1.000000000000000020e+30 1.000000000000000020e+30 1.000000000000000020e+30 1.000000000000000020e+30 1.000000000000000020e+30 1.000000000000000020e+30 1.000000000000000020e+30 1.000000000000000020e+30 1.000000000000000020e+30 1.000000000000000020e+30 1.000000000000000020e+30 1.000000000000000020e+30 1.000000000000000020e+30 1.000000000000000020e+30
2.233679799886161277e+00 2.232412386520434389e+00 2.232226775647313755e+00 2.233435970654008784e+00 2.236152883800103908e+00 2.240391815062340086e+00 2.246147612334176813e+00 2.253396196779957616e+00 2.262135735274692916e+00 2.272381637234432095e+00 2.284162406693309499e+00 2.297510673358688305e+00 2.312458559443566042e+00 2.329035087627033374e+00 2.347248027251633395e+00 2.366996436652988756e+00 2.388299801633998687e+00 2.411155568629593571e+00 2.435539213309627637e+00 2.461401816040050150e+00 2.488668275437373900e+00 2.517237296414968739e+00 2.546984872840426295e+00 2.577769177072644524e+00 2.609426078615022959e+00 2.641754855859558493e+00 2.674498957450243353e+00 2.707332461565223447e+00 2.739866036226783041e+00 2.771671420708253564e+00 2.802277948903126870e+00 2.831153049744368211e+00 2.857674661177982411e+00 2.880935125954602327e+00 2.899179487286687618e+00 2.909053748617287827e+00 2.898924497111496468e+00 2.873030433503934500e+00 2.830742131202586442e+00 1.000000000000000020e+30 1.000000000000000020e+30 1.000000000000000020e+30 1.000000000000000020e+30 1.000000000000000020e+30 1.000000000000000020e+30 1.000000000000000020e+30 1.000000000000000020e+30 1.000000000000000020e+30 1.000000000000000020e+30 1.000000000000000020e+30 1.000000000000000020e+30 1.000000000000000020e+30 1.000000000000000020e+30 1.000000000000000020e+30 1.000000000000000020e+30 1.000000000000000020e+30 1.000000000000000020e+30
2.245210049288915322e+00 2.245380650475036433e+00 2.246455249720840541e+00 2.248763410455262512e+00 2.252509464166257747e+00 2.257759898995172154e+00 2.264540670668526712e+00 2.272849961555093223e+00 2.282704923101980921e+00 2.294139132229637390e+00 2.307198927326163940e+00 2.321935040509768289e+00 2.338398747727056470e+00 2.356640282411815779e+00 2.376707544724098842e+00 2.398498609703042295e+00 2.422050890644488419e+00 2.447381201480788970e+00 2.474481761547791425e+00 2.503315676354369135e+00 2.533814380669749067e+00 2.565876813773228626e+00 2.599378277839664797e+00 2.634191359073958960e+00 2.670181804271415604e+00 2.707183918380331900e+00 2.744962187018940014e+00 2.783178709011120855e+00 2.821408906036895203e+00 2.859239427478664997e+00 2.896263456375235190e+00 2.932080847288663694e+00 2.966659410219697701e+00 2.999451538560594432e+00 3.029696567901532855e+00 3.047237870983771302e+00 3.059138878265399875e+00 3.068637513127268512e+00 1.000000000000000020e+30 1.000000000000000020e+30 1.000000000000000020e+30 1.000000000000000020e+30 1.000000000000000020e+30 1.000000000000000020e+30 1.000000000000000020e+30 1.000000000000000020e+30 1.000000000000000020e+30 1.000000000000000020e+30 1.000000000000000020e+30 1.000000000000000020e+30 1.000000000000000020e+30 1.000000000000000020e+30 1.000000000000000020e+30 1.000000000000000020e+30 1.000000000000000020e+30 1.000000000000000020e+30 1.000000000000000020e+30
2.259248323856525520e+00 2.260114987797149588e+00 2.262095884639049537e+00 2.265364637210977250e+00 2.270093121231010702e+00 2.276348273625742991e+00 2.284164713157986082e+00 2.293552692725477016e+00 2.304543904631423779e+00 2.317188704827651602e+00 2.331551883089694410e+00 2.347703963766611501e+00 2.365717686661679586e+00 2.385667841422513202e+00 2.407633391870970030e+00 2.431538102765985698e+00 2.457440738956253146e+00 2.485381578453911278e+00 2.515373924169108655e+00 2.547395147918709579e+00 2.581383677402304677e+00 2.617229426819956739e+00 2.654785656144284189e+00 2.693943040647421405e+00 2.734621157304234718e+00 2.776726551051878822e+00 2.820075295354953049e+00 2.864298806873131209e+00 2.908835915731530886e+00 2.953290562283774179e+00 2.997319852595474288e+00 3.040494141945188300e+00 3.083677385736414145e+00 3.126947679825198723e+00 3.160245751755793364e+00 3.186163951708276265e+00 3.209212915113489828e+00 3.221155581048604777e+00 1.000000000000000020e+30 1.000000000000000020e+30 1.000000000000000020e+30 1.000000000000000020e+30 1.000000000000000020e+30 1.000000000000000020e+30 1.000000000000000020e+30 1.000000000000000020e+30 1.000000000000000020e+30 1.000000000000000020e+30 1.000000000000000020e+30 1.000000000000000020e+30 1.000000000000000020e+30 1.000000000000000020e+30 1.000000000000000020e+30 1.000000000000000020e+30 1.000000000000000020e+30 1.000000000000000020e+30 1.000000000000000020e+30
2.275183714615396813e+00 2.276494613826367974e+00 2.279189114280528727e+00 2.283317515181437329e+00 2.288987834227024898e+00 2.296238463590669632e+00 2.305095176105275812e+00 2.315571151892705792e+00 2.327708907820981832e+00 2.341574939582203640e+00 2.357253473807823241e+00 2.374836210953972238e+00 2.394418295716122191e+00 2.416099108618460445e+00 2.439989606071212069e+00 2.466069030406157214e+00 2.494412679252971277e+00 2.525093023703883777e+00 2.558153333912637439e+00 2.593588008990063809e+00 2.631351708580894844e+00 2.671313034458225211e+00 2.713228618866244890e+00 2.757015404866283603e+00 2.802688303584101259e+00 2.850302535340466292e+00 2.899817790425270214e+00 2.950839088334301419e+00 3.002306667201515733e+00 3.053952481999726576e+00 3.105641217237048668e+00 3.155744258343838649e+00 3.207491002694989213e+00 3.250696405307877956e+00 3.286010770466063047e+00 3.315225182284843974e+00 3.328804245108659909e+00 3.291588685316084284e+00 1.000000000000000020e+30 1.000000000000000020e+30 1.000000000000000020e+30 1.000000000000000020e+30 1.000000000000000020e+30 1.000000000000000020e+30 1.000000000000000020e+30 1.000000000000000020e+30 1.000000000000000020e+30 1.000000000000000020e+30 1.000000000000000020e+30 1.000000000000000020e+30 1.000000000000000020e+30 1.000000000000000020e+30 1.000000000000000020e+30 1.000000000000000020e+30 1.000000000000000020e+30 1.000000000000000020e+30 1.000000000000000020e+30
2.292668996852675445e+00 2.294349724801890478e+00 2.297692551219843615e+00 2.302648724004246805e+00 2.309254729462069999e+00 2.317506502031167148e+00 2.327411099162354002e+00 2.338979675782021150e+00 2.352264614045525004e+00 2.367350095331945070e+00 2.384342399159332881e+00 2.403356358780393442e+00 2.424509550026015869e+00 2.447920838913924424e+00 2.473716033675679604e+00 2.502026592490763424e+00 2.532883025867328275e+00 2.566416810175822683e+00 2.602720929328751875e+00 2.641797490604531173e+00 2.683663451957371660e+00 2.728191488698204825e+00 2.774768306855034172e+00 2.823399292294364926e+00 2.874252359061947537e+00 2.927666786898681206e+00 2.984003185336272956e+00 3.043145980390622007e+00 3.102073193538465556e+00 3.161304802283987581e+00 3.223921516580874336e+00 3.279715787806526617e+00 3.331025462593749431e+00 3.375650399847312411e+00 3.413648141651649315e+00 3.444795969361691856e+00 3.461370802424942550e+00 1.000000000000000020e+30 1.000000000000000020e+30 1.000000000000000020e+30 1.000000000000000020e+30 1.000000000000000020e+30 1.000000000000000020e+30 1.000000000000000020e+30 1.000000000000000020e+30 1.000000000000000020e+30 1.000000000000000020e+30 1.000000000000000020e+30 1.000000000000000020e+30 1.000000000000000020e+30 1.000000000000000020e+30 1.000000000000000020e+30 1.000000000000000020e+30 1.000000000000000020e+30 1.000000000000000020e+30 1.000000000000000020e+30 1.000000000000000020e+30
2.311440855666666572e+00 2.313510467342475785e+00 2.317539051393665783e+00 2.323368386852451284e+00 2.330952096111031491e+00 2.340235485953920058e+00 2.351203541162552924e+00 2.363865733842657413e+00 2.378287400520934458e+00 2.394575609688224027e+00 2.412864741861050266e+00 2.433296582274441899e+00 2.456013398390985980e+00 2.481150115514440646e+00 2.508850982316185974e+00 2.539341321673631580e+00 2.572737173527509302e+00 2.609204362269562871e+00 2.648938289043830441e+00 2.691842842506752653e+00 2.738156484621491860e+00 2.788097168760165001e+00 2.839573956405209820e+00 2.893137191108693607e+00 2.949099707754902155e+00 3.008235714842944830e+00 3.071804179748846231e+00 3.142708070248633856e+00 3.210042649971610818e+00 3.276029696058162077e+00 3.340799221154303833e+00 3.400806609436699102e+00 3.454523502634788024e+00 3.500961240127329788e+00 3.539574169623860733e+00 3.567736819892413980e+00 3.585865010179357437e+00 1.000000000000000020e+30 1.000000000000000020e+30 1.000000000000000020e+30 1.000000000000000020e+30 1.000000000000000020e+30 1.000000000000000020e+30 1.000000000000000020e+30 1.000000000000000020e+30 1.000000000000000020e+30 1.000000000000000020e+30 1.000000000000000020e+30 1.000000000000000020e+30 1.000000000000000020e+30 1.000000000000000020e+30 1.000000000000000020e+30 1.000000000000000020e+30 1.000000000000000020e+30 1.000000000000000020e+30 1.000000000000000020e+30 1.000000000000000020e+30
2.331224908296528842e+00 2.333796713070034112e+00 2.338661725919516154e+00 2.345499115062717355e+00 2.354159127753813419e+00 2.364533098300007463e+00 2.376587965014841597e+00 2.390338190482783176e+00 2.405869739867975365e+00 2.423322867196031627e+00 2.442872801517863124e+00 2.464693276216416873e+00 2.488959761221693157e+00 2.515808671610949343e+00 2.545333316907457011e+00 2.577876450200192071e+00 2.613818223303338684e+00 2.653212791937727300e+00 2.696679881383607480e+00 2.743398234940178870e+00 2.794184196729714298e+00 2.852541834546709953e+00 2.909819997857609142e+00 2.968758490010136697e+00 3.029868069088647253e+00 3.094351947894156574e+00 3.163371327098230434e+00 3.236918514156878590e+00 3.310721752249154992e+00 3.383076030040270687e+00 3.451954535409020419e+00 3.514545360322695711e+00 3.568514159598799473e+00 3.613812722431361646e+00 3.650944647603211912e+00 3.680787255795205937e+00 3.714154800133675938e+00 3.775262570831304565e+00 1.000000000000000020e+30 1.000000000000000020e+30 1.000000000000000020e+30 1.000000000000000020e+30 1.000000000000000020e+30 1.000000000000000020e+30 1.000000000000000020e+30 1.000000000000000020e+30 1.000000000000000020e+30 1.000000000000000020e+30 1.000000000000000020e+30 1.000000000000000020e+30 1.000000000000000020e+30 1.000000000000000020e+30 1.000000000000000020e+30 1.000000000000000020e+30 1.000000000000000020e+30 1.000000000000000020e+30 1.000000000000000020e+30
2.351639863170823741e+00 2.354998039977160396e+00 2.361017289215597614e+00 2.369108936555957445e+00 2.379004449190179393e+00 2.390553171501800023e+00 2.403719791064368394e+00 2.418538156873650813e+00 2.435125587034953298e+00 2.453671529887045288e+00 2.474422154376452188e+00 2.497577905539984044e+00 2.523388624019850646e+00 2.551997991226778950e+00 2.583157876645693740e+00 2.617543862399381194e+00 2.655992364957036056e+00 2.697900658312054833e+00 2.748497640519698137e+00 2.799705715976837261e+00 2.853660617191666748e+00 2.912352422657249917e+00 2.973634270505340460e+00 3.036840932391746239e+00 3.101903651238413939e+00 3.170534162193380912e+00 3.244433233768858393e+00 3.322983279620004282e+00 3.402744461597110082e+00 3.480918415735014815e+00 3.553663197509350891e+00 3.617212004816206417e+00 3.669801711899321806e+00 3.712927897220495321e+00 3.747808538910887943e+00 3.775840503383563806e+00 3.800152445298262016e+00 3.821766438954659506e+00 1.000000000000000020e+30 1.000000000000000020e+30 1.000000000000000020e+30 1.000000000000000020e+30 1.000000000000000020e+30 1.000000000000000020e+30 1.000000000000000020e+30 1.000000000000000020e+30 1.000000000000000020e+30 1.000000000000000020e+30 1.000000000000000020e+30 1.000000000000000020e+30 1.000000000000000020e+30 1.000000000000000020e+30 1.000000000000000020e+30 1.000000000000000020e+30 1.000000000000000020e+30 1.000000000000000020e+30 1.000000000000000020e+30
2.372024382468630233e+00 2.376876259933699220e+00 2.384641737051900190e+00 2.394362194826436863e+00 2.405702130722318532e+00 2.418520595169167287e+00 2.432812299177751658e+00 2.448653489844863529e+00 2.466198493003194159e+00 2.485699680235271547e+00 2.507571933071627068e+00 2.531944617766402228e+00 2.559297461434849819e+00 2.590068272504231661e+00 2.622352006005020275e+00 2.657927326016973346e+00 2.701083610371835864e+00 2.745342286829568934e+00 2.796047930905576351e+00 2.849778231771658898e+00 2.906483418685695153e+00 2.968418412666909756e+00 3.033174815741043862e+00 3.098709154553842993e+00 3.164949403067969680e+00 3.234786895322477651e+00 3.311802295940550422e+00 3.396215140022079915e+00 3.482962394167042675e+00 3.568801757942366759e+00 3.646412037385440730e+00 3.711912223724655568e+00 3.764204064676348160e+00 3.805325627137262412e+00 3.837017193710261065e+00 3.860054921932568828e+00 3.874183615714129836e+00 3.875209042153836769e+00 1.000000000000000020e+30 1.000000000000000020e+30 1.000000000000000020e+30 1.000000000000000020e+30 1.000000000000000020e+30 1.000000000000000020e+30 1.000000000000000020e+30 1.000000000000000020e+30 1.000000000000000020e+30 1.000000000000000020e+30 1.000000000000000020e+30 1.000000000000000020e+30 1.000000000000000020e+30 1.000000000000000020e+30 1.000000000000000020e+30 1.000000000000000020e+30 1.000000000000000020e+30 1.000000000000000020e+30 1.000000000000000020e+30
2.391009960945922330e+00 2.399313101049500130e+00 2.409796815176071583e+00 2.421598725448629530e+00 2.434591537440378595e+00 2.448755782319085750e+00 2.464154403448817199e+00 2.480940297040007181e+00 2.499284327472248268e+00 2.519437908002151172e+00 2.542431397948898830e+00 2.567682056012262404e+00 2.596291930098316936e+00 2.631313331030251668e+00 2.665196975773743038e+00 2.701791883152456997e+00 2.742803130289096725e+00 2.788069462802447163e+00 2.841728846660845242e+00 2.897346182883636878e+00 2.956432916071837447e+00 3.027895034981426203e+00 3.099604934670346257e+00 3.167560337459459419e+00 3.233333258111150688e+00 3.301488906254276046e+00 3.381649449777257121e+00 3.467760381919028134e+00 3.559161160376892674e+00 3.656281650709675812e+00 3.738342357068130895e+00 3.804471509497196369e+00 3.855474918225125336e+00 3.892817618192852436e+00 3.920250284166737043e+00 3.938496479704139297e+00 3.946549678303056030e+00 3.940755269977216368e+00 1.000000000000000020e+30 1.000000000000000020e+30 1.000000000000000020e+30 1.000000000000000020e+30 1.000000000000000020e+30 1.000000000000000020e+30 1.000000000000000020e+30 1.000000000000000020e+30 1.000000000000000020e+30 1.000000000000000020e+30 1.000000000000000020e+30 1.000000000000000020e+30 1.000000000000000020e+30 1.000000000000000020e+30 1.000000000000000020e+30 1.000000000000000020e+30 1.000000000000000020e+30 1.000000000000000020e+30 1.000000000000000020e+30
2.405262435597475879e+00 2.423180087953728190e+00 2.437274532149724671e+00 2.451413801919221314e+00 2.466157128911956598e+00 2.481689832162566667e+00 2.498121112735131710e+00 2.515753700874144627e+00 2.534738959961489346e+00 2.554627488292178228e+00 2.581310551177559365e+00 2.608314182116592939e+00 2.637238432005297728e+00 2.669997231952426553e+00 2.705491353612813121e+00 2.745642476362763595e+00 2.787332310672188562e+00 2.832388986510446127e+00 2.904370012595670403e+00 2.972900434563140237e+00 3.060510402446596334e+00 3.202507885690000666e+00 3.282274076049531253e+00 3.344352367054710840e+00 3.394494568486942310e+00 3.423853668991001964e+00 3.494863731873720347e+00 3.592843525756686418e+00 3.740223307270215791e+00 3.780412591802997824e+00 3.843427375169428561e+00 3.901135470035712149e+00 3.945070617467621776e+00 3.975498790623988477e+00 3.997914593357363877e+00 4.012330052420550075e+00 4.017892581766966842e+00 4.011925824645416583e+00 1.000000000000000020e+30 1.000000000000000020e+30 1.000000000000000020e+30 1.000000000000000020e+30 1.000000000000000020e+30 1.000000000000000020e+30 1.000000000000000020e+30 1.000000000000000020e+30 1.000000000000000020e+30 1.000000000000000020e+30 1.000000000000000020e+30 1.000000000000000020e+30 1.000000000000000020e+30 1.000000000000000020e+30 1.000000000000000020e+30 1.000000000000000020e+30 1.000000000000000020e+30 1.000000000000000020e+30 1.000000000000000020e+30
1.000000000000000020e+30 2.454640947134495654e+00 2.468547750114254313e+00 2.484529833596086590e+00 2.500975801307717461e+00 2.517866060532011563e+00 2.535119895118063127e+00 2.553514357815054758e+00 2.574976040094720364e+00 2.595002578863148557e+00 2.620403338487224065e+00 2.649496865026118364e+00 2.678812189500833885e+00 2.712342116665378278e+00 2.750272799215317754e+00 2.810939415719414303e+00 2.873740224134639476e+00 3.190818854938560101e+00 3.044190591444386751e+00 3.070813974014918735e+00 1.000000000000000020e+30 3.403362068095266757e+00 3.445036465742287390e+00 3.490243841951592874e+00 3.522042806741931376e+00 1.000000000000000020e+30 1.000000000000000020e+30 1.000000000000000020e+30 4.004353725014311749e+00 3.975162049319987290e+00 3.956285059927002745e+00 3.998137872335986387e+00 4.028684202954979199e+00 4.051338432882844565e+00 4.068701011316417038e+00 4.080095426525768509e+00 4.085789574576056182e+00 4.088918072109572144e+00 4.103960673187970087e+00 1.000000000000000020e+30 1.000000000000000020e+30 1.000000000000000020e+30 1.000000000000000020e+30 1.000000000000000020e+30 1.000000000000000020e+30 1.000000000000000020e+30 1.000000000000000020e+30 1.000000000000000020e+30 1.000000000000000020e+30 1.000000000000000020e+30 1.000000000000000020e+30 1.000000000000000020e+30 1.000000000000000020e+30 1.000000000000000020e+30 1.000000000000000020e+30 1.000000000000000020e+30 1.000000000000000020e+30
1.000000000000000020e+30 2.476161425835684771e+00 2.501787581202949529e+00 2.521288916066116048e+00 2.539608950070486149e+00 2.558044874153919679e+00 2.575438484966817931e+00 2.595760742003193844e+00 2.615148839550596183e+00 2.638820970232715446e+00 2.679916853827889689e+00 2.721892585977256918e+00 2.752579289947980623e+00 2.815798319707250918e+00 3.119472856510067782e+00 2.953691470179097500e+00 2.980726222748003362e+00 1.000000000000000020e+30 1.000000000000000020e+30 1.000000000000000020e+30 1.000000000000000020e+30 1.000000000000000020e+30 1.000000000000000020e+30 1.000000000000000020e+30 1.000000000000000020e+30 1.000000000000000020e+30 1.000000000000000020e+30 1.000000000000000020e+30 4.151419948226072520e+00 4.138064746040420516e+00 4.124474250943038989e+00 4.086757105039116489e+00 4.100880562493237846e+00 4.117480920891853025e+00 4.130457873761695708e+00 4.138528423916710608e+00 4.141172358495373906e+00 4.138850797385171809e+00 4.131261266893138995e+00 1.000000000000000020e+30 1.000000000000000020e+30 1.000000000000000020e+30 1.000000000000000020e+30 1.000000000000000020e+30 1.000000000000000020e+30 1.000000000000000020e+30 1.000000000000000020e+30 1.000000000000000020e+30 1.000000000000000020e+30 1.000000000000000020e+30 1.000000000000000020e+30 1.000000000000000020e+30 1.000000000000000020e+30 1.000000000000000020e+30 1.000000000000000020e+30 1.000000000000000020e+30 1.000000000000000020e+30
1.000000000000000020e+30 1.000000000000000020e+30 2.545412148959226961e+00 2.563593789730568062e+00 2.582579803378977079e+00 2.604382399898258260e+00 2.621777179437541516e+00 2.639985260886692942e+00 2.662674250391275255e+00 2.722089816649895244e+00 2.773064120384165943e+00 2.811249300490246572e+00 1.000000000000000020e+30 1.000000000000000020e+30 1.000000000000000020e+30 1.000000000000000020e+30 1.000000000000000020e+30 1.000000000000000020e+30 1.000000000000000020e+30 1.000000000000000020e+30 1.000000000000000020e+30 1.000000000000000020e+30 1.000000000000000020e+30 1.000000000000000020e+30 1.000000000000000020e+30 1.000000000000000020e+30 1.000000000000000020e+30 1.000000000000000020e+30 1.000000000000000020e+30 1.000000000000000020e+30 4.216335434019559791e+00 4.161435516243341404e+00 4.160046770712498621e+00 4.171669252616787560e+00 4.182009430948393280e+00 4.187254841780270631e+00 4.186354630941700350e+00 4.178843001169238569e+00 4.163364117344592330e+00 1.000000000000000020e+30 1.000000000000000020e+30 1.000000000000000020e+30 1.000000000000000020e+30 1.000000000000000020e+30 1.000000000000000020e+30 1.000000000000000020e+30 1.000000000000000020e+30 1.000000000000000020e+30 1.000000000000000020e+30 1.000000000000000020e+30 1.000000000000000020e+30 1.000000000000000020e+30 1.000000000000000020e+30 1.000000000000000020e+30 1.000000000000000020e+30 1.000000000000000020e+30 1.000000000000000020e+30
1.000000000000000020e+30 1.000000000000000020e+30 2.575385270162522389e+00 2.611164931906744258e+00 2.632895740590819766e+00 2.652780094505668984e+00 2.672497748376506888e+00 2.698260989498832529e+00 2.779882742044041510e+00 2.821724840437068504e+00 1.000000000000000020e+30 1.000000000000000020e+30 1.000000000000000020e+30 1.000000000000000020e+30 1.000000000000000020e+30 1.000000000000000020e+30 1.000000000000000020e+30 1.000000000000000020e+30 1.000000000000000020e+30 1.000000000000000020e+30 1.000000000000000020e+30 1.000000000000000020e+30 1.000000000000000020e+30 1.000000000000000020e+30 1.000000000000000020e+30 1.000000000000000020e+30 1.000000000000000020e+30 1.000000000000000020e+30 1.000000000000000020e+30 1.000000000000000020e+30 1.000000000000000020e+30 4.237721163595816520e+00 4.213489237699635126e+00 4.216672281864241256e+00 4.223443212376389866e+00 4.226902841665646449e+00 4.222896042942357653e+00 4.211524966551976057e+00 4.192543509985087624e+00 1.000000000000000020e+30 1.000000000000000020e+30 1.000000000000000020e+30 1.000000000000000020e+30 1.000000000000000020e+30 1.000000000000000020e+30 1.000000000000000020e+30 1.000000000000000020e+30 1.000000000000000020e+30 1.000000000000000020e+30 1.000000000000000020e+30 1.000000000000000020e+30 1.000000000000000020e+30 1.000000000000000020e+30 1.000000000000000020e+30 1.000000000000000020e+30 1.000000000000000020e+30 1.000000000000000020e+30
1.000000000000000020e+30 1.000000000000000020e+30 1.000000000000000020e+30 2.671476825576981629e+00 2.689169176139925455e+00 2.713454953804681491e+00 2.753087501814091009e+00 2.831520292227015734e+00 2.888183005939804371e+00 1.000000000000000020e+30 1.000000000000000020e+30 1.000000000000000020e+30 1.000000000000000020e+30 1.000000000000000020e+30 1.000000000000000020e+30 1.000000000000000020e+30 1.000000000000000020e+30 1.000000000000000020e+30 1.000000000000000020e+30 1.000000000000000020e+30 1.000000000000000020e+30 1.000000000000000020e+30 1.000000000000000020e+30 1.000000000000000020e+30 1.000000000000000020e+30 1.000000000000000020e+30 1.000000000000000020e+30 1.000000000000000020e+30 1.000000000000000020e+30 1.000000000000000020e+30 1.000000000000000020e+30 1.000000000000000020e+30 4.287267435772546875e+00 4.263956662184519075e+00 4.259045366509697672e+00 4.258746990955795120e+00 4.251498854617585366e+00 4.236492335674375553e+00 4.215448229888253628e+00 1.000000000000000020e+30 1.000000000000000020e+30 1.000000000000000020e+30 1.000000000000000020e+30 1.000000000000000020e+30 1.000000000000000020e+30 1.000000000000000020e+30 1.000000000000000020e+30 1.000000000000000020e+30 1.000000000000000020e+30 1.000000000000000020e+30 1.000000000000000020e+30 1.000000000000000020e+30 1.000000000000000020e+30 1.000000000000000020e+30 1.000000000000000020e+30 1.000000000000000020e+30 1.000000000000000020e+30
1.000000000000000020e+30 1.000000000000000020e+30 1.000000000000000020e+30 2.715311350268739599e+00 2.754780981559920239e+00 2.843126254793396868e+00 2.917430617549223726e+00 2.953731194712581498e+00 1.000000000000000020e+30 1.000000000000000020e+30 1.000000000000000020e+30 1.000000000000000020e+30 1.000000000000000020e+30 1.000000000000000020e+30 1.000000000000000020e+30 1.000000000000000020e+30 1.000000000000000020e+30 1.000000000000000020e+30 1.000000000000000020e+30 1.000000000000000020e+30 1.000000000000000020e+30 1.000000000000000020e+30 1.000000000000000020e+30 1.000000000000000020e+30 1.000000000000000020e+30 1.000000000000000020e+30 1.000000000000000020e+30 1.000000000000000020e+30 1.000000000000000020e+30 1.000000000000000020e+30 1.000000000000000020e+30 1.000000000000000020e+30 1.000000000000000020e+30 4.335159487942953582e+00 4.304621067529389222e+00 4.284498796554546018e+00 4.272563791051296356e+00 4.252177940066336426e+00 4.230139881593437678e+00 1.000000000000000020e+30 1.000000000000000020e+30 1.000000000000000020e+30 1.000000000000000020e+30 1.000000000000000020e+30 1.000000000000000020e+30 1.000000000000000020e+30 1.000000000000000020e+30 1.000000000000000020e+30 1.000000000000000020e+30 1.000000000000000020e+30 1.000000000000000020e+30 1.000000000000000020e+30 1.000000000000000020e+30 1.000000000000000020e+30 1.000000000000000020e+30 1.000000000000000020e+30 1.000000000000000020e+30
1.000000000000000020e+30 1.000000000000000020e+30 1.000000000000000020e+30 1.000000000000000020e+30 3.135493673105924195e+00 3.040480864331882582e+00 3.058215466237846680e+00 1.000000000000000020e+30 1.000000000000000020e+30 1.000000000000000020e+30 1.000000000000000020e+30 1.000000000000000020e+30 1.000000000000000020e+30 1.000000000000000020e+30 1.000000000000000020e+30 1.000000000000000020e+30 1.000000000000000020e+30 1.000000000000000020e+30 1.000000000000000020e+30 1.000000000000000020e+30 1.000000000000000020e+30 1.000000000000000020e+30 1.000000000000000020e+30 1.000000000000000020e+30 1.000000000000000020e+30 1.000000000000000020e+30 1.000000000000000020e+30 1.000000000000000020e+30 1.000000000000000020e+30 1.000000000000000020e+30 1.000000000000000020e+30 1.000000000000000020e+30 1.000000000000000020e+30 1.000000000000000020e+30 4.353857544815186387e+00 4.304356408386669663e+00 4.287771470780608496e+00 4.254203107964359631e+00 4.235702941644833963e+00 1.000000000000000020e+30 1.000000000000000020e+30 1.000000000000000020e+30 1.000000000000000020e+30 1.000000000000000020e+30 1.000000000000000020e+30 1.000000000000000020e+30 1.000000000000000020e+30 1.000000000000000020e+30 1.000000000000000020e+30 1.000000000000000020e+30 1.000000000000000020e+30 1.000000000000000020e+30 1.000000000000000020e+30 1.000000000000000020e+30 1.000000000000000020e+30 1.000000000000000020e+30 1.000000000000000020e+30
1.000000000000000020e+30 1.000000000000000020e+30 1.000000000000000020e+30 1.000000000000000020e+30 3.426158473780754665e+00 1.000000000000000020e+30 1.000000000000000020e+30 1.000000000000000020e+30 1.000000000000000020e+30 1.000000000000000020e+30 1.000000000000000020e+30 1.000000000000000020e+30 1.000000000000000020e+30 1.000000000000000020e+30 1.000000000000000020e+30 1.000000000000000020e+30 1.000000000000000020e+30 1.000000000000000020e+30 1.000000000000000020e+30 1.000000000000000020e+30 1.000000000000000020e+30 1.000000000000000020e+30 1.000000000000000020e+30 1.000000000000000020e+30 1.000000000000000020e+30 1.000000000000000020e+30 1.000000000000000020e+30 1.000000000000000020e+30 1.000000000000000020e+30 1.000000000000000020e+30 1.000000000000000020e+30 1.000000000000000020e+30 1.000000000000000020e+30 1.000000000000000020e+30 1.000000000000000020e+30 4.318041067592940152e+00 4.308807850520341098e+00 1.000000000000000020e+30 1.000000000000000020e+30 1.000000000000000020e+30 1.000000000000000020e+30 1.000000000000000020e+30 1.000000000000000020e+30 1.000000000000000020e+30 1.000000000000000020e+30 1.000000000000000020e+30 1.000000000000000020e+30 1.000000000000000020e+30 1.000000000000000020e+30 1.000000000000000020e+30 1.000000000000000020e+30 1.000000000000000020e+30 1.000000000000000020e+30 1.000000000000000020e+30 1.000000000000000020e+30 1.000000000000000020e+30 1.000000000000000020e+30
