1.000000000000000020e+30 1.000000000000000020e+30 1.000000000000000020e+30 1.000000000000000020e+30 1.000000000000000020e+30 1.000000000000000020e+30 1.000000000000000020e+30 1.000000000000000020e+30 1.000000000000000020e+30 1.000000000000000020e+30 1.000000000000000020e+30 1.000000000000000020e+30 1.000000000000000020e+30 1.000000000000000020e+30 1.000000000000000020e+30 1.000000000000000020e+30 1.000000000000000020e+30 1.000000000000000020e+30 1.000000000000000020e+30 1.000000000000000020e+30 1.000000000000000020e+30 1.000000000000000020e+30 1.000000000000000020e+30 1.000000000000000020e+30 1.000000000000000020e+30 1.000000000000000020e+30 1.000000000000000020e+30 1.000000000000000020e+30 1.000000000000000020e+30 1.000000000000000020e+30 1.000000000000000020e+30 1.000000000000000020e+30 1.000000000000000020e+30 1.000000000000000020e+30 1.000000000000000020e+30 1.000000000000000020e+30 1.000000000000000020e+30 1.000000000000000020e+30 1.000000000000000020e+30 1.000000000000000020e+30 1.000000000000000020e+30 1.000000000000000020e+30 1.000000000000000020e+30 1.000000000000000020e+30 1.000000000000000020e+30 1.000000000000000020e+30 1.000000000000000020e+30 1.000000000000000020e+30 1.000000000000000020e+30 1.000000000000000020e+30 1.000000000000000020e+30 1.000000000000000020e+30 1.000000000000000020e+30 1.000000000000000020e+30 1.000000000000000020e+30 1.000000000000000020e+30 1.000000000000000020e+30
1.000000000000000020e+30 1.000000000000000020e+30 1.000000000000000020e+30 1.000000000000000020e+30 1.000000000000000020e+30 1.000000000000000020e+30 1.000000000000000020e+30 1.000000000000000020e+30 1.000000000000000020e+30 1.000000000000000020e+30 1.000000000000000020e+30 1.000000000000000020e+30 1.000000000000000020e+30 1.000000000000000020e+30 1.000000000000000020e+30 1.000000000000000020e+30 1.000000000000000020e+30 1.000000000000000020e+30 1.000000000000000020e+30 1.000000000000000020e+30 1.000000000000000020e+30 1.000000000000000020e+30 1.000000000000000020e+30 1.000000000000000020e+30 1.000000000000000020e+30 1.000000000000000020e+30 1.000000000000000020e+30 3.550595296345072427e+00 3.548248666553166064e+00 3.545050113464916386e+00 3.541420099387265985e+00 3.537463946582633856e+00 3.533222458047542869e+00 3.528712643240636382e+00 3.523954129045751227e+00 3.518978331759411660e+00 3.513833485663544032e+00 3.508588399970546945e+00 3.503337096905379422e+00 3.498207925266709317e+00 3.493387111804527656e+00 3.489185577976693153e+00 3.486244762366272454e+00 1.000000000000000020e+30 1.000000000000000020e+30 1.000000000000000020e+30 1.000000000000000020e+30 1.000000000000000020e+30 1.000000000000000020e+30 1.000000000000000020e+30 1.000000000000000020e+30 1.000000000000000020e+30 1.000000000000000020e+30 1.000000000000000020e+30 1.000000000000000020e+30 1.000000000000000020e+30 1.000000000000000020e+30
1.000000000000000020e+30 1.000000000000000020e+30 1.000000000000000020e+30 1.000000000000000020e+30 1.000000000000000020e+30 1.000000000000000020e+30 1.000000000000000020e+30 1.000000000000000020e+30 1.000000000000000020e+30 1.000000000000000020e+30 1.000000000000000020e+30 1.000000000000000020e+30 1.000000000000000020e+30 1.000000000000000020e+30 1.000000000000000020e+30 1.000000000000000020e+30 1.000000000000000020e+30 1.000000000000000020e+30 1.000000000000000020e+30 1.000000000000000020e+30 1.000000000000000020e+30 1.000000000000000020e+30 1.000000000000000020e+30 1.000000000000000020e+30 3.567593228568448627e+00 3.564919618608094698e+00 3.560854509688631264e+00 3.555266948727517473e+00 3.551410023221373446e+00 3.547769572920128400e+00 3.543989604617704181e+00 3.539970877943706018e+00 3.535684970297071406e+00 3.531126600268193361e+00 3.526306381412171564e+00 3.521251177368095231e+00 3.516005671071683825e+00 3.510634187287451358e+00 3.505221948692430090e+00 3.499874381295700054e+00 3.494712178174716133e+00 3.489842971395288984e+00 3.485216598575980651e+00 3.479885989185236284e+00 3.474961492042536459e+00 3.470630829349626634e+00 3.467151794419490507e+00 3.465142811769889697e+00 1.000000000000000020e+30 1.000000000000000020e+30 1.000000000000000020e+30 1.000000000000000020e+30 1.000000000000000020e+30 1.000000000000000020e+30 1.000000000000000020e+30 1.000000000000000020e+30 1.000000000000000020e+30
1.000000000000000020e+30 1.000000000000000020e+30 1.000000000000000020e+30 1.000000000000000020e+30 1.000000000000000020e+30 1.000000000000000020e+30 1.000000000000000020e+30 1.000000000000000020e+30 1.000000000000000020e+30 1.000000000000000020e+30 1.000000000000000020e+30 1.000000000000000020e+30 1.000000000000000020e+30 1.000000000000000020e+30 1.000000000000000020e+30 1.000000000000000020e+30 1.000000000000000020e+30 1.000000000000000020e+30 1.000000000000000020e+30 1.000000000000000020e+30 1.000000000000000020e+30 3.584734075634130157e+00 3.582236844320440650e+00 3.578328330146862246e+00 3.572698379693389548e+00 3.568725137020181570e+00 3.564764504458582284e+00 3.560505167940720472e+00 3.556639343979199008e+00 3.552886388772996451e+00 3.549028650154355979e+00 3.544951294998460511e+00 3.540599473557924259e+00 3.535952527398641632e+00 3.531012638547473159e+00 3.525801420424496069e+00 3.520359354974847754e+00 3.514745658110320470e+00 3.509036551824512351e+00 3.503319328657552578e+00 3.497680070861954871e+00 3.492175567126148739e+00 3.486779026527170533e+00 3.481342317195827984e+00 3.476203392802515779e+00 3.471588872026142969e+00 3.467699439517859084e+00 3.464915216931654829e+00 3.462975706714610080e+00 1.000000000000000020e+30 1.000000000000000020e+30 1.000000000000000020e+30 1.000000000000000020e+30 1.000000000000000020e+30 1.000000000000000020e+30 1.000000000000000020e+30 1.000000000000000020e+30
1.000000000000000020e+30 1.000000000000000020e+30 1.000000000000000020e+30 1.000000000000000020e+30 1.000000000000000020e+30 1.000000000000000020e+30 1.000000000000000020e+30 1.000000000000000020e+30 1.000000000000000020e+30 1.000000000000000020e+30 1.000000000000000020e+30 1.000000000000000020e+30 1.000000000000000020e+30 1.000000000000000020e+30 1.000000000000000020e+30 1.000000000000000020e+30 1.000000000000000020e+30 1.000000000000000020e+30 3.600695856716564780e+00 3.598471990513218088e+00 3.594954279576372258e+00 3.589769908311287505e+00 3.586170284402101061e+00 3.582546377123891901e+00 3.578555369444975209e+00 3.574914738404305847e+00 3.571339440515871377e+00 3.567688432725248493e+00 3.564071280617551629e+00 3.560399500425996511e+00 3.556554260503163700e+00 3.552446300155362113e+00 3.548021221788813850e+00 3.543253325187237124e+00 3.538140181449657362e+00 3.532699857757307882e+00 3.526969877462430070e+00 3.521006263997764840e+00 3.514880734596847134e+00 3.508673558461435249e+00 3.502463763233362393e+00 3.496314888167573187e+00 3.490265212338889977e+00 3.484352904233857462e+00 3.478748603928746963e+00 3.473626833364077626e+00 3.469161756970403410e+00 3.465608172857137070e+00 3.462801810393888235e+00 3.460774363490777716e+00 1.000000000000000020e+30 1.000000000000000020e+30 1.000000000000000020e+30 1.000000000000000020e+30 1.000000000000000020e+30 1.000000000000000020e+30 1.000000000000000020e+30
1.000000000000000020e+30 1.000000000000000020e+30 1.000000000000000020e+30 1.000000000000000020e+30 1.000000000000000020e+30 1.000000000000000020e+30 1.000000000000000020e+30 1.000000000000000020e+30 1.000000000000000020e+30 1.000000000000000020e+30 1.000000000000000020e+30 1.000000000000000020e+30 1.000000000000000020e+30 1.000000000000000020e+30 1.000000000000000020e+30 1.000000000000000020e+30 3.612711589136154977e+00 3.610139872511124892e+00 3.605556930287387107e+00 3.602388619585220386e+00 3.599220917245232965e+00 3.595741308461983365e+00 3.592633194096821025e+00 3.589607940732494562e+00 3.586515172098085902e+00 3.583471146256223427e+00 3.580399194306271848e+00 3.577222203884005136e+00 3.573917665485545125e+00 3.570421193904236290e+00 3.566652361602034471e+00 3.562541560797456874e+00 3.558040326691343846e+00 3.553122922875389111e+00 3.547785339635237900e+00 3.542044286253343888e+00 3.535936599979066841e+00 3.529518202844031283e+00 3.522861203565879951e+00 3.516048337020383663e+00 3.509165880829226758e+00 3.502296078118825040e+00 3.495519352630685361e+00 3.488927881763176142e+00 3.482653384514665884e+00 3.476822792262531880e+00 3.471734290796368860e+00 3.467327730277984799e+00 3.463601611261319491e+00 3.460495722511685024e+00 3.457721953369789158e+00 3.456010522200765767e+00 1.000000000000000020e+30 1.000000000000000020e+30 1.000000000000000020e+30 1.000000000000000020e+30 1.000000000000000020e+30
1.000000000000000020e+30 1.000000000000000020e+30 1.000000000000000020e+30 1.000000000000000020e+30 1.000000000000000020e+30 1.000000000000000020e+30 1.000000000000000020e+30 1.000000000000000020e+30 1.000000000000000020e+30 1.000000000000000020e+30 1.000000000000000020e+30 1.000000000000000020e+30 1.000000000000000020e+30 1.000000000000000020e+30 1.000000000000000020e+30 3.622002162779829781e+00 3.617991016694327211e+00 3.614843054919934850e+00 3.611636629570063928e+00 3.608912637925284272e+00 3.606385662996721031e+00 3.603900510530045675e+00 3.601554769093655572e+00 3.599259655200204300e+00 3.596928604144640218e+00 3.594536674506651597e+00 3.592022875858036368e+00 3.589319105430184287e+00 3.586367686925876264e+00 3.583102458236158583e+00 3.579454166319213204e+00 3.575361978898994320e+00 3.570781158303488745e+00 3.565686547439972820e+00 3.560073802373233232e+00 3.553959831151310311e+00 3.547382888095667042e+00 3.540401859667347217e+00 3.533093873122892248e+00 3.525549991532374250e+00 3.517869982808574214e+00 3.510158051604713059e+00 3.502523213943610880e+00 3.495084686199694701e+00 3.487978758402157542e+00 3.481339812411644363e+00 3.475426169514512331e+00 3.470143760162416324e+00 3.465541795909356626e+00 3.461625124484157379e+00 3.458382731784849451e+00 3.456014655842620353e+00 3.454518067707479378e+00 1.000000000000000020e+30 1.000000000000000020e+30 1.000000000000000020e+30 1.000000000000000020e+30
1.000000000000000020e+30 1.000000000000000020e+30 1.000000000000000020e+30 1.000000000000000020e+30 1.000000000000000020e+30 1.000000000000000020e+30 1.000000000000000020e+30 1.000000000000000020e+30 1.000000000000000020e+30 1.000000000000000020e+30 1.000000000000000020e+30 1.000000000000000020e+30 1.000000000000000020e+30 1.000000000000000020e+30 3.633567270373806224e+00 3.628772671563484487e+00 3.625130860122387944e+00 3.622299304714037937e+00 3.619893050737288842e+00 3.617886220893540283e+00 3.616137576912123119e+00 3.614531444465637566e+00 3.613019836560084741e+00 3.611523804767986512e+00 3.609960884638021117e+00 3.608262741679835628e+00 3.606355011111379572e+00 3.604160898924759326e+00 3.601606419523250224e+00 3.598618087734126281e+00 3.595125996075179131e+00 3.591069944455941965e+00 3.586404922645874294e+00 3.581104827457222584e+00 3.575164763181228000e+00 3.568602499800173966e+00 3.561459263710279544e+00 3.553799522967061808e+00 3.545709215397284897e+00 3.537292299907446314e+00 3.528666303791584191e+00 3.519958143414801288e+00 3.511302175874729592e+00 3.502840294326480031e+00 3.494729902112495346e+00 3.487218508857755417e+00 3.480306365632810817e+00 3.474066942247461043e+00 3.468559310531689199e+00 3.463823140348059049e+00 3.459897083011555186e+00 3.456857710886946933e+00 3.454725333715494173e+00 3.453486983315064762e+00 1.000000000000000020e+30 1.000000000000000020e+30 1.000000000000000020e+30
1.000000000000000020e+30 1.000000000000000020e+30 1.000000000000000020e+30 1.000000000000000020e+30 1.000000000000000020e+30 1.000000000000000020e+30 1.000000000000000020e+30 1.000000000000000020e+30 1.000000000000000020e+30 1.000000000000000020e+30 1.000000000000000020e+30 1.000000000000000020e+30 1.000000000000000020e+30 3.646455356424103567e+00 3.641184390833385631e+00 3.637172473246081061e+00 3.634211116306750089e+00 3.632051985933235194e+00 3.630460393526686591e+00 3.629297864983848765e+00 3.628429577118405192e+00 3.627736798995917944e+00 3.627123958764771228e+00 3.626494548262989337e+00 3.625752566066081428e+00 3.624806283424082842e+00 3.623564047506448116e+00 3.621934811817582034e+00 3.619830331784289257e+00 3.617166464147345994e+00 3.613866188004490887e+00 3.609864033924302884e+00 3.605110577029023045e+00 3.599576238420468144e+00 3.593254286016955845e+00 3.586163135659832246e+00 3.578347883355817327e+00 3.569880712325118388e+00 3.560859706005344627e+00 3.551405867484138223e+00 3.541658733838713324e+00 3.531771309790833868e+00 3.521904478065073452e+00 3.512215689953081199e+00 3.503042163109684193e+00 3.494382638165840937e+00 3.486358485641199323e+00 3.479066736648229963e+00 3.472582770801929009e+00 3.466964001199631884e+00 3.462257445516597976e+00 3.458510735886378029e+00 3.455738223867393266e+00 3.453943284776494593e+00 3.453043524684462184e+00 1.000000000000000020e+30 1.000000000000000020e+30
1.000000000000000020e+30 1.000000000000000020e+30 1.000000000000000020e+30 1.000000000000000020e+30 1.000000000000000020e+30 1.000000000000000020e+30 1.000000000000000020e+30 1.000000000000000020e+30 1.000000000000000020e+30 1.000000000000000020e+30 1.000000000000000020e+30 1.000000000000000020e+30 3.660171750272908309e+00 3.654618321266326575e+00 3.650393339005755244e+00 3.647340495198730270e+00 3.645278243384856065e+00 3.644015649283996794e+00 3.643365277160890425e+00 3.643171532805245416e+00 3.643292712021060087e+00 3.643598769714740282e+00 3.643970583974350586e+00 3.644292717999429776e+00 3.644451694358913141e+00 3.644336223185028256e+00 3.643836388594453801e+00 3.642844267764304256e+00 3.641255686830894955e+00 3.638972480228748640e+00 3.635905719541223213e+00 3.631979770418054976e+00 3.627136615234921813e+00 3.621339990593132718e+00 3.614579128514985751e+00 3.606871976003122704e+00 3.598267648330764068e+00 3.588847666840440986e+00 3.578725436311444241e+00 3.568043583693701670e+00 3.556969243775200074e+00 3.545688133777529227e+00 3.534400285876976966e+00 3.523329897218440809e+00 3.512810165733967871e+00 3.502832157207109276e+00 3.493553490415953977e+00 3.485092735825905397e+00 3.477538791499443338e+00 3.470960248368656575e+00 3.465402010150943291e+00 3.460913503934327728e+00 3.457480560842778772e+00 3.455194689337274472e+00 3.454063169512598286e+00 1.000000000000000020e+30 1.000000000000000020e+30
1.000000000000000020e+30 1.000000000000000020e+30 1.000000000000000020e+30 1.000000000000000020e+30 1.000000000000000020e+30 1.000000000000000020e+30 1.000000000000000020e+30 1.000000000000000020e+30 1.000000000000000020e+30 1.000000000000000020e+30 1.000000000000000020e+30 3.674390144364134247e+00 3.668690265006781637e+00 3.664376699707563745e+00 3.661321706689203204e+00 3.659379808798525424e+00 3.658397344549449315e+00 3.658208376849501064e+00 3.658647051894463154e+00 3.659557698591830555e+00 3.660792593809359730e+00 3.662210744998436684e+00 3.663676603500781059e+00 3.665057284910445023e+00 3.666221194828064078e+00 3.667037785199292355e+00 3.667377723040790016e+00 3.667113948401411250e+00 3.666123644489302613e+00 3.664290974844520044e+00 3.661510632349352257e+00 3.657692080258398981e+00 3.652764203308061397e+00 3.646680091273073909e+00 3.639421741556200907e+00 3.631004456054363949e+00 3.621480568781585418e+00 3.610941926190314621e+00 3.599520371175907396e+00 3.587385464907772548e+00 3.574738813333432130e+00 3.561804341118490314e+00 3.548812438350847476e+00 3.536204392732449797e+00 3.524056420442366999e+00 3.512547055514517957e+00 3.501841969484467132e+00 3.492075747794494145e+00 3.483341552560507370e+00 3.475723100382110964e+00 3.469234973955555912e+00 3.463995399959741484e+00 3.460018944671777508e+00 3.457220679600164992e+00 3.455644094381134845e+00 3.455344272637852043e+00 1.000000000000000020e+30
1.000000000000000020e+30 1.000000000000000020e+30 1.000000000000000020e+30 1.000000000000000020e+30 1.000000000000000020e+30 1.000000000000000020e+30 1.000000000000000020e+30 1.000000000000000020e+30 1.000000000000000020e+30 1.000000000000000020e+30 3.688876722621854842e+00 3.683130008140541367e+00 3.678821416767763974e+00 3.675843458894215043e+00 3.674074654503996396e+00 3.673388135955753864e+00 3.673642795716383525e+00 3.674687874563882239e+00 3.676368255578791544e+00 3.678529146646538628e+00 3.681017595484295857e+00 3.683682660275179099e+00 3.686374723269885134e+00 3.688944284854327460e+00 3.691241272415710206e+00 3.693115087345086867e+00 3.694415310630998928e+00 3.694993198608583107e+00 3.694704020299165226e+00 3.693410219543464823e+00 3.690985390972811420e+00 3.687318990321634349e+00 3.682321629333101587e+00 3.675930787320154547e+00 3.668116765778723920e+00 3.658888645706466658e+00 3.648299830266631183e+00 3.636452472519278611e+00 3.623499761538222508e+00 3.609644784517882066e+00 3.595134647375248349e+00 3.580248844531479957e+00 3.565281552330846093e+00 3.550758603479505116e+00 3.536740777143454029e+00 3.523472573065469238e+00 3.511146084727114314e+00 3.499924311213664208e+00 3.489878427568681385e+00 3.481165398278481149e+00 3.473827509750248677e+00 3.467796650039138839e+00 3.463107412244443850e+00 3.459734305890393102e+00 3.457641066529094420e+00 3.456739812946874935e+00 1.000000000000000020e+30
1.000000000000000020e+30 1.000000000000000020e+30 1.000000000000000020e+30 1.000000000000000020e+30 1.000000000000000020e+30 1.000000000000000020e+30 1.000000000000000020e+30 1.000000000000000020e+30 1.000000000000000020e+30 3.703437845841763831e+00 3.697738841978884139e+00 3.693506903126876573e+00 3.690666092788035701e+00 3.689115825188779674e+00 3.688752237502082032e+00 3.689455894191024488e+00 3.691095731979816552e+00 3.693530094536088271e+00 3.696608797958420567e+00 3.700176181108475237e+00 3.704073663821756845e+00 3.708140523677410982e+00 3.712213576780537760e+00 3.716126641881907666e+00 3.719710374064297831e+00 3.722792699488470802e+00 3.725199928311905051e+00 3.726758638399092050e+00 3.727298398055511885e+00 3.726655362483973999e+00 3.724676755471309608e+00 3.721226209520770656e+00 3.716189904100549946e+00 3.709483427891612894e+00 3.701059273233890945e+00 3.690914795946153237e+00 3.679100276709012185e+00 3.665726340834878361e+00 3.650969404655624473e+00 3.635073115597712512e+00 3.618343332791710498e+00 3.601134740713624716e+00 3.583827756003507670e+00 3.567018292909235999e+00 3.550815211804806193e+00 3.535526671218485628e+00 3.521348072115926264e+00 3.508534777015356987e+00 3.497194646643690508e+00 3.487299997949010688e+00 3.478911370478467990e+00 3.472024013591690661e+00 3.466621617588105497e+00 3.462684681767358441e+00 3.460149777582500086e+00 3.458935019889318951e+00 1.000000000000000020e+30
1.000000000000000020e+30 1.000000000000000020e+30 1.000000000000000020e+30 1.000000000000000020e+30 1.000000000000000020e+30 1.000000000000000020e+30 1.000000000000000020e+30 1.000000000000000020e+30 3.718434461767822885e+00 3.712574065590394490e+00 3.708285549325164077e+00 3.705614980524540414e+00 3.704312912150423465e+00 3.704287250575181378e+00 3.705444185297487092e+00 3.707669653603659743e+00 3.710840156222421804e+00 3.714819706005043631e+00 3.719460020524412602e+00 3.724602087757229896e+00 3.730080540548942114e+00 3.735724437232129880e+00 3.741356656979138773e+00 3.746793595787183406e+00 3.751845344378095248e+00 3.756316430390663097e+00 3.760007230713964699e+00 3.762716166227817016e+00 3.764242774832342153e+00 3.764391735141624729e+00 3.762977889467562065e+00 3.759832291104971524e+00 3.754809288718986782e+00 3.747794668654100825e+00 3.738714893222293334e+00 3.727547457082482918e+00 3.714332243189131244e+00 3.699183328351839606e+00 3.682299735197305246e+00 3.663972038742409065e+00 3.644580174263656769e+00 3.624579484641758942e+00 3.604488152591744932e+00 3.584960443971406896e+00 3.566183401500313543e+00 3.548601353065991226e+00 3.532474072041189128e+00 3.517888061788176035e+00 3.504981065952381236e+00 3.493788528296914109e+00 3.484315516360703135e+00 3.476554329278533917e+00 3.470429337352592736e+00 3.465963744889267062e+00 3.463053970341313015e+00 3.461625895610096038e+00 1.000000000000000020e+30
1.000000000000000020e+30 1.000000000000000020e+30 1.000000000000000020e+30 1.000000000000000020e+30 1.000000000000000020e+30 1.000000000000000020e+30 1.000000000000000020e+30 3.733322774016163415e+00 3.727560684805247160e+00 3.723366566242605646e+00 3.720661571144774804e+00 3.719526584864578655e+00 3.719848311188000967e+00 3.721437679891889783e+00 3.724232918585334673e+00 3.728111864713566259e+00 3.732959309082714228e+00 3.738644557230112575e+00 3.745020111960409626e+00 3.751919230619908507e+00 3.759168394854947692e+00 3.766586106046729387e+00 3.773980564499953338e+00 3.781149550582481034e+00 3.787880895975749507e+00 3.793953410461421427e+00 3.799138457754449139e+00 3.803202353084630172e+00 3.805909714978481961e+00 3.807027877687807926e+00 3.806332447002804820e+00 3.803614064350063995e+00 3.798686444538861728e+00 3.791395791324047249e+00 3.781631789262451360e+00 3.769340511193308263e+00 3.754539674566915508e+00 3.737336434740412994e+00 3.717946685028858944e+00 3.696711650505043689e+00 3.674101573589615644e+00 3.650687931487697213e+00 3.627296893516640086e+00 3.604526583265891482e+00 3.582876640716472938e+00 3.562652407938180499e+00 3.544169047825174168e+00 3.527591152104793792e+00 3.513006851830653865e+00 3.500448035728450868e+00 3.489854123216804549e+00 3.481257312417294081e+00 3.474585881852098712e+00 3.469664563247803368e+00 3.466436524882458681e+00 3.464841604029830435e+00 1.000000000000000020e+30
1.000000000000000020e+30 1.000000000000000020e+30 1.000000000000000020e+30 1.000000000000000020e+30 1.000000000000000020e+30 1.000000000000000020e+30 3.747994969614953042e+00 3.742424627720668084e+00 3.738422342945456389e+00 3.735946361792181758e+00 3.734968708850189056e+00 3.735475116677849705e+00 3.737357304154917514e+00 3.740628501487538227e+00 3.745196507460178736e+00 3.750859613971606610e+00 3.757532228690975362e+00 3.765090557234269220e+00 3.773390827149074589e+00 3.782245911203037103e+00 3.791474576008293518e+00 3.800886017819797846e+00 3.810272738803269110e+00 3.819412333975548801e+00 3.828068405049152911e+00 3.835991453724128863e+00 3.842920422319873630e+00 3.848585149823181784e+00 3.852709899606336030e+00 3.855018093311497029e+00 3.855238357863676413e+00 3.853111968781047114e+00 3.848401766081790409e+00 3.840902672141349061e+00 3.830454125714529923e+00 3.816955147574518037e+00 3.800383385134324055e+00 3.780820060597010368e+00 3.758482234384630249e+00 3.733759812106483889e+00 3.707243801753698165e+00 3.679715235794007278e+00 3.652307255021765453e+00 3.625680547333611337e+00 3.600506107265859068e+00 3.577224789544600103e+00 3.556125902404005945e+00 3.537377163388318202e+00 3.521000325729028546e+00 3.507064658820305159e+00 3.495495342995301513e+00 3.486097198231095096e+00 3.478788533212262557e+00 3.473435260535704394e+00 3.469930285254038793e+00 3.468198192392615731e+00 1.000000000000000020e+30
1.000000000000000020e+30 1.000000000000000020e+30 1.000000000000000020e+30 1.000000000000000020e+30 1.000000000000000020e+30 3.761963756093603450e+00 3.756976871798266782e+00 3.753333753359808789e+00 3.751106306755030761e+00 3.750360770380988473e+00 3.751120471714235016e+00 3.753370598950684922e+00 3.757053090052094202e+00 3.762112248099077405e+00 3.768425909964740583e+00 3.775982079361621224e+00 3.784629337555077910e+00 3.794233154671449171e+00 3.804677203205969249e+00 3.815704276978682863e+00 3.827139979146597426e+00 3.838790180101813831e+00 3.850428696960381814e+00 3.861810854862163023e+00 3.872673993485627353e+00 3.882737631265850364e+00 3.891704677797602319e+00 3.899263782452281113e+00 3.905092910373304083e+00 3.908864311204504283e+00 3.910251003810123471e+00 3.908934856166336846e+00 3.904616281266774180e+00 3.897025567197665019e+00 3.885936059260512998e+00 3.871180075314060609e+00 3.852669906038149961e+00 3.830428686713427844e+00 3.804638473961077239e+00 3.775711488836456908e+00 3.744373784400440552e+00 3.711703640606912380e+00 3.679235786167706745e+00 3.647950556056843485e+00 3.618688150092420841e+00 3.591946481567187099e+00 3.567957565392191999e+00 3.546915590454818190e+00 3.528819114955749292e+00 3.513501932188632271e+00 3.500858235043687205e+00 3.490699519025010300e+00 3.482850923179949820e+00 3.477137492689626797e+00 3.473410864567259893e+00 3.471572581882954811e+00 1.000000000000000020e+30
1.000000000000000020e+30 1.000000000000000020e+30 1.000000000000000020e+30 1.000000000000000020e+30 1.000000000000000020e+30 3.770429529508773303e+00 3.768058499935560413e+00 3.766244615240217364e+00 3.765714153678451304e+00 3.766676658567927216e+00 3.769189164076890641e+00 3.773242434899249265e+00 3.778794374602490347e+00 3.785786603046479737e+00 3.794137257764294890e+00 3.803769907257017469e+00 3.814561557036811656e+00 3.826366155458290397e+00 3.839000448196911108e+00 3.852419092572427761e+00 3.866303143482503923e+00 3.880466294450400699e+00 3.894648859348437853e+00 3.908582143546864174e+00 3.921975819984283795e+00 3.934515943784848702e+00 3.945865725223790310e+00 3.955667672496945730e+00 3.963547059967339248e+00 3.969117033042103060e+00 3.971985487859804653e+00 3.971763808306970844e+00 3.968077359169148277e+00 3.960577430326090109e+00 3.948954293469246313e+00 3.932951639877155792e+00 3.912384844936999340e+00 3.887170653748605265e+00 3.857385489094042441e+00 3.823382176832474055e+00 3.785987223287590187e+00 3.746725200604160033e+00 3.707808812056062386e+00 3.670871590431929565e+00 3.636881290668443345e+00 3.606317022619249801e+00 3.579361525912708064e+00 3.555914945933934757e+00 3.535927410619206679e+00 3.519248878603874697e+00 3.505653418578114522e+00 3.494864147016237599e+00 3.486611232727595322e+00 3.480648891539593670e+00 3.476777865943326162e+00 3.474872479643005718e+00 1.000000000000000020e+30
1.000000000000000020e+30 1.000000000000000020e+30 1.000000000000000020e+30 1.000000000000000020e+30 3.791309872971990735e+00 3.784781883294145555e+00 3.782083244157090185e+00 3.781354661176060894e+00 3.782310822684241458e+00 3.784929953675414183e+00 3.789207695060747394e+00 3.795118883579104097e+00 3.802622311745635475e+00 3.811661728293344265e+00 3.822162714087648183e+00 3.834035407231099146e+00 3.847162031134308435e+00 3.861399500126627693e+00 3.876578156311495604e+00 3.892507936268515323e+00 3.909085326233778357e+00 3.926080785241869542e+00 3.943135389651171163e+00 3.959967726218095230e+00 3.976260437123863678e+00 3.991663929085808693e+00 4.005798073588818120e+00 4.018254182238749195e+00 4.028598065932674110e+00 4.036375165230531081e+00 4.041117786640536558e+00 4.042354650822509221e+00 4.039622532189730109e+00 4.032479170985119765e+00 4.020515918936358624e+00 4.003368240157506364e+00 3.980723714831236215e+00 3.952333581304200649e+00 3.918051959198887602e+00 3.877976664976919619e+00 3.832814539237830775e+00 3.784804000708338556e+00 3.737611946931005402e+00 3.693872593052018427e+00 3.654508589920581585e+00 3.619788585105509604e+00 3.589591615317348161e+00 3.563667522211618532e+00 3.541828700888914216e+00 3.523922295442782460e+00 3.509581137263428907e+00 3.498382932516120203e+00 3.489930100804934821e+00 3.483879650383239213e+00 3.479968068629192057e+00 3.478043970539863583e+00 1.000000000000000020e+30
1.000000000000000020e+30 1.000000000000000020e+30 1.000000000000000020e+30 1.000000000000000020e+30 3.801455232758040204e+00 3.798877241545109751e+00 3.797692764508064034e+00 3.798332785167267911e+00 3.800807495235088762e+00 3.805097822508392014e+00 3.811176637002611223e+00 3.819010160740857973e+00 3.828555596753730139e+00 3.839758029938734385e+00 3.852545402150619580e+00 3.866826455771480209e+00 3.882486527481522121e+00 3.899386929523793732e+00 3.917364957121800551e+00 3.936237397485063294e+00 3.955810027618215319e+00 3.975808817048541055e+00 3.996089313567247725e+00 4.016208870504248907e+00 4.035817931645943268e+00 4.054527988756392531e+00 4.071911910675524382e+00 4.087504935121716088e+00 4.100806337917846989e+00 4.111284582213515115e+00 4.118384758363694331e+00 4.121539234751496750e+00 4.120181325329633104e+00 4.113760723953501675e+00 4.101757564058782890e+00 4.083689249988379011e+00 4.059102156617326429e+00 4.027541086185168595e+00 3.988495983131667977e+00 3.941444823758370575e+00 3.886311505445226633e+00 3.825395744983962842e+00 3.767313501204481607e+00 3.715388267725190818e+00 3.670192002504869766e+00 3.631269117109683364e+00 3.597931214653121934e+00 3.569582739061178067e+00 3.545926315151932240e+00 3.527060558359919717e+00 3.512321098283412990e+00 3.501060804875907095e+00 3.492708454223516057e+00 3.486794292306388598e+00 3.482971884572113375e+00 3.481080453061059732e+00 1.000000000000000020e+30
1.000000000000000020e+30 1.000000000000000020e+30 1.000000000000000020e+30 3.824888961401924803e+00 3.817839780694817886e+00 3.815224346023759150e+00 3.815108391180642489e+00 3.817114198109760270e+00 3.821140724619760842e+00 3.827141695290554591e+00 3.835077153875229516e+00 3.844909493797382893e+00 3.856596340235247666e+00 3.870084910730088534e+00 3.885306157789019110e+00 3.902171716496433351e+00 3.920571188909292459e+00 3.940370258740963916e+00 3.961409017368347829e+00 3.983500562487492402e+00 4.006427581417307593e+00 4.029925776018910000e+00 4.053696876233397361e+00 4.077538915120948460e+00 4.100935537200775194e+00 4.123457259068222136e+00 4.144627064404545536e+00 4.163920383587901952e+00 4.180762564494295397e+00 4.194535254759855114e+00 4.204583186844540243e+00 4.210226224463403888e+00 4.210776407219963602e+00 4.205559080467902611e+00 4.193934129924718590e+00 4.175306855527646910e+00 4.149110333686231833e+00 4.114733354274639154e+00 4.071255950941186974e+00 4.017076066088257846e+00 3.949664002871605906e+00 3.866929209510458598e+00 3.794098155687908758e+00 3.733164775991364426e+00 3.682374249989767367e+00 3.639748720607330235e+00 3.603700885750202421e+00 3.573079470917915668e+00 3.547378911193139750e+00 3.528114555195125401e+00 3.513546313979857505e+00 3.502742914175455802e+00 3.494918211205102487e+00 3.489448241895309888e+00 3.485855567996713589e+00 3.484025476031066937e+00 1.000000000000000020e+30
1.000000000000000020e+30 1.000000000000000020e+30 1.000000000000000020e+30 3.835711489958967935e+00 3.833517317508027045e+00 3.832781936359527464e+00 3.834112563197241030e+00 3.837602098957213936e+00 3.843246385856263103e+00 3.851017262262694807e+00 3.860878872189981603e+00 3.872796561039545171e+00 3.886731999814490468e+00 3.902636765069885882e+00 3.920447203227145128e+00 3.940081034046774899e+00 3.961434390262390082e+00 3.984378759745067278e+00 4.008757633672604292e+00 4.034382722064171922e+00 4.061028934642249233e+00 4.088427299166306206e+00 4.116264234327703164e+00 4.144177341783442436e+00 4.171890720627477123e+00 4.198796171902131391e+00 4.224364718549305842e+00 4.248012195143162195e+00 4.269081065222957605e+00 4.286856563667932107e+00 4.300568034797970007e+00 4.309402776501015886e+00 4.312527539829551948e+00 4.309119417217127435e+00 4.298404601035554329e+00 4.279691135571898286e+00 4.252367549285532178e+00 4.215927205619982132e+00 4.169408724046649972e+00 4.110636311181186109e+00 4.032445161463346750e+00 3.902528277970976678e+00 3.812348235538330687e+00 3.743868871851618430e+00 3.689217872060329473e+00 3.644271255943301924e+00 3.606487127557555183e+00 3.573941668508940683e+00 3.544544230147569586e+00 3.526515730971814477e+00 3.512972028714714590e+00 3.503358803101621621e+00 3.496644768622175103e+00 3.492061274596332865e+00 3.488795491369654389e+00 3.486950299474645298e+00 1.000000000000000020e+30
1.000000000000000020e+30 1.000000000000000020e+30 1.000000000000000020e+30 3.852547761937938020e+00 3.851541708463124269e+00 3.852066627988086189e+00 3.854759092770069451e+00 3.859758069499278577e+00 3.867073193682016630e+00 3.876678295172983457e+00 3.888543343590208590e+00 3.902639816198754552e+00 3.918936365743367123e+00 3.937392219725915243e+00 3.957952510925807577e+00 3.980544611046095138e+00 4.005074403847030950e+00 4.031422067134377230e+00 4.059437357385184519e+00 4.088934456381891458e+00 4.119686292916743930e+00 4.151418552785239413e+00 4.183805036789041587e+00 4.216462209357840329e+00 4.248943256142920788e+00 4.280876000381176105e+00 4.311535339341147299e+00 4.340293135699240246e+00 4.366389889023730930e+00 4.389009801845768166e+00 4.407249407536650843e+00 4.420138256501573437e+00 4.426663406844545179e+00 4.425811776472000858e+00 4.416640203745675564e+00 4.398357758699725117e+00 4.370563865716206031e+00 4.332842778218729762e+00 4.285231600003814201e+00 4.228746281865708667e+00 4.171706953621878711e+00 1.000000000000000020e+30 1.000000000000000020e+30 1.000000000000000020e+30 1.000000000000000020e+30 1.000000000000000020e+30 1.000000000000000020e+30 1.000000000000000020e+30 3.532471587359358178e+00 3.522465587326712999e+00 3.510422533641992970e+00 3.502980162639071526e+00 3.498110537652946661e+00 3.495193900138987342e+00 3.492140520584329444e+00 3.489849117407793688e+00 1.000000000000000020e+30
1.000000000000000020e+30 1.000000000000000020e+30 3.883339419286365946e+00 3.874286876091693088e+00 3.871925159702434005e+00 3.873068948886630114e+00 3.876999572269326233e+00 3.883523741312187472e+00 3.892563753140259486e+00 3.904073352026670829e+00 3.918024416394867870e+00 3.934396851122697214e+00 3.953169535195492301e+00 3.974313457294243346e+00 3.997786872956637705e+00 4.023531132381895858e+00 4.051466054410196804e+00 4.081484586325180075e+00 4.113446902896408908e+00 4.147174155910130722e+00 4.182441996011872831e+00 4.218974004848879744e+00 4.256435257917127402e+00 4.294425272349072564e+00 4.332469690415465813e+00 4.370008451344938649e+00 4.406517196111855661e+00 4.441266155450056097e+00 4.473315428451895670e+00 4.501775763821641796e+00 4.525585896423745424e+00 4.543588611063402283e+00 4.554544581519799351e+00 4.557176695692899848e+00 4.550286853952218102e+00 4.533036968649032161e+00 4.504760107279773607e+00 4.465539434803043051e+00 4.415590129102139549e+00 4.352806932241700011e+00 4.259343249595024972e+00 1.000000000000000020e+30 1.000000000000000020e+30 1.000000000000000020e+30 1.000000000000000020e+30 1.000000000000000020e+30 1.000000000000000020e+30 1.000000000000000020e+30 1.000000000000000020e+30 1.000000000000000020e+30 3.505217580783944964e+00 3.501929749900269506e+00 3.499488751433120548e+00 3.500303057217991398e+00 3.496557439524027089e+00 3.492284767421333314e+00 1.000000000000000020e+30
1.000000000000000020e+30 1.000000000000000020e+30 3.896432369548365138e+00 3.893323384086460504e+00 3.892777636380153172e+00 3.895265466196994986e+00 3.900651183570023939e+00 3.908807242563305806e+00 3.919653261435170233e+00 3.933146845023717919e+00 3.949269777603180209e+00 3.968015485969532019e+00 3.989378133009578331e+00 4.013345609360977839e+00 4.039894517967370646e+00 4.068985386013141969e+00 4.100557132801782245e+00 4.134520637286774658e+00 4.170751701963912872e+00 4.209083746953982796e+00 4.249300435173211099e+00 4.291128273636135582e+00 4.334229074022294625e+00 4.378191904781290944e+00 4.422524616964131461e+00 4.466646817274173564e+00 4.509893529102001253e+00 4.551427672321531226e+00 4.590454030985582357e+00 4.625934562159976338e+00 4.656568943907864799e+00 4.680993772079673931e+00 4.697693607315049924e+00 4.705005849097577020e+00 4.701495997142177252e+00 4.685554408192133202e+00 4.656574475589396300e+00 4.615450375138587802e+00 4.565031801294115787e+00 4.513509560577766422e+00 1.000000000000000020e+30 1.000000000000000020e+30 1.000000000000000020e+30 1.000000000000000020e+30 1.000000000000000020e+30 1.000000000000000020e+30 1.000000000000000020e+30 1.000000000000000020e+30 1.000000000000000020e+30 1.000000000000000020e+30 1.000000000000000020e+30 1.000000000000000020e+30 1.000000000000000020e+30 3.512601405525599407e+00 3.503356115516036873e+00 1.000000000000000020e+30 1.000000000000000020e+30
1.000000000000000020e+30 3.925379761662076472e+00 3.916731476951778035e+00 3.913877244147277779e+00 3.914668306877699511e+00 3.918653268862682282e+00 3.925647759093672917e+00 3.935545917792746984e+00 3.948286056040913650e+00 3.963844553795424996e+00 3.982222888130162453e+00 4.003434610498686652e+00 4.027495351572206950e+00 4.054415957638441981e+00 4.084197422093811980e+00 4.116825565077727234e+00 4.152264610678138013e+00 4.190449631287065380e+00 4.231278320874810817e+00 4.274602584123971205e+00 4.320220241326420130e+00 4.367866867367558470e+00 4.417207455838949137e+00 4.467827247647843336e+00 4.519221199593340899e+00 4.570782498463866972e+00 4.621790330662219226e+00 4.671386274759554702e+00 4.718596626779116399e+00 4.762241195379041336e+00 4.801189592496526437e+00 4.833648358262226274e+00 4.857814427952492409e+00 4.871572333591025483e+00 4.872709355320640867e+00 4.858601010090247030e+00 4.827884183960912345e+00 4.781810787157295017e+00 4.722500196806443284e+00 4.629681380169450300e+00 1.000000000000000020e+30 1.000000000000000020e+30 1.000000000000000020e+30 1.000000000000000020e+30 1.000000000000000020e+30 1.000000000000000020e+30 1.000000000000000020e+30 1.000000000000000020e+30 1.000000000000000020e+30 1.000000000000000020e+30 1.000000000000000020e+30 1.000000000000000020e+30 1.000000000000000020e+30 1.000000000000000020e+30 1.000000000000000020e+30 1.000000000000000020e+30 1.000000000000000020e+30
1.000000000000000020e+30 3.938258236322863759e+00 3.935416080463962185e+00 3.934948924860298458e+00 3.937540273945660640e+00 3.943230862964496986e+00 3.951969679564919513e+00 3.963707230428297201e+00 3.978421000005763819e+00 3.996117232505842942e+00 4.016825074860165934e+00 4.040585144680002294e+00 4.067441041103198707e+00 4.097433103795902198e+00 4.130593476503957362e+00 4.166940350574367180e+00 4.206470607523605132e+00 4.249150989155766389e+00 4.294908485485304794e+00 4.343620666280433973e+00 4.395106458930791327e+00 4.449117477455127201e+00 4.505329484055198286e+00 4.563332570200952176e+00 4.622618130918633383e+00 4.682562671766383744e+00 4.742410230253953252e+00 4.801255143146062387e+00 4.858032032981147275e+00 4.911473948627175012e+00 4.960374638486513277e+00 5.002800773190363870e+00 5.036639340907037798e+00 5.059424831052622196e+00 5.067500034358887184e+00 5.056514395850003396e+00 5.022661502460065819e+00 4.969300416101851248e+00 4.921098664978672765e+00 1.000000000000000020e+30 1.000000000000000020e+30 1.000000000000000020e+30 1.000000000000000020e+30 1.000000000000000020e+30 1.000000000000000020e+30 1.000000000000000020e+30 1.000000000000000020e+30 1.000000000000000020e+30 1.000000000000000020e+30 1.000000000000000020e+30 1.000000000000000020e+30 1.000000000000000020e+30 1.000000000000000020e+30 1.000000000000000020e+30 1.000000000000000020e+30 1.000000000000000020e+30 1.000000000000000020e+30
3.966234707001838888e+00 3.958263857736500135e+00 3.955994866754072525e+00 3.957221643381520160e+00 3.961600274423442425e+00 3.969075703504171493e+00 3.979637937964537464e+00 3.993283387224463077e+00 4.010030396912106276e+00 4.029920471308911623e+00 4.053015940329578015e+00 4.079390383413578292e+00 4.109121566106047396e+00 4.142286049332271958e+00 4.178954547921081897e+00 4.219185784249679827e+00 4.263018025171611214e+00 4.310458624861596810e+00 4.361472606398724139e+00 4.415971382894868569e+00 4.473802514467635660e+00 4.534740889288543464e+00 4.598481329437366760e+00 4.664629998750858597e+00 4.732688796419909139e+00 4.802032605475793581e+00 4.871884500455190725e+00 4.941297772872831118e+00 5.009152315410651646e+00 5.074153136393407593e+00 5.134816773580153537e+00 5.189495596807844002e+00 5.235939700343821279e+00 5.271157860538019158e+00 5.290543806899728807e+00 5.286428154906597676e+00 5.245917625031163212e+00 5.162850493251598394e+00 5.068782396364245990e+00 1.000000000000000020e+30 1.000000000000000020e+30 1.000000000000000020e+30 1.000000000000000020e+30 1.000000000000000020e+30 1.000000000000000020e+30 1.000000000000000020e+30 1.000000000000000020e+30 1.000000000000000020e+30 1.000000000000000020e+30 1.000000000000000020e+30 1.000000000000000020e+30 1.000000000000000020e+30 1.000000000000000020e+30 1.000000000000000020e+30 1.000000000000000020e+30 1.000000000000000020e+30 1.000000000000000020e+30
3.978619115314970589e+00 3.976929683771361912e+00 3.977424630954148110e+00 3.980709739916781231e+00 3.986961226875505915e+00 3.996268075014874910e+00 4.008692996813899789e+00 4.024282648313710631e+00 4.043096691808407250e+00 4.065214050626574149e+00 4.090733598125471993e+00 4.119766377765761156e+00 4.152429848433220272e+00 4.188843478356778505e+00 4.229124610626086245e+00 4.273381972816694407e+00 4.321705742865825428e+00 4.374154777269737338e+00 4.430742597681706307e+00 4.491423761623668298e+00 4.556082229324863953e+00 4.624522349258807452e+00 4.696465174366368345e+00 4.771546860487400288e+00 4.849300534002940033e+00 4.929121747996874525e+00 5.010227409638101648e+00 5.091629235152710820e+00 5.172148457013969747e+00 5.250468788184159408e+00 5.325139694889391428e+00 5.394548847378450418e+00 5.456778928451121224e+00 5.509177278976088665e+00 5.547264624932976673e+00 5.562879637330873983e+00 5.531194252541595802e+00 5.459239772078738007e+00 5.309717102845946890e+00 1.000000000000000020e+30 1.000000000000000020e+30 1.000000000000000020e+30 1.000000000000000020e+30 1.000000000000000020e+30 1.000000000000000020e+30 1.000000000000000020e+30 1.000000000000000020e+30 1.000000000000000020e+30 1.000000000000000020e+30 1.000000000000000020e+30 1.000000000000000020e+30 1.000000000000000020e+30 1.000000000000000020e+30 1.000000000000000020e+30 1.000000000000000020e+30 1.000000000000000020e+30 1.000000000000000020e+30
3.997157473658231819e+00 3.997863373904103401e+00 4.000507195925038673e+00 4.005707164374630480e+00 4.013780374552458952e+00 4.024900793956200040e+00 4.039185435266603008e+00 4.056722638180290552e+00 4.077609339479165484e+00 4.101961184678610373e+00 4.129915118843765498e+00 4.161622819737517354e+00 4.197246091070051754e+00 4.236953695355587968e+00 4.280918257023762052e+00 4.329309708483876307e+00 4.382283213065664818e+00 4.439962815956866038e+00 4.502423519017013653e+00 4.569673851733013770e+00 4.641642260128191921e+00 4.718165157399207388e+00 4.798990166068585417e+00 4.883800083627335198e+00 4.972191980296254421e+00 5.063620738645262520e+00 5.157320295995297066e+00 5.252241446258127944e+00 5.347087733273901300e+00 5.440511212118096296e+00 5.531114645607303260e+00 5.617458245882459345e+00 5.698746596705829504e+00 5.773024133221015042e+00 5.837757782794534833e+00 5.872113408836701076e+00 5.889599037897092160e+00 5.894832090529224189e+00 1.000000000000000020e+30 1.000000000000000020e+30 1.000000000000000020e+30 1.000000000000000020e+30 1.000000000000000020e+30 1.000000000000000020e+30 1.000000000000000020e+30 1.000000000000000020e+30 1.000000000000000020e+30 1.000000000000000020e+30 1.000000000000000020e+30 1.000000000000000020e+30 1.000000000000000020e+30 1.000000000000000020e+30 1.000000000000000020e+30 1.000000000000000020e+30 1.000000000000000020e+30 1.000000000000000020e+30 1.000000000000000020e+30
4.019536893337046557e+00 4.021405938720723050e+00 4.025580694737251441e+00 4.032420331600884644e+00 4.042187596718412657e+00 4.055057865388625338e+00 4.071166001876905582e+00 4.090625351910799345e+00 4.113562840160922107e+00 4.140128494553273697e+00 4.170497741198874841e+00 4.204864954894030227e+00 4.243439801408559475e+00 4.286445877525342674e+00 4.334120064668725014e+00 4.386707141414651900e+00 4.444444209261298795e+00 4.507538369771794784e+00 4.576143106183526044e+00 4.650333898231918006e+00 4.730094848085471426e+00 4.815290260084195140e+00 4.905669285867254814e+00 5.000981092669968930e+00 5.100941682370971009e+00 5.205141821656433798e+00 5.312891134000480520e+00 5.423038203081562258e+00 5.533966075225334791e+00 5.644285803480201480e+00 5.752640968732729121e+00 5.857449196998159913e+00 5.959717394489643993e+00 6.058716670007797234e+00 6.134084410309220914e+00 6.190332802847811955e+00 6.236090148216061557e+00 6.252605173800190208e+00 1.000000000000000020e+30 1.000000000000000020e+30 1.000000000000000020e+30 1.000000000000000020e+30 1.000000000000000020e+30 1.000000000000000020e+30 1.000000000000000020e+30 1.000000000000000020e+30 1.000000000000000020e+30 1.000000000000000020e+30 1.000000000000000020e+30 1.000000000000000020e+30 1.000000000000000020e+30 1.000000000000000020e+30 1.000000000000000020e+30 1.000000000000000020e+30 1.000000000000000020e+30 1.000000000000000020e+30 1.000000000000000020e+30
4.044695047153451739e+00 4.047295711290582965e+00 4.052649337259343731e+00 4.060915541874841495e+00 4.072255745183128717e+00 4.086802507136575890e+00 4.104681254014464820e+00 4.126015921138540321e+00 4.150957113935739962e+00 4.179687481259031223e+00 4.212421375359951092e+00 4.249397090996525961e+00 4.290873983937204983e+00 4.337133757145142710e+00 4.388485631419932531e+00 4.445266727782877680e+00 4.507819401174418594e+00 4.576457726325116049e+00 4.651437912030026212e+00 4.732915340694704653e+00 4.820957592623668297e+00 4.915451422798043701e+00 5.016031387724016355e+00 5.122545458498879434e+00 5.234919761128455917e+00 5.353035135251166921e+00 5.476453171921496832e+00 5.603918280225129500e+00 5.732790601353714877e+00 5.861828801949260814e+00 5.989972578854118268e+00 6.113069354594300897e+00 6.237086412595859386e+00 6.341192034417569623e+00 6.426016588780118610e+00 6.494504991690182472e+00 6.522287303462013242e+00 6.422614676868024119e+00 1.000000000000000020e+30 1.000000000000000020e+30 1.000000000000000020e+30 1.000000000000000020e+30 1.000000000000000020e+30 1.000000000000000020e+30 1.000000000000000020e+30 1.000000000000000020e+30 1.000000000000000020e+30 1.000000000000000020e+30 1.000000000000000020e+30 1.000000000000000020e+30 1.000000000000000020e+30 1.000000000000000020e+30 1.000000000000000020e+30 1.000000000000000020e+30 1.000000000000000020e+30 1.000000000000000020e+30 1.000000000000000020e+30
4.072013825375300655e+00 4.075202222970883525e+00 4.081587463930815396e+00 4.091175297038962988e+00 4.104017497785532598e+00 4.120184729269849910e+00 4.139778703270162730e+00 4.162926605405979252e+00 4.189800779014707821e+00 4.220617655999093110e+00 4.255632469613874314e+00 4.295128041193833290e+00 4.339412706338364956e+00 4.388823880467286109e+00 4.443745722133727760e+00 4.504632729535845037e+00 4.571967534659484578e+00 4.646201544254884297e+00 4.727736894269872536e+00 4.816795665871183019e+00 4.913621603996170428e+00 5.018194599925750232e+00 5.129567735139837659e+00 5.247822888734003932e+00 5.373219842242866306e+00 5.506202827613882356e+00 5.647080286816171579e+00 5.795051967193675324e+00 5.943659073511410540e+00 6.093020115680619853e+00 6.248196045724045078e+00 6.388878342195639881e+00 6.518529003375147290e+00 6.632192268319938577e+00 6.729661192896142730e+00 6.809634591823637173e+00 6.851826271269118251e+00 1.000000000000000020e+30 1.000000000000000020e+30 1.000000000000000020e+30 1.000000000000000020e+30 1.000000000000000020e+30 1.000000000000000020e+30 1.000000000000000020e+30 1.000000000000000020e+30 1.000000000000000020e+30 1.000000000000000020e+30 1.000000000000000020e+30 1.000000000000000020e+30 1.000000000000000020e+30 1.000000000000000020e+30 1.000000000000000020e+30 1.000000000000000020e+30 1.000000000000000020e+30 1.000000000000000020e+30 1.000000000000000020e+30 1.000000000000000020e+30
4.101028850956823568e+00 4.104807596586399043e+00 4.112235682419298932e+00 4.123156351069538594e+00 4.137498539746164106e+00 4.155261617814472785e+00 4.176520031443790693e+00 4.201405530353700790e+00 4.230116790825105610e+00 4.262910486357121442e+00 4.300088436299869699e+00 4.341977985188279376e+00 4.388933500889331540e+00 4.441333280117111038e+00 4.499616078076072334e+00 4.564398931469504817e+00 4.636366333686379626e+00 4.716126476336147455e+00 4.804359003982640708e+00 4.901150967110704748e+00 5.007208021160946210e+00 5.123265818072571420e+00 5.245836972083123051e+00 5.376089161004594885e+00 5.514610791577001514e+00 5.662731257432042753e+00 5.822478266610065845e+00 5.998688864961906120e+00 6.170013083121466124e+00 6.339746773822565018e+00 6.507126008737157186e+00 6.663978464120228651e+00 6.806191209807818332e+00 6.931235457265029432e+00 7.037445170464542876e+00 7.117267056179966467e+00 7.169198249691354441e+00 1.000000000000000020e+30 1.000000000000000020e+30 1.000000000000000020e+30 1.000000000000000020e+30 1.000000000000000020e+30 1.000000000000000020e+30 1.000000000000000020e+30 1.000000000000000020e+30 1.000000000000000020e+30 1.000000000000000020e+30 1.000000000000000020e+30 1.000000000000000020e+30 1.000000000000000020e+30 1.000000000000000020e+30 1.000000000000000020e+30 1.000000000000000020e+30 1.000000000000000020e+30 1.000000000000000020e+30 1.000000000000000020e+30 1.000000000000000020e+30
4.131280989480404564e+00 4.135793226534666189e+00 4.144442564719763133e+00 4.156836735401949312e+00 4.172755273981689328e+00 4.192124567087001097e+00 4.214999814129852140e+00 4.241528816544022362e+00 4.271949053140756014e+00 4.306571992607197252e+00 4.345760696249295840e+00 4.389883672994465691e+00 4.439344922941034888e+00 4.494529765107398767e+00 4.555817158122443367e+00 4.624101294977005949e+00 4.700415558905657321e+00 4.785379351107741819e+00 4.880615757321592696e+00 4.984864979346285807e+00 5.099884963452387510e+00 5.232526343466084029e+00 5.367738209123747772e+00 5.510897105070869273e+00 5.662886529978395700e+00 5.826016542340076931e+00 6.002384583710599131e+00 6.191240651777837556e+00 6.383165514512301186e+00 6.573823717737203864e+00 6.757830389399221538e+00 6.927900091453707887e+00 7.077836524600026102e+00 7.207299740359323970e+00 7.317079589570278486e+00 7.408856509191105388e+00 7.509546979794815336e+00 7.681980327747436554e+00 1.000000000000000020e+30 1.000000000000000020e+30 1.000000000000000020e+30 1.000000000000000020e+30 1.000000000000000020e+30 1.000000000000000020e+30 1.000000000000000020e+30 1.000000000000000020e+30 1.000000000000000020e+30 1.000000000000000020e+30 1.000000000000000020e+30 1.000000000000000020e+30 1.000000000000000020e+30 1.000000000000000020e+30 1.000000000000000020e+30 1.000000000000000020e+30 1.000000000000000020e+30 1.000000000000000020e+30 1.000000000000000020e+30
4.162173869238054102e+00 4.167811817003529207e+00 4.178101805979732575e+00 4.192266633639514239e+00 4.209918381676925669e+00 4.230931601656820362e+00 4.255367952039279977e+00 4.283415100355737692e+00 4.315368529445335888e+00 4.351619518539237674e+00 4.392634640658843459e+00 4.438791804003240138e+00 4.490598962212607681e+00 4.548438264224531125e+00 4.612110427593943740e+00 4.683168038150649970e+00 4.763551522545378170e+00 4.852476301742600917e+00 4.959996715341389972e+00 5.072400030559587769e+00 5.193570490076298896e+00 5.327654335904632887e+00 5.471916126426538796e+00 5.626053739460729730e+00 5.789698744897507687e+00 5.966636655780477305e+00 6.159572389326547714e+00 6.366406482124209454e+00 6.578879901612996406e+00 6.790293365326634856e+00 6.990922195052249322e+00 7.170519134680520601e+00 7.323889280198029539e+00 7.454814982762538733e+00 7.566232133448445474e+00 7.661568759890343472e+00 7.747944325469097393e+00 7.824323652319282729e+00 1.000000000000000020e+30 1.000000000000000020e+30 1.000000000000000020e+30 1.000000000000000020e+30 1.000000000000000020e+30 1.000000000000000020e+30 1.000000000000000020e+30 1.000000000000000020e+30 1.000000000000000020e+30 1.000000000000000020e+30 1.000000000000000020e+30 1.000000000000000020e+30 1.000000000000000020e+30 1.000000000000000020e+30 1.000000000000000020e+30 1.000000000000000020e+30 1.000000000000000020e+30 1.000000000000000020e+30 1.000000000000000020e+30
4.192722222945524990e+00 4.200494043560029311e+00 4.213236439001283529e+00 4.229644344050389471e+00 4.249246301777236390e+00 4.271943563322564863e+00 4.297854034857388150e+00 4.327243074925412714e+00 4.360479856573210355e+00 4.398060149077258174e+00 4.440716353391883864e+00 4.488614992492539812e+00 4.542623466644085894e+00 4.603577627685300655e+00 4.668367487488971790e+00 4.740575374434715883e+00 4.828170887934463806e+00 4.920157998705156466e+00 5.026581701012307946e+00 5.142704561553489206e+00 5.268796780481249442e+00 5.408640473349512590e+00 5.560672554192882977e+00 5.721852713802278778e+00 5.892090276241133573e+00 6.078039683758977851e+00 6.285596074985194903e+00 6.513186000910756057e+00 6.749130507724199646e+00 6.986306567660494515e+00 7.206579086036364323e+00 7.398395442331749727e+00 7.557804330653559610e+00 7.690432072189731905e+00 7.801166425103752466e+00 7.892705896881761163e+00 7.965595581207197462e+00 8.012647739608286912e+00 1.000000000000000020e+30 1.000000000000000020e+30 1.000000000000000020e+30 1.000000000000000020e+30 1.000000000000000020e+30 1.000000000000000020e+30 1.000000000000000020e+30 1.000000000000000020e+30 1.000000000000000020e+30 1.000000000000000020e+30 1.000000000000000020e+30 1.000000000000000020e+30 1.000000000000000020e+30 1.000000000000000020e+30 1.000000000000000020e+30 1.000000000000000020e+30 1.000000000000000020e+30 1.000000000000000020e+30 1.000000000000000020e+30
4.220931576466972146e+00 4.233670657453402875e+00 4.250216358293066321e+00 4.269431958279646722e+00 4.291183633687518650e+00 4.315558815392634529e+00 4.342789078706841721e+00 4.373276299677898216e+00 4.407445910870848138e+00 4.445794441994705970e+00 4.490125470633066662e+00 4.539123112541636473e+00 4.594746454450749695e+00 4.662225679703238868e+00 4.728050506943287878e+00 4.799903879585078137e+00 4.881668728880875996e+00 4.973696534143582149e+00 5.082022553766586626e+00 5.199774764566237550e+00 5.330334151327145165e+00 5.483075784241120409e+00 5.644081920691607301e+00 5.809390500874211050e+00 5.982241859611200141e+00 6.175031548010514904e+00 6.402235820288137091e+00 6.649232061438062225e+00 6.907489650543642945e+00 7.181574488228715580e+00 7.423244461949884965e+00 7.625763771459627804e+00 7.788754806542813824e+00 7.917897354438727220e+00 8.024476111748198193e+00 8.111444486047391322e+00 8.177860424114527405e+00 8.217220232780190869e+00 1.000000000000000020e+30 1.000000000000000020e+30 1.000000000000000020e+30 1.000000000000000020e+30 1.000000000000000020e+30 1.000000000000000020e+30 1.000000000000000020e+30 1.000000000000000020e+30 1.000000000000000020e+30 1.000000000000000020e+30 1.000000000000000020e+30 1.000000000000000020e+30 1.000000000000000020e+30 1.000000000000000020e+30 1.000000000000000020e+30 1.000000000000000020e+30 1.000000000000000020e+30 1.000000000000000020e+30 1.000000000000000020e+30
4.241964004337306804e+00 4.268658090638102642e+00 4.290207518463762248e+00 4.312467093105945004e+00 4.336391283835292043e+00 4.362335581474517276e+00 4.390609969152485803e+00 4.421898467917949382e+00 4.456651264152446501e+00 4.494136574233860593e+00 4.544240411890271503e+00 4.595101398042847229e+00 4.649883208383791100e+00 4.711501047735009884e+00 4.777455470469439192e+00 4.850558600743720916e+00 4.929506599308893122e+00 5.020073343800087073e+00 5.145268022939651686e+00 5.269437350703488399e+00 5.438840762054271138e+00 5.687564591248737145e+00 5.851963619487229096e+00 6.001722486573496163e+00 6.149975556569501123e+00 6.316735580493928914e+00 6.543683735312293415e+00 6.830481063271726327e+00 7.236221139616034748e+00 7.451979136036966267e+00 7.671228791145000336e+00 7.867341630641718098e+00 8.020412675902976574e+00 8.136861015149690957e+00 8.236082513673078864e+00 8.319206044899702945e+00 8.385491474145807089e+00 8.429911365398528034e+00 1.000000000000000020e+30 1.000000000000000020e+30 1.000000000000000020e+30 1.000000000000000020e+30 1.000000000000000020e+30 1.000000000000000020e+30 1.000000000000000020e+30 1.000000000000000020e+30 1.000000000000000020e+30 1.000000000000000020e+30 1.000000000000000020e+30 1.000000000000000020e+30 1.000000000000000020e+30 1.000000000000000020e+30 1.000000000000000020e+30 1.000000000000000020e+30 1.000000000000000020e+30 1.000000000000000020e+30 1.000000000000000020e+30
1.000000000000000020e+30 4.314573978217846495e+00 4.335366063029870709e+00 4.359812004309330469e+00 4.385678947691103780e+00 4.413015410780327663e+00 4.441786708244350734e+00 4.473554486573692479e+00 4.511529808849316758e+00 4.547213574916042944e+00 4.592606378418162549e+00 4.644657622971246624e+00 4.698871693690359841e+00 4.759163844621161488e+00 4.825292483530313703e+00 4.915458658428722316e+00 5.004710207337010885e+00 5.384327618918598901e+00 5.302534984766994697e+00 5.355998246288535825e+00 1.000000000000000020e+30 5.950204357679034217e+00 6.041405369446234630e+00 6.150416391488382040e+00 6.236238649411565582e+00 1.000000000000000020e+30 1.000000000000000020e+30 1.000000000000000020e+30 7.718248310291572878e+00 7.796755687966706816e+00 7.930864179350864518e+00 8.114364904050788141e+00 8.241199804050038935e+00 8.341505156655035336e+00 8.432009496474702104e+00 8.511820745512503450e+00 8.582844189564909243e+00 8.655328525385712624e+00 8.771365521660847264e+00 1.000000000000000020e+30 1.000000000000000020e+30 1.000000000000000020e+30 1.000000000000000020e+30 1.000000000000000020e+30 1.000000000000000020e+30 1.000000000000000020e+30 1.000000000000000020e+30 1.000000000000000020e+30 1.000000000000000020e+30 1.000000000000000020e+30 1.000000000000000020e+30 1.000000000000000020e+30 1.000000000000000020e+30 1.000000000000000020e+30 1.000000000000000020e+30 1.000000000000000020e+30 1.000000000000000020e+30
1.000000000000000020e+30 4.345695561325544354e+00 4.382962291965512236e+00 4.411929822510685995e+00 4.439824810156233426e+00 4.468728893128110613e+00 4.496574609137599765e+00 4.530061751395671799e+00 4.561157401609029272e+00 4.597274038032243659e+00 4.656162996503500295e+00 4.719675785750780506e+00 4.772714152241821495e+00 4.857671118719293801e+00 5.199298211602099151e+00 5.069845589318725310e+00 5.110026218751326788e+00 1.000000000000000020e+30 1.000000000000000020e+30 1.000000000000000020e+30 1.000000000000000020e+30 1.000000000000000020e+30 1.000000000000000020e+30 1.000000000000000020e+30 1.000000000000000020e+30 1.000000000000000020e+30 1.000000000000000020e+30 1.000000000000000020e+30 7.971620395619656740e+00 8.048774918598420314e+00 8.238160074789032450e+00 8.344972934366653661e+00 8.435524055739982430e+00 8.523951704819543451e+00 8.606426146031846969e+00 8.680823159447628612e+00 8.746161972000695783e+00 8.804444627766482512e+00 8.854977739771367595e+00 1.000000000000000020e+30 1.000000000000000020e+30 1.000000000000000020e+30 1.000000000000000020e+30 1.000000000000000020e+30 1.000000000000000020e+30 1.000000000000000020e+30 1.000000000000000020e+30 1.000000000000000020e+30 1.000000000000000020e+30 1.000000000000000020e+30 1.000000000000000020e+30 1.000000000000000020e+30 1.000000000000000020e+30 1.000000000000000020e+30 1.000000000000000020e+30 1.000000000000000020e+30 1.000000000000000020e+30
1.000000000000000020e+30 1.000000000000000020e+30 4.445176620776547516e+00 4.471570395128113162e+00 4.499538933257604789e+00 4.532918934606376737e+00 4.558590086277071407e+00 4.584551655142313997e+00 4.614862590852612634e+00 4.686241400095150667e+00 4.753378580099449913e+00 4.806158012968912985e+00 1.000000000000000020e+30 1.000000000000000020e+30 1.000000000000000020e+30 1.000000000000000020e+30 1.000000000000000020e+30 1.000000000000000020e+30 1.000000000000000020e+30 1.000000000000000020e+30 1.000000000000000020e+30 1.000000000000000020e+30 1.000000000000000020e+30 1.000000000000000020e+30 1.000000000000000020e+30 1.000000000000000020e+30 1.000000000000000020e+30 1.000000000000000020e+30 1.000000000000000020e+30 1.000000000000000020e+30 8.499999421062637950e+00 8.521003322664993718e+00 8.595264182895428817e+00 8.677459107367010205e+00 8.756332294269979499e+00 8.826116476524100918e+00 8.883596624037393141e+00 8.928234625378816958e+00 8.956523119780980480e+00 1.000000000000000020e+30 1.000000000000000020e+30 1.000000000000000020e+30 1.000000000000000020e+30 1.000000000000000020e+30 1.000000000000000020e+30 1.000000000000000020e+30 1.000000000000000020e+30 1.000000000000000020e+30 1.000000000000000020e+30 1.000000000000000020e+30 1.000000000000000020e+30 1.000000000000000020e+30 1.000000000000000020e+30 1.000000000000000020e+30 1.000000000000000020e+30 1.000000000000000020e+30 1.000000000000000020e+30
1.000000000000000020e+30 1.000000000000000020e+30 4.487608907223620491e+00 4.538392426642504418e+00 4.568174553602988297e+00 4.594938237344181609e+00 4.620113032421135912e+00 4.650866874645256388e+00 4.739831055763747969e+00 4.789035339668453517e+00 1.000000000000000020e+30 1.000000000000000020e+30 1.000000000000000020e+30 1.000000000000000020e+30 1.000000000000000020e+30 1.000000000000000020e+30 1.000000000000000020e+30 1.000000000000000020e+30 1.000000000000000020e+30 1.000000000000000020e+30 1.000000000000000020e+30 1.000000000000000020e+30 1.000000000000000020e+30 1.000000000000000020e+30 1.000000000000000020e+30 1.000000000000000020e+30 1.000000000000000020e+30 1.000000000000000020e+30 1.000000000000000020e+30 1.000000000000000020e+30 1.000000000000000020e+30 8.685177834324795398e+00 8.733856078121071675e+00 8.807242314288247442e+00 8.882406352512223435e+00 8.950623730681945389e+00 9.000628327946692764e+00 9.035024704309176258e+00 9.053544405262751837e+00 1.000000000000000020e+30 1.000000000000000020e+30 1.000000000000000020e+30 1.000000000000000020e+30 1.000000000000000020e+30 1.000000000000000020e+30 1.000000000000000020e+30 1.000000000000000020e+30 1.000000000000000020e+30 1.000000000000000020e+30 1.000000000000000020e+30 1.000000000000000020e+30 1.000000000000000020e+30 1.000000000000000020e+30 1.000000000000000020e+30 1.000000000000000020e+30 1.000000000000000020e+30 1.000000000000000020e+30
1.000000000000000020e+30 1.000000000000000020e+30 1.000000000000000020e+30 4.618283789957580154e+00 4.638912533390399773e+00 4.666421511504432296e+00 4.710363733091590177e+00 4.793864336285462713e+00 4.854902812756204611e+00 1.000000000000000020e+30 1.000000000000000020e+30 1.000000000000000020e+30 1.000000000000000020e+30 1.000000000000000020e+30 1.000000000000000020e+30 1.000000000000000020e+30 1.000000000000000020e+30 1.000000000000000020e+30 1.000000000000000020e+30 1.000000000000000020e+30 1.000000000000000020e+30 1.000000000000000020e+30 1.000000000000000020e+30 1.000000000000000020e+30 1.000000000000000020e+30 1.000000000000000020e+30 1.000000000000000020e+30 1.000000000000000020e+30 1.000000000000000020e+30 1.000000000000000020e+30 1.000000000000000020e+30 1.000000000000000020e+30 8.886244520030762928e+00 8.932177988321141626e+00 8.993410921186452356e+00 9.059976035659165206e+00 9.099760845945263910e+00 9.124104980201911630e+00 9.136070412443961786e+00 1.000000000000000020e+30 1.000000000000000020e+30 1.000000000000000020e+30 1.000000000000000020e+30 1.000000000000000020e+30 1.000000000000000020e+30 1.000000000000000020e+30 1.000000000000000020e+30 1.000000000000000020e+30 1.000000000000000020e+30 1.000000000000000020e+30 1.000000000000000020e+30 1.000000000000000020e+30 1.000000000000000020e+30 1.000000000000000020e+30 1.000000000000000020e+30 1.000000000000000020e+30 1.000000000000000020e+30
1.000000000000000020e+30 1.000000000000000020e+30 1.000000000000000020e+30 4.672496807906631133e+00 4.714216654657367833e+00 4.807120400194217602e+00 4.885948966518334657e+00 4.924557856575186854e+00 1.000000000000000020e+30 1.000000000000000020e+30 1.000000000000000020e+30 1.000000000000000020e+30 1.000000000000000020e+30 1.000000000000000020e+30 1.000000000000000020e+30 1.000000000000000020e+30 1.000000000000000020e+30 1.000000000000000020e+30 1.000000000000000020e+30 1.000000000000000020e+30 1.000000000000000020e+30 1.000000000000000020e+30 1.000000000000000020e+30 1.000000000000000020e+30 1.000000000000000020e+30 1.000000000000000020e+30 1.000000000000000020e+30 1.000000000000000020e+30 1.000000000000000020e+30 1.000000000000000020e+30 1.000000000000000020e+30 1.000000000000000020e+30 1.000000000000000020e+30 9.076736666345221138e+00 9.115622378021051020e+00 9.157673092360822054e+00 9.180614136148145477e+00 9.191790938575337577e+00 9.197376911315480186e+00 1.000000000000000020e+30 1.000000000000000020e+30 1.000000000000000020e+30 1.000000000000000020e+30 1.000000000000000020e+30 1.000000000000000020e+30 1.000000000000000020e+30 1.000000000000000020e+30 1.000000000000000020e+30 1.000000000000000020e+30 1.000000000000000020e+30 1.000000000000000020e+30 1.000000000000000020e+30 1.000000000000000020e+30 1.000000000000000020e+30 1.000000000000000020e+30 1.000000000000000020e+30 1.000000000000000020e+30
1.000000000000000020e+30 1.000000000000000020e+30 1.000000000000000020e+30 1.000000000000000020e+30 5.114424603726968499e+00 5.016590826665471958e+00 5.035951198382657701e+00 1.000000000000000020e+30 1.000000000000000020e+30 1.000000000000000020e+30 1.000000000000000020e+30 1.000000000000000020e+30 1.000000000000000020e+30 1.000000000000000020e+30 1.000000000000000020e+30 1.000000000000000020e+30 1.000000000000000020e+30 1.000000000000000020e+30 1.000000000000000020e+30 1.000000000000000020e+30 1.000000000000000020e+30 1.000000000000000020e+30 1.000000000000000020e+30 1.000000000000000020e+30 1.000000000000000020e+30 1.000000000000000020e+30 1.000000000000000020e+30 1.000000000000000020e+30 1.000000000000000020e+30 1.000000000000000020e+30 1.000000000000000020e+30 1.000000000000000020e+30 1.000000000000000020e+30 1.000000000000000020e+30 9.233989787192468768e+00 9.230503567469783732e+00 9.237365301826635289e+00 9.231162648649304359e+00 9.230959208143717731e+00 1.000000000000000020e+30 1.000000000000000020e+30 1.000000000000000020e+30 1.000000000000000020e+30 1.000000000000000020e+30 1.000000000000000020e+30 1.000000000000000020e+30 1.000000000000000020e+30 1.000000000000000020e+30 1.000000000000000020e+30 1.000000000000000020e+30 1.000000000000000020e+30 1.000000000000000020e+30 1.000000000000000020e+30 1.000000000000000020e+30 1.000000000000000020e+30 1.000000000000000020e+30 1.000000000000000020e+30
1.000000000000000020e+30 1.000000000000000020e+30 1.000000000000000020e+30 1.000000000000000020e+30 5.425212674300529336e+00 1.000000000000000020e+30 1.000000000000000020e+30 1.000000000000000020e+30 1.000000000000000020e+30 1.000000000000000020e+30 1.000000000000000020e+30 1.000000000000000020e+30 1.000000000000000020e+30 1.000000000000000020e+30 1.000000000000000020e+30 1.000000000000000020e+30 1.000000000000000020e+30 1.000000000000000020e+30 1.000000000000000020e+30 1.000000000000000020e+30 1.000000000000000020e+30 1.000000000000000020e+30 1.000000000000000020e+30 1.000000000000000020e+30 1.000000000000000020e+30 1.000000000000000020e+30 1.000000000000000020e+30 1.000000000000000020e+30 1.000000000000000020e+30 1.000000000000000020e+30 1.000000000000000020e+30 1.000000000000000020e+30 1.000000000000000020e+30 1.000000000000000020e+30 1.000000000000000020e+30 9.271517106070611192e+00 9.271457855188945274e+00 1.000000000000000020e+30 1.000000000000000020e+30 1.000000000000000020e+30 1.000000000000000020e+30 1.000000000000000020e+30 1.000000000000000020e+30 1.000000000000000020e+30 1.000000000000000020e+30 1.000000000000000020e+30 1.000000000000000020e+30 1.000000000000000020e+30 1.000000000000000020e+30 1.000000000000000020e+30 1.000000000000000020e+30 1.000000000000000020e+30 1.000000000000000020e+30 1.000000000000000020e+30 1.000000000000000020e+30 1.000000000000000020e+30 1.000000000000000020e+30
