1.000000000000000020e+30 1.000000000000000020e+30 1.000000000000000020e+30 1.000000000000000020e+30 1.000000000000000020e+30 1.000000000000000020e+30 1.000000000000000020e+30 1.000000000000000020e+30 1.000000000000000020e+30 1.000000000000000020e+30 1.000000000000000020e+30 1.000000000000000020e+30 1.000000000000000020e+30 1.000000000000000020e+30 1.000000000000000020e+30 1.000000000000000020e+30 1.000000000000000020e+30 1.000000000000000020e+30 1.000000000000000020e+30 1.000000000000000020e+30 1.000000000000000020e+30 1.000000000000000020e+30 1.000000000000000020e+30 1.000000000000000020e+30 1.000000000000000020e+30 1.000000000000000020e+30 1.000000000000000020e+30 1.000000000000000020e+30 1.000000000000000020e+30 1.000000000000000020e+30 1.000000000000000020e+30 1.000000000000000020e+30 1.000000000000000020e+30 1.000000000000000020e+30 1.000000000000000020e+30 1.000000000000000020e+30 1.000000000000000020e+30 1.000000000000000020e+30 1.000000000000000020e+30 1.000000000000000020e+30 1.000000000000000020e+30 1.000000000000000020e+30 1.000000000000000020e+30 1.000000000000000020e+30 1.000000000000000020e+30 1.000000000000000020e+30 1.000000000000000020e+30 1.000000000000000020e+30 1.000000000000000020e+30 1.000000000000000020e+30 1.000000000000000020e+30 1.000000000000000020e+30 1.000000000000000020e+30 1.000000000000000020e+30 1.000000000000000020e+30 1.000000000000000020e+30 1.000000000000000020e+30
1.000000000000000020e+30 1.000000000000000020e+30 1.000000000000000020e+30 1.000000000000000020e+30 1.000000000000000020e+30 1.000000000000000020e+30 1.000000000000000020e+30 1.000000000000000020e+30 1.000000000000000020e+30 1.000000000000000020e+30 1.000000000000000020e+30 1.000000000000000020e+30 1.000000000000000020e+30 1.000000000000000020e+30 1.000000000000000020e+30 1.000000000000000020e+30 1.000000000000000020e+30 1.000000000000000020e+30 1.000000000000000020e+30 1.000000000000000020e+30 1.000000000000000020e+30 1.000000000000000020e+30 1.000000000000000020e+30 1.000000000000000020e+30 1.000000000000000020e+30 1.000000000000000020e+30 1.000000000000000020e+30 1.918287631269621096e+00 1.917032574170712156e+00 1.915321025060069404e+00 1.913389013800470106e+00 1.911297515351972010e+00 1.909078487382198430e+00 1.906746367576478196e+00 1.904314222031811221e+00 1.901799582936711364e+00 1.899226890961731362e+00 1.896629293773367753e+00 1.894050952602397864e+00 1.891551229225723274e+00 1.889215299694274597e+00 1.887186910102891968e+00 1.885768191645632363e+00 1.000000000000000020e+30 1.000000000000000020e+30 1.000000000000000020e+30 1.000000000000000020e+30 1.000000000000000020e+30 1.000000000000000020e+30 1.000000000000000020e+30 1.000000000000000020e+30 1.000000000000000020e+30 1.000000000000000020e+30 1.000000000000000020e+30 1.000000000000000020e+30 1.000000000000000020e+30 1.000000000000000020e+30
1.000000000000000020e+30 1.000000000000000020e+30 1.000000000000000020e+30 1.000000000000000020e+30 1.000000000000000020e+30 1.000000000000000020e+30 1.000000000000000020e+30 1.000000000000000020e+30 1.000000000000000020e+30 1.000000000000000020e+30 1.000000000000000020e+30 1.000000000000000020e+30 1.000000000000000020e+30 1.000000000000000020e+30 1.000000000000000020e+30 1.000000000000000020e+30 1.000000000000000020e+30 1.000000000000000020e+30 1.000000000000000020e+30 1.000000000000000020e+30 1.000000000000000020e+30 1.000000000000000020e+30 1.000000000000000020e+30 1.000000000000000020e+30 1.927110278431142021e+00 1.925661198930558982e+00 1.923484796693720966e+00 1.920565228054965212e+00 1.918504960549736182e+00 1.916548332083859885e+00 1.914526473857425692e+00 1.912395831428032489e+00 1.910150381289619448e+00 1.907792555902296128e+00 1.905330624500301662e+00 1.902779427618707775e+00 1.900161202447755660e+00 1.897506583388729462e+00 1.894855583991382764e+00 1.892257223185080717e+00 1.889764560457246390e+00 1.887422926446507665e+00 1.885202733602920011e+00 1.882634051389994179e+00 1.880293513315715037e+00 1.878259135025531767e+00 1.876648828081409315e+00 1.875647912736881029e+00 1.000000000000000020e+30 1.000000000000000020e+30 1.000000000000000020e+30 1.000000000000000020e+30 1.000000000000000020e+30 1.000000000000000020e+30 1.000000000000000020e+30 1.000000000000000020e+30 1.000000000000000020e+30
1.000000000000000020e+30 1.000000000000000020e+30 1.000000000000000020e+30 1.000000000000000020e+30 1.000000000000000020e+30 1.000000000000000020e+30 1.000000000000000020e+30 1.000000000000000020e+30 1.000000000000000020e+30 1.000000000000000020e+30 1.000000000000000020e+30 1.000000000000000020e+30 1.000000000000000020e+30 1.000000000000000020e+30 1.000000000000000020e+30 1.000000000000000020e+30 1.000000000000000020e+30 1.000000000000000020e+30 1.000000000000000020e+30 1.000000000000000020e+30 1.000000000000000020e+30 1.936199919445579010e+00 1.934801107202150927e+00 1.932643350997252707e+00 1.929628799411852169e+00 1.927450213092556597e+00 1.925278035816819111e+00 1.922965170089934173e+00 1.920855503396112329e+00 1.918811324396200613e+00 1.916728535267935074e+00 1.914555357058875362e+00 1.912269654916097794e+00 1.909865239923324909e+00 1.907345657541476891e+00 1.904722688767233052e+00 1.902016221513165073e+00 1.899254400023410394e+00 1.896473123647850922e+00 1.893712071610816894e+00 1.891007926071432976e+00 1.888381372415294468e+00 1.885812842193040018e+00 1.883229944951800405e+00 1.880802848917280334e+00 1.878639385569040199e+00 1.876831264196056281e+00 1.875448286110737550e+00 1.874448187319460946e+00 1.000000000000000020e+30 1.000000000000000020e+30 1.000000000000000020e+30 1.000000000000000020e+30 1.000000000000000020e+30 1.000000000000000020e+30 1.000000000000000020e+30 1.000000000000000020e+30
1.000000000000000020e+30 1.000000000000000020e+30 1.000000000000000020e+30 1.000000000000000020e+30 1.000000000000000020e+30 1.000000000000000020e+30 1.000000000000000020e+30 1.000000000000000020e+30 1.000000000000000020e+30 1.000000000000000020e+30 1.000000000000000020e+30 1.000000000000000020e+30 1.000000000000000020e+30 1.000000000000000020e+30 1.000000000000000020e+30 1.000000000000000020e+30 1.000000000000000020e+30 1.000000000000000020e+30 1.944830671752075135e+00 1.943557924868705822e+00 1.941565076682940205e+00 1.938717027889215849e+00 1.936670756609806698e+00 1.934599184757722412e+00 1.932341906475900650e+00 1.930264693226341866e+00 1.928227973951466057e+00 1.926166247229118555e+00 1.924136750856191513e+00 1.922098747925623741e+00 1.919997191851849916e+00 1.917792130053673993e+00 1.915460673850700735e+00 1.912993315563491059e+00 1.910390847472565046e+00 1.907662933918400583e+00 1.904827712698762276e+00 1.901911522278387556e+00 1.898947553826877410e+00 1.895971658960186712e+00 1.893016956433840159e+00 1.890107797160781367e+00 1.887256478481724731e+00 1.884478195332185413e+00 1.881854460431473974e+00 1.879465771674555752e+00 1.877378601476803688e+00 1.875637382016088539e+00 1.874243286692596211e+00 1.873194822200642040e+00 1.000000000000000020e+30 1.000000000000000020e+30 1.000000000000000020e+30 1.000000000000000020e+30 1.000000000000000020e+30 1.000000000000000020e+30 1.000000000000000020e+30
1.000000000000000020e+30 1.000000000000000020e+30 1.000000000000000020e+30 1.000000000000000020e+30 1.000000000000000020e+30 1.000000000000000020e+30 1.000000000000000020e+30 1.000000000000000020e+30 1.000000000000000020e+30 1.000000000000000020e+30 1.000000000000000020e+30 1.000000000000000020e+30 1.000000000000000020e+30 1.000000000000000020e+30 1.000000000000000020e+30 1.000000000000000020e+30 1.951206913758177786e+00 1.949778042773117281e+00 1.947268751815610210e+00 1.945436341695736981e+00 1.943567640829068965e+00 1.941519574466374465e+00 1.939645255738754237e+00 1.937804178304562530e+00 1.935929409790527522e+00 1.934086368230978348e+00 1.932242533205484891e+00 1.930364750747818992e+00 1.928446259725786094e+00 1.926459396036287464e+00 1.924368596241093243e+00 1.922143537289026760e+00 1.919763883157952433e+00 1.917219684397124979e+00 1.914510618138775655e+00 1.911645400515923354e+00 1.908641546698926827e+00 1.905524918699919690e+00 1.902328202796569112e+00 1.899087814084064352e+00 1.895839992750756098e+00 1.892618237343376864e+00 1.889454742054191616e+00 1.886388595930078349e+00 1.883480383913487710e+00 1.880792372412706470e+00 1.878376687917158616e+00 1.876265280714160877e+00 1.874463104516872924e+00 1.872935236553051164e+00 1.871533585817541701e+00 1.870680106787110386e+00 1.000000000000000020e+30 1.000000000000000020e+30 1.000000000000000020e+30 1.000000000000000020e+30 1.000000000000000020e+30
1.000000000000000020e+30 1.000000000000000020e+30 1.000000000000000020e+30 1.000000000000000020e+30 1.000000000000000020e+30 1.000000000000000020e+30 1.000000000000000020e+30 1.000000000000000020e+30 1.000000000000000020e+30 1.000000000000000020e+30 1.000000000000000020e+30 1.000000000000000020e+30 1.000000000000000020e+30 1.000000000000000020e+30 1.000000000000000020e+30 1.955979918158200048e+00 1.953836161287816120e+00 1.952050896539512470e+00 1.950170988685747231e+00 1.948490215329456765e+00 1.946872832444416002e+00 1.945250041924034834e+00 1.943681575709603759e+00 1.942132249972887248e+00 1.940567743297293646e+00 1.938983708546573093e+00 1.937356885528261463e+00 1.935659822701731869e+00 1.933869666377722396e+00 1.931958968135639720e+00 1.929898388798465536e+00 1.927662249058564425e+00 1.925232077007443365e+00 1.922598078282751866e+00 1.919759562591945912e+00 1.916725075269435363e+00 1.913512435900268427e+00 1.910148381983825416e+00 1.906667288363861568e+00 1.903108910669118359e+00 1.899515702168755205e+00 1.895931099890911575e+00 1.892400050869330386e+00 1.888971871744502318e+00 1.885704606045379705e+00 1.882654101992636386e+00 1.879866769833691942e+00 1.877374421249492276e+00 1.875192007500399161e+00 1.873318704916548949e+00 1.871752776459618683e+00 1.870602753262224471e+00 1.869846294494444505e+00 1.000000000000000020e+30 1.000000000000000020e+30 1.000000000000000020e+30 1.000000000000000020e+30
1.000000000000000020e+30 1.000000000000000020e+30 1.000000000000000020e+30 1.000000000000000020e+30 1.000000000000000020e+30 1.000000000000000020e+30 1.000000000000000020e+30 1.000000000000000020e+30 1.000000000000000020e+30 1.000000000000000020e+30 1.000000000000000020e+30 1.000000000000000020e+30 1.000000000000000020e+30 1.000000000000000020e+30 1.961895722692591937e+00 1.959350318857896456e+00 1.957305170655725401e+00 1.955592995773766773e+00 1.954036498846139613e+00 1.952633818153985512e+00 1.951322960047595201e+00 1.950057196251955727e+00 1.948824017517809537e+00 1.947594480141048745e+00 1.946337213495789475e+00 1.945027243852544885e+00 1.943635944615000444e+00 1.942132898006751374e+00 1.940488516066307012e+00 1.938672898868382122e+00 1.936657275667877709e+00 1.934416866510663358e+00 1.931933379019626917e+00 1.929196644670748029e+00 1.926205606876932208e+00 1.922968954832625643e+00 1.919505475868660938e+00 1.915843926905815842e+00 1.912022121144005382e+00 1.908085214400518925e+00 1.904083570122326652e+00 1.900070947847120051e+00 1.896103842644720761e+00 1.892241260628325872e+00 1.888543573796947372e+00 1.885068302727674450e+00 1.881862835100150955e+00 1.878963679712686075e+00 1.876395525766289207e+00 1.874176035943817542e+00 1.872325838991193203e+00 1.870887271009060715e+00 1.869861786358594014e+00 1.869233500122390534e+00 1.000000000000000020e+30 1.000000000000000020e+30 1.000000000000000020e+30
1.000000000000000020e+30 1.000000000000000020e+30 1.000000000000000020e+30 1.000000000000000020e+30 1.000000000000000020e+30 1.000000000000000020e+30 1.000000000000000020e+30 1.000000000000000020e+30 1.000000000000000020e+30 1.000000000000000020e+30 1.000000000000000020e+30 1.000000000000000020e+30 1.000000000000000020e+30 1.968506182729985232e+00 1.965700462168457063e+00 1.963446775630079744e+00 1.961642334948107358e+00 1.960174548512631176e+00 1.958933797144500222e+00 1.957859507736428473e+00 1.956895446881540046e+00 1.955994203573268253e+00 1.955119745554177335e+00 1.954235080737847241e+00 1.953303044004279121e+00 1.952288192975517589e+00 1.951154688453402342e+00 1.949866508873855153e+00 1.948388454463339414e+00 1.946686669079730203e+00 1.944729962327601314e+00 1.942491785015587613e+00 1.939952225055744384e+00 1.937099686154830414e+00 1.933932218106422685e+00 1.930458553253090237e+00 1.926698809786292044e+00 1.922684679195091562e+00 1.918458869195333483e+00 1.914073735826042455e+00 1.909589311182618765e+00 1.905071129084248804e+00 1.900588187194305334e+00 1.896210839179279128e+00 1.892007703349779524e+00 1.888041445459466283e+00 1.884364421016146540e+00 1.881019417426291085e+00 1.878038419208267751e+00 1.875446303751449495e+00 1.873266699589976270e+00 1.871524090169520926e+00 1.870229699515093102e+00 1.869374148235771971e+00 1.868935142562341056e+00 1.000000000000000020e+30 1.000000000000000020e+30
1.000000000000000020e+30 1.000000000000000020e+30 1.000000000000000020e+30 1.000000000000000020e+30 1.000000000000000020e+30 1.000000000000000020e+30 1.000000000000000020e+30 1.000000000000000020e+30 1.000000000000000020e+30 1.000000000000000020e+30 1.000000000000000020e+30 1.000000000000000020e+30 1.975585743556628637e+00 1.972607960976287655e+00 1.970216226870330489e+00 1.968331828183410348e+00 1.966873105632477525e+00 1.965749622929139129e+00 1.964874185393092887e+00 1.964179355041290709e+00 1.963606055965882335e+00 1.963101365121878272e+00 1.962617847879127631e+00 1.962109850847969073e+00 1.961532620857323161e+00 1.960842362543319561e+00 1.959995725912008879e+00 1.958949965164410889e+00 1.957663622880625232e+00 1.956097426991461941e+00 1.954215633674297514e+00 1.951987760435219821e+00 1.949390456661978854e+00 1.946409314380352473e+00 1.943040531238204416e+00 1.939292370439525515e+00 1.935186301684364452e+00 1.930757612819641533e+00 1.926055243923135318e+00 1.921140680255785327e+00 1.916085918637926433e+00 1.910970686126008289e+00 1.905879114953936027e+00 1.900895926822872672e+00 1.896101987598863170e+00 1.891569846960246437e+00 1.887360054405565313e+00 1.883520015807169212e+00 1.880087429754071060e+00 1.877090487663244600e+00 1.874551895905172127e+00 1.872491006996134244e+00 1.870919768382862891e+00 1.869843358123219224e+00 1.869263690789752852e+00 1.000000000000000020e+30 1.000000000000000020e+30
1.000000000000000020e+30 1.000000000000000020e+30 1.000000000000000020e+30 1.000000000000000020e+30 1.000000000000000020e+30 1.000000000000000020e+30 1.000000000000000020e+30 1.000000000000000020e+30 1.000000000000000020e+30 1.000000000000000020e+30 1.000000000000000020e+30 1.982986389600551069e+00 1.979899144230465868e+00 1.977426402671542238e+00 1.975501899260855732e+00 1.974060122828911190e+00 1.973027257531781320e+00 1.972324530342315585e+00 1.971877489234045155e+00 1.971619047048038587e+00 1.971487090250510610e+00 1.971423442071913223e+00 1.971373077294404474e+00 1.971282662454612700e+00 1.971099787023727457e+00 1.970772705659944668e+00 1.970250229002616038e+00 1.969482008789833483e+00 1.968419235400541867e+00 1.967015681512306990e+00 1.965229122543359130e+00 1.963023090605801269e+00 1.960368844507403230e+00 1.957247439900462016e+00 1.953651809785270865e+00 1.949588755817547980e+00 1.945080685398998588e+00 1.940166833821833636e+00 1.934903638668699521e+00 1.929363938827344249e+00 1.923634774915706114e+00 1.917813757555524301e+00 1.912004199411673433e+00 1.906309430842900721e+00 1.900826862404980666e+00 1.895642580643282393e+00 1.890827524863102793e+00 1.886435855926275940e+00 1.882506422996711892e+00 1.879069184588753272e+00 1.876145274237153382e+00 1.873749816329635332e+00 1.871891397750050201e+00 1.870572474313667355e+00 1.869779917379736256e+00 1.869494579013518454e+00 1.000000000000000020e+30
1.000000000000000020e+30 1.000000000000000020e+30 1.000000000000000020e+30 1.000000000000000020e+30 1.000000000000000020e+30 1.000000000000000020e+30 1.000000000000000020e+30 1.000000000000000020e+30 1.000000000000000020e+30 1.000000000000000020e+30 1.990598429063767716e+00 1.987450880372317430e+00 1.984942199556636533e+00 1.983015135887484792e+00 1.981614584689093350e+00 1.980678973715222391e+00 1.980140350120667803e+00 1.979929152218611987e+00 1.979976505230603978e+00 1.980215683447017483e+00 1.980582114496998836e+00 1.981013164411446814e+00 1.981447707621060150e+00 1.981825448160486225e+00 1.982086436167036725e+00 1.982170879316914380e+00 1.982019218763457324e+00 1.981572546702390358e+00 1.980773399374612387e+00 1.979566924398364458e+00 1.977902427603768887e+00 1.975735276604859481e+00 1.973029107818783601e+00 1.969758274350630112e+00 1.965910466099652698e+00 1.961489399072386952e+00 1.956517388034484828e+00 1.951037487016760608e+00 1.945114731157259191e+00 1.938835892079477263e+00 1.932307152722168020e+00 1.925649337513702042e+00 1.918990889639602182e+00 1.912459554587955912e+00 1.906174244597337530e+00 1.900238356728439104e+00 1.894735193222816250e+00 1.889726015438746076e+00 1.885251812432037433e+00 1.881338310128510827e+00 1.878004533582455338e+00 1.875259731847687572e+00 1.873106334351398061e+00 1.871539074615521603e+00 1.870535652042985220e+00 1.870104616370901196e+00 1.000000000000000020e+30
1.000000000000000020e+30 1.000000000000000020e+30 1.000000000000000020e+30 1.000000000000000020e+30 1.000000000000000020e+30 1.000000000000000020e+30 1.000000000000000020e+30 1.000000000000000020e+30 1.000000000000000020e+30 1.998299037141269885e+00 1.995166346006465696e+00 1.992663780119612316e+00 1.990765432395588119e+00 1.989429373797766187e+00 1.988604427037981237e+00 1.988233276206966105e+00 1.988255730544292277e+00 1.988604967758088371e+00 1.989213915660989596e+00 1.990015837901744744e+00 1.990943954518763048e+00 1.991931598109656809e+00 1.992912113986884171e+00 1.993818535556709737e+00 1.994583310565433143e+00 1.995138232789137378e+00 1.995414643595041504e+00 1.995343962953335826e+00 1.994858590224713790e+00 1.993893198093014796e+00 1.992386436558745366e+00 1.990283051557190097e+00 1.987536410375665419e+00 1.984111419187833958e+00 1.979987806351567459e+00 1.975163706026847432e+00 1.969659382109976598e+00 1.963520753781597072e+00 1.956822103260842605e+00 1.949666994179855228e+00 1.942186161218015350e+00 1.934531301478257470e+00 1.926864741191336661e+00 1.919346822153291665e+00 1.912124247819751766e+00 1.905321746435498342e+00 1.899037199965129430e+00 1.893338406394777573e+00 1.888266783088450085e+00 1.883843557057828244e+00 1.880077292101463904e+00 1.876972865351559827e+00 1.874523864289097563e+00 1.872722882899858998e+00 1.871603414253485864e+00 1.871055670101372082e+00 1.000000000000000020e+30
1.000000000000000020e+30 1.000000000000000020e+30 1.000000000000000020e+30 1.000000000000000020e+30 1.000000000000000020e+30 1.000000000000000020e+30 1.000000000000000020e+30 1.000000000000000020e+30 2.006313663190074870e+00 2.003029257598996526e+00 2.000535880569287883e+00 1.998679174643091194e+00 1.997422165666911775e+00 1.996718338594777098e+00 1.996517352040559024e+00 1.996769516327118410e+00 1.997421449639134927e+00 1.998400213519534230e+00 1.999639717610822265e+00 2.001073786533108301e+00 2.002633347035769340e+00 2.004247687490921859e+00 2.005844713375176447e+00 2.007350755728650959e+00 2.008690384860880140e+00 2.009786414380596575e+00 2.010560178787570429e+00 2.010932145800487181e+00 2.010822909305697070e+00 2.010154600824101134e+00 2.008852755506154608e+00 2.006848666646530166e+00 2.004082261996046554e+00 2.000505538663728267e+00 1.996086596538748648e+00 1.990814294944997398e+00 1.984703483565126714e+00 1.977800552216246288e+00 1.970188599118438466e+00 1.961990763011629557e+00 1.953369363142214432e+00 1.944518162253121130e+00 1.935646673681882923e+00 1.926959775722749901e+00 1.918640061453261714e+00 1.910837846817578400e+00 1.903668482700138220e+00 1.897203761578841963e+00 1.891481633922382111e+00 1.886515397490714507e+00 1.882302400424396005e+00 1.878835615496531553e+00 1.876090600215368775e+00 1.874137555609039829e+00 1.872867083990953807e+00 1.872236236014956923e+00 1.000000000000000020e+30
1.000000000000000020e+30 1.000000000000000020e+30 1.000000000000000020e+30 1.000000000000000020e+30 1.000000000000000020e+30 1.000000000000000020e+30 1.000000000000000020e+30 2.014349328301837438e+00 2.011108500529785292e+00 2.008579235949029762e+00 2.006721194074898129e+00 2.005536979757793326e+00 2.004956643352436618e+00 2.004926016384593446e+00 2.005398824336936503e+00 2.006331366535428096e+00 2.007689835248214205e+00 2.009368395096163606e+00 2.011309267749264773e+00 2.013449934916709871e+00 2.015717770376891593e+00 2.018037544052668331e+00 2.020331574184367707e+00 2.022519281522630941e+00 2.024516936708256498e+00 2.026237665206834127e+00 2.027591744417078790e+00 2.028487255281019142e+00 2.028831134886041720e+00 2.028530677045976560e+00 2.027495536737652593e+00 2.025640301263850862e+00 2.022887698583347493e+00 2.019172530856826242e+00 2.014446456940990338e+00 2.008683797640862689e+00 2.001888561057215909e+00 1.994102756140173405e+00 1.985415516802966129e+00 1.975971225784717733e+00 1.965972558176330764e+00 1.955672171934919712e+00 1.945348164928531354e+00 1.935268203714818114e+00 1.925660748270978440e+00 1.916703836418033768e+00 1.908538298320110460e+00 1.901230542601220819e+00 1.894808473236174073e+00 1.889273217275185823e+00 1.884609060361934318e+00 1.880793343644398874e+00 1.877797498426814204e+00 1.875665608442735222e+00 1.874267282257265022e+00 1.873569962263147648e+00 1.000000000000000020e+30
1.000000000000000020e+30 1.000000000000000020e+30 1.000000000000000020e+30 1.000000000000000020e+30 1.000000000000000020e+30 1.000000000000000020e+30 2.022283943224419289e+00 2.019147146439073559e+00 2.016715290820655593e+00 2.014955809831978861e+00 2.013859093968837666e+00 2.013403538061427689e+00 2.013542076455073992e+00 2.014231266399656661e+00 2.015427537317670659e+00 2.017081115136503122e+00 2.019125040135633320e+00 2.021568168905515606e+00 2.024280681812151261e+00 2.027209360299548457e+00 2.030270423292981796e+00 2.033383658356297641e+00 2.036465824173340877e+00 2.039429221311190421e+00 2.042181335237492679e+00 2.044624815088012415e+00 2.046657728914321961e+00 2.048174209111308652e+00 2.049065521560342606e+00 2.049221606992593259e+00 2.048533172449575002e+00 2.046894423917744454e+00 2.044206537176369576e+00 2.040381987702680977e+00 2.035349933905738595e+00 2.029063007027471777e+00 2.021506109644948701e+00 2.012708033024320997e+00 2.002756416486486390e+00 1.991814791177755062e+00 1.980135783983299591e+00 1.968056986425625432e+00 1.955962383796463033e+00 1.944212205107184843e+00 1.933092261546304202e+00 1.922794624723262569e+00 1.913522148167753789e+00 1.905299899180022960e+00 1.898136715598029989e+00 1.892015896036778777e+00 1.886902702572353263e+00 1.882760087347880917e+00 1.879583503791001808e+00 1.877265089741426474e+00 1.875751408171738577e+00 1.874997895566978379e+00 1.000000000000000020e+30
1.000000000000000020e+30 1.000000000000000020e+30 1.000000000000000020e+30 1.000000000000000020e+30 1.000000000000000020e+30 2.029818849740652187e+00 2.027023980627914668e+00 2.024808150459431300e+00 2.023190574581883450e+00 2.022215738545031005e+00 2.021889034137599683e+00 2.022192683534735913e+00 2.023091488590229137e+00 2.024550403444235425e+00 2.026529629858025316e+00 2.028980938363370790e+00 2.031845630279025539e+00 2.035058999064566887e+00 2.038607885900791228e+00 2.042421178744792787e+00 2.046369575995554690e+00 2.050374093731958780e+00 2.054346884891347091e+00 2.058192972109694097e+00 2.061810542878702357e+00 2.065090965634013731e+00 2.067918887575526998e+00 2.070172839522057107e+00 2.071726275914042237e+00 2.072449086823662245e+00 2.072209698152917223e+00 2.070877885677086194e+00 2.068328407026136517e+00 2.064445554605638389e+00 2.059128811129906200e+00 2.052300059233223006e+00 2.043913403682941166e+00 2.033969660859532791e+00 2.022538523303089253e+00 2.009790546667994615e+00 1.996034036920076860e+00 1.981732080032670540e+00 1.967446730817638434e+00 1.953682969822742255e+00 1.940803878807460636e+00 1.929038787478610351e+00 1.918583750667710142e+00 1.909389451244644320e+00 1.901457133237065333e+00 1.894749406053804153e+00 1.889200633770253823e+00 1.884726936853988732e+00 1.881339856439873781e+00 1.878873830812094914e+00 1.877268963788059519e+00 1.876471803775256575e+00 1.000000000000000020e+30
1.000000000000000020e+30 1.000000000000000020e+30 1.000000000000000020e+30 1.000000000000000020e+30 1.000000000000000020e+30 2.034261081781072900e+00 2.032795607436280516e+00 2.031452773314897264e+00 2.030618107030623509e+00 2.030415611893242378e+00 2.030865629796782201e+00 2.031952507413994358e+00 2.033650831046027285e+00 2.035930236893920053e+00 2.038753399889012830e+00 2.042074010245704230e+00 2.045837345418999753e+00 2.049983897807980071e+00 2.054456297404839926e+00 2.059165100886394928e+00 2.064098458826425730e+00 2.069101478863356380e+00 2.074079463732724449e+00 2.078929306768857899e+00 2.083539299782471321e+00 2.087788826407683818e+00 2.091547872648948481e+00 2.094677660452172852e+00 2.097031623686252289e+00 2.098456782708881363e+00 2.098795742422694843e+00 2.097889503409367862e+00 2.095581173007905473e+00 2.091720578420608323e+00 2.086169762336643085e+00 2.078809586800429265e+00 2.069548594025830024e+00 2.058337485117686327e+00 2.045196518211615189e+00 2.030267549135625682e+00 2.013899491705748446e+00 1.996739444673371056e+00 1.979686571175746534e+00 1.963477727062766132e+00 1.948546143369640271e+00 1.935186312029141931e+00 1.923413300143308247e+00 1.913192398744244516e+00 1.904479839328540258e+00 1.897211788636912644e+00 1.891285435440335227e+00 1.886584251881100016e+00 1.883013124874623356e+00 1.880443505450434483e+00 1.878780480939370223e+00 1.877956189514831120e+00 1.000000000000000020e+30
1.000000000000000020e+30 1.000000000000000020e+30 1.000000000000000020e+30 1.000000000000000020e+30 2.045447588558110041e+00 2.041835544674958758e+00 2.040095434240654537e+00 2.039215591521344351e+00 2.039054592316221104e+00 2.039595461891376971e+00 2.040825623284626467e+00 2.042721825288281057e+00 2.045260434826714935e+00 2.048412825775317803e+00 2.052142384974965150e+00 2.056403527659182995e+00 2.061142388340090559e+00 2.066298338864380302e+00 2.071804338728809203e+00 2.077580044194470066e+00 2.083539930347564795e+00 2.089660909791336341e+00 2.095772210099303035e+00 2.101762192876265534e+00 2.107508934088608843e+00 2.112879658914101899e+00 2.117728348622140544e+00 2.121897179561416991e+00 2.125217379716812793e+00 2.127510249379010343e+00 2.128588885242229001e+00 2.128260926621599936e+00 2.126332368047660459e+00 2.122612267462004709e+00 2.116917861839441528e+00 2.109079431111551273e+00 2.098944899847309919e+00 2.086387157386641711e+00 2.071325220177063553e+00 2.053787869755881346e+00 2.034075787310165584e+00 2.013069961113224782e+00 1.992425815392522281e+00 1.973256883741578926e+00 1.956032973483205373e+00 1.940864948847771387e+00 1.927745412655389901e+00 1.916482777650911462e+00 1.907000894445978645e+00 1.899232932319134370e+00 1.893017259397632657e+00 1.888171652958210656e+00 1.884530321851741297e+00 1.881935114389555519e+00 1.880261942322185131e+00 1.879432067282577057e+00 1.000000000000000020e+30
1.000000000000000020e+30 1.000000000000000020e+30 1.000000000000000020e+30 1.000000000000000020e+30 2.050798713760506153e+00 2.049229400392988509e+00 2.048206360496779954e+00 2.047949661017639311e+00 2.048477059608132755e+00 2.049767747224580994e+00 2.051794178789634326e+00 2.054531544856161851e+00 2.057955176081269766e+00 2.062036163989963367e+00 2.066737591766544480e+00 2.072013834054702297e+00 2.077810999370482747e+00 2.084067481638641084e+00 2.090713595929590607e+00 2.097669754863863645e+00 2.104847627654722775e+00 2.112149235844018591e+00 2.119536624427966753e+00 2.126819510793708901e+00 2.133865650459210173e+00 2.140531785165949774e+00 2.146653661689004178e+00 2.152052688529691338e+00 2.156535925275484988e+00 2.159896217890453052e+00 2.161913352366665375e+00 2.162356726009698082e+00 2.160989465697710887e+00 2.157573732504279640e+00 2.151876098749106792e+00 2.143670654591899094e+00 2.132736395519312822e+00 2.118846418487900340e+00 2.101754534511581785e+00 2.081214930022876608e+00 2.057173870857788689e+00 2.030557214178783543e+00 2.005101745366898225e+00 1.982404866042129399e+00 1.962689829981028922e+00 1.945771932323148823e+00 1.931297453855052249e+00 1.919004548666100485e+00 1.908762703442439701e+00 1.900610804513306995e+00 1.894257709008039248e+00 1.889420204005838988e+00 1.885851593347500410e+00 1.883337644582957493e+00 1.881714570077251736e+00 1.880901919822567603e+00 1.000000000000000020e+30
1.000000000000000020e+30 1.000000000000000020e+30 1.000000000000000020e+30 2.063311297488425566e+00 2.059483014814415647e+00 2.057823993008764063e+00 2.057274105161164712e+00 2.057644075465460798e+00 2.058876253409543278e+00 2.060935906617040292e+00 2.063787813443277663e+00 2.067405925377397313e+00 2.071764718078399348e+00 2.076834408544520283e+00 2.082577501057036429e+00 2.088948250483902758e+00 2.095892862280850366e+00 2.103349491776596913e+00 2.111247632207651659e+00 2.119507000903972926e+00 2.128036903128306623e+00 2.136735050722918583e+00 2.145486030986185177e+00 2.154231904405119913e+00 2.162757638502546875e+00 2.170918711736355533e+00 2.178525095210789075e+00 2.185376456940052670e+00 2.191254460769639145e+00 2.195921148166274595e+00 2.199119049863682118e+00 2.200573904029189620e+00 2.199999394214108950e+00 2.197104183324766424e+00 2.191599846649352479e+00 2.183205567308796446e+00 2.171640719393368002e+00 2.156590448119620529e+00 2.137622427672796643e+00 2.114023928419013654e+00 2.084599958721105928e+00 2.048495390269128524e+00 2.016632202350213454e+00 1.990065155131916619e+00 1.967940624608173206e+00 1.949407772512266268e+00 1.933762328889344406e+00 1.920499256134014843e+00 1.909396398264380457e+00 1.901103116516352554e+00 1.894864023442996315e+00 1.890267331539631668e+00 1.886970947383136421e+00 1.884685760556401357e+00 1.883176684306729243e+00 1.882391124970293150e+00 1.000000000000000020e+30
1.000000000000000020e+30 1.000000000000000020e+30 1.000000000000000020e+30 2.069121929174122076e+00 2.067793369411834892e+00 2.067084630731265804e+00 2.067218950821778201e+00 2.068275318674539953e+00 2.070246515136547671e+00 2.073105767108704978e+00 2.076820509748053212e+00 2.081365539713295298e+00 2.086715118003203084e+00 2.092838552285994247e+00 2.099697977908815183e+00 2.107247958486915707e+00 2.115435398240647746e+00 2.124199066503757560e+00 2.133468637397855971e+00 2.143163415593679844e+00 2.153191027953916148e+00 2.163445829538519494e+00 2.173806746356139907e+00 2.184133380328552754e+00 2.194328227910370188e+00 2.204217742915755451e+00 2.213549893390152068e+00 2.222109196794709085e+00 2.229652279058990771e+00 2.235908850521455271e+00 2.240579932272876551e+00 2.243341287971111431e+00 2.243848598233967540e+00 2.241747666606668243e+00 2.236688968935994559e+00 2.228342601162811132e+00 2.216400734868720690e+00 2.200541432582108214e+00 2.180306729277118105e+00 2.154716194281654396e+00 2.120606590065770014e+00 2.063900491777657997e+00 2.024542433538259356e+00 1.994685967826357542e+00 1.970888014620480577e+00 1.951348757660461564e+00 1.934954096182794681e+00 1.920867333342592742e+00 1.908186804424117478e+00 1.900457297904694531e+00 1.894711750456326005e+00 1.890683530608334051e+00 1.887935695945569758e+00 1.886101509970491419e+00 1.884743807124790838e+00 1.883935634256157066e+00 1.000000000000000020e+30
1.000000000000000020e+30 1.000000000000000020e+30 1.000000000000000020e+30 2.078271315164289756e+00 2.077478149845980671e+00 2.077335410558945661e+00 2.078098237391279746e+00 2.079850966881024110e+00 2.082590199342108317e+00 2.086283970689120970e+00 2.090904743262451237e+00 2.096428790860890068e+00 2.102829911062892077e+00 2.110076984413576273e+00 2.118132309323803142e+00 2.126951517681614057e+00 2.136483150600088532e+00 2.146667648255445204e+00 2.157435933921350024e+00 2.168707806231929158e+00 2.180390291332770403e+00 2.192375955448890856e+00 2.204541306690440017e+00 2.216746144673649610e+00 2.228838438602317673e+00 2.240615123983203727e+00 2.251939010733096769e+00 2.262496411698021959e+00 2.272016498813626217e+00 2.280196756997741492e+00 2.286691409594311164e+00 2.291119153474401759e+00 2.293065641562360035e+00 2.292097660178840535e+00 2.287788156948900919e+00 2.279753982827258607e+00 2.267693934328400829e+00 2.251397882313855181e+00 2.230765613955252302e+00 2.206206389321859973e+00 2.181305746389976985e+00 1.000000000000000020e+30 1.000000000000000020e+30 1.000000000000000020e+30 1.000000000000000020e+30 1.000000000000000020e+30 1.000000000000000020e+30 1.000000000000000020e+30 1.902993665076396779e+00 1.898747549552942671e+00 1.893715199879210775e+00 1.890688161920374366e+00 1.888848778371465809e+00 1.887893743052037498e+00 1.886606056712426982e+00 1.885522982934122904e+00 1.000000000000000020e+30
1.000000000000000020e+30 1.000000000000000020e+30 2.095512876980434758e+00 2.090278863333454140e+00 2.088567258078384725e+00 2.088579078298176128e+00 2.089908414789544810e+00 2.092363731415059380e+00 2.095904228242540857e+00 2.100474676376165473e+00 2.106050672156770887e+00 2.112611799593012485e+00 2.120130267471909136e+00 2.128575690010262811e+00 2.137911192646948955e+00 2.148094547516222086e+00 2.159077269983502578e+00 2.170802862020728252e+00 2.183204823401275529e+00 2.196204658817156208e+00 2.209709954981493141e+00 2.223612499866775227e+00 2.237786388873925336e+00 2.252086034205132314e+00 2.266343328801313284e+00 2.280357107195798427e+00 2.293898579832455820e+00 2.306782822189878956e+00 2.318635072215849302e+00 2.329130213936694282e+00 2.337865690102685967e+00 2.344398317629002637e+00 2.348227383471756635e+00 2.348813874967842885e+00 2.345614073023510660e+00 2.338151986281077122e+00 2.326121425917889063e+00 2.309401959424600470e+00 2.287998485743229171e+00 2.260751045051019759e+00 2.219696863377550677e+00 1.000000000000000020e+30 1.000000000000000020e+30 1.000000000000000020e+30 1.000000000000000020e+30 1.000000000000000020e+30 1.000000000000000020e+30 1.000000000000000020e+30 1.000000000000000020e+30 1.000000000000000020e+30 1.891604070581864638e+00 1.890383949870437563e+00 1.889744649256065223e+00 1.890882770011552472e+00 1.889124568800804482e+00 1.886888510226957916e+00 1.000000000000000020e+30
1.000000000000000020e+30 1.000000000000000020e+30 2.102923921469425750e+00 2.100885519852357941e+00 2.100035138367934984e+00 2.100627770387931026e+00 2.102581029822971903e+00 2.105784415014158917e+00 2.110187757479452753e+00 2.115682474471080265e+00 2.122266606976292103e+00 2.129929552710644991e+00 2.138635420676421095e+00 2.148358657002059413e+00 2.159062871505534886e+00 2.170709480927321078e+00 2.183254949629781283e+00 2.196647716991982691e+00 2.210825521046283715e+00 2.225713040290801192e+00 2.241219776480032788e+00 2.257238053595469029e+00 2.273640907492660901e+00 2.290279485367868517e+00 2.306979320124633581e+00 2.323534691353533521e+00 2.339705421792172668e+00 2.355209207784234593e+00 2.369784316387238299e+00 2.383054985888108490e+00 2.394522325679849128e+00 2.403695381984954249e+00 2.409965302181623414e+00 2.412651850512739671e+00 2.411021105111993634e+00 2.404401020698877733e+00 2.392461503474919482e+00 2.375380555969394791e+00 2.354095169047270897e+00 2.331971434560240919e+00 1.000000000000000020e+30 1.000000000000000020e+30 1.000000000000000020e+30 1.000000000000000020e+30 1.000000000000000020e+30 1.000000000000000020e+30 1.000000000000000020e+30 1.000000000000000020e+30 1.000000000000000020e+30 1.000000000000000020e+30 1.000000000000000020e+30 1.000000000000000020e+30 1.000000000000000020e+30 1.898105316558704514e+00 1.893004515849087577e+00 1.000000000000000020e+30 1.000000000000000020e+30
1.000000000000000020e+30 2.119808370969850753e+00 2.114589612910186656e+00 2.112501053549987073e+00 2.112234886686431334e+00 2.113514828742778295e+00 2.116204552210954049e+00 2.120208288492761994e+00 2.125461251155386755e+00 2.131913466239497623e+00 2.139555202673929291e+00 2.148398264111744727e+00 2.158362346874433069e+00 2.169448652096998220e+00 2.181613515049186880e+00 2.194825325269372573e+00 2.209048724280763931e+00 2.224239602584548781e+00 2.240341938187847326e+00 2.257285241523372843e+00 2.274982414197426639e+00 2.293327863174331682e+00 2.312195542458057140e+00 2.331436350033725180e+00 2.350874257680203083e+00 2.370301157073841036e+00 2.389471853054275119e+00 2.408099303442724715e+00 2.425854593045272622e+00 2.442314849240113439e+00 2.457067247035456869e+00 2.469537755597365436e+00 2.478959966607403143e+00 2.484493035541583517e+00 2.485096679416836984e+00 2.479781208116927704e+00 2.467700023342584537e+00 2.449067373666260039e+00 2.424416649955830394e+00 2.384352580996089710e+00 1.000000000000000020e+30 1.000000000000000020e+30 1.000000000000000020e+30 1.000000000000000020e+30 1.000000000000000020e+30 1.000000000000000020e+30 1.000000000000000020e+30 1.000000000000000020e+30 1.000000000000000020e+30 1.000000000000000020e+30 1.000000000000000020e+30 1.000000000000000020e+30 1.000000000000000020e+30 1.000000000000000020e+30 1.000000000000000020e+30 1.000000000000000020e+30 1.000000000000000020e+30
1.000000000000000020e+30 2.127352902788834044e+00 2.125393932769803929e+00 2.124539948647625742e+00 2.125160502344875191e+00 2.127267711783476845e+00 2.130793425491467996e+00 2.135668580616564061e+00 2.141848082839098666e+00 2.149306568332149947e+00 2.158039266276394752e+00 2.168048432799510206e+00 2.179321041345954058e+00 2.191869919752413853e+00 2.205588090012686742e+00 2.220467288269703854e+00 2.236485477985219461e+00 2.253608988250614509e+00 2.271790235129929059e+00 2.290965254670907836e+00 2.311051738513444587e+00 2.331947596961280400e+00 2.353529707456595066e+00 2.375651896988486556e+00 2.398140892460669527e+00 2.420790150528980611e+00 2.443352861277360510e+00 2.465535505761487833e+00 2.486991817223936252e+00 2.507307555023683410e+00 2.525999441508504972e+00 2.542434996175837458e+00 2.555897705141039644e+00 2.565346184487911962e+00 2.569348965884732383e+00 2.566002775363891431e+00 2.553508143594234170e+00 2.532691141943550939e+00 2.513930502318336924e+00 1.000000000000000020e+30 1.000000000000000020e+30 1.000000000000000020e+30 1.000000000000000020e+30 1.000000000000000020e+30 1.000000000000000020e+30 1.000000000000000020e+30 1.000000000000000020e+30 1.000000000000000020e+30 1.000000000000000020e+30 1.000000000000000020e+30 1.000000000000000020e+30 1.000000000000000020e+30 1.000000000000000020e+30 1.000000000000000020e+30 1.000000000000000020e+30 1.000000000000000020e+30 1.000000000000000020e+30
2.144171208637376314e+00 2.139221678283075523e+00 2.137438646017890687e+00 2.137425709165482690e+00 2.138956328094121506e+00 2.141960230873785953e+00 2.146390652243310715e+00 2.152200590136268854e+00 2.159366370123006362e+00 2.167881691034908354e+00 2.177754441684221387e+00 2.188997861284054380e+00 2.201625268925739842e+00 2.215662005418649549e+00 2.231011135974362514e+00 2.247655639289112717e+00 2.265584848575737276e+00 2.284777662299755097e+00 2.305197068021936246e+00 2.326787170410098415e+00 2.349471422662228193e+00 2.373151986063984697e+00 2.397710117099144611e+00 2.423005961115242357e+00 2.448874348043139193e+00 2.475116224317329916e+00 2.501488181548251255e+00 2.527694366737086362e+00 2.553383914523428277e+00 2.578149150963402914e+00 2.601512994746500773e+00 2.622885279489379329e+00 2.641500359994090275e+00 2.656349098600872871e+00 2.665514754528683472e+00 2.665936331932962755e+00 2.652136102047458088e+00 2.619765635993577035e+00 2.582030241947781857e+00 1.000000000000000020e+30 1.000000000000000020e+30 1.000000000000000020e+30 1.000000000000000020e+30 1.000000000000000020e+30 1.000000000000000020e+30 1.000000000000000020e+30 1.000000000000000020e+30 1.000000000000000020e+30 1.000000000000000020e+30 1.000000000000000020e+30 1.000000000000000020e+30 1.000000000000000020e+30 1.000000000000000020e+30 1.000000000000000020e+30 1.000000000000000020e+30 1.000000000000000020e+30 1.000000000000000020e+30
2.151596702074136225e+00 2.150338943930086177e+00 2.150104442560748730e+00 2.151198912553029530e+00 2.153718438606107011e+00 2.157673774681403422e+00 2.163058587608750027e+00 2.169851882121308861e+00 2.178050821654995417e+00 2.187667283695954090e+00 2.198724753205768767e+00 2.211251096840452401e+00 2.225274506801471208e+00 2.240820929279693008e+00 2.257896324211329020e+00 2.276402348004144649e+00 2.296356733280319862e+00 2.317756330231679929e+00 2.340577381777413368e+00 2.364773447250982041e+00 2.390273953606660395e+00 2.416984461309525045e+00 2.444790294244136852e+00 2.473561506591818837e+00 2.503148807675159127e+00 2.533370017480195635e+00 2.563991702935492167e+00 2.594716191015354223e+00 2.625187190452377362e+00 2.655013112192956992e+00 2.683763611923424275e+00 2.710950846135497194e+00 2.736003357327315477e+00 2.758079833021625848e+00 2.775534971882789748e+00 2.785213478169259016e+00 2.776085573868284584e+00 2.752259558977887544e+00 2.714671689439901225e+00 1.000000000000000020e+30 1.000000000000000020e+30 1.000000000000000020e+30 1.000000000000000020e+30 1.000000000000000020e+30 1.000000000000000020e+30 1.000000000000000020e+30 1.000000000000000020e+30 1.000000000000000020e+30 1.000000000000000020e+30 1.000000000000000020e+30 1.000000000000000020e+30 1.000000000000000020e+30 1.000000000000000020e+30 1.000000000000000020e+30 1.000000000000000020e+30 1.000000000000000020e+30 1.000000000000000020e+30
2.162792859134578638e+00 2.162928149468761774e+00 2.163911166484363324e+00 2.166065096235183063e+00 2.169574871884969003e+00 2.174501967300491945e+00 2.180870148443213363e+00 2.188679872635769907e+00 2.197946491137642067e+00 2.208699153170532004e+00 2.220978205857593313e+00 2.234828570233131195e+00 2.250296433231648408e+00 2.267427620953298195e+00 2.286266062142392030e+00 2.306711705624856279e+00 2.328798662543394293e+00 2.352541462837863584e+00 2.377931460385097839e+00 2.404932784045557437e+00 2.433480179144753119e+00 2.463478546105736910e+00 2.494811834772221015e+00 2.527363533002112472e+00 2.561013039906957278e+00 2.595612321426632896e+00 2.630949270993521161e+00 2.666716496112858881e+00 2.702526185107141377e+00 2.738003528940262665e+00 2.772781664164568838e+00 2.806500890541780979e+00 2.839153844791047820e+00 2.870240620709794133e+00 2.899062198399557921e+00 2.915940311967250675e+00 2.927650189385434309e+00 2.937343650025220132e+00 1.000000000000000020e+30 1.000000000000000020e+30 1.000000000000000020e+30 1.000000000000000020e+30 1.000000000000000020e+30 1.000000000000000020e+30 1.000000000000000020e+30 1.000000000000000020e+30 1.000000000000000020e+30 1.000000000000000020e+30 1.000000000000000020e+30 1.000000000000000020e+30 1.000000000000000020e+30 1.000000000000000020e+30 1.000000000000000020e+30 1.000000000000000020e+30 1.000000000000000020e+30 1.000000000000000020e+30 1.000000000000000020e+30
2.176434049244909019e+00 2.177243251927617695e+00 2.179102567299646687e+00 2.182184206987146435e+00 2.186641758637704935e+00 2.192536985554366602e+00 2.199901892932110581e+00 2.208748468574695423e+00 2.219105967338561580e+00 2.231019535415922572e+00 2.244547052319911806e+00 2.259752175022274212e+00 2.276701320689262786e+00 2.295463375397217565e+00 2.316111419903757795e+00 2.338569204258305501e+00 2.362890312519154268e+00 2.389110655041195130e+00 2.417240604900058543e+00 2.447256738755323902e+00 2.479099225431748543e+00 2.512662994513845227e+00 2.547809673471451930e+00 2.584439343093373420e+00 2.622482817111017273e+00 2.661861804564644274e+00 2.702414968110459448e+00 2.743807697645938237e+00 2.785524180438630371e+00 2.827209300170222317e+00 2.868560303713089787e+00 2.909190280771366766e+00 2.949946909567341624e+00 2.990924734435702614e+00 3.022520202552114288e+00 3.047222015719901034e+00 3.069333403651703485e+00 3.081018600219640469e+00 1.000000000000000020e+30 1.000000000000000020e+30 1.000000000000000020e+30 1.000000000000000020e+30 1.000000000000000020e+30 1.000000000000000020e+30 1.000000000000000020e+30 1.000000000000000020e+30 1.000000000000000020e+30 1.000000000000000020e+30 1.000000000000000020e+30 1.000000000000000020e+30 1.000000000000000020e+30 1.000000000000000020e+30 1.000000000000000020e+30 1.000000000000000020e+30 1.000000000000000020e+30 1.000000000000000020e+30 1.000000000000000020e+30
2.191930938611017954e+00 2.193170673947273830e+00 2.195721293115409978e+00 2.199635315216011744e+00 2.205004202283969317e+00 2.211861758780982345e+00 2.220231137926923282e+00 2.230126954038452070e+00 2.241588762100812815e+00 2.254677150808848562e+00 2.269468584891311203e+00 2.286046890406866705e+00 2.304499679072665952e+00 2.324918922595272885e+00 2.347407660942986585e+00 2.371941933522796031e+00 2.398589917425045126e+00 2.427417002330383600e+00 2.458460799762813842e+00 2.491712723853685141e+00 2.527126870941409642e+00 2.564575804946839455e+00 2.603826513065087944e+00 2.644803025422350462e+00 2.687527020698921465e+00 2.732063062069057580e+00 2.778388995395243199e+00 2.826147758821615952e+00 2.874349763028618998e+00 2.922766667508974958e+00 2.971299046745224715e+00 3.018414026143692475e+00 3.067219759479678398e+00 3.107991082997087595e+00 3.141357583474645665e+00 3.169034751555563467e+00 3.182044987836353922e+00 3.147262631476732686e+00 1.000000000000000020e+30 1.000000000000000020e+30 1.000000000000000020e+30 1.000000000000000020e+30 1.000000000000000020e+30 1.000000000000000020e+30 1.000000000000000020e+30 1.000000000000000020e+30 1.000000000000000020e+30 1.000000000000000020e+30 1.000000000000000020e+30 1.000000000000000020e+30 1.000000000000000020e+30 1.000000000000000020e+30 1.000000000000000020e+30 1.000000000000000020e+30 1.000000000000000020e+30 1.000000000000000020e+30 1.000000000000000020e+30
2.208949365747156612e+00 2.210548572504444031e+00 2.213729289673509459e+00 2.218447639078092060e+00 2.224725161385632255e+00 2.232554062920782290e+00 2.241938946983016656e+00 2.252892200934834666e+00 2.265462755941402229e+00 2.279728237879164787e+00 2.295786388892960161e+00 2.313743269638214084e+00 2.333707843869834431e+00 2.355790297732812011e+00 2.380107061410732250e+00 2.406779347390549439e+00 2.435830614303996722e+00 2.467381140098068304e+00 2.501514295893224826e+00 2.538227292596617612e+00 2.577532110628882212e+00 2.619302419878510868e+00 2.662946864108357126e+00 2.708472605108280806e+00 2.756047013958980330e+00 2.806006883134913643e+00 2.858716044793071731e+00 2.914088908630319441e+00 2.969261687862190691e+00 3.024765830861871230e+00 3.083580545120844008e+00 3.135965690821780782e+00 3.184182033771514764e+00 3.226136271607955575e+00 3.261876892213512402e+00 3.291190196164495152e+00 3.306814520244307776e+00 1.000000000000000020e+30 1.000000000000000020e+30 1.000000000000000020e+30 1.000000000000000020e+30 1.000000000000000020e+30 1.000000000000000020e+30 1.000000000000000020e+30 1.000000000000000020e+30 1.000000000000000020e+30 1.000000000000000020e+30 1.000000000000000020e+30 1.000000000000000020e+30 1.000000000000000020e+30 1.000000000000000020e+30 1.000000000000000020e+30 1.000000000000000020e+30 1.000000000000000020e+30 1.000000000000000020e+30 1.000000000000000020e+30 1.000000000000000020e+30
2.227235764850970412e+00 2.229214366479853382e+00 2.233064064677376503e+00 2.238634143283346756e+00 2.245864849177328537e+00 2.254698687466375251e+00 2.265118293194813059e+00 2.277134070540904442e+00 2.290807340003913950e+00 2.306237959457599462e+00 2.323551064713133218e+00 2.342878948550060958e+00 2.364354358816479262e+00 2.388102525544933741e+00 2.414256646488125657e+00 2.443026771035282430e+00 2.474516578877728357e+00 2.508877047115928072e+00 2.546286897452203046e+00 2.586648035996727213e+00 2.630183464315070108e+00 2.677094120851969183e+00 2.725363612456869422e+00 2.775520836033634975e+00 2.827870461045383088e+00 2.883165002708665714e+00 2.942631212358045367e+00 3.009079044315654539e+00 3.072098023410019252e+00 3.133851001419377003e+00 3.194502155919544339e+00 3.250698666771623113e+00 3.301013557498480022e+00 3.344510362040407969e+00 3.380668091686028998e+00 3.407011954738289994e+00 3.423988381475342457e+00 1.000000000000000020e+30 1.000000000000000020e+30 1.000000000000000020e+30 1.000000000000000020e+30 1.000000000000000020e+30 1.000000000000000020e+30 1.000000000000000020e+30 1.000000000000000020e+30 1.000000000000000020e+30 1.000000000000000020e+30 1.000000000000000020e+30 1.000000000000000020e+30 1.000000000000000020e+30 1.000000000000000020e+30 1.000000000000000020e+30 1.000000000000000020e+30 1.000000000000000020e+30 1.000000000000000020e+30 1.000000000000000020e+30 1.000000000000000020e+30
2.246524674615738348e+00 2.248994668419331600e+00 2.253662917821931622e+00 2.260219740383183851e+00 2.268503806296484182e+00 2.278404491410292110e+00 2.289886153675804614e+00 2.302963511439229727e+00 2.317717741143428434e+00 2.334281131730304271e+00 2.352818951312595885e+00 2.373495096702453289e+00 2.396474761962610778e+00 2.421884503574714298e+00 2.449807392515769511e+00 2.480564854466174918e+00 2.514511874601113028e+00 2.551689697359038611e+00 2.592677783395266555e+00 2.636684026313375728e+00 2.684486875160994490e+00 2.739440947377941082e+00 2.793210766950595669e+00 2.848423317378497632e+00 2.905575543986960163e+00 2.965825786378067264e+00 3.030306716211008666e+00 3.099049813820542898e+00 3.168011214632385109e+00 3.235602531449671027e+00 3.299936899658975520e+00 3.358383065479088714e+00 3.408758364077874248e+00 3.451019285482515464e+00 3.485643517436966654e+00 3.513457538999735785e+00 3.544653407671607859e+00 3.602002239960258478e+00 1.000000000000000020e+30 1.000000000000000020e+30 1.000000000000000020e+30 1.000000000000000020e+30 1.000000000000000020e+30 1.000000000000000020e+30 1.000000000000000020e+30 1.000000000000000020e+30 1.000000000000000020e+30 1.000000000000000020e+30 1.000000000000000020e+30 1.000000000000000020e+30 1.000000000000000020e+30 1.000000000000000020e+30 1.000000000000000020e+30 1.000000000000000020e+30 1.000000000000000020e+30 1.000000000000000020e+30 1.000000000000000020e+30
2.266445079058804435e+00 2.269685642869567310e+00 2.275485639326145115e+00 2.283273334504313912e+00 2.292770677249626132e+00 2.303825437863153969e+00 2.316398753079106143e+00 2.330523253730349964e+00 2.346310407167060408e+00 2.363940683464360593e+00 2.383649113205416725e+00 2.405627186425016717e+00 2.430112974708765972e+00 2.457240691947632616e+00 2.486763108554554957e+00 2.519320807178192290e+00 2.555702499227802349e+00 2.595320903899403397e+00 2.643191719517045790e+00 2.691517335599495464e+00 2.742354805964437592e+00 2.797605162310623506e+00 2.855159206304277664e+00 2.914363143605116058e+00 2.975156606165849205e+00 3.039178147543139197e+00 3.108085510632742743e+00 3.181345435504601138e+00 3.255729848052303588e+00 3.328611236449747324e+00 3.396387402262639021e+00 3.455546572272652384e+00 3.504460071911421171e+00 3.544534744422116468e+00 3.576918829643153330e+00 3.602925306811040951e+00 3.625506637758708184e+00 3.645650359216921821e+00 1.000000000000000020e+30 1.000000000000000020e+30 1.000000000000000020e+30 1.000000000000000020e+30 1.000000000000000020e+30 1.000000000000000020e+30 1.000000000000000020e+30 1.000000000000000020e+30 1.000000000000000020e+30 1.000000000000000020e+30 1.000000000000000020e+30 1.000000000000000020e+30 1.000000000000000020e+30 1.000000000000000020e+30 1.000000000000000020e+30 1.000000000000000020e+30 1.000000000000000020e+30 1.000000000000000020e+30 1.000000000000000020e+30
2.286350958665273048e+00 2.291055350585222250e+00 2.298568863308862564e+00 2.307957445311847433e+00 2.318877312335813290e+00 2.331184883683631970e+00 2.344869114108939279e+00 2.360002102370752475e+00 2.376731192210189914e+00 2.395298417831908999e+00 2.416103374706920270e+00 2.439273215928541738e+00 2.465269610540622658e+00 2.494513112760866846e+00 2.525156610700645565e+00 2.558906043829833887e+00 2.599876795668496499e+00 2.641811220345169353e+00 2.689841947049737225e+00 2.740622170922452749e+00 2.794109259347919760e+00 2.852498395606188453e+00 2.913365560467881643e+00 2.974703073565715616e+00 3.036454253255056024e+00 3.101377876975248249e+00 3.172969440849244371e+00 3.251530398989312065e+00 3.332293103436717363e+00 3.412195435546522049e+00 3.484343557369621980e+00 3.545149944913312812e+00 3.593626424072074332e+00 3.631682506826036327e+00 3.660950190922632075e+00 3.682153143829334674e+00 3.695048980352399148e+00 3.695684674724788898e+00 1.000000000000000020e+30 1.000000000000000020e+30 1.000000000000000020e+30 1.000000000000000020e+30 1.000000000000000020e+30 1.000000000000000020e+30 1.000000000000000020e+30 1.000000000000000020e+30 1.000000000000000020e+30 1.000000000000000020e+30 1.000000000000000020e+30 1.000000000000000020e+30 1.000000000000000020e+30 1.000000000000000020e+30 1.000000000000000020e+30 1.000000000000000020e+30 1.000000000000000020e+30 1.000000000000000020e+30 1.000000000000000020e+30
2.304903228407793492e+00 2.312987937720971665e+00 2.323169301094721195e+00 2.334605429555243195e+00 2.347157631329959138e+00 2.360799328877408954e+00 2.375584329167063746e+00 2.391655993364145250e+00 2.409177900903369807e+00 2.428391555781457267e+00 2.450290691117956943e+00 2.474327380606076598e+00 2.501563265159184812e+00 2.534950944725031352e+00 2.567223859704010014e+00 2.602061835554690283e+00 2.641060606494242791e+00 2.684044270788083608e+00 2.735067927493344264e+00 2.787745784809760874e+00 2.843517213762046580e+00 2.911279316490612334e+00 2.979004318772551674e+00 3.042695475976062269e+00 3.103867759883791155e+00 3.166776308465893308e+00 3.240860729223268510e+00 3.320449109588452075e+00 3.405239225082484555e+00 3.495502810552228112e+00 3.571543136268008567e+00 3.632691853255723302e+00 3.679792572904182268e+00 3.714171256515820030e+00 3.739324924905827352e+00 3.755925096825872611e+00 3.763020057625925840e+00 3.757170095325013559e+00 1.000000000000000020e+30 1.000000000000000020e+30 1.000000000000000020e+30 1.000000000000000020e+30 1.000000000000000020e+30 1.000000000000000020e+30 1.000000000000000020e+30 1.000000000000000020e+30 1.000000000000000020e+30 1.000000000000000020e+30 1.000000000000000020e+30 1.000000000000000020e+30 1.000000000000000020e+30 1.000000000000000020e+30 1.000000000000000020e+30 1.000000000000000020e+30 1.000000000000000020e+30 1.000000000000000020e+30 1.000000000000000020e+30
2.318838223324710679e+00 2.336333871627270575e+00 2.350062020645663718e+00 2.363799107156620227e+00 2.378087105621504715e+00 2.393092890466107292e+00 2.408914816637438339e+00 2.425837938999106491e+00 2.444005098837503720e+00 2.462982161219127164e+00 2.488471560850947117e+00 2.514254407313748274e+00 2.541856644340221294e+00 2.573153056646301007e+00 2.607114268260540602e+00 2.645615917882547574e+00 2.685449589622392441e+00 2.728273150672307690e+00 2.797684399275470302e+00 2.863575833623284606e+00 2.947393559311819899e+00 3.084517667169952571e+00 3.160500963847397760e+00 3.218743551621654042e+00 3.264688334609388232e+00 3.288309086044369334e+00 3.352914297824670875e+00 3.443313438777792612e+00 3.580577893838056802e+00 3.614056554051658043e+00 3.671310266585807724e+00 3.724088370976193829e+00 3.764322317779398741e+00 3.792091032453249078e+00 3.812431672067996935e+00 3.825344408091262860e+00 3.830022890754508413e+00 3.823953813406247182e+00 1.000000000000000020e+30 1.000000000000000020e+30 1.000000000000000020e+30 1.000000000000000020e+30 1.000000000000000020e+30 1.000000000000000020e+30 1.000000000000000020e+30 1.000000000000000020e+30 1.000000000000000020e+30 1.000000000000000020e+30 1.000000000000000020e+30 1.000000000000000020e+30 1.000000000000000020e+30 1.000000000000000020e+30 1.000000000000000020e+30 1.000000000000000020e+30 1.000000000000000020e+30 1.000000000000000020e+30 1.000000000000000020e+30
1.000000000000000020e+30 2.367113957124495016e+00 2.380685199657305962e+00 2.396249878244838261e+00 2.412232147868722087e+00 2.428599328090024212e+00 2.445265094574719633e+00 2.462969678212680869e+00 2.483581493024652698e+00 2.502788318338398987e+00 2.527153683719734811e+00 2.555064591642605798e+00 2.583112412711511041e+00 2.615280587416764835e+00 2.651771452672729179e+00 2.710951827800470948e+00 2.772429447590782026e+00 3.086439701175915928e+00 2.936660830285532153e+00 2.962006083399904011e+00 1.000000000000000020e+30 3.282537437836558158e+00 3.322016334594631193e+00 3.364430501095161841e+00 3.393895944962542988e+00 1.000000000000000020e+30 1.000000000000000020e+30 1.000000000000000020e+30 3.836273338478856321e+00 3.803168459137709512e+00 3.778829045324751501e+00 3.815775399604932172e+00 3.843170534209288558e+00 3.863539098837205366e+00 3.879046936228703224e+00 3.889044423925874128e+00 3.893776704132894118e+00 3.896178229117305492e+00 3.909820062083042558e+00 1.000000000000000020e+30 1.000000000000000020e+30 1.000000000000000020e+30 1.000000000000000020e+30 1.000000000000000020e+30 1.000000000000000020e+30 1.000000000000000020e+30 1.000000000000000020e+30 1.000000000000000020e+30 1.000000000000000020e+30 1.000000000000000020e+30 1.000000000000000020e+30 1.000000000000000020e+30 1.000000000000000020e+30 1.000000000000000020e+30 1.000000000000000020e+30 1.000000000000000020e+30 1.000000000000000020e+30
1.000000000000000020e+30 2.388184287235493475e+00 2.413253636169604643e+00 2.432293388809176005e+00 2.450141674561880034e+00 2.468061411043097397e+00 2.484925490753270960e+00 2.504574845065186572e+00 2.523343702889612405e+00 2.546345267562269310e+00 2.586510288697871029e+00 2.627399448118985070e+00 2.656913418439528662e+00 2.719013713786963660e+00 3.020752748984864677e+00 2.853132644869712298e+00 2.879508995277377803e+00 1.000000000000000020e+30 1.000000000000000020e+30 1.000000000000000020e+30 1.000000000000000020e+30 1.000000000000000020e+30 1.000000000000000020e+30 1.000000000000000020e+30 1.000000000000000020e+30 1.000000000000000020e+30 1.000000000000000020e+30 1.000000000000000020e+30 3.979247152150548139e+00 3.962698666503939648e+00 3.942097722275306637e+00 3.899499882606554113e+00 3.911249237629915054e+00 3.925840804964183306e+00 3.937158034640593662e+00 3.943967214436804980e+00 3.945781115461069799e+00 3.943030216107007213e+00 3.935428596084281860e+00 1.000000000000000020e+30 1.000000000000000020e+30 1.000000000000000020e+30 1.000000000000000020e+30 1.000000000000000020e+30 1.000000000000000020e+30 1.000000000000000020e+30 1.000000000000000020e+30 1.000000000000000020e+30 1.000000000000000020e+30 1.000000000000000020e+30 1.000000000000000020e+30 1.000000000000000020e+30 1.000000000000000020e+30 1.000000000000000020e+30 1.000000000000000020e+30 1.000000000000000020e+30 1.000000000000000020e+30
1.000000000000000020e+30 1.000000000000000020e+30 2.456005240152142388e+00 2.473789275499297613e+00 2.492334050393493872e+00 2.513574231350723220e+00 2.530550405719170115e+00 2.548345544610966407e+00 2.570613100616077062e+00 2.629412292172786714e+00 2.679507015960279848e+00 2.716936594756298895e+00 1.000000000000000020e+30 1.000000000000000020e+30 1.000000000000000020e+30 1.000000000000000020e+30 1.000000000000000020e+30 1.000000000000000020e+30 1.000000000000000020e+30 1.000000000000000020e+30 1.000000000000000020e+30 1.000000000000000020e+30 1.000000000000000020e+30 1.000000000000000020e+30 1.000000000000000020e+30 1.000000000000000020e+30 1.000000000000000020e+30 1.000000000000000020e+30 1.000000000000000020e+30 1.000000000000000020e+30 4.028074849312574202e+00 3.970794102369513023e+00 3.967167592882757443e+00 3.976902234958439752e+00 3.985671944522193755e+00 3.989762758043863045e+00 3.988201564901001639e+00 3.980550147472762923e+00 3.965534479977282256e+00 1.000000000000000020e+30 1.000000000000000020e+30 1.000000000000000020e+30 1.000000000000000020e+30 1.000000000000000020e+30 1.000000000000000020e+30 1.000000000000000020e+30 1.000000000000000020e+30 1.000000000000000020e+30 1.000000000000000020e+30 1.000000000000000020e+30 1.000000000000000020e+30 1.000000000000000020e+30 1.000000000000000020e+30 1.000000000000000020e+30 1.000000000000000020e+30 1.000000000000000020e+30 1.000000000000000020e+30
1.000000000000000020e+30 1.000000000000000020e+30 2.485396138846704517e+00 2.520463154167948971e+00 2.541801862393610723e+00 2.561346299371793034e+00 2.580786844236435229e+00 2.606290009297040022e+00 2.687496109240904651e+00 2.728937616914359321e+00 1.000000000000000020e+30 1.000000000000000020e+30 1.000000000000000020e+30 1.000000000000000020e+30 1.000000000000000020e+30 1.000000000000000020e+30 1.000000000000000020e+30 1.000000000000000020e+30 1.000000000000000020e+30 1.000000000000000020e+30 1.000000000000000020e+30 1.000000000000000020e+30 1.000000000000000020e+30 1.000000000000000020e+30 1.000000000000000020e+30 1.000000000000000020e+30 1.000000000000000020e+30 1.000000000000000020e+30 1.000000000000000020e+30 1.000000000000000020e+30 1.000000000000000020e+30 4.044290660064719489e+00 4.018018332060531606e+00 4.019418336509216871e+00 4.024679200115025779e+00 4.027015364884984017e+00 4.022494710524608941e+00 4.011196462573787258e+00 3.992884075084699447e+00 1.000000000000000020e+30 1.000000000000000020e+30 1.000000000000000020e+30 1.000000000000000020e+30 1.000000000000000020e+30 1.000000000000000020e+30 1.000000000000000020e+30 1.000000000000000020e+30 1.000000000000000020e+30 1.000000000000000020e+30 1.000000000000000020e+30 1.000000000000000020e+30 1.000000000000000020e+30 1.000000000000000020e+30 1.000000000000000020e+30 1.000000000000000020e+30 1.000000000000000020e+30 1.000000000000000020e+30
1.000000000000000020e+30 1.000000000000000020e+30 1.000000000000000020e+30 2.579858949021541115e+00 2.597406285799816583e+00 2.621525206120721929e+00 2.660959078596741634e+00 2.739113053552681531e+00 2.795523560870915691e+00 1.000000000000000020e+30 1.000000000000000020e+30 1.000000000000000020e+30 1.000000000000000020e+30 1.000000000000000020e+30 1.000000000000000020e+30 1.000000000000000020e+30 1.000000000000000020e+30 1.000000000000000020e+30 1.000000000000000020e+30 1.000000000000000020e+30 1.000000000000000020e+30 1.000000000000000020e+30 1.000000000000000020e+30 1.000000000000000020e+30 1.000000000000000020e+30 1.000000000000000020e+30 1.000000000000000020e+30 1.000000000000000020e+30 1.000000000000000020e+30 1.000000000000000020e+30 1.000000000000000020e+30 1.000000000000000020e+30 4.089568522608849399e+00 4.064612689937620260e+00 4.058335637722668920e+00 4.056892591715964613e+00 4.049307325831829729e+00 4.034580996121396090e+00 4.014328397387108005e+00 1.000000000000000020e+30 1.000000000000000020e+30 1.000000000000000020e+30 1.000000000000000020e+30 1.000000000000000020e+30 1.000000000000000020e+30 1.000000000000000020e+30 1.000000000000000020e+30 1.000000000000000020e+30 1.000000000000000020e+30 1.000000000000000020e+30 1.000000000000000020e+30 1.000000000000000020e+30 1.000000000000000020e+30 1.000000000000000020e+30 1.000000000000000020e+30 1.000000000000000020e+30 1.000000000000000020e+30
1.000000000000000020e+30 1.000000000000000020e+30 1.000000000000000020e+30 2.623200165090597835e+00 2.662559814790697921e+00 2.750683345995464268e+00 2.824766672346932683e+00 2.860940461889143638e+00 1.000000000000000020e+30 1.000000000000000020e+30 1.000000000000000020e+30 1.000000000000000020e+30 1.000000000000000020e+30 1.000000000000000020e+30 1.000000000000000020e+30 1.000000000000000020e+30 1.000000000000000020e+30 1.000000000000000020e+30 1.000000000000000020e+30 1.000000000000000020e+30 1.000000000000000020e+30 1.000000000000000020e+30 1.000000000000000020e+30 1.000000000000000020e+30 1.000000000000000020e+30 1.000000000000000020e+30 1.000000000000000020e+30 1.000000000000000020e+30 1.000000000000000020e+30 1.000000000000000020e+30 1.000000000000000020e+30 1.000000000000000020e+30 1.000000000000000020e+30 4.133991842427753305e+00 4.102126811357337921e+00 4.081006278021514611e+00 4.069007369938390184e+00 4.049219662234844641e+00 4.028047284054853350e+00 1.000000000000000020e+30 1.000000000000000020e+30 1.000000000000000020e+30 1.000000000000000020e+30 1.000000000000000020e+30 1.000000000000000020e+30 1.000000000000000020e+30 1.000000000000000020e+30 1.000000000000000020e+30 1.000000000000000020e+30 1.000000000000000020e+30 1.000000000000000020e+30 1.000000000000000020e+30 1.000000000000000020e+30 1.000000000000000020e+30 1.000000000000000020e+30 1.000000000000000020e+30 1.000000000000000020e+30
1.000000000000000020e+30 1.000000000000000020e+30 1.000000000000000020e+30 1.000000000000000020e+30 3.042347909224790037e+00 2.947464433421527197e+00 2.965119003144585097e+00 1.000000000000000020e+30 1.000000000000000020e+30 1.000000000000000020e+30 1.000000000000000020e+30 1.000000000000000020e+30 1.000000000000000020e+30 1.000000000000000020e+30 1.000000000000000020e+30 1.000000000000000020e+30 1.000000000000000020e+30 1.000000000000000020e+30 1.000000000000000020e+30 1.000000000000000020e+30 1.000000000000000020e+30 1.000000000000000020e+30 1.000000000000000020e+30 1.000000000000000020e+30 1.000000000000000020e+30 1.000000000000000020e+30 1.000000000000000020e+30 1.000000000000000020e+30 1.000000000000000020e+30 1.000000000000000020e+30 1.000000000000000020e+30 1.000000000000000020e+30 1.000000000000000020e+30 1.000000000000000020e+30 4.149813935310741719e+00 4.099635341723355531e+00 4.083244973024186208e+00 4.050975629598442929e+00 4.033196672548036155e+00 1.000000000000000020e+30 1.000000000000000020e+30 1.000000000000000020e+30 1.000000000000000020e+30 1.000000000000000020e+30 1.000000000000000020e+30 1.000000000000000020e+30 1.000000000000000020e+30 1.000000000000000020e+30 1.000000000000000020e+30 1.000000000000000020e+30 1.000000000000000020e+30 1.000000000000000020e+30 1.000000000000000020e+30 1.000000000000000020e+30 1.000000000000000020e+30 1.000000000000000020e+30 1.000000000000000020e+30
1.000000000000000020e+30 1.000000000000000020e+30 1.000000000000000020e+30 1.000000000000000020e+30 3.332061546162308652e+00 1.000000000000000020e+30 1.000000000000000020e+30 1.000000000000000020e+30 1.000000000000000020e+30 1.000000000000000020e+30 1.000000000000000020e+30 1.000000000000000020e+30 1.000000000000000020e+30 1.000000000000000020e+30 1.000000000000000020e+30 1.000000000000000020e+30 1.000000000000000020e+30 1.000000000000000020e+30 1.000000000000000020e+30 1.000000000000000020e+30 1.000000000000000020e+30 1.000000000000000020e+30 1.000000000000000020e+30 1.000000000000000020e+30 1.000000000000000020e+30 1.000000000000000020e+30 1.000000000000000020e+30 1.000000000000000020e+30 1.000000000000000020e+30 1.000000000000000020e+30 1.000000000000000020e+30 1.000000000000000020e+30 1.000000000000000020e+30 1.000000000000000020e+30 1.000000000000000020e+30 4.112423235013959122e+00 4.103210545772831175e+00 1.000000000000000020e+30 1.000000000000000020e+30 1.000000000000000020e+30 1.000000000000000020e+30 1.000000000000000020e+30 1.000000000000000020e+30 1.000000000000000020e+30 1.000000000000000020e+30 1.000000000000000020e+30 1.000000000000000020e+30 1.000000000000000020e+30 1.000000000000000020e+30 1.000000000000000020e+30 1.000000000000000020e+30 1.000000000000000020e+30 1.000000000000000020e+30 1.000000000000000020e+30 1.000000000000000020e+30 1.000000000000000020e+30 1.000000000000000020e+30
