1.000000000000000020e+30 1.000000000000000020e+30 1.000000000000000020e+30 1.000000000000000020e+30 1.000000000000000020e+30 1.000000000000000020e+30 1.000000000000000020e+30 1.000000000000000020e+30 1.000000000000000020e+30 1.000000000000000020e+30 1.000000000000000020e+30 1.000000000000000020e+30 1.000000000000000020e+30 1.000000000000000020e+30 1.000000000000000020e+30 1.000000000000000020e+30 1.000000000000000020e+30 1.000000000000000020e+30 1.000000000000000020e+30 1.000000000000000020e+30 1.000000000000000020e+30 1.000000000000000020e+30 1.000000000000000020e+30 1.000000000000000020e+30 1.000000000000000020e+30 1.000000000000000020e+30 1.000000000000000020e+30 1.000000000000000020e+30 1.000000000000000020e+30 1.000000000000000020e+30 1.000000000000000020e+30 1.000000000000000020e+30 1.000000000000000020e+30 1.000000000000000020e+30 1.000000000000000020e+30 1.000000000000000020e+30 1.000000000000000020e+30 1.000000000000000020e+30 1.000000000000000020e+30 1.000000000000000020e+30 1.000000000000000020e+30 1.000000000000000020e+30 1.000000000000000020e+30 1.000000000000000020e+30 1.000000000000000020e+30 1.000000000000000020e+30 1.000000000000000020e+30 1.000000000000000020e+30 1.000000000000000020e+30 1.000000000000000020e+30 1.000000000000000020e+30 1.000000000000000020e+30 1.000000000000000020e+30 1.000000000000000020e+30 1.000000000000000020e+30 1.000000000000000020e+30 1.000000000000000020e+30
1.000000000000000020e+30 1.000000000000000020e+30 1.000000000000000020e+30 1.000000000000000020e+30 1.000000000000000020e+30 1.000000000000000020e+30 1.000000000000000020e+30 1.000000000000000020e+30 1.000000000000000020e+30 1.000000000000000020e+30 1.000000000000000020e+30 1.000000000000000020e+30 1.000000000000000020e+30 1.000000000000000020e+30 1.000000000000000020e+30 1.000000000000000020e+30 1.000000000000000020e+30 1.000000000000000020e+30 1.000000000000000020e+30 1.000000000000000020e+30 1.000000000000000020e+30 1.000000000000000020e+30 1.000000000000000020e+30 1.000000000000000020e+30 1.000000000000000020e+30 1.000000000000000020e+30 1.000000000000000020e+30 1.398173942756545429e+01 1.398197112410910670e+01 1.398220546245169693e+01 1.398244880157431602e+01 1.398276029439056956e+01 1.398307490388860685e+01 1.398339098361419808e+01 1.398338212797563784e+01 1.398065873354549637e+01 1.397812369719875214e+01 1.397575898331595035e+01 1.397378159901339245e+01 1.397396890128839608e+01 1.397416478384894667e+01 1.397436120974502138e+01 1.397438243311115436e+01 1.000000000000000020e+30 1.000000000000000020e+30 1.000000000000000020e+30 1.000000000000000020e+30 1.000000000000000020e+30 1.000000000000000020e+30 1.000000000000000020e+30 1.000000000000000020e+30 1.000000000000000020e+30 1.000000000000000020e+30 1.000000000000000020e+30 1.000000000000000020e+30 1.000000000000000020e+30 1.000000000000000020e+30
1.000000000000000020e+30 1.000000000000000020e+30 1.000000000000000020e+30 1.000000000000000020e+30 1.000000000000000020e+30 1.000000000000000020e+30 1.000000000000000020e+30 1.000000000000000020e+30 1.000000000000000020e+30 1.000000000000000020e+30 1.000000000000000020e+30 1.000000000000000020e+30 1.000000000000000020e+30 1.000000000000000020e+30 1.000000000000000020e+30 1.000000000000000020e+30 1.000000000000000020e+30 1.000000000000000020e+30 1.000000000000000020e+30 1.000000000000000020e+30 1.000000000000000020e+30 1.000000000000000020e+30 1.000000000000000020e+30 1.000000000000000020e+30 1.398589651142813572e+01 1.398357221025763941e+01 1.398157451820516073e+01 1.398224539482064266e+01 1.398295308522516223e+01 1.398367617776781380e+01 1.398430445635138319e+01 1.398397867722269616e+01 1.398365181970718041e+01 1.398332705881854920e+01 1.398271479141782514e+01 1.397972945837957148e+01 1.397696958525743582e+01 1.397440916062936545e+01 1.397231374843405050e+01 1.397286452861709982e+01 1.397343326858674395e+01 1.397401061654781351e+01 1.397437607299627338e+01 1.397284598347756024e+01 1.397136821312465393e+01 1.396949211851513795e+01 1.391584308292482319e+01 1.396865785887203515e+01 1.000000000000000020e+30 1.000000000000000020e+30 1.000000000000000020e+30 1.000000000000000020e+30 1.000000000000000020e+30 1.000000000000000020e+30 1.000000000000000020e+30 1.000000000000000020e+30 1.000000000000000020e+30
1.000000000000000020e+30 1.000000000000000020e+30 1.000000000000000020e+30 1.000000000000000020e+30 1.000000000000000020e+30 1.000000000000000020e+30 1.000000000000000020e+30 1.000000000000000020e+30 1.000000000000000020e+30 1.000000000000000020e+30 1.000000000000000020e+30 1.000000000000000020e+30 1.000000000000000020e+30 1.000000000000000020e+30 1.000000000000000020e+30 1.000000000000000020e+30 1.000000000000000020e+30 1.000000000000000020e+30 1.000000000000000020e+30 1.000000000000000020e+30 1.000000000000000020e+30 1.399359595630662412e+01 1.399080934419146516e+01 1.398814787098190138e+01 1.398569969170712746e+01 1.398343555951354311e+01 1.398162204937971609e+01 1.398276291712550545e+01 1.398397030374261085e+01 1.398522440508756581e+01 1.398628356282967644e+01 1.398525073419855502e+01 1.398424142187370656e+01 1.398326247279838874e+01 1.398205706715181051e+01 1.397882012122917494e+01 1.397584706810324739e+01 1.397310350291134640e+01 1.397089914316604364e+01 1.397178995175070604e+01 1.397271438525130627e+01 1.397366255948992553e+01 1.397437366127127767e+01 1.397284600546765709e+01 1.397136629087367687e+01 1.396940336369058677e+01 1.391388758319945396e+01 1.396787945987216695e+01 1.396802938582045783e+01 1.000000000000000020e+30 1.000000000000000020e+30 1.000000000000000020e+30 1.000000000000000020e+30 1.000000000000000020e+30 1.000000000000000020e+30 1.000000000000000020e+30 1.000000000000000020e+30
1.000000000000000020e+30 1.000000000000000020e+30 1.000000000000000020e+30 1.000000000000000020e+30 1.000000000000000020e+30 1.000000000000000020e+30 1.000000000000000020e+30 1.000000000000000020e+30 1.000000000000000020e+30 1.000000000000000020e+30 1.000000000000000020e+30 1.000000000000000020e+30 1.000000000000000020e+30 1.000000000000000020e+30 1.000000000000000020e+30 1.000000000000000020e+30 1.000000000000000020e+30 1.000000000000000020e+30 1.400826182619511329e+01 1.400291689096139613e+01 1.399770355342611694e+01 1.399345423270588995e+01 1.399017336520073229e+01 1.398766039042519793e+01 1.398539579008496325e+01 1.398330241852386457e+01 1.398167328560237976e+01 1.398328844947567795e+01 1.398501655543256383e+01 1.398684529825666623e+01 1.398837909177901828e+01 1.398650624654451846e+01 1.398474666539333278e+01 1.398308700264115600e+01 1.398129322229523197e+01 1.397784037341432928e+01 1.397469466949701378e+01 1.397181255039310876e+01 1.396954008747281861e+01 1.397074743429223886e+01 1.397200891852682325e+01 1.397331531668807436e+01 1.397436626385776748e+01 1.397284064595133657e+01 1.397132183239811809e+01 1.396804409735993957e+01 1.390959359766965875e+01 1.396709113838125127e+01 1.396667866395049096e+01 1.396574780503960156e+01 1.000000000000000020e+30 1.000000000000000020e+30 1.000000000000000020e+30 1.000000000000000020e+30 1.000000000000000020e+30 1.000000000000000020e+30 1.000000000000000020e+30
1.000000000000000020e+30 1.000000000000000020e+30 1.000000000000000020e+30 1.000000000000000020e+30 1.000000000000000020e+30 1.000000000000000020e+30 1.000000000000000020e+30 1.000000000000000020e+30 1.000000000000000020e+30 1.000000000000000020e+30 1.000000000000000020e+30 1.000000000000000020e+30 1.000000000000000020e+30 1.000000000000000020e+30 1.000000000000000020e+30 1.000000000000000020e+30 1.400935739771798616e+01 1.400961165057271351e+01 1.400821530879050947e+01 1.400241271582431857e+01 1.399708300020040141e+01 1.399280097188309746e+01 1.398947801378462508e+01 1.398733413787894087e+01 1.398543039782849284e+01 1.398365863479193649e+01 1.398227284628708134e+01 1.398375748000964869e+01 1.398533992751534605e+01 1.398699674556360684e+01 1.398674229914559319e+01 1.397292008362279425e+01 1.396299733870769089e+01 1.395541981529225772e+01 1.395033423497534741e+01 1.395402911846310090e+01 1.395832701970096856e+01 1.396336627126022201e+01 1.396882627678993316e+01 1.397004495762604925e+01 1.397127951385007982e+01 1.397255528218628307e+01 1.397356987978455578e+01 1.397203325665345197e+01 1.396889676770274846e+01 1.386485628200206399e+01 1.396609400826874392e+01 1.396608861604526908e+01 1.396442436155373734e+01 1.396282140057979682e+01 1.396148106520791110e+01 1.396190488937152807e+01 1.000000000000000020e+30 1.000000000000000020e+30 1.000000000000000020e+30 1.000000000000000020e+30 1.000000000000000020e+30
1.000000000000000020e+30 1.000000000000000020e+30 1.000000000000000020e+30 1.000000000000000020e+30 1.000000000000000020e+30 1.000000000000000020e+30 1.000000000000000020e+30 1.000000000000000020e+30 1.000000000000000020e+30 1.000000000000000020e+30 1.000000000000000020e+30 1.000000000000000020e+30 1.000000000000000020e+30 1.000000000000000020e+30 1.000000000000000020e+30 1.400420648015638569e+01 1.400707820895776301e+01 1.400842773588219003e+01 1.400742684313607178e+01 1.400166242340580780e+01 1.399636152398032252e+01 1.399208227688870565e+01 1.398881036147886014e+01 1.398718863980196225e+01 1.398580472009042630e+01 1.398451345772462595e+01 1.398345026670653013e+01 1.398416758212641753e+01 1.398491868013921469e+01 1.398566354338189832e+01 1.398194034878821235e+01 1.395511696240351895e+01 1.394132925105521714e+01 1.393301802720677962e+01 1.392840581013596335e+01 1.393345347426132186e+01 1.394072610480386132e+01 1.395196055971146087e+01 1.396863674445498660e+01 1.396965981524288303e+01 1.397052880770946004e+01 1.397140257934703200e+01 1.397192517613458840e+01 1.396954494057368024e+01 1.396047711916497569e+01 1.383760608929017089e+01 1.396487242801023321e+01 1.396385985799437179e+01 1.396143815555530487e+01 1.395917698001210105e+01 1.395739237677559608e+01 1.395851968789214226e+01 1.395968973910161459e+01 1.000000000000000020e+30 1.000000000000000020e+30 1.000000000000000020e+30 1.000000000000000020e+30
1.000000000000000020e+30 1.000000000000000020e+30 1.000000000000000020e+30 1.000000000000000020e+30 1.000000000000000020e+30 1.000000000000000020e+30 1.000000000000000020e+30 1.000000000000000020e+30 1.000000000000000020e+30 1.000000000000000020e+30 1.000000000000000020e+30 1.000000000000000020e+30 1.000000000000000020e+30 1.000000000000000020e+30 1.399036996389983045e+01 1.399851889161526586e+01 1.400390568657302914e+01 1.400657795321493815e+01 1.400618563864329325e+01 1.400071397557587538e+01 1.399556689563882728e+01 1.399134106316754966e+01 1.398815191167777172e+01 1.398704407687190354e+01 1.398618623158218810e+01 1.398539386150792119e+01 1.398467466970328843e+01 1.398458214757684104e+01 1.398449801487944200e+01 1.398438000046938789e+01 1.397773612050207070e+01 1.394417045110335351e+01 1.393065886122391817e+01 1.392353642821561444e+01 1.391989567574134945e+01 1.392424305544274965e+01 1.393122748671930822e+01 1.394402121534803385e+01 1.396837081508366651e+01 1.396926101256108588e+01 1.396976758684526310e+01 1.397011971452634072e+01 1.396842427899004946e+01 1.394534309511188219e+01 1.373899279575334020e+01 1.395914903510717409e+01 1.396505979303499245e+01 1.396177854275213726e+01 1.395870723940997671e+01 1.395591905001155553e+01 1.395379151844689680e+01 1.395546764094345171e+01 1.395725743854017509e+01 1.395915572635546376e+01 1.000000000000000020e+30 1.000000000000000020e+30 1.000000000000000020e+30
1.000000000000000020e+30 1.000000000000000020e+30 1.000000000000000020e+30 1.000000000000000020e+30 1.000000000000000020e+30 1.000000000000000020e+30 1.000000000000000020e+30 1.000000000000000020e+30 1.000000000000000020e+30 1.000000000000000020e+30 1.000000000000000020e+30 1.000000000000000020e+30 1.000000000000000020e+30 1.395343416935933334e+01 1.397569867933747290e+01 1.399100246876163389e+01 1.400001526704200927e+01 1.400415302731784628e+01 1.400437730183959850e+01 1.399940433885628188e+01 1.399458281679240734e+01 1.399052510577766029e+01 1.398748312696469398e+01 1.398685474031539577e+01 1.398650785762657200e+01 1.398623729846450559e+01 1.398592322346799044e+01 1.398492817696106982e+01 1.398398052190122876e+01 1.398302816978966590e+01 1.397389663156228856e+01 1.393680332193354587e+01 1.392441294441556643e+01 1.391840563655892993e+01 1.391546931441792090e+01 1.391911734980551429e+01 1.392535351974214741e+01 1.393811735850003330e+01 1.396734051752282646e+01 1.396808425855807023e+01 1.396817780412589194e+01 1.396722716691133570e+01 1.394907760013373021e+01 1.360654389289841859e+01 1.394506286413828455e+01 1.396459766391867241e+01 1.396388233048272021e+01 1.395981447527194774e+01 1.395620280315211126e+01 1.395299298979229441e+01 1.395059363480079284e+01 1.395269503430313129e+01 1.395454980174988435e+01 1.395689437094878649e+01 1.391506172676495368e+01 1.000000000000000020e+30 1.000000000000000020e+30
1.000000000000000020e+30 1.000000000000000020e+30 1.000000000000000020e+30 1.000000000000000020e+30 1.000000000000000020e+30 1.000000000000000020e+30 1.000000000000000020e+30 1.000000000000000020e+30 1.000000000000000020e+30 1.000000000000000020e+30 1.000000000000000020e+30 1.000000000000000020e+30 1.384904355500364304e+01 1.391074486969619883e+01 1.395378746255114066e+01 1.398116022178814788e+01 1.399421260050228177e+01 1.399855026914139522e+01 1.399848677151239151e+01 1.399524094596855583e+01 1.399191156556509874e+01 1.398896066581301056e+01 1.398665526362351663e+01 1.398612638062167335e+01 1.398579200925287402e+01 1.398549913912524900e+01 1.398380072169959121e+01 1.397209295342763546e+01 1.396329562962322512e+01 1.395637575870381220e+01 1.394787645044398339e+01 1.392874664212254388e+01 1.392062949924547688e+01 1.391622762974439986e+01 1.391391955348334442e+01 1.391641852952180969e+01 1.392020484587732376e+01 1.392655832527690940e+01 1.393708017793471399e+01 1.393643108745371073e+01 1.393565492671589112e+01 1.393479126206408836e+01 1.392992850427319951e+01 1.377541851427766773e+01 1.394100713763568500e+01 1.395290526286439103e+01 1.396258866549733035e+01 1.395849695547225799e+01 1.395469637253007811e+01 1.395140308024831910e+01 1.394727887749637674e+01 1.394943255220422706e+01 1.388836423528669428e+01 1.389969416759130283e+01 1.395936804582855295e+01 1.000000000000000020e+30 1.000000000000000020e+30
1.000000000000000020e+30 1.000000000000000020e+30 1.000000000000000020e+30 1.000000000000000020e+30 1.000000000000000020e+30 1.000000000000000020e+30 1.000000000000000020e+30 1.000000000000000020e+30 1.000000000000000020e+30 1.000000000000000020e+30 1.000000000000000020e+30 1.356616461884892466e+01 1.372945484239885872e+01 1.384442884579088329e+01 1.392254737625348149e+01 1.397033904508857205e+01 1.398804367957199801e+01 1.399129071890351028e+01 1.399004723186846988e+01 1.398901305782170112e+01 1.398785017961210109e+01 1.398672905026625735e+01 1.398571171774329436e+01 1.398487491937585681e+01 1.398407247952505195e+01 1.398325840105421847e+01 1.397890563169220002e+01 1.395527642216196007e+01 1.394234407445071078e+01 1.393426958922274395e+01 1.392840310044035057e+01 1.392206692758656850e+01 1.391813090447518952e+01 1.391546373683508797e+01 1.391380989129965862e+01 1.391488184484714274e+01 1.391616911706678650e+01 1.391774752687681449e+01 1.391944383622612058e+01 1.391882904208089045e+01 1.391823342656440232e+01 1.391706054993261787e+01 1.384685791517148878e+01 1.391904321779923848e+01 1.392742109743483070e+01 1.393893388140412171e+01 1.396052851342161283e+01 1.395675097701272804e+01 1.394710892719965223e+01 1.394257535908902845e+01 1.380805380863813525e+01 1.382403655581456725e+01 1.395188087490983442e+01 1.395725936939426504e+01 1.396100193989715343e+01 1.396128764521564847e+01 1.000000000000000020e+30
1.000000000000000020e+30 1.000000000000000020e+30 1.000000000000000020e+30 1.000000000000000020e+30 1.000000000000000020e+30 1.000000000000000020e+30 1.000000000000000020e+30 1.000000000000000020e+30 1.000000000000000020e+30 1.000000000000000020e+30 1.281103993192752988e+01 1.324755889204506154e+01 1.355089528484249151e+01 1.374811527624316021e+01 1.387986863299063955e+01 1.396003529452833547e+01 1.398366200710478857e+01 1.398560774474291080e+01 1.398314832486849646e+01 1.398363159622967267e+01 1.398412476733423127e+01 1.398459937343522697e+01 1.398485349520596976e+01 1.398362698170053520e+01 1.398236788970851308e+01 1.398110213155897696e+01 1.397460324276599586e+01 1.394469379494635142e+01 1.393170968597777026e+01 1.392461587951398450e+01 1.392029154737343255e+01 1.391800155661420035e+01 1.391621262907501944e+01 1.391477756612586525e+01 1.391370396644750684e+01 1.391363964741745463e+01 1.391357855975177493e+01 1.391352106173952663e+01 1.391342426576734681e+01 1.391296583275622822e+01 1.391253885572949400e+01 1.391187373617976419e+01 1.386523915070421076e+01 1.391451257809543485e+01 1.391985851257338780e+01 1.393042552654350708e+01 1.394197488654894634e+01 1.393130911893525514e+01 1.370484558302791811e+01 1.371862353951263813e+01 1.393986354173284425e+01 1.394923695231797645e+01 1.395470743091775567e+01 1.395840982203993441e+01 1.396200766745170085e+01 1.396175986645556932e+01 1.000000000000000020e+30
1.000000000000000020e+30 1.000000000000000020e+30 1.000000000000000020e+30 1.000000000000000020e+30 1.000000000000000020e+30 1.000000000000000020e+30 1.000000000000000020e+30 1.000000000000000020e+30 1.000000000000000020e+30 1.077277884940350816e+01 1.199447312808152866e+01 1.279897292932774988e+01 1.330543484086507000e+01 1.360908276877526291e+01 1.381758164461024840e+01 1.394888320855340957e+01 1.398035766191477869e+01 1.398098867543931156e+01 1.397746816026035432e+01 1.397905324199564348e+01 1.398079337379804343e+01 1.398261101716039789e+01 1.398410024620268111e+01 1.398240951575490776e+01 1.398072488026128113e+01 1.397906840818504470e+01 1.397076701637006124e+01 1.393747450596116089e+01 1.392538198192704968e+01 1.391931367946517284e+01 1.391592951370015108e+01 1.391528337093834722e+01 1.391469560025231011e+01 1.391415690333246857e+01 1.391359997795667702e+01 1.391261424748573461e+01 1.391178295347401495e+01 1.391107254505770463e+01 1.391047932297338896e+01 1.391012034481851600e+01 1.390979024933184682e+01 1.390933179874915915e+01 1.387369671072187849e+01 1.391140303284949908e+01 1.391522865958194721e+01 1.391909425597240535e+01 1.361955503939616285e+01 1.358905194533263838e+01 1.392834309116811831e+01 1.394233477444906377e+01 1.394781924157935826e+01 1.395064377758513174e+01 1.394436754989244953e+01 1.395192199104002029e+01 1.396027340329755972e+01 1.396039221273518116e+01 1.000000000000000020e+30
1.000000000000000020e+30 1.000000000000000020e+30 1.000000000000000020e+30 1.000000000000000020e+30 1.000000000000000020e+30 1.000000000000000020e+30 1.000000000000000020e+30 1.000000000000000020e+30 1.349254399611715982e+01 1.248866601174000124e+01 1.099541749129903856e+01 1.225878372806941918e+01 1.300517453148693114e+01 1.339612720215045627e+01 1.371038775515697594e+01 1.392936509887087126e+01 1.397741512195191582e+01 1.397874442139751849e+01 1.397483385313358539e+01 1.397669996736979314e+01 1.397874120028927081e+01 1.398090651758466230e+01 1.398275667239634323e+01 1.398077370846602641e+01 1.397887172989087112e+01 1.397702763898136169e+01 1.396807347257470333e+01 1.393432830440885084e+01 1.392291097070439676e+01 1.391734968391418370e+01 1.391432741820690566e+01 1.391405097956937098e+01 1.391378832308501856e+01 1.391353654070723245e+01 1.391317797063046768e+01 1.391194927457419261e+01 1.391096208827159231e+01 1.391015210989637119e+01 1.390945303514487996e+01 1.390869813402630761e+01 1.390808091194474549e+01 1.390740322886183655e+01 1.388023287588627142e+01 1.390819944690680288e+01 1.386638093502460123e+01 1.384139140428194814e+01 1.391903791617451347e+01 1.392286159104279264e+01 1.393447047845759457e+01 1.394072572093387308e+01 1.392660563342453628e+01 1.391832499167285597e+01 1.355642384544586321e+01 1.361815698241927919e+01 1.372090022661583575e+01 1.377098324759564463e+01 1.000000000000000020e+30
1.000000000000000020e+30 1.000000000000000020e+30 1.000000000000000020e+30 1.000000000000000020e+30 1.000000000000000020e+30 1.000000000000000020e+30 1.000000000000000020e+30 1.392151836057465353e+01 1.372919468521624786e+01 1.312956561299514746e+01 1.132451563055189503e+01 1.130925418804862126e+01 1.253841889430282031e+01 1.293898692617321444e+01 1.348470687253850819e+01 1.387912170081004604e+01 1.396976538367483478e+01 1.397774915862669332e+01 1.397468788293621955e+01 1.397621090084748907e+01 1.397780438287797544e+01 1.397946806708318412e+01 1.398081110852923992e+01 1.397878503684088081e+01 1.397685077848148971e+01 1.397498105403727031e+01 1.396631006462992808e+01 1.393366647169964345e+01 1.392253793571913256e+01 1.391709828562706086e+01 1.391411959766781514e+01 1.391369268503481926e+01 1.391329613977037383e+01 1.391292510180411313e+01 1.391250330495140553e+01 1.391154236871166461e+01 1.391074054070391597e+01 1.391006171487166476e+01 1.390934691761566278e+01 1.390789842860931103e+01 1.390686020066513073e+01 1.388415229237583048e+01 1.388450130087823986e+01 1.388300033313235993e+01 1.390742509808945648e+01 1.390918662507829318e+01 1.391304334782277508e+01 1.391600472199483818e+01 1.391896187536595164e+01 1.391492766862040753e+01 1.337336299974233000e+01 1.337958142913656268e+01 1.391648841541942616e+01 1.395134043451951911e+01 1.396158398485271768e+01 1.396289868027461445e+01 1.000000000000000020e+30
1.000000000000000020e+30 1.000000000000000020e+30 1.000000000000000020e+30 1.000000000000000020e+30 1.000000000000000020e+30 1.000000000000000020e+30 1.398271267720862809e+01 1.396093367303061328e+01 1.388935544876068384e+01 1.369006108284775536e+01 1.325263790605610836e+01 1.290422251074389060e+01 1.161513890496434698e+01 1.151178701337921417e+01 1.299936560878890290e+01 1.371236348177961339e+01 1.391835622936174666e+01 1.396433809970123896e+01 1.397417594727291856e+01 1.397574836551598843e+01 1.397690884456366156e+01 1.397809315372460759e+01 1.397896798831141218e+01 1.397690400266965760e+01 1.397494000746476139e+01 1.397304630245574408e+01 1.396463765724825912e+01 1.393303486697481297e+01 1.392218023075194111e+01 1.391685633138409095e+01 1.391391946423735781e+01 1.391335532840203548e+01 1.391284316393100262e+01 1.391237456085741364e+01 1.391190479751634967e+01 1.391116742618707391e+01 1.391053086522092386e+01 1.390997561367274038e+01 1.390924713665757828e+01 1.390727073117080259e+01 1.390609007638230210e+01 1.388649593552270822e+01 1.390490531069377944e+01 1.390543200953865366e+01 1.390621396801166476e+01 1.390730452509309423e+01 1.390850732850759996e+01 1.390943507825964431e+01 1.378322681839687824e+01 1.371616388772826411e+01 1.391132938326662050e+01 1.392784044303892266e+01 1.396392928914763587e+01 1.397040498824024546e+01 1.397294421627074001e+01 1.397096367011474172e+01 1.000000000000000020e+30
1.000000000000000020e+30 1.000000000000000020e+30 1.000000000000000020e+30 1.000000000000000020e+30 1.000000000000000020e+30 1.398853688423518449e+01 1.398678660895557613e+01 1.397961463246290847e+01 1.395810792894459773e+01 1.390472872932079085e+01 1.380110517573088558e+01 1.366427111056943033e+01 1.333932048716732766e+01 1.308114381522717373e+01 1.247431745917705115e+01 1.275960319675417587e+01 1.329063512366987965e+01 1.363390487332976342e+01 1.396785436830747607e+01 1.397520918050395089e+01 1.397602149348209188e+01 1.397677219276236293e+01 1.397722041310554353e+01 1.397512268560499393e+01 1.397313216840986350e+01 1.397121766979912394e+01 1.396305117216254565e+01 1.393242763162090192e+01 1.392183462928403159e+01 1.391662194256672613e+01 1.391372578567042417e+01 1.391303695382456240e+01 1.391242538587752797e+01 1.391187738455017708e+01 1.391137179867913964e+01 1.391082152355073909e+01 1.391033151927643274e+01 1.390989157151100564e+01 1.390915073108588373e+01 1.390676564092793477e+01 1.390553120526918285e+01 1.388740849889213891e+01 1.390438841541850934e+01 1.390476307189770289e+01 1.390521942230416919e+01 1.390551913519050764e+01 1.383383357688226312e+01 1.382411551608755218e+01 1.391021664833070481e+01 1.391847472242256245e+01 1.396816885109282502e+01 1.397206686604895154e+01 1.397612419071098699e+01 1.397769563097244294e+01 1.397824239556661574e+01 1.397533922743471457e+01 1.000000000000000020e+30
1.000000000000000020e+30 1.000000000000000020e+30 1.000000000000000020e+30 1.000000000000000020e+30 1.000000000000000020e+30 1.398861426844011646e+01 1.398835258489424405e+01 1.398636830548283960e+01 1.398067213097849404e+01 1.396751739574738060e+01 1.394330632247821455e+01 1.390620582712427655e+01 1.383061233867401718e+01 1.374744101389948625e+01 1.364623321520003607e+01 1.382627381168370917e+01 1.393601078970167073e+01 1.396743149350066737e+01 1.388450325040914102e+01 1.397404243803155666e+01 1.397495786643033888e+01 1.397675173288342876e+01 1.397695051509487385e+01 1.397486882242426454e+01 1.397289202578444645e+01 1.397099074042467493e+01 1.396281642407362966e+01 1.393224028668038272e+01 1.392169813037607895e+01 1.391651629223462194e+01 1.391364249111733464e+01 1.391298134328420133e+01 1.391239305109873392e+01 1.391186398863026952e+01 1.391137239988675844e+01 1.391082191776439458e+01 1.391033170713835609e+01 1.390989170194225721e+01 1.390917542183151490e+01 1.390688653659279694e+01 1.390563719263053954e+01 1.388694151372166807e+01 1.388270574503246380e+01 1.387620900274753311e+01 1.386749538360574263e+01 1.385562100573896949e+01 1.390652633570969599e+01 1.390837676952225799e+01 1.391233817522999061e+01 1.392210159643235556e+01 1.398077821508433694e+01 1.398304530834309745e+01 1.398354147341402154e+01 1.398368310896330513e+01 1.398322985036329769e+01 1.397959114521883706e+01 1.000000000000000020e+30
1.000000000000000020e+30 1.000000000000000020e+30 1.000000000000000020e+30 1.000000000000000020e+30 1.398825056108576170e+01 1.398837677848932870e+01 1.398840725016004960e+01 1.398837010270119308e+01 1.398743658555864400e+01 1.398474297212821860e+01 1.397957174798812829e+01 1.397192216637028039e+01 1.395809347883323248e+01 1.394398679718514877e+01 1.393668809086879534e+01 1.397055537366371070e+01 1.398211142931846673e+01 1.398092770573495791e+01 1.397571736150790400e+01 1.385871131214194563e+01 1.384480389266821909e+01 1.397428535426591267e+01 1.397799651640141505e+01 1.397610673679786863e+01 1.397418876291399670e+01 1.397233584961660213e+01 1.396390941409865682e+01 1.393245592873118532e+01 1.392176203713710336e+01 1.391653383111644082e+01 1.391366522838385045e+01 1.391318006567862930e+01 1.391273808010048718e+01 1.391232913712778618e+01 1.391190509158212230e+01 1.391116820278269017e+01 1.391053128868888500e+01 1.390997605734585996e+01 1.390932387638522272e+01 1.390770768663795032e+01 1.389435322624644797e+01 1.390585554419624437e+01 1.388373637254941784e+01 1.390596403884864074e+01 1.390665119279521633e+01 1.390752845006899818e+01 1.390926349448400501e+01 1.391160148230056670e+01 1.391612354212256264e+01 1.392831360288240461e+01 1.398712260527643814e+01 1.398889006259107148e+01 1.398901593615295447e+01 1.398900540920523738e+01 1.398835685023478170e+01 1.398390985463543323e+01 1.000000000000000020e+30
1.000000000000000020e+30 1.000000000000000020e+30 1.000000000000000020e+30 1.000000000000000020e+30 1.398820570414216569e+01 1.398801984593297476e+01 1.398794691195428186e+01 1.398870153520140214e+01 1.398931122869455557e+01 1.398953749538145885e+01 1.398917279446170703e+01 1.398806524438322541e+01 1.398631459433558888e+01 1.398518971511900411e+01 1.398585130340073057e+01 1.398760160499655925e+01 1.398588559254875108e+01 1.398286616103689184e+01 1.398010622728091334e+01 1.397843768907597628e+01 1.397559318631045855e+01 1.381481744798434974e+01 1.397362988543016726e+01 1.397722699461739815e+01 1.397553626290706497e+01 1.397374099155639016e+01 1.396505096893543296e+01 1.393267320042618174e+01 1.392182659031029779e+01 1.391655165453904530e+01 1.391368863210604090e+01 1.391338633027248939e+01 1.391310724430578105e+01 1.391284095767391449e+01 1.391250254156590493e+01 1.391154377618107674e+01 1.391074000589934911e+01 1.391006170971864897e+01 1.390947874456206357e+01 1.390883415779794596e+01 1.389298631154351682e+01 1.388265402556550043e+01 1.390778744746990370e+01 1.390873547999988169e+01 1.390986816113970193e+01 1.391145411858959235e+01 1.391381035058186377e+01 1.391741325525777562e+01 1.392404496876314290e+01 1.393983068807530401e+01 1.399452934960856965e+01 1.399593175333368045e+01 1.399601119245454228e+01 1.399589453964172492e+01 1.399481880942636813e+01 1.398892974084019336e+01 1.000000000000000020e+30
1.000000000000000020e+30 1.000000000000000020e+30 1.000000000000000020e+30 1.398871659338994355e+01 1.398815057153534624e+01 1.398762071748435609e+01 1.398733943740479546e+01 1.398854081835522578e+01 1.398981583420811248e+01 1.399105442755669593e+01 1.399200313081821179e+01 1.399149695958838890e+01 1.399090592147197931e+01 1.399050106294702189e+01 1.399020335229129941e+01 1.398848900039607557e+01 1.398645688769272333e+01 1.398441813555889013e+01 1.398262844563270413e+01 1.398212718711777036e+01 1.398151618428405030e+01 1.397496609942206369e+01 1.378595935006137552e+01 1.397252342220844312e+01 1.397676899500687853e+01 1.397519783122996984e+01 1.396623855420294191e+01 1.393290196070656251e+01 1.392190122459790125e+01 1.391657783364289358e+01 1.391371963808613188e+01 1.391360679294754554e+01 1.391350837056052647e+01 1.391341080452756529e+01 1.391317994770109223e+01 1.391194960664847713e+01 1.391066887506485017e+01 1.390993126673660640e+01 1.390937655858476418e+01 1.388135759640240607e+01 1.391214815462213217e+01 1.388387149948648336e+01 1.391846571325882032e+01 1.392071092865131909e+01 1.392345609140822837e+01 1.392707537481486035e+01 1.393198988414589756e+01 1.393885965333394417e+01 1.394944738342645429e+01 1.396777678367860531e+01 1.400964135679942224e+01 1.401124900613211643e+01 1.401114048621163022e+01 1.401008384780457305e+01 1.400585119269107359e+01 1.399527787966942682e+01 1.000000000000000020e+30
1.000000000000000020e+30 1.000000000000000020e+30 1.000000000000000020e+30 1.398775647331819805e+01 1.398740899580092112e+01 1.398708148336197610e+01 1.398699064365901457e+01 1.398840604117437003e+01 1.398994793368141387e+01 1.399154985701877685e+01 1.399289570098467905e+01 1.399223965498217126e+01 1.399149170431997291e+01 1.399077444190718467e+01 1.398997244971540965e+01 1.398826545751385098e+01 1.398660372644996919e+01 1.398502922875319143e+01 1.398362578031087189e+01 1.398305712993268024e+01 1.398249706414833327e+01 1.398170259657618963e+01 1.397400566902735086e+01 1.379117882270924689e+01 1.397205952391820105e+01 1.397609168904131138e+01 1.396787607069818904e+01 1.393527541428121630e+01 1.392379873626298625e+01 1.391809446652760229e+01 1.391500430248454734e+01 1.391498560528556894e+01 1.391498482024095118e+01 1.391498220413419418e+01 1.391478740060786912e+01 1.391245673277976280e+01 1.385038094218390547e+01 1.385814056096097424e+01 1.386478479808159037e+01 1.386752029285967325e+01 1.387209164353459734e+01 1.388517614550664270e+01 1.438874552344708313e+01 1.476420754539261004e+01 1.515713614092753758e+01 1.588343029685358587e+01 1.882102270658346654e+01 1.948679634533004545e+01 1.980972095161882507e+01 1.984788561559116360e+01 1.985807260791367312e+01 1.984032387612076676e+01 1.969368526693617127e+01 1.859888180849255335e+01 1.408494670041374874e+01 1.400118121232767443e+01 1.000000000000000020e+30
1.000000000000000020e+30 1.000000000000000020e+30 1.000000000000000020e+30 1.398563035751003270e+01 1.398601815030110451e+01 1.398641446949187994e+01 1.398694321555352182e+01 1.398840041160774561e+01 1.398997191542017404e+01 1.399163037491820205e+01 1.399308792558763948e+01 1.399261910386945829e+01 1.399206568409380225e+01 1.399151372547767913e+01 1.399077767142241058e+01 1.398861177455633786e+01 1.398657160426177803e+01 1.398466631286668438e+01 1.398300823669462822e+01 1.398260467845261346e+01 1.398221342364364972e+01 1.398181617950972289e+01 1.398104378624243616e+01 1.397315254304713328e+01 1.379597788558882421e+01 1.397114731372622920e+01 1.396777888310314708e+01 1.394078697015734924e+01 1.392867720162050560e+01 1.392220978158345090e+01 1.391854895942831227e+01 1.391852083002577878e+01 1.391851765689994913e+01 1.391844192436277972e+01 1.391613002711981650e+01 1.382852559334370923e+01 1.391463396684462417e+01 1.391428887644954671e+01 1.391384576346427160e+01 1.391741157990945155e+01 1.387461087765902867e+01 1.000000000000000020e+30 1.000000000000000020e+30 1.000000000000000020e+30 1.000000000000000020e+30 1.000000000000000020e+30 1.000000000000000020e+30 1.000000000000000020e+30 2.173931351438863047e+01 2.175078715514985106e+01 2.179485065154465318e+01 2.176706712904092456e+01 2.153735500065819863e+01 1.997643792019805176e+01 1.412691877398494000e+01 1.400553513396950223e+01 1.000000000000000020e+30
1.000000000000000020e+30 1.000000000000000020e+30 1.398257259582298495e+01 1.398360961064657992e+01 1.398466582991160223e+01 1.398575552396685318e+01 1.398691653190445372e+01 1.398839620757205182e+01 1.398997347480428743e+01 1.399164951784504929e+01 1.399317572266244447e+01 1.399289820222111125e+01 1.399255583642322165e+01 1.399220762629483339e+01 1.399158993497759873e+01 1.398896065538763267e+01 1.398653467120179705e+01 1.398429877679222422e+01 1.398239560322409680e+01 1.398215190166315836e+01 1.398191990914326688e+01 1.398168849287978865e+01 1.398133124680551909e+01 1.397976879063422651e+01 1.397229721067419028e+01 1.379253717218277586e+01 1.380221367954790779e+01 1.394332425620936711e+01 1.393244166999557621e+01 1.392874992900949493e+01 1.392464364622712836e+01 1.392460508687338994e+01 1.392443294277708254e+01 1.391899143392708105e+01 1.377529488483226672e+01 1.392069166553560677e+01 1.392234013722391595e+01 1.392143477445883448e+01 1.392106481485111580e+01 1.392612559536987860e+01 1.388605210229294329e+01 1.000000000000000020e+30 1.000000000000000020e+30 1.000000000000000020e+30 1.000000000000000020e+30 1.000000000000000020e+30 1.000000000000000020e+30 1.000000000000000020e+30 1.000000000000000020e+30 1.000000000000000020e+30 2.211676258593647404e+01 2.209326118597173405e+01 2.195261800872854252e+01 2.119788876169167935e+01 1.421486367377559645e+01 1.401300163237729812e+01 1.000000000000000020e+30
1.000000000000000020e+30 1.000000000000000020e+30 1.398013841878765184e+01 1.398171153757559004e+01 1.398336673088747872e+01 1.398510808718904741e+01 1.398690184475217535e+01 1.398839046250345497e+01 1.398996558855537486e+01 1.399164641549453059e+01 1.399322949343082279e+01 1.399314759129794083e+01 1.399302827397033333e+01 1.399290191762067614e+01 1.399242137872571590e+01 1.398930899581792175e+01 1.398650024749076337e+01 1.398394226135855156e+01 1.398180372578055142e+01 1.398171535260752663e+01 1.398163932380102814e+01 1.398156291007866514e+01 1.398137574799409144e+01 1.398025480714302482e+01 1.397899430134149412e+01 1.397468834038696528e+01 1.396558302986035116e+01 1.370786412543551869e+01 1.368562377677412023e+01 1.392541849662734599e+01 1.393622822821664897e+01 1.393668893963317856e+01 1.392980858842203418e+01 1.367142984004880724e+01 1.392734964467845948e+01 1.393853425312797611e+01 1.394051627930306125e+01 1.394175199988724501e+01 1.393959551509910888e+01 1.389275188443416198e+01 1.000000000000000020e+30 1.000000000000000020e+30 1.000000000000000020e+30 1.000000000000000020e+30 1.000000000000000020e+30 1.000000000000000020e+30 1.000000000000000020e+30 1.000000000000000020e+30 1.000000000000000020e+30 1.000000000000000020e+30 1.000000000000000020e+30 1.000000000000000020e+30 1.000000000000000020e+30 3.062884790734370455e+01 1.462371061618994439e+01 1.000000000000000020e+30 1.000000000000000020e+30
1.000000000000000020e+30 1.397741740690738510e+01 1.397896556280723424e+01 1.398079562553823152e+01 1.398273017171819887e+01 1.398478477030810829e+01 1.398688015592246003e+01 1.398817976082989389e+01 1.398954112738470990e+01 1.399098144559473234e+01 1.399234616750635496e+01 1.399236073307010919e+01 1.399235854738476981e+01 1.399235155153555432e+01 1.399203784282117802e+01 1.398938658108521516e+01 1.398696638046838459e+01 1.398473968803517842e+01 1.398288507798444869e+01 1.398299000514081492e+01 1.398310806429253716e+01 1.398322614665946162e+01 1.398324506723657024e+01 1.398242930704747344e+01 1.398162146349433144e+01 1.398075213602598765e+01 1.397854615722021343e+01 1.396043241595772777e+01 1.393134750777279329e+01 1.349999807522421413e+01 1.393248737781151192e+01 1.394671805447778112e+01 1.390933143724760335e+01 1.350667277885230355e+01 1.393477124831125913e+01 1.395936133051326067e+01 1.396434749864616265e+01 1.390517026705195569e+01 1.289177707253397998e+01 1.156068703588170976e+01 1.000000000000000020e+30 1.000000000000000020e+30 1.000000000000000020e+30 1.000000000000000020e+30 1.000000000000000020e+30 1.000000000000000020e+30 1.000000000000000020e+30 1.000000000000000020e+30 1.000000000000000020e+30 1.000000000000000020e+30 1.000000000000000020e+30 1.000000000000000020e+30 1.000000000000000020e+30 1.000000000000000020e+30 1.000000000000000020e+30 1.000000000000000020e+30 1.000000000000000020e+30
1.000000000000000020e+30 1.397780013146479483e+01 1.397896148798210625e+01 1.398079078135912034e+01 1.398272658005005908e+01 1.398478268378557843e+01 1.398684146806066586e+01 1.398776610007094767e+01 1.398871628592400285e+01 1.398970255563076392e+01 1.399061817891697679e+01 1.399062769572832288e+01 1.399062777208765951e+01 1.399062580029011116e+01 1.399048015631746722e+01 1.398919338909449905e+01 1.398796087165229629e+01 1.398678562783600476e+01 1.398581539385183170e+01 1.398619208107264988e+01 1.398658531755754275e+01 1.398698421491368649e+01 1.398730603437943465e+01 1.398694275931430653e+01 1.398656915298321657e+01 1.398616404724166173e+01 1.398471295107402312e+01 1.397471545365532286e+01 1.393631911859735339e+01 1.339128412166388671e+01 1.389368436847121124e+01 1.387520102913002340e+01 1.333699448506519758e+01 1.385234394485856413e+01 1.394807741567712966e+01 1.395772622177052646e+01 1.390985033927141856e+01 1.346019732474519692e+01 1.087602179164276706e+01 1.000000000000000020e+30 1.000000000000000020e+30 1.000000000000000020e+30 1.000000000000000020e+30 1.000000000000000020e+30 1.000000000000000020e+30 1.000000000000000020e+30 1.000000000000000020e+30 1.000000000000000020e+30 1.000000000000000020e+30 1.000000000000000020e+30 1.000000000000000020e+30 1.000000000000000020e+30 1.000000000000000020e+30 1.000000000000000020e+30 1.000000000000000020e+30 1.000000000000000020e+30 1.000000000000000020e+30
1.397754251067859244e+01 1.397818637854193824e+01 1.397896319402148890e+01 1.398079104171380038e+01 1.398272689989762441e+01 1.398478276533604969e+01 1.398680254727597649e+01 1.398735813957623186e+01 1.398791567571881345e+01 1.398848477507701382e+01 1.398900423473475918e+01 1.398900906395468624e+01 1.398900917827123358e+01 1.398900915483091367e+01 1.398900826947028975e+01 1.398900257750609555e+01 1.398899988854396703e+01 1.398900173686919146e+01 1.398908507402367363e+01 1.398981581504512484e+01 1.399057984671450150e+01 1.399137288321731631e+01 1.399212562892994249e+01 1.399234418762981491e+01 1.399234577449621497e+01 1.399162907819637702e+01 1.398828742549992121e+01 1.397595036136740454e+01 1.395597638805345930e+01 1.385753842667491753e+01 1.329959290891649637e+01 1.301545292410291665e+01 1.288442766869509448e+01 1.297061561990399170e+01 1.384153308904766000e+01 1.387431232678461690e+01 1.358791468903846855e+01 1.191309798108309970e+01 8.977772957412492261e+00 1.000000000000000020e+30 1.000000000000000020e+30 1.000000000000000020e+30 1.000000000000000020e+30 1.000000000000000020e+30 1.000000000000000020e+30 1.000000000000000020e+30 1.000000000000000020e+30 1.000000000000000020e+30 1.000000000000000020e+30 1.000000000000000020e+30 1.000000000000000020e+30 1.000000000000000020e+30 1.000000000000000020e+30 1.000000000000000020e+30 1.000000000000000020e+30 1.000000000000000020e+30 1.000000000000000020e+30
1.397836396789364599e+01 1.397858466772002295e+01 1.397896861709125460e+01 1.398079385331524271e+01 1.398272800485210610e+01 1.398478108342309589e+01 1.398675907968153354e+01 1.398695686780984460e+01 1.398714475860898787e+01 1.398733432286673128e+01 1.398750566323796463e+01 1.398750885118968945e+01 1.398751059334947477e+01 1.398751356567594861e+01 1.398764182496743302e+01 1.398883834072493215e+01 1.399010466099283256e+01 1.399144613594692110e+01 1.399285050106940353e+01 1.399409875558705174e+01 1.399543809852947085e+01 1.399686908895311177e+01 1.399822940350408906e+01 1.399862120024295642e+01 1.399521096642298446e+01 1.397786589863057927e+01 1.392790910344026223e+01 1.386327966312236981e+01 1.380038036980454486e+01 1.369170628200098605e+01 1.344702809346823003e+01 1.301617096948436370e+01 1.195621606432977124e+01 1.206442840628467117e+01 1.341820555646087954e+01 1.339905746915827933e+01 1.247484370199361514e+01 1.108699603828069336e+01 9.056147045612981117e+00 1.000000000000000020e+30 1.000000000000000020e+30 1.000000000000000020e+30 1.000000000000000020e+30 1.000000000000000020e+30 1.000000000000000020e+30 1.000000000000000020e+30 1.000000000000000020e+30 1.000000000000000020e+30 1.000000000000000020e+30 1.000000000000000020e+30 1.000000000000000020e+30 1.000000000000000020e+30 1.000000000000000020e+30 1.000000000000000020e+30 1.000000000000000020e+30 1.000000000000000020e+30 1.000000000000000020e+30
1.397981950357294068e+01 1.397974866833821928e+01 1.397983523348587731e+01 1.398131601608849905e+01 1.398286993631597319e+01 1.398449969242411584e+01 1.398608762903913316e+01 1.398662578659926226e+01 1.398716832607337679e+01 1.398772316357086432e+01 1.398824543669688047e+01 1.398838576782095622e+01 1.398852357222593312e+01 1.398866396880664453e+01 1.398896534705287031e+01 1.399064086451022426e+01 1.399246544915780532e+01 1.399447328352645137e+01 1.399662759361896036e+01 1.399819664099095640e+01 1.399985732150014783e+01 1.400138946830674591e+01 1.400155360921006498e+01 1.399476017791090143e+01 1.395686327702524565e+01 1.380829487278769996e+01 1.343548510966164500e+01 1.316249943230969066e+01 1.292339577643680038e+01 1.256401984629905755e+01 1.188966391961177749e+01 1.039852461733381617e+01 1.175230850659522908e+01 1.234775284446951993e+01 1.268928250419197390e+01 1.218285553155669021e+01 1.105113843466295265e+01 8.046253742291316513e+00 1.000000000000000020e+30 1.000000000000000020e+30 1.000000000000000020e+30 1.000000000000000020e+30 1.000000000000000020e+30 1.000000000000000020e+30 1.000000000000000020e+30 1.000000000000000020e+30 1.000000000000000020e+30 1.000000000000000020e+30 1.000000000000000020e+30 1.000000000000000020e+30 1.000000000000000020e+30 1.000000000000000020e+30 1.000000000000000020e+30 1.000000000000000020e+30 1.000000000000000020e+30 1.000000000000000020e+30 1.000000000000000020e+30
1.398198851142051247e+01 1.398175880777988844e+01 1.398163050681233521e+01 1.398238190706531370e+01 1.398315447950178125e+01 1.398394641521521642e+01 1.398482983841340399e+01 1.398636316121760892e+01 1.398798867907006915e+01 1.398972310519751083e+01 1.399143924142155626e+01 1.399192608850401776e+01 1.399240940225988084e+01 1.399289522233769567e+01 1.399346196746068571e+01 1.399488069883168073e+01 1.399643903839292847e+01 1.399815509919103640e+01 1.399992090779403320e+01 1.400088612168564239e+01 1.400116079694767635e+01 1.399917904768628318e+01 1.398976750254282386e+01 1.395559487003483667e+01 1.384243432594222334e+01 1.351846078103346294e+01 1.287524467562773189e+01 1.243974207630394346e+01 1.209442460066149749e+01 1.165892504845552580e+01 1.101158627753767938e+01 9.956300986985718637e+00 1.182019594083213399e+01 1.244003595567713383e+01 1.230998279049335231e+01 1.126782854735767003e+01 9.998536367115569590e+00 8.027706821971273499e+00 1.000000000000000020e+30 1.000000000000000020e+30 1.000000000000000020e+30 1.000000000000000020e+30 1.000000000000000020e+30 1.000000000000000020e+30 1.000000000000000020e+30 1.000000000000000020e+30 1.000000000000000020e+30 1.000000000000000020e+30 1.000000000000000020e+30 1.000000000000000020e+30 1.000000000000000020e+30 1.000000000000000020e+30 1.000000000000000020e+30 1.000000000000000020e+30 1.000000000000000020e+30 1.000000000000000020e+30 1.000000000000000020e+30
1.398431043361843606e+01 1.398390022980441927e+01 1.398353067503751213e+01 1.398348579044922957e+01 1.398344252719999403e+01 1.398340134426849346e+01 1.398361772874862829e+01 1.398610521428207321e+01 1.398884654063255972e+01 1.399193608969927638e+01 1.399526583995151441e+01 1.399633481373020416e+01 1.399740101464842112e+01 1.399826627245792743e+01 1.399843811557370543e+01 1.399842560740157715e+01 1.399838603711510210e+01 1.399813080792605113e+01 1.399691933582039383e+01 1.399301696489046876e+01 1.398378951668972192e+01 1.396260908416668300e+01 1.391366983150040681e+01 1.379770868040239229e+01 1.353493176361688199e+01 1.299498990504107354e+01 1.217192321457568127e+01 1.162745392599530980e+01 1.123530948951700381e+01 1.081283365963996346e+01 1.033147793794038094e+01 9.939624481028594971e+00 1.169082016649894840e+01 1.206163902183339154e+01 1.120297323675624668e+01 1.033689350771600246e+01 9.268858221796444141e+00 8.128573905046719617e+00 1.000000000000000020e+30 1.000000000000000020e+30 1.000000000000000020e+30 1.000000000000000020e+30 1.000000000000000020e+30 1.000000000000000020e+30 1.000000000000000020e+30 1.000000000000000020e+30 1.000000000000000020e+30 1.000000000000000020e+30 1.000000000000000020e+30 1.000000000000000020e+30 1.000000000000000020e+30 1.000000000000000020e+30 1.000000000000000020e+30 1.000000000000000020e+30 1.000000000000000020e+30 1.000000000000000020e+30 1.000000000000000020e+30
1.398682105137552334e+01 1.398620032118789425e+01 1.398555475426363159e+01 1.398463733021890398e+01 1.398374582337812733e+01 1.398288218788405146e+01 1.398247048832905826e+01 1.398587053563258387e+01 1.398976061240809088e+01 1.399446918773851323e+01 1.400034589642969252e+01 1.400269420726854008e+01 1.400471308309604090e+01 1.400343238306736815e+01 1.399275668632230030e+01 1.397966103163831697e+01 1.396739634902487026e+01 1.395462723001307559e+01 1.393713454483417458e+01 1.390830092209463942e+01 1.385585892816778752e+01 1.376052033980457701e+01 1.359101605436424975e+01 1.329933696611650085e+01 1.282273318592930522e+01 1.209837343817004118e+01 1.123824293390303630e+01 1.056181571368281347e+01 1.013945188742475700e+01 9.666045830027796271e+00 8.789551869012015572e+00 9.377789092051781239e+00 1.004309545703372386e+01 1.023787051697777528e+01 1.000645987980393592e+01 9.438904274333902222e+00 8.493354794609816238e+00 1.000000000000000020e+30 1.000000000000000020e+30 1.000000000000000020e+30 1.000000000000000020e+30 1.000000000000000020e+30 1.000000000000000020e+30 1.000000000000000020e+30 1.000000000000000020e+30 1.000000000000000020e+30 1.000000000000000020e+30 1.000000000000000020e+30 1.000000000000000020e+30 1.000000000000000020e+30 1.000000000000000020e+30 1.000000000000000020e+30 1.000000000000000020e+30 1.000000000000000020e+30 1.000000000000000020e+30 1.000000000000000020e+30 1.000000000000000020e+30
1.398997739058573764e+01 1.398929983867417448e+01 1.398856464992245385e+01 1.398727164625025488e+01 1.398603407906172613e+01 1.398485083064525192e+01 1.398419201024814562e+01 1.398780377607191028e+01 1.399205311988849765e+01 1.399758785556821650e+01 1.400575835424587012e+01 1.400958637868018997e+01 1.400996274210807613e+01 1.398840931219643302e+01 1.391186719077857070e+01 1.384133856949678432e+01 1.378644795304700743e+01 1.373998703553945688e+01 1.368551313984549722e+01 1.359827179088960669e+01 1.344778576463976272e+01 1.319608412956098320e+01 1.281302914183293318e+01 1.233095789407361664e+01 1.169652589676613097e+01 1.084560875261106183e+01 1.003169220375947468e+01 8.890471442459849882e+00 8.542398121347039464e+00 8.284519140941897675e+00 7.942317049458794465e+00 8.180165850737264321e+00 8.370259200407017985e+00 8.542406424144488142e+00 9.008232681541835873e+00 8.824543706152640610e+00 8.229108848711733870e+00 1.000000000000000020e+30 1.000000000000000020e+30 1.000000000000000020e+30 1.000000000000000020e+30 1.000000000000000020e+30 1.000000000000000020e+30 1.000000000000000020e+30 1.000000000000000020e+30 1.000000000000000020e+30 1.000000000000000020e+30 1.000000000000000020e+30 1.000000000000000020e+30 1.000000000000000020e+30 1.000000000000000020e+30 1.000000000000000020e+30 1.000000000000000020e+30 1.000000000000000020e+30 1.000000000000000020e+30 1.000000000000000020e+30 1.000000000000000020e+30
1.399414723071931910e+01 1.399360961255188407e+01 1.399301710537733356e+01 1.399192997751920764e+01 1.399089728834974800e+01 1.398992023555043396e+01 1.398940396648202622e+01 1.399255856105446227e+01 1.399642967100458257e+01 1.400193172347374215e+01 1.401115051102993903e+01 1.401531329725089314e+01 1.400820388226037672e+01 1.393917231880964280e+01 1.372219077491002182e+01 1.356183442577684950e+01 1.345741647626360660e+01 1.338260682473734065e+01 1.330423264248592652e+01 1.317060464737621928e+01 1.292710862722244869e+01 1.248587673505480211e+01 1.177708334496678688e+01 1.114997839534052204e+01 1.040560677994034400e+01 9.071675301023544691e+00 8.699325563119218785e+00 8.902858790785492360e+00 8.741734309554390236e+00 8.428283507402982266e+00 7.934968341407146575e+00 7.904753781001298663e+00 8.138048393339415654e+00 8.102281802841194036e+00 8.509175366852948841e+00 8.494576278566356109e+00 8.203588418040686392e+00 7.854781169857552925e+00 1.000000000000000020e+30 1.000000000000000020e+30 1.000000000000000020e+30 1.000000000000000020e+30 1.000000000000000020e+30 1.000000000000000020e+30 1.000000000000000020e+30 1.000000000000000020e+30 1.000000000000000020e+30 1.000000000000000020e+30 1.000000000000000020e+30 1.000000000000000020e+30 1.000000000000000020e+30 1.000000000000000020e+30 1.000000000000000020e+30 1.000000000000000020e+30 1.000000000000000020e+30 1.000000000000000020e+30 1.000000000000000020e+30
1.400012383841947639e+01 1.399981111633854702e+01 1.399946581663368939e+01 1.399872800790465099e+01 1.399813462586832635e+01 1.399773219277619596e+01 1.399785386201951631e+01 1.400116336442729015e+01 1.400555142978866563e+01 1.401225453585058567e+01 1.402354060139391478e+01 1.402943282410613790e+01 1.400752458997007288e+01 1.382795417239037761e+01 1.323009687443688343e+01 1.291803885420777753e+01 1.276686718466289427e+01 1.268567395875171577e+01 1.259071375145742522e+01 1.242914428545252115e+01 1.211052850610964704e+01 1.140964502418792748e+01 9.611657887118807864e+00 9.121063354369271181e+00 8.930853723682647072e+00 9.337180870559793178e+00 9.291395075450541441e+00 9.293928818300781103e+00 9.118643955698804149e+00 8.778838248716116510e+00 8.352597526138330508e+00 8.120998440586109979e+00 8.063960545259098112e+00 7.969054864506376568e+00 8.295152060475619038e+00 8.330426007774150321e+00 8.157304957452490513e+00 7.870042264033859425e+00 1.000000000000000020e+30 1.000000000000000020e+30 1.000000000000000020e+30 1.000000000000000020e+30 1.000000000000000020e+30 1.000000000000000020e+30 1.000000000000000020e+30 1.000000000000000020e+30 1.000000000000000020e+30 1.000000000000000020e+30 1.000000000000000020e+30 1.000000000000000020e+30 1.000000000000000020e+30 1.000000000000000020e+30 1.000000000000000020e+30 1.000000000000000020e+30 1.000000000000000020e+30 1.000000000000000020e+30 1.000000000000000020e+30
1.401566875426552805e+01 1.401753971641180563e+01 1.402025650728621819e+01 1.402357302153644270e+01 1.402919783337600457e+01 1.403821765434805435e+01 1.405028384577941658e+01 1.406443867362129474e+01 1.408045489352677571e+01 1.409660367257761671e+01 1.408874333859523986e+01 1.411120809722078029e+01 1.407252934526552046e+01 1.360510401340531494e+01 1.112589995800358089e+01 1.064075898496752970e+01 1.043724781121843037e+01 1.028873635523283525e+01 1.014576108386344799e+01 1.002247521064961511e+01 9.868147144920643044e+00 9.863272985209574628e+00 1.102895048745580908e+01 1.098435137548679030e+01 1.074455436767564720e+01 1.065852411562418922e+01 1.047775864238704457e+01 1.035084925910217812e+01 1.006253765930335931e+01 9.531152881990802683e+00 8.909378971428038696e+00 8.337567379027010617e+00 7.980921102306507642e+00 7.981149809361070879e+00 8.271094006570898216e+00 8.306579411104298316e+00 8.162331872887879314e+00 7.871832754737996929e+00 1.000000000000000020e+30 1.000000000000000020e+30 1.000000000000000020e+30 1.000000000000000020e+30 1.000000000000000020e+30 1.000000000000000020e+30 1.000000000000000020e+30 1.000000000000000020e+30 1.000000000000000020e+30 1.000000000000000020e+30 1.000000000000000020e+30 1.000000000000000020e+30 1.000000000000000020e+30 1.000000000000000020e+30 1.000000000000000020e+30 1.000000000000000020e+30 1.000000000000000020e+30 1.000000000000000020e+30 1.000000000000000020e+30
1.406127537931212679e+01 1.408268147590336028e+01 1.411541280695439049e+01 1.416087904096864847e+01 1.423408749342395474e+01 1.434972181526056367e+01 1.450281339213627874e+01 1.465440755385748162e+01 1.484168782776344386e+01 1.512745392664561983e+01 2.095003515373554137e+01 2.390403720114161956e+01 2.564088498357407175e+01 4.014274879516565875e+01 4.620276294304947839e+01 7.470521850129183861e+01 8.772528554594023831e+01 9.472593172013971241e+01 1.068254972842607344e+02 1.117968559928132208e+02 1.116775211324930410e+02 1.340966281769461261e+02 1.526222077836519304e+02 1.581837715800166393e+02 1.533864362999385094e+02 1.345667005726531045e+02 1.160599248845212657e+02 8.901952520149681902e+01 6.810516181448427631e+01 4.221821516900058668e+01 1.235228010403739596e+01 8.982477949321246768e+00 8.308713086024466676e+00 8.432730174370451692e+00 8.498629145767417015e+00 8.452658601066403321e+00 8.284792950230878361e+00 8.007399571836808505e+00 1.000000000000000020e+30 1.000000000000000020e+30 1.000000000000000020e+30 1.000000000000000020e+30 1.000000000000000020e+30 1.000000000000000020e+30 1.000000000000000020e+30 1.000000000000000020e+30 1.000000000000000020e+30 1.000000000000000020e+30 1.000000000000000020e+30 1.000000000000000020e+30 1.000000000000000020e+30 1.000000000000000020e+30 1.000000000000000020e+30 1.000000000000000020e+30 1.000000000000000020e+30 1.000000000000000020e+30 1.000000000000000020e+30
1.409539487435939265e+01 1.415848048062650832e+01 1.422703422188811295e+01 1.431592261349869410e+01 1.445475007534035150e+01 1.467490138133710431e+01 1.497651438046909078e+01 1.528924189752675389e+01 1.568916490922149443e+01 1.639262006388629800e+01 3.858729523306285358e+01 5.428447122385741608e+01 5.392005970804333970e+01 7.328394432332925135e+01 1.495267146114260868e+02 2.074586479529855580e+02 2.411148455826849784e+02 2.544782889864808908e+02 3.359004149949391831e+02 4.029527043978609981e+02 4.679600829740986683e+02 6.675071042068997258e+02 7.274561607123688418e+02 7.358220380501761611e+02 6.951842822675631623e+02 5.128555307014365781e+02 4.398086200659910219e+02 3.879198881931369556e+02 3.445987813826626507e+02 1.175281731602513986e+02 1.962654898796882463e+01 1.031746814854735028e+01 9.381422619339405244e+00 9.070566359922846544e+00 8.891252640744312430e+00 8.724190592506950281e+00 8.498462428526410761e+00 8.199505506111366415e+00 1.000000000000000020e+30 1.000000000000000020e+30 1.000000000000000020e+30 1.000000000000000020e+30 1.000000000000000020e+30 1.000000000000000020e+30 1.000000000000000020e+30 1.000000000000000020e+30 1.000000000000000020e+30 1.000000000000000020e+30 1.000000000000000020e+30 1.000000000000000020e+30 1.000000000000000020e+30 1.000000000000000020e+30 1.000000000000000020e+30 1.000000000000000020e+30 1.000000000000000020e+30 1.000000000000000020e+30 1.000000000000000020e+30
1.000000000000000020e+30 1.432825102484128621e+01 1.444378485870569762e+01 1.458139184131619714e+01 1.477968382591097907e+01 1.508776758464597734e+01 1.552738306878641872e+01 1.601591821604843702e+01 1.662584232400052997e+01 1.766146941988677810e+01 5.093820963591890205e+01 6.635844746445668818e+01 1.523578633405920186e+02 2.145747184452320369e+02 2.918572641196254267e+02 4.297554893840299997e+02 5.697032870425817919e+02 1.428015890492971266e+03 7.614436467082537092e+02 7.734417506643196702e+02 1.000000000000000020e+30 1.202104834041502500e+03 1.224202563961407350e+03 1.230546697210495722e+03 1.219115489699660429e+03 1.000000000000000020e+30 1.000000000000000020e+30 1.000000000000000020e+30 7.192174969715343877e+02 3.832405893672091679e+02 3.558859668072688009e+01 1.226312921876268547e+01 1.051746693670803801e+01 9.808352769533664528e+00 9.375087796733282630e+00 9.067146527993529048e+00 8.769714133576281156e+00 8.466887208964068989e+00 8.208813437936317570e+00 1.000000000000000020e+30 1.000000000000000020e+30 1.000000000000000020e+30 1.000000000000000020e+30 1.000000000000000020e+30 1.000000000000000020e+30 1.000000000000000020e+30 1.000000000000000020e+30 1.000000000000000020e+30 1.000000000000000020e+30 1.000000000000000020e+30 1.000000000000000020e+30 1.000000000000000020e+30 1.000000000000000020e+30 1.000000000000000020e+30 1.000000000000000020e+30 1.000000000000000020e+30 1.000000000000000020e+30
1.000000000000000020e+30 1.456733829126700641e+01 1.486674793389241245e+01 1.507962841039734769e+01 1.535382935558034667e+01 1.577605149204503476e+01 1.645259390025709578e+01 1.740563033533967285e+01 1.826432844648123321e+01 1.547853474248644190e+01 5.629674994363156770e+01 2.558269262477158463e+02 3.704073087034490186e+02 5.570024558401139529e+02 1.491800298810413324e+03 8.806341270841293181e+02 9.388264222870297999e+02 1.000000000000000020e+30 1.000000000000000020e+30 1.000000000000000020e+30 1.000000000000000020e+30 1.000000000000000020e+30 1.000000000000000020e+30 1.000000000000000020e+30 1.000000000000000020e+30 1.000000000000000020e+30 1.000000000000000020e+30 1.000000000000000020e+30 9.372637621194837720e+02 6.428100272348564204e+02 2.105698561959774793e+02 1.703424203161720740e+01 1.262050171608187910e+01 1.100962330380919241e+01 1.011286805146758105e+01 9.496678389474014992e+00 9.062989366656267975e+00 8.672453903839867806e+00 8.302140528637805161e+00 1.000000000000000020e+30 1.000000000000000020e+30 1.000000000000000020e+30 1.000000000000000020e+30 1.000000000000000020e+30 1.000000000000000020e+30 1.000000000000000020e+30 1.000000000000000020e+30 1.000000000000000020e+30 1.000000000000000020e+30 1.000000000000000020e+30 1.000000000000000020e+30 1.000000000000000020e+30 1.000000000000000020e+30 1.000000000000000020e+30 1.000000000000000020e+30 1.000000000000000020e+30 1.000000000000000020e+30
1.000000000000000020e+30 1.000000000000000020e+30 1.559092284832509101e+01 1.580693502768273717e+01 1.621887324302190692e+01 1.705563329057434174e+01 3.196159788876168761e+01 4.027227321013291572e+01 5.076828365262866072e+01 2.362777091283280697e+02 3.849169017674707334e+02 5.291985679934363134e+02 1.000000000000000020e+30 1.000000000000000020e+30 1.000000000000000020e+30 1.000000000000000020e+30 1.000000000000000020e+30 1.000000000000000020e+30 1.000000000000000020e+30 1.000000000000000020e+30 1.000000000000000020e+30 1.000000000000000020e+30 1.000000000000000020e+30 1.000000000000000020e+30 1.000000000000000020e+30 1.000000000000000020e+30 1.000000000000000020e+30 1.000000000000000020e+30 1.000000000000000020e+30 1.000000000000000020e+30 3.416105220981721118e+02 1.223601122618116790e+02 6.059072411757922083e+01 3.347183623854156309e+01 1.314473846045221528e+01 1.004238419098700597e+01 9.384367473655837344e+00 8.866560902706133618e+00 8.394397471047513548e+00 1.000000000000000020e+30 1.000000000000000020e+30 1.000000000000000020e+30 1.000000000000000020e+30 1.000000000000000020e+30 1.000000000000000020e+30 1.000000000000000020e+30 1.000000000000000020e+30 1.000000000000000020e+30 1.000000000000000020e+30 1.000000000000000020e+30 1.000000000000000020e+30 1.000000000000000020e+30 1.000000000000000020e+30 1.000000000000000020e+30 1.000000000000000020e+30 1.000000000000000020e+30 1.000000000000000020e+30
1.000000000000000020e+30 1.000000000000000020e+30 1.606240211648671234e+01 1.637992450385119270e+01 1.702404643285757402e+01 1.827806438168283520e+01 4.921725359391822252e+01 1.629701494511487567e+02 4.138844377058002806e+02 5.543486551207454340e+02 1.000000000000000020e+30 1.000000000000000020e+30 1.000000000000000020e+30 1.000000000000000020e+30 1.000000000000000020e+30 1.000000000000000020e+30 1.000000000000000020e+30 1.000000000000000020e+30 1.000000000000000020e+30 1.000000000000000020e+30 1.000000000000000020e+30 1.000000000000000020e+30 1.000000000000000020e+30 1.000000000000000020e+30 1.000000000000000020e+30 1.000000000000000020e+30 1.000000000000000020e+30 1.000000000000000020e+30 1.000000000000000020e+30 1.000000000000000020e+30 1.000000000000000020e+30 2.859864580138389556e+02 1.336391314457523549e+02 6.121715315407728752e+01 1.639017950203798435e+01 1.064728164449585002e+01 9.718799103199883049e+00 9.057730127477896076e+00 8.463486755147574314e+00 1.000000000000000020e+30 1.000000000000000020e+30 1.000000000000000020e+30 1.000000000000000020e+30 1.000000000000000020e+30 1.000000000000000020e+30 1.000000000000000020e+30 1.000000000000000020e+30 1.000000000000000020e+30 1.000000000000000020e+30 1.000000000000000020e+30 1.000000000000000020e+30 1.000000000000000020e+30 1.000000000000000020e+30 1.000000000000000020e+30 1.000000000000000020e+30 1.000000000000000020e+30 1.000000000000000020e+30
1.000000000000000020e+30 1.000000000000000020e+30 1.000000000000000020e+30 1.644753821815527672e+01 1.728058297265234344e+01 1.603340519138463804e+01 1.668280424516569838e+02 4.803799846080930251e+02 7.122749412239072626e+02 1.000000000000000020e+30 1.000000000000000020e+30 1.000000000000000020e+30 1.000000000000000020e+30 1.000000000000000020e+30 1.000000000000000020e+30 1.000000000000000020e+30 1.000000000000000020e+30 1.000000000000000020e+30 1.000000000000000020e+30 1.000000000000000020e+30 1.000000000000000020e+30 1.000000000000000020e+30 1.000000000000000020e+30 1.000000000000000020e+30 1.000000000000000020e+30 1.000000000000000020e+30 1.000000000000000020e+30 1.000000000000000020e+30 1.000000000000000020e+30 1.000000000000000020e+30 1.000000000000000020e+30 1.000000000000000020e+30 2.734596606388415694e+02 1.024360898169753114e+02 1.945251194187320820e+01 1.102846104339813493e+01 1.000618313602446108e+01 9.249935084061014834e+00 8.537532121955004882e+00 1.000000000000000020e+30 1.000000000000000020e+30 1.000000000000000020e+30 1.000000000000000020e+30 1.000000000000000020e+30 1.000000000000000020e+30 1.000000000000000020e+30 1.000000000000000020e+30 1.000000000000000020e+30 1.000000000000000020e+30 1.000000000000000020e+30 1.000000000000000020e+30 1.000000000000000020e+30 1.000000000000000020e+30 1.000000000000000020e+30 1.000000000000000020e+30 1.000000000000000020e+30 1.000000000000000020e+30
1.000000000000000020e+30 1.000000000000000020e+30 1.000000000000000020e+30 1.233555714591719088e+01 1.670358024114021944e+01 1.010028406949782749e+02 4.713290760501741943e+02 7.321045302144348170e+02 1.000000000000000020e+30 1.000000000000000020e+30 1.000000000000000020e+30 1.000000000000000020e+30 1.000000000000000020e+30 1.000000000000000020e+30 1.000000000000000020e+30 1.000000000000000020e+30 1.000000000000000020e+30 1.000000000000000020e+30 1.000000000000000020e+30 1.000000000000000020e+30 1.000000000000000020e+30 1.000000000000000020e+30 1.000000000000000020e+30 1.000000000000000020e+30 1.000000000000000020e+30 1.000000000000000020e+30 1.000000000000000020e+30 1.000000000000000020e+30 1.000000000000000020e+30 1.000000000000000020e+30 1.000000000000000020e+30 1.000000000000000020e+30 1.000000000000000020e+30 2.078744818002311092e+02 2.902709839935589287e+01 1.125500307644023756e+01 1.027387574746995291e+01 9.489289256316823185e+00 8.624123757706199100e+00 1.000000000000000020e+30 1.000000000000000020e+30 1.000000000000000020e+30 1.000000000000000020e+30 1.000000000000000020e+30 1.000000000000000020e+30 1.000000000000000020e+30 1.000000000000000020e+30 1.000000000000000020e+30 1.000000000000000020e+30 1.000000000000000020e+30 1.000000000000000020e+30 1.000000000000000020e+30 1.000000000000000020e+30 1.000000000000000020e+30 1.000000000000000020e+30 1.000000000000000020e+30 1.000000000000000020e+30
1.000000000000000020e+30 1.000000000000000020e+30 1.000000000000000020e+30 1.000000000000000020e+30 1.072276378175614354e+03 6.321798478260939191e+02 8.080044619059741535e+02 1.000000000000000020e+30 1.000000000000000020e+30 1.000000000000000020e+30 1.000000000000000020e+30 1.000000000000000020e+30 1.000000000000000020e+30 1.000000000000000020e+30 1.000000000000000020e+30 1.000000000000000020e+30 1.000000000000000020e+30 1.000000000000000020e+30 1.000000000000000020e+30 1.000000000000000020e+30 1.000000000000000020e+30 1.000000000000000020e+30 1.000000000000000020e+30 1.000000000000000020e+30 1.000000000000000020e+30 1.000000000000000020e+30 1.000000000000000020e+30 1.000000000000000020e+30 1.000000000000000020e+30 1.000000000000000020e+30 1.000000000000000020e+30 1.000000000000000020e+30 1.000000000000000020e+30 1.000000000000000020e+30 4.089023096402458179e+01 1.154334195893925497e+01 1.063042533938940970e+01 9.910840380630000723e+00 8.741177393657247663e+00 1.000000000000000020e+30 1.000000000000000020e+30 1.000000000000000020e+30 1.000000000000000020e+30 1.000000000000000020e+30 1.000000000000000020e+30 1.000000000000000020e+30 1.000000000000000020e+30 1.000000000000000020e+30 1.000000000000000020e+30 1.000000000000000020e+30 1.000000000000000020e+30 1.000000000000000020e+30 1.000000000000000020e+30 1.000000000000000020e+30 1.000000000000000020e+30 1.000000000000000020e+30 1.000000000000000020e+30
1.000000000000000020e+30 1.000000000000000020e+30 1.000000000000000020e+30 1.000000000000000020e+30 2.011868044245599094e+03 1.000000000000000020e+30 1.000000000000000020e+30 1.000000000000000020e+30 1.000000000000000020e+30 1.000000000000000020e+30 1.000000000000000020e+30 1.000000000000000020e+30 1.000000000000000020e+30 1.000000000000000020e+30 1.000000000000000020e+30 1.000000000000000020e+30 1.000000000000000020e+30 1.000000000000000020e+30 1.000000000000000020e+30 1.000000000000000020e+30 1.000000000000000020e+30 1.000000000000000020e+30 1.000000000000000020e+30 1.000000000000000020e+30 1.000000000000000020e+30 1.000000000000000020e+30 1.000000000000000020e+30 1.000000000000000020e+30 1.000000000000000020e+30 1.000000000000000020e+30 1.000000000000000020e+30 1.000000000000000020e+30 1.000000000000000020e+30 1.000000000000000020e+30 1.000000000000000020e+30 1.173728124803642991e+01 1.113697266681424480e+01 1.000000000000000020e+30 1.000000000000000020e+30 1.000000000000000020e+30 1.000000000000000020e+30 1.000000000000000020e+30 1.000000000000000020e+30 1.000000000000000020e+30 1.000000000000000020e+30 1.000000000000000020e+30 1.000000000000000020e+30 1.000000000000000020e+30 1.000000000000000020e+30 1.000000000000000020e+30 1.000000000000000020e+30 1.000000000000000020e+30 1.000000000000000020e+30 1.000000000000000020e+30 1.000000000000000020e+30 1.000000000000000020e+30 1.000000000000000020e+30
