1.000000000000000020e+30 1.000000000000000020e+30 1.000000000000000020e+30 1.000000000000000020e+30 1.000000000000000020e+30 1.000000000000000020e+30 1.000000000000000020e+30 1.000000000000000020e+30 1.000000000000000020e+30 1.000000000000000020e+30 1.000000000000000020e+30 1.000000000000000020e+30 1.000000000000000020e+30 1.000000000000000020e+30 1.000000000000000020e+30 1.000000000000000020e+30 1.000000000000000020e+30 1.000000000000000020e+30 1.000000000000000020e+30 1.000000000000000020e+30 1.000000000000000020e+30 1.000000000000000020e+30 1.000000000000000020e+30 1.000000000000000020e+30 1.000000000000000020e+30 1.000000000000000020e+30 1.000000000000000020e+30 1.000000000000000020e+30 1.000000000000000020e+30 1.000000000000000020e+30 1.000000000000000020e+30 1.000000000000000020e+30 1.000000000000000020e+30 1.000000000000000020e+30 1.000000000000000020e+30 1.000000000000000020e+30 1.000000000000000020e+30 1.000000000000000020e+30 1.000000000000000020e+30 1.000000000000000020e+30 1.000000000000000020e+30 1.000000000000000020e+30 1.000000000000000020e+30 1.000000000000000020e+30 1.000000000000000020e+30 1.000000000000000020e+30 1.000000000000000020e+30 1.000000000000000020e+30 1.000000000000000020e+30 1.000000000000000020e+30 1.000000000000000020e+30 1.000000000000000020e+30 1.000000000000000020e+30 1.000000000000000020e+30 1.000000000000000020e+30 1.000000000000000020e+30 1.000000000000000020e+30
1.000000000000000020e+30 1.000000000000000020e+30 1.000000000000000020e+30 1.000000000000000020e+30 1.000000000000000020e+30 1.000000000000000020e+30 1.000000000000000020e+30 1.000000000000000020e+30 1.000000000000000020e+30 1.000000000000000020e+30 1.000000000000000020e+30 1.000000000000000020e+30 1.000000000000000020e+30 1.000000000000000020e+30 1.000000000000000020e+30 1.000000000000000020e+30 1.000000000000000020e+30 1.000000000000000020e+30 1.000000000000000020e+30 1.000000000000000020e+30 1.000000000000000020e+30 1.000000000000000020e+30 1.000000000000000020e+30 1.000000000000000020e+30 1.000000000000000020e+30 1.000000000000000020e+30 1.000000000000000020e+30 1.634486809947792052e+00 1.634486809947812480e+00 1.634486809947838903e+00 1.634486809947856889e+00 1.634486809947789610e+00 1.634486809947176766e+00 1.634486809942718999e+00 1.634486809910536076e+00 1.634486809677290875e+00 1.634486807982453715e+00 1.634486795721497687e+00 1.634486708672876487e+00 1.634486116551500112e+00 1.634482401054670353e+00 1.634462290448127186e+00 1.634383811593172808e+00 1.000000000000000020e+30 1.000000000000000020e+30 1.000000000000000020e+30 1.000000000000000020e+30 1.000000000000000020e+30 1.000000000000000020e+30 1.000000000000000020e+30 1.000000000000000020e+30 1.000000000000000020e+30 1.000000000000000020e+30 1.000000000000000020e+30 1.000000000000000020e+30 1.000000000000000020e+30 1.000000000000000020e+30
1.000000000000000020e+30 1.000000000000000020e+30 1.000000000000000020e+30 1.000000000000000020e+30 1.000000000000000020e+30 1.000000000000000020e+30 1.000000000000000020e+30 1.000000000000000020e+30 1.000000000000000020e+30 1.000000000000000020e+30 1.000000000000000020e+30 1.000000000000000020e+30 1.000000000000000020e+30 1.000000000000000020e+30 1.000000000000000020e+30 1.000000000000000020e+30 1.000000000000000020e+30 1.000000000000000020e+30 1.000000000000000020e+30 1.000000000000000020e+30 1.000000000000000020e+30 1.000000000000000020e+30 1.000000000000000020e+30 1.000000000000000020e+30 1.634486809947791608e+00 1.634486809947814034e+00 1.634486809947846675e+00 1.634486809947868435e+00 1.634486809947896857e+00 1.634486809947920616e+00 1.634486809947915509e+00 1.634486809947721442e+00 1.634486809946245067e+00 1.634486809935593588e+00 1.634486809858703982e+00 1.634486809299186882e+00 1.634486805183886782e+00 1.634486774613572280e+00 1.634486546503171933e+00 1.634484853774130331e+00 1.634472509939538520e+00 1.634384788577345926e+00 1.633775062922975696e+00 1.629521793665382301e+00 1.603087230584189005e+00 1.421468411471871196e+00 1.960131448902327489e-02 1.398437530604444978e+00 1.000000000000000020e+30 1.000000000000000020e+30 1.000000000000000020e+30 1.000000000000000020e+30 1.000000000000000020e+30 1.000000000000000020e+30 1.000000000000000020e+30 1.000000000000000020e+30 1.000000000000000020e+30
1.000000000000000020e+30 1.000000000000000020e+30 1.000000000000000020e+30 1.000000000000000020e+30 1.000000000000000020e+30 1.000000000000000020e+30 1.000000000000000020e+30 1.000000000000000020e+30 1.000000000000000020e+30 1.000000000000000020e+30 1.000000000000000020e+30 1.000000000000000020e+30 1.000000000000000020e+30 1.000000000000000020e+30 1.000000000000000020e+30 1.000000000000000020e+30 1.000000000000000020e+30 1.000000000000000020e+30 1.000000000000000020e+30 1.000000000000000020e+30 1.000000000000000020e+30 1.634486809947531594e+00 1.634486809947707231e+00 1.634486809947808261e+00 1.634486809947856223e+00 1.634486809947894193e+00 1.634486809947928387e+00 1.634486809947960362e+00 1.634486809947987451e+00 1.634486809947995889e+00 1.634486809947925057e+00 1.634486809947320207e+00 1.634486809942907071e+00 1.634486809911253946e+00 1.634486809685247399e+00 1.634486808076990982e+00 1.634486796681400955e+00 1.634486716551146523e+00 1.634486161058348763e+00 1.634482400889333054e+00 1.634457826912136813e+00 1.634304327414735081e+00 1.633391024197657471e+00 1.628149109584069443e+00 1.597952074741546324e+00 1.407427723315677337e+00 1.961827423301234358e-02 1.422241979082600638e+00 1.600816060931921081e+00 1.000000000000000020e+30 1.000000000000000020e+30 1.000000000000000020e+30 1.000000000000000020e+30 1.000000000000000020e+30 1.000000000000000020e+30 1.000000000000000020e+30 1.000000000000000020e+30
1.000000000000000020e+30 1.000000000000000020e+30 1.000000000000000020e+30 1.000000000000000020e+30 1.000000000000000020e+30 1.000000000000000020e+30 1.000000000000000020e+30 1.000000000000000020e+30 1.000000000000000020e+30 1.000000000000000020e+30 1.000000000000000020e+30 1.000000000000000020e+30 1.000000000000000020e+30 1.000000000000000020e+30 1.000000000000000020e+30 1.000000000000000020e+30 1.000000000000000020e+30 1.000000000000000020e+30 1.634486809920026040e+00 1.634486809933548779e+00 1.634486809941752439e+00 1.634486809945733476e+00 1.634486809947163222e+00 1.634486809947690134e+00 1.634486809947885755e+00 1.634486809947967467e+00 1.634486809948006325e+00 1.634486809948029418e+00 1.634486809948040964e+00 1.634486809948018537e+00 1.634486809947771846e+00 1.634486809945920882e+00 1.634486809932307549e+00 1.634486809833132881e+00 1.634486809116733719e+00 1.634486803997628801e+00 1.634486767985918965e+00 1.634486520460464831e+00 1.634484874737382798e+00 1.634474408721423799e+00 1.634411370318123113e+00 1.634053347343224827e+00 1.632121699666606141e+00 1.621960143108322150e+00 1.567883298427370065e+00 1.279086810388182283e+00 2.131513780439931241e-02 1.439683598728711544e+00 1.607888334205371583e+00 1.630278794787131780e+00 1.000000000000000020e+30 1.000000000000000020e+30 1.000000000000000020e+30 1.000000000000000020e+30 1.000000000000000020e+30 1.000000000000000020e+30 1.000000000000000020e+30
1.000000000000000020e+30 1.000000000000000020e+30 1.000000000000000020e+30 1.000000000000000020e+30 1.000000000000000020e+30 1.000000000000000020e+30 1.000000000000000020e+30 1.000000000000000020e+30 1.000000000000000020e+30 1.000000000000000020e+30 1.000000000000000020e+30 1.000000000000000020e+30 1.000000000000000020e+30 1.000000000000000020e+30 1.000000000000000020e+30 1.000000000000000020e+30 1.634486809153984588e+00 1.634486809484497094e+00 1.634486809721935607e+00 1.634486809843937793e+00 1.634486809905424609e+00 1.634486809932296891e+00 1.634486809942658825e+00 1.634486809946310126e+00 1.634486809947517383e+00 1.634486809947899077e+00 1.634486809948017205e+00 1.634486809948052954e+00 1.634486809948055397e+00 1.634486809947967245e+00 1.634486809947258257e+00 1.634486809941857244e+00 1.634486809901124937e+00 1.634486809596276347e+00 1.634486807338152659e+00 1.634486790866889194e+00 1.634486673527589140e+00 1.634485866379332242e+00 1.634480577538274915e+00 1.634448010466603929e+00 1.634261309261620498e+00 1.633261723426944645e+00 1.628102791996935972e+00 1.600254849820580194e+00 1.423268935518615219e+00 2.129336224862780902e-02 1.281292741467447538e+00 1.570716787917592727e+00 1.623362502869134083e+00 1.632533026026890877e+00 1.634062782989203821e+00 1.634121152260918253e+00 1.000000000000000020e+30 1.000000000000000020e+30 1.000000000000000020e+30 1.000000000000000020e+30 1.000000000000000020e+30
1.000000000000000020e+30 1.000000000000000020e+30 1.000000000000000020e+30 1.000000000000000020e+30 1.000000000000000020e+30 1.000000000000000020e+30 1.000000000000000020e+30 1.000000000000000020e+30 1.000000000000000020e+30 1.000000000000000020e+30 1.000000000000000020e+30 1.000000000000000020e+30 1.000000000000000020e+30 1.000000000000000020e+30 1.000000000000000020e+30 1.634486796257031083e+00 1.634486803572177349e+00 1.634486806518625990e+00 1.634486808145302561e+00 1.634486809124523488e+00 1.634486809620555370e+00 1.634486809830836940e+00 1.634486809909244442e+00 1.634486809935981944e+00 1.634486809944504904e+00 1.634486809947072627e+00 1.634486809947807373e+00 1.634486809948004771e+00 1.634486809948027641e+00 1.634486809947802044e+00 1.634486809945929542e+00 1.634486809931274376e+00 1.634486809817349728e+00 1.634486808937996916e+00 1.634486802227025359e+00 1.634486751964594475e+00 1.634486386557499005e+00 1.634483843897159838e+00 1.634467174466665451e+00 1.634365766472703152e+00 1.633799466206487860e+00 1.630898233263131880e+00 1.617057319954924965e+00 1.554127430660043885e+00 1.279396495988122329e+00 2.131566307156587681e-02 1.424249411364520546e+00 1.602476042882412743e+00 1.629045654553409550e+00 1.633232887395492883e+00 1.633423000526246671e+00 1.632370391877404847e+00 1.629563610875996105e+00 1.000000000000000020e+30 1.000000000000000020e+30 1.000000000000000020e+30 1.000000000000000020e+30
1.000000000000000020e+30 1.000000000000000020e+30 1.000000000000000020e+30 1.000000000000000020e+30 1.000000000000000020e+30 1.000000000000000020e+30 1.000000000000000020e+30 1.000000000000000020e+30 1.000000000000000020e+30 1.000000000000000020e+30 1.000000000000000020e+30 1.000000000000000020e+30 1.000000000000000020e+30 1.000000000000000020e+30 1.634486526694720387e+00 1.634486699699714274e+00 1.634486760756050039e+00 1.634486782598880028e+00 1.634486795455389885e+00 1.634486803468000238e+00 1.634486807450369339e+00 1.634486809080891279e+00 1.634486809668570295e+00 1.634486809863202605e+00 1.634486809923649808e+00 1.634486809941392282e+00 1.634486809946332109e+00 1.634486809947632402e+00 1.634486809947896191e+00 1.634486809947415908e+00 1.634486809942923058e+00 1.634486809906700033e+00 1.634486809616769509e+00 1.634486807311631873e+00 1.634486789213869695e+00 1.634486650213718084e+00 1.634485618778115823e+00 1.634478330523512879e+00 1.634429976883085889e+00 1.634131678096414353e+00 1.632417410647852396e+00 1.623030680157442340e+00 1.572031947338865088e+00 1.295155549063500278e+00 2.298258164729439015e-02 1.295105046856561914e+00 1.571907383007670411e+00 1.622680362626079509e+00 1.631488476355862360e+00 1.631944651766936261e+00 1.628966213883845437e+00 1.622553001532520467e+00 1.603600219588971809e+00 1.580909044068622427e+00 1.000000000000000020e+30 1.000000000000000020e+30 1.000000000000000020e+30
1.000000000000000020e+30 1.000000000000000020e+30 1.000000000000000020e+30 1.000000000000000020e+30 1.000000000000000020e+30 1.000000000000000020e+30 1.000000000000000020e+30 1.000000000000000020e+30 1.000000000000000020e+30 1.000000000000000020e+30 1.000000000000000020e+30 1.000000000000000020e+30 1.000000000000000020e+30 1.634480632747938644e+00 1.634484590800675985e+00 1.634486015819774263e+00 1.634486444279343864e+00 1.634486594976876317e+00 1.634486695311466731e+00 1.634486759910515730e+00 1.634486791249373461e+00 1.634486803635045726e+00 1.634486807961741839e+00 1.634486809358544290e+00 1.634486809782381478e+00 1.634486809903849425e+00 1.634486809936814167e+00 1.634486809945305374e+00 1.634486809947260921e+00 1.634486809946573249e+00 1.634486809936924967e+00 1.634486809856724010e+00 1.634486809198720580e+00 1.634486803838681279e+00 1.634486760823264051e+00 1.634486424547670680e+00 1.634483898687383974e+00 1.634465928596798623e+00 1.634346202829402461e+00 1.633600425635605369e+00 1.629166116238328854e+00 1.602463269148555414e+00 1.424201073043962484e+00 2.131543075202695092e-02 1.279242625925351096e+00 1.553748723558324496e+00 1.616124896669037136e+00 1.628714054700216574e+00 1.628314457792965797e+00 1.622246917277700540e+00 1.602091666597275088e+00 1.568694181111103703e+00 1.424074289360514056e+00 1.282130144591744791e+00 1.919426990717406495e-02 1.000000000000000020e+30 1.000000000000000020e+30
1.000000000000000020e+30 1.000000000000000020e+30 1.000000000000000020e+30 1.000000000000000020e+30 1.000000000000000020e+30 1.000000000000000020e+30 1.000000000000000020e+30 1.000000000000000020e+30 1.000000000000000020e+30 1.000000000000000020e+30 1.000000000000000020e+30 1.000000000000000020e+30 1.634359367930749318e+00 1.634441637050122020e+00 1.634472094454501701e+00 1.634481498271241229e+00 1.634484174419726710e+00 1.634485159015827360e+00 1.634485928145505973e+00 1.634486434934464105e+00 1.634486673737174378e+00 1.634486764996984087e+00 1.634486796072051273e+00 1.634486805910597917e+00 1.634486808838947702e+00 1.634486809659515982e+00 1.634486809876523949e+00 1.634486809930969953e+00 1.634486809943789032e+00 1.634486809944552643e+00 1.634486809926312567e+00 1.634486809768614712e+00 1.634486808451264261e+00 1.634486797524096868e+00 1.634486708363929397e+00 1.634486002079892586e+00 1.634480651175594490e+00 1.634442442601150125e+00 1.634188034629534547e+00 1.632610129175647407e+00 1.623353995651192871e+00 1.570604852441839672e+00 1.281194799482925806e+00 2.128896944973658958e-02 1.422345499065459151e+00 1.598059964033573976e+00 1.622625701620611594e+00 1.621152028656999367e+00 1.601882514772095867e+00 1.568599852209331180e+00 1.423748122288495344e+00 1.280937780644542556e+00 2.129137447775274541e-02 2.126514421038601735e-02 1.263130564033228875e+00 1.000000000000000020e+30 1.000000000000000020e+30
1.000000000000000020e+30 1.000000000000000020e+30 1.000000000000000020e+30 1.000000000000000020e+30 1.000000000000000020e+30 1.000000000000000020e+30 1.000000000000000020e+30 1.000000000000000020e+30 1.000000000000000020e+30 1.000000000000000020e+30 1.000000000000000020e+30 1.632007064056927970e+00 1.633644023850193916e+00 1.634218446761905197e+00 1.634399499932623678e+00 1.634453259303550565e+00 1.634468451172199632e+00 1.634474561286271443e+00 1.634480303017953551e+00 1.634484118240122408e+00 1.634485855023152689e+00 1.634486499361635259e+00 1.634486715189196859e+00 1.634486782797708315e+00 1.634486802645823467e+00 1.634486808096212274e+00 1.634486809501133564e+00 1.634486809843976651e+00 1.634486809923688666e+00 1.634486809937846896e+00 1.634486809908485050e+00 1.634486809632521132e+00 1.634486807321721802e+00 1.634486788062456064e+00 1.634486629787759160e+00 1.634485364811583796e+00 1.634475667270875565e+00 1.634405081731702181e+00 1.633917231940887005e+00 1.630645613538765026e+00 1.608197956896849190e+00 1.439714512659750145e+00 2.131213634633663881e-02 1.277144769666262780e+00 1.562443187057296567e+00 1.609873545899678238e+00 1.599783594127043962e+00 1.568231900725341577e+00 1.423689208221268876e+00 1.280921840164763070e+00 2.128862905867716371e-02 2.127452348635719415e-02 1.277347126404888789e+00 1.419340202813761387e+00 1.564457898469662434e+00 1.618895554275594950e+00 1.000000000000000020e+30
1.000000000000000020e+30 1.000000000000000020e+30 1.000000000000000020e+30 1.000000000000000020e+30 1.000000000000000020e+30 1.000000000000000020e+30 1.000000000000000020e+30 1.000000000000000020e+30 1.000000000000000020e+30 1.000000000000000020e+30 1.585067853668684856e+00 1.619181518686717558e+00 1.630125246660470095e+00 1.633096405392906458e+00 1.634009338227565111e+00 1.634285264993954767e+00 1.634364091536208319e+00 1.634399874655424023e+00 1.634441365783957600e+00 1.634468579063897531e+00 1.634480448047274548e+00 1.634484747600079890e+00 1.634486182239234919e+00 1.634486631854750183e+00 1.634486762922687131e+00 1.634486798309105371e+00 1.634486807211408932e+00 1.634486809325295331e+00 1.634486809806224628e+00 1.634486809906092075e+00 1.634486809870773216e+00 1.634486809413256081e+00 1.634486805711635515e+00 1.634486775851564655e+00 1.634486537698728537e+00 1.634484692215926849e+00 1.634471015907700941e+00 1.634375228503952338e+00 1.633742393158482686e+00 1.629722764127658596e+00 1.603874723644039602e+00 1.423490673998294209e+00 1.960475628911447291e-02 1.397124852796192140e+00 1.566319855171365516e+00 1.562568917973442328e+00 1.422814659716287844e+00 1.280804088115978567e+00 2.128815218423136396e-02 2.127079475892698635e-02 1.275826465400623944e+00 1.412671441855451793e+00 1.542291895834886351e+00 1.572211575073317436e+00 1.592099449177614812e+00 1.600688518093086099e+00 1.000000000000000020e+30
1.000000000000000020e+30 1.000000000000000020e+30 1.000000000000000020e+30 1.000000000000000020e+30 1.000000000000000020e+30 1.000000000000000020e+30 1.000000000000000020e+30 1.000000000000000020e+30 1.000000000000000020e+30 1.924364102710272514e-02 1.296456664420220006e+00 1.557531615186643403e+00 1.615055993090294351e+00 1.627719656691207772e+00 1.632003047560186548e+00 1.633328066409589940e+00 1.633701512347743634e+00 1.633897045919395996e+00 1.634189336707190687e+00 1.634371962227186836e+00 1.634447038814587749e+00 1.634473785508822052e+00 1.634482815753518503e+00 1.634485681118354572e+00 1.634486516208824014e+00 1.634486738786752991e+00 1.634486793595901544e+00 1.634486806293881100e+00 1.634486809123236295e+00 1.634486809728787460e+00 1.634486809735471224e+00 1.634486808847662065e+00 1.634486802118784610e+00 1.634486750682425660e+00 1.634486355653297363e+00 1.634483398735413706e+00 1.634462330661615281e+00 1.634321735722412905e+00 1.633447594881546561e+00 1.628304897857904887e+00 1.598184350289190148e+00 1.407495094970687921e+00 1.953167261851578018e-02 1.365967951228476807e+00 1.397316937159746031e+00 1.277243723960010291e+00 2.128165396908152096e-02 2.127041757804593036e-02 1.275684369409944896e+00 1.411691393566711916e+00 1.536216779485273243e+00 1.537863126567999394e+00 1.427686938360057667e+00 1.419668602798836332e+00 1.421186228274655905e+00 1.422368048955909403e+00 1.000000000000000020e+30
1.000000000000000020e+30 1.000000000000000020e+30 1.000000000000000020e+30 1.000000000000000020e+30 1.000000000000000020e+30 1.000000000000000020e+30 1.000000000000000020e+30 1.000000000000000020e+30 1.580663705049598633e+00 1.282088228904886718e+00 2.112530446050027086e-02 1.293017099620170196e+00 1.553295062546533822e+00 1.599868006489184591e+00 1.621728950378618972e+00 1.628005712554617457e+00 1.629603897428087533e+00 1.630588672255689708e+00 1.632662394850325827e+00 1.633821259269470083e+00 1.634255660125870868e+00 1.634409276277747569e+00 1.634462663547735284e+00 1.634479979440377484e+00 1.634485050378832183e+00 1.634486390589261262e+00 1.634486715177465355e+00 1.634486788964254700e+00 1.634486805177196800e+00 1.634486808687295012e+00 1.634486809069736868e+00 1.634486806756917376e+00 1.634486791411631224e+00 1.634486686530916666e+00 1.634485923629563242e+00 1.634480333776026306e+00 1.634440877909127732e+00 1.634179405459678103e+00 1.632564049818678864e+00 1.623136511645870028e+00 1.569753832649734671e+00 1.278778492999209204e+00 1.897548547905676328e-02 1.119986566656097526e+00 2.101059828918059799e-02 2.126459733956988923e-02 1.275729737367077510e+00 1.411702310027272977e+00 1.535975626981284092e+00 1.535853328748576718e+00 1.411486657959433177e+00 1.275620181398595232e+00 2.128803424758148738e-02 1.961335910831335169e-02 1.963425391014659085e-02 1.963858517561279868e-02 1.000000000000000020e+30
1.000000000000000020e+30 1.000000000000000020e+30 1.000000000000000020e+30 1.000000000000000020e+30 1.000000000000000020e+30 1.000000000000000020e+30 1.000000000000000020e+30 1.629591006633639649e+00 1.603916002640640937e+00 1.425801631447743301e+00 1.965214190234454081e-02 2.109741607373895322e-02 1.278833495894142747e+00 1.422878675282955196e+00 1.567509805610616924e+00 1.597696063528369237e+00 1.603633881141518724e+00 1.608121169392251693e+00 1.623839835936415010e+00 1.630949523110458488e+00 1.633236226670764291e+00 1.634053227545281040e+00 1.634349570313797129e+00 1.634447896644296794e+00 1.634476839711069607e+00 1.634484454844761681e+00 1.634486281048490586e+00 1.634486692220312953e+00 1.634486782436896490e+00 1.634486802400428873e+00 1.634486805244370400e+00 1.634486796517573781e+00 1.634486749012337370e+00 1.634486497857891241e+00 1.634484976061316264e+00 1.634474692950209196e+00 1.634402918119512327e+00 1.633911879654910804e+00 1.630627297216515448e+00 1.608126381030206664e+00 1.439404434580835224e+00 1.944729958065631245e-02 1.729964376926325029e-02 2.099430453435352159e-02 1.275105957791885070e+00 1.411556045324136921e+00 1.536000143965505327e+00 1.535886066634740921e+00 1.411453507100956850e+00 1.275389467430846357e+00 2.126913654955597463e-02 2.128375861987807233e-02 1.278472702921234161e+00 1.406689601575795923e+00 1.420965404215251526e+00 1.422687864166640725e+00 1.000000000000000020e+30
1.000000000000000020e+30 1.000000000000000020e+30 1.000000000000000020e+30 1.000000000000000020e+30 1.000000000000000020e+30 1.000000000000000020e+30 1.634208095950705708e+00 1.632701967044766445e+00 1.624973206315959873e+00 1.586865562458291468e+00 1.425464749689875132e+00 1.280860528831915923e+00 2.129274761734966173e-02 2.129188246463759385e-02 1.278784949840190865e+00 1.407237306691892620e+00 1.423247696173963295e+00 1.439853041479015161e+00 1.573702307960097579e+00 1.617082680981900777e+00 1.628020827500502810e+00 1.632188500561460698e+00 1.633758466682179611e+00 1.634280915294718195e+00 1.634434137883654437e+00 1.634474357514268839e+00 1.634483987907318303e+00 1.634486164940822661e+00 1.634486651048025374e+00 1.634486763617633676e+00 1.634486781893396135e+00 1.634486737119811961e+00 1.634486518790664533e+00 1.634485639485920627e+00 1.634481991568007997e+00 1.634464396380547413e+00 1.634362761091871175e+00 1.633724252243701880e+00 1.629695228319636868e+00 1.603830729413799228e+00 1.423418915064869061e+00 1.937134924317374454e-02 1.241303804186244086e+00 1.390269236266795883e+00 1.531346185323449127e+00 1.535071313473433063e+00 1.411383755786043803e+00 1.275403722580325860e+00 2.126915917663201386e-02 2.128653367390880707e-02 1.280458417463390397e+00 1.423132204626102792e+00 1.567296746577061528e+00 1.597340366504706566e+00 1.602648265513379133e+00 1.603518661181734251e+00 1.000000000000000020e+30
1.000000000000000020e+30 1.000000000000000020e+30 1.000000000000000020e+30 1.000000000000000020e+30 1.000000000000000020e+30 1.634473851763097452e+00 1.634394976147197198e+00 1.633978830517650582e+00 1.632101624336552259e+00 1.624779779003663105e+00 1.602401839171023079e+00 1.568415694292195850e+00 1.423573209201781209e+00 1.281016756422580727e+00 2.131416152202969885e-02 1.961941789502680972e-02 1.961882766452926682e-02 2.133294093829480806e-02 1.295112645419585817e+00 1.553833087503680099e+00 1.600120454116859436e+00 1.622595067354177134e+00 1.630872370407845828e+00 1.633484858161328823e+00 1.634230504664472505e+00 1.634425458190203129e+00 1.634472483524263664e+00 1.634483353366329217e+00 1.634485887049405672e+00 1.634486520570708201e+00 1.634486638790257684e+00 1.634486384832245287e+00 1.634485137003488964e+00 1.634480511193187713e+00 1.634465164037498974e+00 1.634415919526422067e+00 1.634231818346864928e+00 1.633319715435974206e+00 1.628122792135402452e+00 1.597959107013362967e+00 1.407456859750361833e+00 1.934468560545275426e-02 1.239881695375011139e+00 1.376847698242172235e+00 1.393577792800654747e+00 1.273281669923498560e+00 2.126625193390768720e-02 2.128670268066410257e-02 1.280489184134377512e+00 1.423250977929240824e+00 1.568100075010065098e+00 1.601637962166245766e+00 1.621841689088586724e+00 1.627893907041850108e+00 1.629319116357550890e+00 1.629601707284733969e+00 1.000000000000000020e+30
1.000000000000000020e+30 1.000000000000000020e+30 1.000000000000000020e+30 1.000000000000000020e+30 1.000000000000000020e+30 1.634482482657824365e+00 1.634462954444535043e+00 1.634366048193455212e+00 1.633965589871761326e+00 1.632597483361923674e+00 1.628992086986953636e+00 1.622251830404628059e+00 1.602189021399893276e+00 1.570476487676624400e+00 1.439608605628068583e+00 1.423196418520655149e+00 1.406769557004400761e+00 1.277149850286313448e+00 2.297852511273482806e-02 1.279142354529407832e+00 1.423424193101985091e+00 1.571752172035095318e+00 1.617488603083345078e+00 1.630001699427265693e+00 1.633343096104913128e+00 1.634206436570702081e+00 1.634417575146041690e+00 1.634468622582924802e+00 1.634481421229546649e+00 1.634484990401835036e+00 1.634485779800418204e+00 1.634484393793741885e+00 1.634477220839404055e+00 1.634450607757709673e+00 1.634366167102720313e+00 1.634136944824625015e+00 1.633562261169255514e+00 1.631686814246771533e+00 1.621801907707848267e+00 1.567809735083984135e+00 1.278722707523538116e+00 1.877912716956475769e-02 1.729656841979377441e-02 1.935126317655965975e-02 1.957648001619110775e-02 2.130227799694920515e-02 1.280716709850511892e+00 1.423322425866987873e+00 1.568135390474245217e+00 1.601692369717058861e+00 1.622061989004861760e+00 1.628789954965224274e+00 1.632128208080783072e+00 1.633311526626597399e+00 1.633637324429152660e+00 1.633709276422630419e+00 1.000000000000000020e+30
1.000000000000000020e+30 1.000000000000000020e+30 1.000000000000000020e+30 1.000000000000000020e+30 1.634486686762262053e+00 1.634485821756590518e+00 1.634481562540729849e+00 1.634461883755402800e+00 1.634385292309829207e+00 1.634140916449208447e+00 1.633526993109520209e+00 1.632259685014081363e+00 1.629081583343355177e+00 1.623297039524130625e+00 1.608094620747789527e+00 1.603427671091888440e+00 1.595837572860347331e+00 1.552995789414228778e+00 1.294766579594694766e+00 2.131352895353188712e-02 2.131426396381351507e-02 1.295292906348392892e+00 1.557320122035031673e+00 1.615668308969706146e+00 1.629749646601066582e+00 1.633290710855059391e+00 1.634165375915668239e+00 1.634392447656360492e+00 1.634455399276941945e+00 1.634475476235854652e+00 1.634480793624669692e+00 1.634473904298651581e+00 1.634435395848709671e+00 1.634289802981896189e+00 1.633819943875407299e+00 1.632551750826440662e+00 1.629868765071854630e+00 1.625100420762323417e+00 1.599330165611696053e+00 1.423078699892163623e+00 2.085441497924839932e-02 9.873323839754957199e-01 2.063106102976396128e-02 1.276229181917222677e+00 1.408122922668159527e+00 1.437436951824202058e+00 1.569895568613425274e+00 1.601938219573738387e+00 1.622105718190635537e+00 1.628810519761158648e+00 1.632177731800724008e+00 1.633478340720840194e+00 1.634070793925167964e+00 1.634297766200789370e+00 1.634358628987397921e+00 1.634370289676660981e+00 1.000000000000000020e+30
1.000000000000000020e+30 1.000000000000000020e+30 1.000000000000000020e+30 1.000000000000000020e+30 1.634486774740328441e+00 1.634486606977010092e+00 1.634485787671869250e+00 1.634482209430545341e+00 1.634468902736839313e+00 1.634427968754084581e+00 1.634325674294166753e+00 1.634101972057791619e+00 1.633579435962137616e+00 1.632590875177741152e+00 1.630593650752567791e+00 1.629482677642390520e+00 1.627121927827261061e+00 1.616603427569900164e+00 1.571583615745032025e+00 1.423389431468536026e+00 1.279078422040469398e+00 2.300108672653294883e-02 1.293772265488247086e+00 1.556897048504599868e+00 1.615552630094892583e+00 1.629617807917543848e+00 1.633022731244016423e+00 1.634002689934853647e+00 1.634306202396988761e+00 1.634418187194261352e+00 1.634453155093772647e+00 1.634423115122815462e+00 1.634234900011501512e+00 1.633504976303191247e+00 1.631027696536761606e+00 1.623660678686139391e+00 1.606872032886722090e+00 1.595823577814906136e+00 1.549324299967981933e+00 1.278383399745154803e+00 1.878251182869529815e-02 1.877661940886376016e-02 1.275929239191599729e+00 1.548077790763436656e+00 1.595355506076432617e+00 1.606589309182303582e+00 1.622910185318156451e+00 1.628945679375731981e+00 1.632201371692538316e+00 1.633484169021262700e+00 1.634077847874795486e+00 1.634327439626378720e+00 1.634466747350642457e+00 1.634573766491506763e+00 1.634528394674184648e+00 1.634491748819462131e+00 1.000000000000000020e+30
1.000000000000000020e+30 1.000000000000000020e+30 1.000000000000000020e+30 1.634486809093730786e+00 1.634486802799648641e+00 1.634486771790122805e+00 1.634486628007919551e+00 1.634486031505759884e+00 1.634483899242952010e+00 1.634477493571905971e+00 1.634461377254672554e+00 1.634424828028890664e+00 1.634341765285693748e+00 1.634182655560568076e+00 1.633899081606809522e+00 1.633657802151627481e+00 1.633054702473837771e+00 1.630711240193719602e+00 1.622543782388576439e+00 1.600018169268488055e+00 1.553331701965464440e+00 1.293282329530333064e+00 2.302036016865750823e-02 1.293702299918073395e+00 1.556739282808127456e+00 1.614877639424598943e+00 1.627681753031622325e+00 1.632021908241591213e+00 1.633470908655942244e+00 1.634089294211358956e+00 1.634308772723711334e+00 1.634199301865247866e+00 1.633368860247629728e+00 1.630030591616193014e+00 1.617706338523048792e+00 1.573550012056131875e+00 1.437985803607314983e+00 1.408387890772516693e+00 1.276574446702356536e+00 2.063469132002738668e-02 9.869749269321300700e-01 1.896621184186835646e-02 1.406014535002774180e+00 1.594578657588928694e+00 1.623994372695547472e+00 1.629595335553870816e+00 1.632373832419225401e+00 1.633519076716544172e+00 1.634082540976251163e+00 1.634318606500407611e+00 1.634436011559756929e+00 1.634558102104948007e+00 1.634903466583538911e+00 1.635655428923829646e+00 1.635025604147167355e+00 1.634652221227954394e+00 1.000000000000000020e+30
1.000000000000000020e+30 1.000000000000000020e+30 1.000000000000000020e+30 1.634486809714976507e+00 1.634486808600607688e+00 1.634486803239487029e+00 1.634486779663819611e+00 1.634486686587234061e+00 1.634486366188514728e+00 1.634485422971451163e+00 1.634483036096050723e+00 1.634477506982744188e+00 1.634465095802033474e+00 1.634441141293010435e+00 1.634400087791582301e+00 1.634352079505032806e+00 1.634217970174136836e+00 1.633727691032664131e+00 1.632142033588398711e+00 1.627721851794250219e+00 1.614894625696634112e+00 1.556747755064316507e+00 1.293702578592852204e+00 2.302032265715056245e-02 1.293267440366233423e+00 1.553286517186242888e+00 1.599859651289411655e+00 1.621871721503044927e+00 1.628835632958718138e+00 1.632293778960957731e+00 1.633606095054366492e+00 1.633304410654787375e+00 1.629960665576456247e+00 1.615722895581961138e+00 1.557341437481909452e+00 1.295478213048757654e+00 2.132949487853153317e-02 1.958919289204287539e-02 1.937670777787418169e-02 1.729869312338035495e-02 1.691315189893050075e-02 1.755555423144822616e-02 1.420428508151090563e+00 1.602060450305673900e+00 1.628618860433757032e+00 1.632998976950232661e+00 1.633993922193341941e+00 1.634292070521065066e+00 1.634417849159089942e+00 1.634472631692968303e+00 1.634579540163804356e+00 1.635127475188344448e+00 1.637790002980181514e+00 1.645775957687398483e+00 1.638946025139009999e+00 1.635629497283094036e+00 1.000000000000000020e+30
1.000000000000000020e+30 1.000000000000000020e+30 1.000000000000000020e+30 1.634486809898058279e+00 1.634486809707973443e+00 1.634486808826684401e+00 1.634486805148802846e+00 1.634486791314091025e+00 1.634486745439093891e+00 1.634486613177125403e+00 1.634486278388371350e+00 1.634485495818373657e+00 1.634483754930553534e+00 1.634480369221541274e+00 1.634474503600011897e+00 1.634465673176666911e+00 1.634438828148997436e+00 1.634341778088406638e+00 1.634022504828384070e+00 1.633031199576472359e+00 1.629622041472838845e+00 1.615553204749673455e+00 1.556890696587931666e+00 1.293762037257073727e+00 2.300092642852053296e-02 1.279002227629980837e+00 1.422931481014188648e+00 1.568159596922797272e+00 1.601895685245233070e+00 1.622779240816982327e+00 1.630438356587398996e+00 1.630048480874405348e+00 1.617287181121016548e+00 1.557258886391062136e+00 1.293784497850012816e+00 2.299723981550606117e-02 1.276355714056809143e+00 1.401847302955655294e+00 1.393688834588204806e+00 1.243151701448158342e+00 1.729070579557213938e-02 1.000000000000000020e+30 1.000000000000000020e+30 1.000000000000000020e+30 1.000000000000000020e+30 1.000000000000000020e+30 1.000000000000000020e+30 1.000000000000000020e+30 1.634482060922521462e+00 1.634530985655657576e+00 1.634962528327394971e+00 1.637950452191547557e+00 1.656826573301576344e+00 1.741395512885536290e+00 1.668355743857216744e+00 1.641125843534828155e+00 1.000000000000000020e+30
1.000000000000000020e+30 1.000000000000000020e+30 1.634486809946713359e+00 1.634486809939087903e+00 1.634486809907086391e+00 1.634486809767647486e+00 1.634486809214378944e+00 1.634486807227945704e+00 1.634486800880699864e+00 1.634486782989316600e+00 1.634486737971363901e+00 1.634486632797431671e+00 1.634486401006187251e+00 1.634485945838394017e+00 1.634485123483799374e+00 1.634483595298529268e+00 1.634478609281214911e+00 1.634460202305973775e+00 1.634395467590093132e+00 1.634166863234294276e+00 1.633291160253588448e+00 1.629747790016519593e+00 1.615660870494072476e+00 1.557306869263196836e+00 1.295286557655374260e+00 2.131463730723828429e-02 2.129399991860683738e-02 1.280622568938080130e+00 1.423807805106464652e+00 1.571876151485108952e+00 1.617184020027057301e+00 1.619323216002985566e+00 1.571079665084326393e+00 1.295177869168181672e+00 2.300300650272059030e-02 1.293215314810224115e+00 1.552108062949303369e+00 1.585193438130740873e+00 1.538182803952515831e+00 1.257060616309421786e+00 1.731186417096820460e-02 1.000000000000000020e+30 1.000000000000000020e+30 1.000000000000000020e+30 1.000000000000000020e+30 1.000000000000000020e+30 1.000000000000000020e+30 1.000000000000000020e+30 1.000000000000000020e+30 1.000000000000000020e+30 1.636046564589579422e+00 1.647432350716696359e+00 1.749568768483294789e+00 2.643193762874437525e+00 1.863336969515926755e+00 1.662863068756469387e+00 1.000000000000000020e+30
1.000000000000000020e+30 1.000000000000000020e+30 1.634486809947502728e+00 1.634486809946337438e+00 1.634486809941217089e+00 1.634486809919853290e+00 1.634486809838858079e+00 1.634486809560465659e+00 1.634486808702240834e+00 1.634486806339975784e+00 1.634486800461393718e+00 1.634486786825911864e+00 1.634486757059985695e+00 1.634486697772600028e+00 1.634486583522411607e+00 1.634486329255620651e+00 1.634485444979226321e+00 1.634482044747477048e+00 1.634469046863491037e+00 1.634417775010174712e+00 1.634206291323599292e+00 1.633341901086805992e+00 1.629998445547474306e+00 1.617488874677050159e+00 1.571806136383505637e+00 1.423778808748029867e+00 1.280538850510728022e+00 2.128877207664308172e-02 2.129425864606734539e-02 1.296124152045633471e+00 1.566371750295893372e+00 1.589087573612079973e+00 1.421551338015032639e+00 2.131319326772103048e-02 1.280557520286008888e+00 1.559958210488290975e+00 1.627265439706213179e+00 1.610629205639070083e+00 1.421481772303370583e+00 1.938901414023084385e-02 1.000000000000000020e+30 1.000000000000000020e+30 1.000000000000000020e+30 1.000000000000000020e+30 1.000000000000000020e+30 1.000000000000000020e+30 1.000000000000000020e+30 1.000000000000000020e+30 1.000000000000000020e+30 1.000000000000000020e+30 1.000000000000000020e+30 1.000000000000000020e+30 1.000000000000000020e+30 1.181414126935078279e+01 2.867749794067189217e+00 1.000000000000000020e+30 1.000000000000000020e+30
1.000000000000000020e+30 1.634486809947738539e+00 1.634486809947742536e+00 1.634486809947625074e+00 1.634486809946900543e+00 1.634486809943777708e+00 1.634486809932238716e+00 1.634486809893911818e+00 1.634486809779233552e+00 1.634486809469991142e+00 1.634486808708793815e+00 1.634486806957510474e+00 1.634486803159965751e+00 1.634486795439564322e+00 1.634486779364553444e+00 1.634486737794899724e+00 1.634486584511631868e+00 1.634485965318977829e+00 1.634483409503199480e+00 1.634472504131907922e+00 1.634425400960217489e+00 1.634230370290852052e+00 1.633486547710584880e+00 1.630896370920283722e+00 1.622805705919906361e+00 1.601782296136468275e+00 1.567479878347341149e+00 1.419420676767478184e+00 1.264361399948630282e+00 2.127439444111259986e-02 1.410419536421328113e+00 1.525179735186991570e+00 1.275324611889787629e+00 2.110860335547627697e-02 1.435150821048782221e+00 1.660755053275785098e+00 1.788375229205629413e+00 1.717432260077049078e+00 1.294110199611443024e+00 1.754309513979274496e-02 1.000000000000000020e+30 1.000000000000000020e+30 1.000000000000000020e+30 1.000000000000000020e+30 1.000000000000000020e+30 1.000000000000000020e+30 1.000000000000000020e+30 1.000000000000000020e+30 1.000000000000000020e+30 1.000000000000000020e+30 1.000000000000000020e+30 1.000000000000000020e+30 1.000000000000000020e+30 1.000000000000000020e+30 1.000000000000000020e+30 1.000000000000000020e+30 1.000000000000000020e+30
1.000000000000000020e+30 1.634486809947770514e+00 1.634486809947832908e+00 1.634486809947923058e+00 1.634486809947983676e+00 1.634486809947842012e+00 1.634486809946786412e+00 1.634486809942138352e+00 1.634486809925253192e+00 1.634486809871662061e+00 1.634486809719051692e+00 1.634486809326136214e+00 1.634486808428961657e+00 1.634486806646464174e+00 1.634486803438133018e+00 1.634486796484283522e+00 1.634486771520017978e+00 1.634486664388332899e+00 1.634486186256260742e+00 1.634484023917758488e+00 1.634474428585672490e+00 1.634434366463135557e+00 1.634282542856679399e+00 1.633771750067789075e+00 1.632279913557125095e+00 1.628561032464156400e+00 1.619852693337638261e+00 1.584310285547293695e+00 1.419877854433669206e+00 2.126076441077164730e-02 1.245868296145381082e+00 1.256313740954986491e+00 2.083574001575965937e-02 1.148200942743732966e+00 1.645559429638514315e+00 2.089706311943400063e+00 3.161785122492746236e+00 2.782302371705352328e+00 2.169132809722013402e-02 1.000000000000000020e+30 1.000000000000000020e+30 1.000000000000000020e+30 1.000000000000000020e+30 1.000000000000000020e+30 1.000000000000000020e+30 1.000000000000000020e+30 1.000000000000000020e+30 1.000000000000000020e+30 1.000000000000000020e+30 1.000000000000000020e+30 1.000000000000000020e+30 1.000000000000000020e+30 1.000000000000000020e+30 1.000000000000000020e+30 1.000000000000000020e+30 1.000000000000000020e+30 1.000000000000000020e+30
1.634486809947761188e+00 1.634486809947831132e+00 1.634486809948001662e+00 1.634486809948378028e+00 1.634486809949297514e+00 1.634486809951613440e+00 1.634486809956663178e+00 1.634486809963786591e+00 1.634486809957981901e+00 1.634486809868228585e+00 1.634486809454214429e+00 1.634486808080507503e+00 1.634486804558364925e+00 1.634486797643351474e+00 1.634486788969576887e+00 1.634486786349442333e+00 1.634486795825299987e+00 1.634486822946965789e+00 1.634486838759455551e+00 1.634486624683408662e+00 1.634485234700937761e+00 1.634478313198844290e+00 1.634449856535694634e+00 1.634353876397351746e+00 1.634070207076132375e+00 1.633289065012363261e+00 1.630862690965707351e+00 1.620552890973643301e+00 1.571248163015483534e+00 1.295922143515093161e+00 2.120742879043133536e-02 1.894501696318469375e-02 1.549699266158768851e-02 2.025933632763412054e-02 2.110544496487912092e+00 4.842546271281816139e+00 1.564140412550467829e+01 1.368090310931059861e+01 3.294695376336970877e-02 1.000000000000000020e+30 1.000000000000000020e+30 1.000000000000000020e+30 1.000000000000000020e+30 1.000000000000000020e+30 1.000000000000000020e+30 1.000000000000000020e+30 1.000000000000000020e+30 1.000000000000000020e+30 1.000000000000000020e+30 1.000000000000000020e+30 1.000000000000000020e+30 1.000000000000000020e+30 1.000000000000000020e+30 1.000000000000000020e+30 1.000000000000000020e+30 1.000000000000000020e+30 1.000000000000000020e+30
1.634486809947901742e+00 1.634486809948160202e+00 1.634486809948951347e+00 1.634486809951241515e+00 1.634486809958024534e+00 1.634486809977336419e+00 1.634486810025304937e+00 1.634486810115175714e+00 1.634486810175684202e+00 1.634486809744718050e+00 1.634486807062893732e+00 1.634486797073640529e+00 1.634486769908141790e+00 1.634486713589410556e+00 1.634486640345493402e+00 1.634486628047617129e+00 1.634486756891968984e+00 1.634487206012546379e+00 1.634488226842496950e+00 1.634490003644804901e+00 1.634494033397941859e+00 1.634499896588663459e+00 1.634495818899972752e+00 1.634474398091249503e+00 1.634409046589932357e+00 1.634210924863285674e+00 1.633507179158393274e+00 1.630540707171810766e+00 1.617841578048646145e+00 1.564728016546204969e+00 1.386146126123195987e+00 1.121990730063665564e+00 1.991903705536625033e-02 3.055007520819533195e-02 5.132412503727738162e+00 1.998935360995214339e+01 2.647663332112478329e+01 2.295083050523052748e+01 1.911479929280691936e-02 1.000000000000000020e+30 1.000000000000000020e+30 1.000000000000000020e+30 1.000000000000000020e+30 1.000000000000000020e+30 1.000000000000000020e+30 1.000000000000000020e+30 1.000000000000000020e+30 1.000000000000000020e+30 1.000000000000000020e+30 1.000000000000000020e+30 1.000000000000000020e+30 1.000000000000000020e+30 1.000000000000000020e+30 1.000000000000000020e+30 1.000000000000000020e+30 1.000000000000000020e+30 1.000000000000000020e+30
1.634486809948801245e+00 1.634486809950407515e+00 1.634486809955690401e+00 1.634486809972028665e+00 1.634486810023578984e+00 1.634486810181266181e+00 1.634486810612642005e+00 1.634486811564622055e+00 1.634486812846897230e+00 1.634486811633245384e+00 1.634486795400256653e+00 1.634486724537751900e+00 1.634486520834067758e+00 1.634486073042982879e+00 1.634485451200321071e+00 1.634485362875575776e+00 1.634486531916352847e+00 1.634490791058980097e+00 1.634500761920065326e+00 1.634517373212759361e+00 1.634558984008169125e+00 1.634635629398147882e+00 1.634646116671024441e+00 1.634609199949530023e+00 1.634511686679786635e+00 1.634308642886235896e+00 1.633889357165972722e+00 1.632473161564300002e+00 1.626683414086486756e+00 1.597065754305275753e+00 1.416429014035792244e+00 2.197855403039210634e-02 1.906525739436440992e+00 5.100120166668872024e+00 2.105968151425780022e+01 2.957409111525427647e+01 2.877570920185811687e+01 3.987979052501066518e-02 1.000000000000000020e+30 1.000000000000000020e+30 1.000000000000000020e+30 1.000000000000000020e+30 1.000000000000000020e+30 1.000000000000000020e+30 1.000000000000000020e+30 1.000000000000000020e+30 1.000000000000000020e+30 1.000000000000000020e+30 1.000000000000000020e+30 1.000000000000000020e+30 1.000000000000000020e+30 1.000000000000000020e+30 1.000000000000000020e+30 1.000000000000000020e+30 1.000000000000000020e+30 1.000000000000000020e+30 1.000000000000000020e+30
1.634486809955014275e+00 1.634486809966640308e+00 1.634486810005006729e+00 1.634486810125270306e+00 1.634486810519518052e+00 1.634486811807525974e+00 1.634486815657447911e+00 1.634486825291235013e+00 1.634486842526700068e+00 1.634486852670332446e+00 1.634486772028564516e+00 1.634486298267524340e+00 1.634484860920184079e+00 1.634481498491317408e+00 1.634476409672759534e+00 1.634475815725672687e+00 1.634485854291400919e+00 1.634524396884416975e+00 1.634617915154650047e+00 1.634758777636614591e+00 1.635133826435911431e+00 1.635922116467324106e+00 1.636029282509142702e+00 1.635761629249778082e+00 1.635076819737369291e+00 1.633843722533000253e+00 1.632467722398883270e+00 1.629597027612151416e+00 1.623815777284785877e+00 1.594132669104294520e+00 1.406368498444283688e+00 2.418118175769573899e-02 4.483349750314357784e+00 1.996280927813193884e+01 3.009377765113396919e+01 3.262166353616325409e+01 2.497235678265746373e+01 3.795663545435767200e-02 1.000000000000000020e+30 1.000000000000000020e+30 1.000000000000000020e+30 1.000000000000000020e+30 1.000000000000000020e+30 1.000000000000000020e+30 1.000000000000000020e+30 1.000000000000000020e+30 1.000000000000000020e+30 1.000000000000000020e+30 1.000000000000000020e+30 1.000000000000000020e+30 1.000000000000000020e+30 1.000000000000000020e+30 1.000000000000000020e+30 1.000000000000000020e+30 1.000000000000000020e+30 1.000000000000000020e+30 1.000000000000000020e+30
1.634486809998809242e+00 1.634486810086060560e+00 1.634486810373228183e+00 1.634486811273576423e+00 1.634486814310022629e+00 1.634486824857329657e+00 1.634486859027092454e+00 1.634486953554311173e+00 1.634487151565655605e+00 1.634487403498933622e+00 1.634487203540618605e+00 1.634484271766824204e+00 1.634474916630540564e+00 1.634451478436742766e+00 1.634411288370171134e+00 1.634407378679730627e+00 1.634487273451234124e+00 1.634816538211781412e+00 1.635667052898560403e+00 1.636775692631345702e+00 1.639907746900629792e+00 1.647717246821800430e+00 1.648500075237917306e+00 1.646393229291942761e+00 1.641051360242260060e+00 1.631372287489054385e+00 1.623668650397752877e+00 1.607261943599666232e+00 1.596266449643792829e+00 1.549274886299263354e+00 1.279626634635291360e+00 4.854689198296285174e-02 1.457183857258211646e+01 2.556880177265508181e+01 3.194568577027733625e+01 2.979810292693768403e+01 1.706519463623711985e+01 3.671028322724485815e-02 1.000000000000000020e+30 1.000000000000000020e+30 1.000000000000000020e+30 1.000000000000000020e+30 1.000000000000000020e+30 1.000000000000000020e+30 1.000000000000000020e+30 1.000000000000000020e+30 1.000000000000000020e+30 1.000000000000000020e+30 1.000000000000000020e+30 1.000000000000000020e+30 1.000000000000000020e+30 1.000000000000000020e+30 1.000000000000000020e+30 1.000000000000000020e+30 1.000000000000000020e+30 1.000000000000000020e+30 1.000000000000000020e+30
1.634486810307977933e+00 1.634486810981006455e+00 1.634486813198166022e+00 1.634486820094181780e+00 1.634486843705112102e+00 1.634486930080160549e+00 1.634487230067166896e+00 1.634488130474845091e+00 1.634490208444096870e+00 1.634493600611863551e+00 1.634495809333472716e+00 1.634479269604528717e+00 1.634424323819509972e+00 1.634275558140633633e+00 1.633964702440842354e+00 1.633936780365278452e+00 1.634509835290511193e+00 1.637121870924665323e+00 1.644654437159232652e+00 1.652652553279791769e+00 1.676473705246077417e+00 1.752132197626206755e+00 1.755390069710078160e+00 1.738854106654059262e+00 1.697556584494779974e+00 1.617502339629965480e+00 1.574464826662246963e+00 1.442456988582261124e+00 1.415405203121419486e+00 1.283904560310743737e+00 1.457387090061757796e-02 6.749090274905127806e+00 1.421371723787129149e+01 2.073906065237551744e+01 2.788718319886777053e+01 2.273945830453033068e+01 7.215003692385475731e-02 1.000000000000000020e+30 1.000000000000000020e+30 1.000000000000000020e+30 1.000000000000000020e+30 1.000000000000000020e+30 1.000000000000000020e+30 1.000000000000000020e+30 1.000000000000000020e+30 1.000000000000000020e+30 1.000000000000000020e+30 1.000000000000000020e+30 1.000000000000000020e+30 1.000000000000000020e+30 1.000000000000000020e+30 1.000000000000000020e+30 1.000000000000000020e+30 1.000000000000000020e+30 1.000000000000000020e+30 1.000000000000000020e+30 1.000000000000000020e+30
1.634486812487346619e+00 1.634486817828003202e+00 1.634486835569585628e+00 1.634486889871759052e+00 1.634487074829516162e+00 1.634487776081041677e+00 1.634490351071168801e+00 1.634498630405547326e+00 1.634518979559657081e+00 1.634556079271762385e+00 1.634604443060980961e+00 1.634518915941106654e+00 1.634233505621593752e+00 1.633396782186794516e+00 1.630964143628788054e+00 1.630737772092693660e+00 1.634308717174680625e+00 1.653166858662029837e+00 1.719045731997324022e+00 1.771422319903799947e+00 1.929936537745299940e+00 2.658695252485870686e+00 2.635957668512010077e+00 2.508473703262427357e+00 2.195736909893483801e+00 1.500041023358951620e+00 1.306272935440728755e+00 5.653344233226370585e-02 6.262000484560725777e-02 5.300303317698643046e-02 1.581807548854417128e-02 2.510312966028172693e-02 4.361965635163104343e-02 7.071936467874943844e-02 2.099036648465622079e+01 2.052352073975339053e+01 6.853007274656547354e-02 1.000000000000000020e+30 1.000000000000000020e+30 1.000000000000000020e+30 1.000000000000000020e+30 1.000000000000000020e+30 1.000000000000000020e+30 1.000000000000000020e+30 1.000000000000000020e+30 1.000000000000000020e+30 1.000000000000000020e+30 1.000000000000000020e+30 1.000000000000000020e+30 1.000000000000000020e+30 1.000000000000000020e+30 1.000000000000000020e+30 1.000000000000000020e+30 1.000000000000000020e+30 1.000000000000000020e+30 1.000000000000000020e+30 1.000000000000000020e+30
1.634486827737239079e+00 1.634486871164757105e+00 1.634487017972001688e+00 1.634487456884369028e+00 1.634488904846454815e+00 1.634494471863152887e+00 1.634515739201267026e+00 1.634588607118539372e+00 1.634776081525073144e+00 1.635132649307306618e+00 1.635755922837639043e+00 1.635315200158520055e+00 1.634001556773061248e+00 1.630108937788018242e+00 1.609987029779381240e+00 1.608170663225246155e+00 1.626275756075476808e+00 1.745105922814881527e+00 2.326159232098938823e+00 2.637785123294995593e+00 3.440950394315421601e+00 1.061524688559799934e+01 9.899376816128253154e+00 8.966009008730651431e+00 6.646948594461707494e+00 6.983304133709114514e-02 1.141619135212949138e-01 2.582216551652446412e+01 3.169670385995145168e+01 2.529034887403404497e+01 1.082778837579715658e-01 6.370483799296565441e-02 6.216695843244222530e+00 5.583700270061821291e-02 2.097103493326609680e+01 2.522134855408054577e+01 1.487232196727442712e+01 3.789655935209358673e-02 1.000000000000000020e+30 1.000000000000000020e+30 1.000000000000000020e+30 1.000000000000000020e+30 1.000000000000000020e+30 1.000000000000000020e+30 1.000000000000000020e+30 1.000000000000000020e+30 1.000000000000000020e+30 1.000000000000000020e+30 1.000000000000000020e+30 1.000000000000000020e+30 1.000000000000000020e+30 1.000000000000000020e+30 1.000000000000000020e+30 1.000000000000000020e+30 1.000000000000000020e+30 1.000000000000000020e+30 1.000000000000000020e+30
1.634486932136085979e+00 1.634487289936496390e+00 1.634488532423991280e+00 1.634492143724115554e+00 1.634503339150859880e+00 1.634545893872580757e+00 1.634711812522616770e+00 1.635320439910713519e+00 1.636955693216126662e+00 1.640034785024758524e+00 1.646839986000251166e+00 1.643997416492279262e+00 1.637998185885247038e+00 1.628096547213987666e+00 1.446995864592739878e+00 1.436844146774441056e+00 1.499673026125564190e+00 2.062550799387131040e+00 7.571465418078193288e+00 9.548777483600634497e+00 1.023530939217100766e+01 9.964080446281320391e+00 7.796886346498753395e-02 8.187172986230878413e-02 1.299686194856930765e-01 3.322845663872208632e+01 4.742992847586921812e+01 6.040435751947210719e+01 6.352205998031347889e+01 5.683104025954152405e+01 4.112007721484017253e+01 2.701557317092566635e+01 1.160693188382460050e+01 6.927410373985122549e-02 2.425446366465947179e+01 3.077361780629699695e+01 2.139592107337081828e+01 4.765093811262280377e-02 1.000000000000000020e+30 1.000000000000000020e+30 1.000000000000000020e+30 1.000000000000000020e+30 1.000000000000000020e+30 1.000000000000000020e+30 1.000000000000000020e+30 1.000000000000000020e+30 1.000000000000000020e+30 1.000000000000000020e+30 1.000000000000000020e+30 1.000000000000000020e+30 1.000000000000000020e+30 1.000000000000000020e+30 1.000000000000000020e+30 1.000000000000000020e+30 1.000000000000000020e+30 1.000000000000000020e+30 1.000000000000000020e+30
1.634487610300445759e+00 1.634490545511648518e+00 1.634501121675078439e+00 1.634531020849079752e+00 1.634615525188359397e+00 1.634924948240950249e+00 1.636122601881590199e+00 1.640912021622301653e+00 1.654573823134311894e+00 1.678407179577241504e+00 1.747905131193425055e+00 1.721614247515314666e+00 1.681692025123841638e+00 1.783480790705769481e+00 2.035745323026127984e-02 5.163911018920406409e-02 6.342046608200928304e-02 6.506941081986472586e-02 7.109567605800805323e-02 7.266651568004278694e-02 7.154308353605789983e-02 1.120717724133106774e-01 3.652353273856376603e+01 5.141146606372968364e+01 6.047906425916466588e+01 7.570775510713399115e+01 8.592540910817548649e+01 9.279925370087757130e+01 9.269159593172103939e+01 8.461498064020830157e+01 6.752262331272633844e+01 4.167732078152326380e+01 9.557918643377162626e-02 1.180178950863210868e-01 3.218904071693545887e+01 3.863497396165824682e+01 2.672067432801316755e+01 5.563239786724522712e-02 1.000000000000000020e+30 1.000000000000000020e+30 1.000000000000000020e+30 1.000000000000000020e+30 1.000000000000000020e+30 1.000000000000000020e+30 1.000000000000000020e+30 1.000000000000000020e+30 1.000000000000000020e+30 1.000000000000000020e+30 1.000000000000000020e+30 1.000000000000000020e+30 1.000000000000000020e+30 1.000000000000000020e+30 1.000000000000000020e+30 1.000000000000000020e+30 1.000000000000000020e+30 1.000000000000000020e+30 1.000000000000000020e+30
1.634491527965101554e+00 1.634515007989677970e+00 1.634603936395920165e+00 1.634850557654324410e+00 1.635468344515379480e+00 1.637604272571023145e+00 1.645394590328418838e+00 1.680643314014315770e+00 1.792486505941152997e+00 1.952007418660048232e+00 2.649345165819341208e+00 2.361894317339602534e+00 1.884199310954480788e+00 4.616873013460097042e+00 9.202432995057555076e-02 2.579090577149983687e+01 3.783997169369874314e+01 4.425506368900857268e+01 5.079473453564040142e+01 5.425961561991146453e+01 5.700062534677849158e+01 7.217689069038829075e+01 9.912217159876750827e+01 1.160262629985763141e+02 1.248374098546206881e+02 1.292147950314031561e+02 1.314429802487350969e+02 1.284950048265420151e+02 1.229318736554190821e+02 1.127506206604990098e+02 9.247179949219092521e+01 6.024508633503547372e+01 2.752654542863638976e-01 3.637419441082636951e+01 5.302245229948690053e+01 5.167189584488217236e+01 3.382219854400162262e+01 6.633501808884730011e-02 1.000000000000000020e+30 1.000000000000000020e+30 1.000000000000000020e+30 1.000000000000000020e+30 1.000000000000000020e+30 1.000000000000000020e+30 1.000000000000000020e+30 1.000000000000000020e+30 1.000000000000000020e+30 1.000000000000000020e+30 1.000000000000000020e+30 1.000000000000000020e+30 1.000000000000000020e+30 1.000000000000000020e+30 1.000000000000000020e+30 1.000000000000000020e+30 1.000000000000000020e+30 1.000000000000000020e+30 1.000000000000000020e+30
1.634508268337325765e+00 1.634687400888328312e+00 1.635414461007069331e+00 1.637431843859010971e+00 1.641790295644937947e+00 1.656078708083613460e+00 1.699728835579900066e+00 1.938599486890710599e+00 2.870217479164598018e+00 3.658823601254947544e+00 1.111810602715739549e+01 8.139749615046280695e+00 5.220665658387752678e-02 8.964475903215575470e-02 3.413959455279443489e+01 6.372221379381831952e+01 8.242853118587007089e+01 9.246212844016342558e+01 1.213232103569011002e+02 1.447642878899790162e+02 1.699815386347041795e+02 2.427485114107774109e+02 2.754919574549944628e+02 2.904575889578635497e+02 2.880268703731359210e+02 2.436579608658281302e+02 2.302446725863070753e+02 2.228941934303012147e+02 2.228088813605791358e+02 1.579008988836262120e+02 1.278159537319312591e+02 1.016358273079420087e+02 7.854068795624733923e+01 8.002994958428347161e+01 7.920395106435420018e+01 6.846755723365036772e+01 4.413532747058297190e+01 1.244315233974379459e-01 1.000000000000000020e+30 1.000000000000000020e+30 1.000000000000000020e+30 1.000000000000000020e+30 1.000000000000000020e+30 1.000000000000000020e+30 1.000000000000000020e+30 1.000000000000000020e+30 1.000000000000000020e+30 1.000000000000000020e+30 1.000000000000000020e+30 1.000000000000000020e+30 1.000000000000000020e+30 1.000000000000000020e+30 1.000000000000000020e+30 1.000000000000000020e+30 1.000000000000000020e+30 1.000000000000000020e+30 1.000000000000000020e+30
1.000000000000000020e+30 1.635780798849158835e+00 1.641487950271576901e+00 1.657907911167905368e+00 1.687415292175292292e+00 1.785787478694193187e+00 1.973722822639220498e+00 3.383702489136953151e+00 1.195444907579692995e+01 1.290748461558761839e+01 1.394020978794983989e+01 7.385644770839371043e-02 2.993378494250323740e+01 4.970493941492829038e+01 7.976190680877772365e+01 1.300532569956397992e+02 1.788035501654438235e+02 4.491021455052817828e+02 2.524481231637059295e+02 2.577278099680692094e+02 1.000000000000000020e+30 4.144358796633867428e+02 4.287959048820925432e+02 4.393727629417505227e+02 4.420349965604799536e+02 1.000000000000000020e+30 1.000000000000000020e+30 1.000000000000000020e+30 3.714990975419256074e+02 2.785203206460684555e+02 1.725996838405401093e+02 1.405419235880630424e+02 1.228612955393045354e+02 1.139143073981224177e+02 1.033417330456115053e+02 8.671132022543667972e+01 6.170102300590878741e+01 2.870324302320535637e+01 5.862290670950756621e-02 1.000000000000000020e+30 1.000000000000000020e+30 1.000000000000000020e+30 1.000000000000000020e+30 1.000000000000000020e+30 1.000000000000000020e+30 1.000000000000000020e+30 1.000000000000000020e+30 1.000000000000000020e+30 1.000000000000000020e+30 1.000000000000000020e+30 1.000000000000000020e+30 1.000000000000000020e+30 1.000000000000000020e+30 1.000000000000000020e+30 1.000000000000000020e+30 1.000000000000000020e+30 1.000000000000000020e+30
1.000000000000000020e+30 1.640287721811777066e+00 1.684071163463607634e+00 1.818774979167292027e+00 2.005051012570339797e+00 2.770003730428495903e+00 3.117480349404846418e+00 8.890724543455037931e+00 1.205550066930776154e+01 5.095099554625116822e-02 5.112713719054114148e-02 6.149256706086782742e+01 9.812346506696722770e+01 1.562854460928427045e+02 4.480553384737666534e+02 2.693736484563872864e+02 2.898798096017168291e+02 1.000000000000000020e+30 1.000000000000000020e+30 1.000000000000000020e+30 1.000000000000000020e+30 1.000000000000000020e+30 1.000000000000000020e+30 1.000000000000000020e+30 1.000000000000000020e+30 1.000000000000000020e+30 1.000000000000000020e+30 1.000000000000000020e+30 4.647335721716407875e+02 4.016875698422761047e+02 2.823075685532459147e+02 1.722280322205619996e+02 1.516695242961588406e+02 1.381501432085833585e+02 1.223261339957873304e+02 1.016644562278586790e+02 7.463414754757829428e+01 4.046738538474333780e+01 7.620243473922437560e-02 1.000000000000000020e+30 1.000000000000000020e+30 1.000000000000000020e+30 1.000000000000000020e+30 1.000000000000000020e+30 1.000000000000000020e+30 1.000000000000000020e+30 1.000000000000000020e+30 1.000000000000000020e+30 1.000000000000000020e+30 1.000000000000000020e+30 1.000000000000000020e+30 1.000000000000000020e+30 1.000000000000000020e+30 1.000000000000000020e+30 1.000000000000000020e+30 1.000000000000000020e+30 1.000000000000000020e+30
1.000000000000000020e+30 1.000000000000000020e+30 1.957293792497603491e+00 3.095614385447897465e+00 4.064399781425437119e+00 1.119952170493800203e+01 8.525437597441335669e+00 5.863576836354156968e-02 5.788273353763018214e-02 6.818282020617651540e+01 1.066998294804242136e+02 1.490522558556492072e+02 1.000000000000000020e+30 1.000000000000000020e+30 1.000000000000000020e+30 1.000000000000000020e+30 1.000000000000000020e+30 1.000000000000000020e+30 1.000000000000000020e+30 1.000000000000000020e+30 1.000000000000000020e+30 1.000000000000000020e+30 1.000000000000000020e+30 1.000000000000000020e+30 1.000000000000000020e+30 1.000000000000000020e+30 1.000000000000000020e+30 1.000000000000000020e+30 1.000000000000000020e+30 1.000000000000000020e+30 2.977864093617632193e+02 2.067822551752107643e+02 1.724660932877477251e+02 1.543445965732326499e+02 1.353512616001715116e+02 1.116796830695834188e+02 8.231813686502592020e+01 4.563161306924106242e+01 8.394301049458151309e-02 1.000000000000000020e+30 1.000000000000000020e+30 1.000000000000000020e+30 1.000000000000000020e+30 1.000000000000000020e+30 1.000000000000000020e+30 1.000000000000000020e+30 1.000000000000000020e+30 1.000000000000000020e+30 1.000000000000000020e+30 1.000000000000000020e+30 1.000000000000000020e+30 1.000000000000000020e+30 1.000000000000000020e+30 1.000000000000000020e+30 1.000000000000000020e+30 1.000000000000000020e+30 1.000000000000000020e+30
1.000000000000000020e+30 1.000000000000000020e+30 3.132477988627988097e+00 1.398217110040570788e+01 1.640696459734988366e+01 1.331546801637106192e+01 8.736807795533454990e-02 3.989240090955520657e+01 1.188088106738798757e+02 1.654378255484216993e+02 1.000000000000000020e+30 1.000000000000000020e+30 1.000000000000000020e+30 1.000000000000000020e+30 1.000000000000000020e+30 1.000000000000000020e+30 1.000000000000000020e+30 1.000000000000000020e+30 1.000000000000000020e+30 1.000000000000000020e+30 1.000000000000000020e+30 1.000000000000000020e+30 1.000000000000000020e+30 1.000000000000000020e+30 1.000000000000000020e+30 1.000000000000000020e+30 1.000000000000000020e+30 1.000000000000000020e+30 1.000000000000000020e+30 1.000000000000000020e+30 1.000000000000000020e+30 2.473634245479982496e+02 1.920655008872220435e+02 1.654242999874980740e+02 1.424050656813393516e+02 1.162407234837097292e+02 8.513934575393697912e+01 4.690526532517230862e+01 8.585000738008967403e-02 1.000000000000000020e+30 1.000000000000000020e+30 1.000000000000000020e+30 1.000000000000000020e+30 1.000000000000000020e+30 1.000000000000000020e+30 1.000000000000000020e+30 1.000000000000000020e+30 1.000000000000000020e+30 1.000000000000000020e+30 1.000000000000000020e+30 1.000000000000000020e+30 1.000000000000000020e+30 1.000000000000000020e+30 1.000000000000000020e+30 1.000000000000000020e+30 1.000000000000000020e+30 1.000000000000000020e+30
1.000000000000000020e+30 1.000000000000000020e+30 1.000000000000000020e+30 1.762143468155925063e+01 1.634840907323295056e+01 8.756056060988619272e-02 6.189583164152770678e+01 1.557924490756533942e+02 2.202472890713161746e+02 1.000000000000000020e+30 1.000000000000000020e+30 1.000000000000000020e+30 1.000000000000000020e+30 1.000000000000000020e+30 1.000000000000000020e+30 1.000000000000000020e+30 1.000000000000000020e+30 1.000000000000000020e+30 1.000000000000000020e+30 1.000000000000000020e+30 1.000000000000000020e+30 1.000000000000000020e+30 1.000000000000000020e+30 1.000000000000000020e+30 1.000000000000000020e+30 1.000000000000000020e+30 1.000000000000000020e+30 1.000000000000000020e+30 1.000000000000000020e+30 1.000000000000000020e+30 1.000000000000000020e+30 1.000000000000000020e+30 2.336618266722586839e+02 1.804463589080216082e+02 1.460468957207943674e+02 1.145733674518709080e+02 8.286430346150461901e+01 4.396722933222137186e+01 8.144146201175582467e-02 1.000000000000000020e+30 1.000000000000000020e+30 1.000000000000000020e+30 1.000000000000000020e+30 1.000000000000000020e+30 1.000000000000000020e+30 1.000000000000000020e+30 1.000000000000000020e+30 1.000000000000000020e+30 1.000000000000000020e+30 1.000000000000000020e+30 1.000000000000000020e+30 1.000000000000000020e+30 1.000000000000000020e+30 1.000000000000000020e+30 1.000000000000000020e+30 1.000000000000000020e+30 1.000000000000000020e+30
1.000000000000000020e+30 1.000000000000000020e+30 1.000000000000000020e+30 3.160082146486865168e-02 7.682179233894702308e-02 1.159641274314671477e+02 2.128395630465666102e+02 2.641163561062893450e+02 1.000000000000000020e+30 1.000000000000000020e+30 1.000000000000000020e+30 1.000000000000000020e+30 1.000000000000000020e+30 1.000000000000000020e+30 1.000000000000000020e+30 1.000000000000000020e+30 1.000000000000000020e+30 1.000000000000000020e+30 1.000000000000000020e+30 1.000000000000000020e+30 1.000000000000000020e+30 1.000000000000000020e+30 1.000000000000000020e+30 1.000000000000000020e+30 1.000000000000000020e+30 1.000000000000000020e+30 1.000000000000000020e+30 1.000000000000000020e+30 1.000000000000000020e+30 1.000000000000000020e+30 1.000000000000000020e+30 1.000000000000000020e+30 1.000000000000000020e+30 2.201150154357222561e+02 1.575661644595366511e+02 1.073928437257577997e+02 7.523820405579057535e+01 3.303287962507564401e+01 6.503284532028655307e-02 1.000000000000000020e+30 1.000000000000000020e+30 1.000000000000000020e+30 1.000000000000000020e+30 1.000000000000000020e+30 1.000000000000000020e+30 1.000000000000000020e+30 1.000000000000000020e+30 1.000000000000000020e+30 1.000000000000000020e+30 1.000000000000000020e+30 1.000000000000000020e+30 1.000000000000000020e+30 1.000000000000000020e+30 1.000000000000000020e+30 1.000000000000000020e+30 1.000000000000000020e+30 1.000000000000000020e+30
1.000000000000000020e+30 1.000000000000000020e+30 1.000000000000000020e+30 1.000000000000000020e+30 3.929566531580965147e+02 3.150940445154677718e+02 3.435474494627389390e+02 1.000000000000000020e+30 1.000000000000000020e+30 1.000000000000000020e+30 1.000000000000000020e+30 1.000000000000000020e+30 1.000000000000000020e+30 1.000000000000000020e+30 1.000000000000000020e+30 1.000000000000000020e+30 1.000000000000000020e+30 1.000000000000000020e+30 1.000000000000000020e+30 1.000000000000000020e+30 1.000000000000000020e+30 1.000000000000000020e+30 1.000000000000000020e+30 1.000000000000000020e+30 1.000000000000000020e+30 1.000000000000000020e+30 1.000000000000000020e+30 1.000000000000000020e+30 1.000000000000000020e+30 1.000000000000000020e+30 1.000000000000000020e+30 1.000000000000000020e+30 1.000000000000000020e+30 1.000000000000000020e+30 1.750291815848063948e+02 1.018341325860593685e+02 6.757273285928084761e+01 1.658206273596266322e-01 1.592353156258871638e-02 1.000000000000000020e+30 1.000000000000000020e+30 1.000000000000000020e+30 1.000000000000000020e+30 1.000000000000000020e+30 1.000000000000000020e+30 1.000000000000000020e+30 1.000000000000000020e+30 1.000000000000000020e+30 1.000000000000000020e+30 1.000000000000000020e+30 1.000000000000000020e+30 1.000000000000000020e+30 1.000000000000000020e+30 1.000000000000000020e+30 1.000000000000000020e+30 1.000000000000000020e+30 1.000000000000000020e+30
1.000000000000000020e+30 1.000000000000000020e+30 1.000000000000000020e+30 1.000000000000000020e+30 6.822846887761758126e+02 1.000000000000000020e+30 1.000000000000000020e+30 1.000000000000000020e+30 1.000000000000000020e+30 1.000000000000000020e+30 1.000000000000000020e+30 1.000000000000000020e+30 1.000000000000000020e+30 1.000000000000000020e+30 1.000000000000000020e+30 1.000000000000000020e+30 1.000000000000000020e+30 1.000000000000000020e+30 1.000000000000000020e+30 1.000000000000000020e+30 1.000000000000000020e+30 1.000000000000000020e+30 1.000000000000000020e+30 1.000000000000000020e+30 1.000000000000000020e+30 1.000000000000000020e+30 1.000000000000000020e+30 1.000000000000000020e+30 1.000000000000000020e+30 1.000000000000000020e+30 1.000000000000000020e+30 1.000000000000000020e+30 1.000000000000000020e+30 1.000000000000000020e+30 1.000000000000000020e+30 1.048584154662034820e+02 8.934105160917705746e+01 1.000000000000000020e+30 1.000000000000000020e+30 1.000000000000000020e+30 1.000000000000000020e+30 1.000000000000000020e+30 1.000000000000000020e+30 1.000000000000000020e+30 1.000000000000000020e+30 1.000000000000000020e+30 1.000000000000000020e+30 1.000000000000000020e+30 1.000000000000000020e+30 1.000000000000000020e+30 1.000000000000000020e+30 1.000000000000000020e+30 1.000000000000000020e+30 1.000000000000000020e+30 1.000000000000000020e+30 1.000000000000000020e+30 1.000000000000000020e+30
