1.000000000000000020e+30 1.000000000000000020e+30 1.000000000000000020e+30 1.000000000000000020e+30 1.000000000000000020e+30 1.000000000000000020e+30 1.000000000000000020e+30 1.000000000000000020e+30 1.000000000000000020e+30 1.000000000000000020e+30 1.000000000000000020e+30 1.000000000000000020e+30 1.000000000000000020e+30 1.000000000000000020e+30 1.000000000000000020e+30 1.000000000000000020e+30 1.000000000000000020e+30 1.000000000000000020e+30 1.000000000000000020e+30 1.000000000000000020e+30 1.000000000000000020e+30 1.000000000000000020e+30 1.000000000000000020e+30 1.000000000000000020e+30 1.000000000000000020e+30 1.000000000000000020e+30 1.000000000000000020e+30 1.000000000000000020e+30 1.000000000000000020e+30 1.000000000000000020e+30 1.000000000000000020e+30 1.000000000000000020e+30 1.000000000000000020e+30 1.000000000000000020e+30 1.000000000000000020e+30 1.000000000000000020e+30 1.000000000000000020e+30 1.000000000000000020e+30 1.000000000000000020e+30 1.000000000000000020e+30 1.000000000000000020e+30 1.000000000000000020e+30 1.000000000000000020e+30 1.000000000000000020e+30 1.000000000000000020e+30 1.000000000000000020e+30 1.000000000000000020e+30 1.000000000000000020e+30 1.000000000000000020e+30 1.000000000000000020e+30 1.000000000000000020e+30 1.000000000000000020e+30 1.000000000000000020e+30 1.000000000000000020e+30 1.000000000000000020e+30 1.000000000000000020e+30 1.000000000000000020e+30
1.000000000000000020e+30 1.000000000000000020e+30 1.000000000000000020e+30 1.000000000000000020e+30 1.000000000000000020e+30 1.000000000000000020e+30 1.000000000000000020e+30 1.000000000000000020e+30 1.000000000000000020e+30 1.000000000000000020e+30 1.000000000000000020e+30 1.000000000000000020e+30 1.000000000000000020e+30 1.000000000000000020e+30 1.000000000000000020e+30 1.000000000000000020e+30 1.000000000000000020e+30 1.000000000000000020e+30 1.000000000000000020e+30 1.000000000000000020e+30 1.000000000000000020e+30 1.000000000000000020e+30 1.000000000000000020e+30 1.000000000000000020e+30 1.000000000000000020e+30 1.000000000000000020e+30 1.000000000000000020e+30 1.089634790414308618e+01 1.089634790414309506e+01 1.089634790414309506e+01 1.089634790414310039e+01 1.089634790414309329e+01 1.089634790414309329e+01 1.089634790414309862e+01 1.089634790414309862e+01 1.089634790414309329e+01 1.089634790414309684e+01 1.089634790414309329e+01 1.089634790414309684e+01 1.089634790414309506e+01 1.089634790414308974e+01 1.089634790414307552e+01 1.089634790414304000e+01 1.000000000000000020e+30 1.000000000000000020e+30 1.000000000000000020e+30 1.000000000000000020e+30 1.000000000000000020e+30 1.000000000000000020e+30 1.000000000000000020e+30 1.000000000000000020e+30 1.000000000000000020e+30 1.000000000000000020e+30 1.000000000000000020e+30 1.000000000000000020e+30 1.000000000000000020e+30 1.000000000000000020e+30
1.000000000000000020e+30 1.000000000000000020e+30 1.000000000000000020e+30 1.000000000000000020e+30 1.000000000000000020e+30 1.000000000000000020e+30 1.000000000000000020e+30 1.000000000000000020e+30 1.000000000000000020e+30 1.000000000000000020e+30 1.000000000000000020e+30 1.000000000000000020e+30 1.000000000000000020e+30 1.000000000000000020e+30 1.000000000000000020e+30 1.000000000000000020e+30 1.000000000000000020e+30 1.000000000000000020e+30 1.000000000000000020e+30 1.000000000000000020e+30 1.000000000000000020e+30 1.000000000000000020e+30 1.000000000000000020e+30 1.000000000000000020e+30 1.089634790414308085e+01 1.089634790414308796e+01 1.089634790414309506e+01 1.089634790414309862e+01 1.089634790414309506e+01 1.089634790414310039e+01 1.089634790414309862e+01 1.089634790414310039e+01 1.089634790414310039e+01 1.089634790414310039e+01 1.089634790414310039e+01 1.089634790414310039e+01 1.089634790414310039e+01 1.089634790414309862e+01 1.089634790414309684e+01 1.089634790414308618e+01 1.089634790414305421e+01 1.089634790414294763e+01 1.089634790414268473e+01 1.089634790414201859e+01 1.089634790414089593e+01 1.089634790413919418e+01 1.089634790413637688e+01 1.089634790413045096e+01 1.000000000000000020e+30 1.000000000000000020e+30 1.000000000000000020e+30 1.000000000000000020e+30 1.000000000000000020e+30 1.000000000000000020e+30 1.000000000000000020e+30 1.000000000000000020e+30 1.000000000000000020e+30
1.000000000000000020e+30 1.000000000000000020e+30 1.000000000000000020e+30 1.000000000000000020e+30 1.000000000000000020e+30 1.000000000000000020e+30 1.000000000000000020e+30 1.000000000000000020e+30 1.000000000000000020e+30 1.000000000000000020e+30 1.000000000000000020e+30 1.000000000000000020e+30 1.000000000000000020e+30 1.000000000000000020e+30 1.000000000000000020e+30 1.000000000000000020e+30 1.000000000000000020e+30 1.000000000000000020e+30 1.000000000000000020e+30 1.000000000000000020e+30 1.000000000000000020e+30 1.089634790414197774e+01 1.089634790414269006e+01 1.089634790414297427e+01 1.089634790414306664e+01 1.089634790414309506e+01 1.089634790414309684e+01 1.089634790414309684e+01 1.089634790414309684e+01 1.089634790414309684e+01 1.089634790414309862e+01 1.089634790414309506e+01 1.089634790414309862e+01 1.089634790414309862e+01 1.089634790414309862e+01 1.089634790414309506e+01 1.089634790414309506e+01 1.089634790414309329e+01 1.089634790414307020e+01 1.089634790414300625e+01 1.089634790414276111e+01 1.089634790414201504e+01 1.089634790413997045e+01 1.089634790413531817e+01 1.089634790412679877e+01 1.089634790411429499e+01 1.089634790409467691e+01 1.089634790404027065e+01 1.089634790386997132e+01 1.000000000000000020e+30 1.000000000000000020e+30 1.000000000000000020e+30 1.000000000000000020e+30 1.000000000000000020e+30 1.000000000000000020e+30 1.000000000000000020e+30 1.000000000000000020e+30
1.000000000000000020e+30 1.000000000000000020e+30 1.000000000000000020e+30 1.000000000000000020e+30 1.000000000000000020e+30 1.000000000000000020e+30 1.000000000000000020e+30 1.000000000000000020e+30 1.000000000000000020e+30 1.000000000000000020e+30 1.000000000000000020e+30 1.000000000000000020e+30 1.000000000000000020e+30 1.000000000000000020e+30 1.000000000000000020e+30 1.000000000000000020e+30 1.000000000000000020e+30 1.000000000000000020e+30 1.089634790392022268e+01 1.089634790405131071e+01 1.089634790411146525e+01 1.089634790413390775e+01 1.089634790414042698e+01 1.089634790414234544e+01 1.089634790414289789e+01 1.089634790414304355e+01 1.089634790414308618e+01 1.089634790414309329e+01 1.089634790414309329e+01 1.089634790414309684e+01 1.089634790414309684e+01 1.089634790414309506e+01 1.089634790414309684e+01 1.089634790414309684e+01 1.089634790414309684e+01 1.089634790414309506e+01 1.089634790414309151e+01 1.089634790414306131e+01 1.089634790414294230e+01 1.089634790414246446e+01 1.089634790414074139e+01 1.089634790413509613e+01 1.089634790411900767e+01 1.089634790408059750e+01 1.089634790400802444e+01 1.089634790390448416e+01 1.089634790376495133e+01 1.089634790338045356e+01 1.089634790187887781e+01 1.089634789672980375e+01 1.000000000000000020e+30 1.000000000000000020e+30 1.000000000000000020e+30 1.000000000000000020e+30 1.000000000000000020e+30 1.000000000000000020e+30 1.000000000000000020e+30
1.000000000000000020e+30 1.000000000000000020e+30 1.000000000000000020e+30 1.000000000000000020e+30 1.000000000000000020e+30 1.000000000000000020e+30 1.000000000000000020e+30 1.000000000000000020e+30 1.000000000000000020e+30 1.000000000000000020e+30 1.000000000000000020e+30 1.000000000000000020e+30 1.000000000000000020e+30 1.000000000000000020e+30 1.000000000000000020e+30 1.000000000000000020e+30 1.089634789367339174e+01 1.089634789905086976e+01 1.089634790230336669e+01 1.089634790351038518e+01 1.089634790393829533e+01 1.089634790408047138e+01 1.089634790412491938e+01 1.089634790413808041e+01 1.089634790414177523e+01 1.089634790414276644e+01 1.089634790414301868e+01 1.089634790414307730e+01 1.089634790414309151e+01 1.089634790414309329e+01 1.089634790414309329e+01 1.089634790414309329e+01 1.089634790414309329e+01 1.089634790414309329e+01 1.089634790414309506e+01 1.089634790414308974e+01 1.089634790414305598e+01 1.089634790414288545e+01 1.089634790414212340e+01 1.089634790413896859e+01 1.089634790412689469e+01 1.089634790408525333e+01 1.089634790395976616e+01 1.089634790364340056e+01 1.089634790301972522e+01 1.089634790213987436e+01 1.089634790115924012e+01 1.089634789875341703e+01 1.089634788844054825e+01 1.089634784215878582e+01 1.089634764630527819e+01 1.089634711224202235e+01 1.000000000000000020e+30 1.000000000000000020e+30 1.000000000000000020e+30 1.000000000000000020e+30 1.000000000000000020e+30
1.000000000000000020e+30 1.000000000000000020e+30 1.000000000000000020e+30 1.000000000000000020e+30 1.000000000000000020e+30 1.000000000000000020e+30 1.000000000000000020e+30 1.000000000000000020e+30 1.000000000000000020e+30 1.000000000000000020e+30 1.000000000000000020e+30 1.000000000000000020e+30 1.000000000000000020e+30 1.000000000000000020e+30 1.000000000000000020e+30 1.089634774184452759e+01 1.089634781849779444e+01 1.089634786722768389e+01 1.089634789046706587e+01 1.089634789953047189e+01 1.089634790268545395e+01 1.089634790370725526e+01 1.089634790401949793e+01 1.089634790410979726e+01 1.089634790413454368e+01 1.089634790414099186e+01 1.089634790414259413e+01 1.089634790414298138e+01 1.089634790414307375e+01 1.089634790414309151e+01 1.089634790414309506e+01 1.089634790414309329e+01 1.089634790414309329e+01 1.089634790414309151e+01 1.089634790414308974e+01 1.089634790414305243e+01 1.089634790414284637e+01 1.089634790414184984e+01 1.089634790413719756e+01 1.089634790411684762e+01 1.089634790403455433e+01 1.089634790373365547e+01 1.089634790276912213e+01 1.089634790018217814e+01 1.089634789479838872e+01 1.089634788712122138e+01 1.089634788008627275e+01 1.089634786610219130e+01 1.089634780628741773e+01 1.089634752393052786e+01 1.089634626559063157e+01 1.089634129875396695e+01 1.089632572733918359e+01 1.000000000000000020e+30 1.000000000000000020e+30 1.000000000000000020e+30 1.000000000000000020e+30
1.000000000000000020e+30 1.000000000000000020e+30 1.000000000000000020e+30 1.000000000000000020e+30 1.000000000000000020e+30 1.000000000000000020e+30 1.000000000000000020e+30 1.000000000000000020e+30 1.000000000000000020e+30 1.000000000000000020e+30 1.000000000000000020e+30 1.000000000000000020e+30 1.000000000000000020e+30 1.000000000000000020e+30 1.089634606392990435e+01 1.089634658315093141e+01 1.089634720026846715e+01 1.089634761479140046e+01 1.089634780163313366e+01 1.089634787070815847e+01 1.089634789384816571e+01 1.089634790113793272e+01 1.089634790331201231e+01 1.089634790392507213e+01 1.089634790408858755e+01 1.089634790413000509e+01 1.089634790414004684e+01 1.089634790414240051e+01 1.089634790414294230e+01 1.089634790414305954e+01 1.089634790414308796e+01 1.089634790414309506e+01 1.089634790414309506e+01 1.089634790414308796e+01 1.089634790414305243e+01 1.089634790414284460e+01 1.089634790414174148e+01 1.089634790413611931e+01 1.089634790410863019e+01 1.089634790398166153e+01 1.089634790343717796e+01 1.089634790131604625e+01 1.089634789404103898e+01 1.089634787311164033e+01 1.089634782657217471e+01 1.089634775798022304e+01 1.089634770558251553e+01 1.089634762567452775e+01 1.089634729430388482e+01 1.089634564692493512e+01 1.089633766947359916e+01 1.089630204961421001e+01 1.089616224912891873e+01 1.089572925078260468e+01 1.000000000000000020e+30 1.000000000000000020e+30 1.000000000000000020e+30
1.000000000000000020e+30 1.000000000000000020e+30 1.000000000000000020e+30 1.000000000000000020e+30 1.000000000000000020e+30 1.000000000000000020e+30 1.000000000000000020e+30 1.000000000000000020e+30 1.000000000000000020e+30 1.000000000000000020e+30 1.000000000000000020e+30 1.000000000000000020e+30 1.000000000000000020e+30 1.089632994959443302e+01 1.089633327387834250e+01 1.089633651748934540e+01 1.089634209173738988e+01 1.089634566098755641e+01 1.089634714716286368e+01 1.089634766492098272e+01 1.089634783222820147e+01 1.089634788364987728e+01 1.089634789862497577e+01 1.089634790273637321e+01 1.089634790380131157e+01 1.089634790406312881e+01 1.089634790412485366e+01 1.089634790413898102e+01 1.089634790414216781e+01 1.089634790414288545e+01 1.089634790414304710e+01 1.089634790414308618e+01 1.089634790414308618e+01 1.089634790414305421e+01 1.089634790414286236e+01 1.089634790414180898e+01 1.089634790413611398e+01 1.089634790410576670e+01 1.089634790394975639e+01 1.089634790318775082e+01 1.089634789971033157e+01 1.089634788520531750e+01 1.089634783162022202e+01 1.089634766477410821e+01 1.089634726325129677e+01 1.089634663817681748e+01 1.089634623479642705e+01 1.089634578019683708e+01 1.089634403267371887e+01 1.089633505154969306e+01 1.089628847750504193e+01 1.089606112689434347e+01 1.089505141784069231e+01 1.089113624070705200e+01 1.087944638120270469e+01 1.000000000000000020e+30 1.000000000000000020e+30
1.000000000000000020e+30 1.000000000000000020e+30 1.000000000000000020e+30 1.000000000000000020e+30 1.000000000000000020e+30 1.000000000000000020e+30 1.000000000000000020e+30 1.000000000000000020e+30 1.000000000000000020e+30 1.000000000000000020e+30 1.000000000000000020e+30 1.000000000000000020e+30 1.089615620988995914e+01 1.089620679536933601e+01 1.089622290279957717e+01 1.089624809347547263e+01 1.089630022096712203e+01 1.089633083430365090e+01 1.089634241443168960e+01 1.089634621475761200e+01 1.089634740706013005e+01 1.089634776598684240e+01 1.089634786801410904e+01 1.089634789521597469e+01 1.089634790203858294e+01 1.089634790366322825e+01 1.089634790403555797e+01 1.089634790411904497e+01 1.089634790413765941e+01 1.089634790414184806e+01 1.089634790414280374e+01 1.089634790414301868e+01 1.089634790414303289e+01 1.089634790414286947e+01 1.089634790414193688e+01 1.089634790413685828e+01 1.089634790410859999e+01 1.089634790395219888e+01 1.089634790310797108e+01 1.089634789874025955e+01 1.089634787745931277e+01 1.089634778192273146e+01 1.089634739897278770e+01 1.089634609529029063e+01 1.089634265051286022e+01 1.089633685445464018e+01 1.089633368350696152e+01 1.089633106525586470e+01 1.089632219209786435e+01 1.089627635540994177e+01 1.089602367961145823e+01 1.089468597027732777e+01 1.088810996431874933e+01 1.085818151695982969e+01 1.074230828720509123e+01 1.000000000000000020e+30 1.000000000000000020e+30
1.000000000000000020e+30 1.000000000000000020e+30 1.000000000000000020e+30 1.000000000000000020e+30 1.000000000000000020e+30 1.000000000000000020e+30 1.000000000000000020e+30 1.000000000000000020e+30 1.000000000000000020e+30 1.000000000000000020e+30 1.000000000000000020e+30 1.089332824036327629e+01 1.089482144237145000e+01 1.089517167247309004e+01 1.089526454970951619e+01 1.089546215143445984e+01 1.089596122809846079e+01 1.089622117913234156e+01 1.089630885751985367e+01 1.089633610949539744e+01 1.089634450133863552e+01 1.089634698417884984e+01 1.089634767136852922e+01 1.089634784856066396e+01 1.089634789144366955e+01 1.089634790131654185e+01 1.089634790351817983e+01 1.089634790400356046e+01 1.089634790411131604e+01 1.089634790413568410e+01 1.089634790414131160e+01 1.089634790414259236e+01 1.089634790414270604e+01 1.089634790414186583e+01 1.089634790413738230e+01 1.089634790411343523e+01 1.089634790397925990e+01 1.089634790321380642e+01 1.089634789888878430e+01 1.089634787518711967e+01 1.089634775157185764e+01 1.089634715124790887e+01 1.089634451918724700e+01 1.089633460666611420e+01 1.089630534909141524e+01 1.089625066468057923e+01 1.089622564602657206e+01 1.089621021695490377e+01 1.089616577825281496e+01 1.089594722401680471e+01 1.089467727812311892e+01 1.088734885772434602e+01 1.084720551602029737e+01 1.062070616989777605e+01 9.143777591070058719e+00 4.305827906274680567e-02 1.000000000000000020e+30
1.000000000000000020e+30 1.000000000000000020e+30 1.000000000000000020e+30 1.000000000000000020e+30 1.000000000000000020e+30 1.000000000000000020e+30 1.000000000000000020e+30 1.000000000000000020e+30 1.000000000000000020e+30 1.000000000000000020e+30 1.079786828662018294e+01 1.087110167665836968e+01 1.088420894324644550e+01 1.088632480348396925e+01 1.088675790732014370e+01 1.088826138034183622e+01 1.089325485436995322e+01 1.089543667783238945e+01 1.089607518399888342e+01 1.089626621082816982e+01 1.089632481753525184e+01 1.089634186482058631e+01 1.089634643288455251e+01 1.089634756566463381e+01 1.089634782919601896e+01 1.089634788779737562e+01 1.089634790055090185e+01 1.089634790333544245e+01 1.089634790395646569e+01 1.089634790409881937e+01 1.089634790413220777e+01 1.089634790413994558e+01 1.089634790414071475e+01 1.089634790413626853e+01 1.089634790411415288e+01 1.089634790400250886e+01 1.089634790338883441e+01 1.089634789983967700e+01 1.089634787901748147e+01 1.089634775850755588e+01 1.089634708524766538e+01 1.089634353290560398e+01 1.089632635107418501e+01 1.089625376703325976e+01 1.089600912670408661e+01 1.089548138572940772e+01 1.089528728306152061e+01 1.089519479851353978e+01 1.089496404951039921e+01 1.089399014925578690e+01 1.088814129403947639e+01 1.085030981350301360e+01 1.061735562145704037e+01 9.165972048687725859e+00 7.026000465585825749e-02 9.006269008408043675e+00 1.000000000000000020e+30
1.000000000000000020e+30 1.000000000000000020e+30 1.000000000000000020e+30 1.000000000000000020e+30 1.000000000000000020e+30 1.000000000000000020e+30 1.000000000000000020e+30 1.000000000000000020e+30 1.000000000000000020e+30 3.075868502218518860e-02 9.881517697005490319e+00 1.072053641119123668e+01 1.079554029769177070e+01 1.080455897826640310e+01 1.080568177558901510e+01 1.081645284876519320e+01 1.087177201879486610e+01 1.089004622343781925e+01 1.089446225324363127e+01 1.089578323813107374e+01 1.089619271698270353e+01 1.089630895864447879e+01 1.089633882109838936e+01 1.089634589548547439e+01 1.089634747223081490e+01 1.089634781115451290e+01 1.089634788360460682e+01 1.089634789944649995e+01 1.089634790303602507e+01 1.089634790387568586e+01 1.089634790407611575e+01 1.089634790412319276e+01 1.089634790412804044e+01 1.089634790410279841e+01 1.089634790398749686e+01 1.089634790345631288e+01 1.089634790070550174e+01 1.089634788504906027e+01 1.089634779132969200e+01 1.089634722367113184e+01 1.089634383859829647e+01 1.089632439943049924e+01 1.089621982122255339e+01 1.089571581294340952e+01 1.089371334137231351e+01 1.088839407700105255e+01 1.088694997218559557e+01 1.088640455562949150e+01 1.088507370229744708e+01 1.088095428570863810e+01 1.085689803248509122e+01 1.066108635669643157e+01 9.123663642875612823e+00 7.036065494580594215e-02 9.161584618490120846e+00 1.058414415271532683e+01 1.000000000000000020e+30
1.000000000000000020e+30 1.000000000000000020e+30 1.000000000000000020e+30 1.000000000000000020e+30 1.000000000000000020e+30 1.000000000000000020e+30 1.000000000000000020e+30 1.000000000000000020e+30 9.859963340702671886e+00 5.774799160923903968e-02 9.037861741261398407e+00 9.807187864753103668e+00 9.897839346873977817e+00 9.916422283390994963e+00 9.914141883083740225e+00 9.978119820751391700e+00 1.069656300922539671e+01 1.085442711970946661e+01 1.088307925787010255e+01 1.089241607456754579e+01 1.089531696839601871e+01 1.089610266238045178e+01 1.089629343727252220e+01 1.089633633161482251e+01 1.089634547365989015e+01 1.089634738106076561e+01 1.089634778634317591e+01 1.089634787649927361e+01 1.089634789748493127e+01 1.089634790250903329e+01 1.089634790372683604e+01 1.089634790401597009e+01 1.089634790404508813e+01 1.089634790389071206e+01 1.089634790323933267e+01 1.089634790055117186e+01 1.089634788801047804e+01 1.089634782102771915e+01 1.089634742548972746e+01 1.089634496969660837e+01 1.089632953991458741e+01 1.089623362891111036e+01 1.089565670634907590e+01 1.089241463006239385e+01 1.087638593742327586e+01 1.081722748291936931e+01 1.080729726576051775e+01 1.080437741172017141e+01 1.079583294580227815e+01 1.077866831834140804e+01 1.070578411568807553e+01 9.809377328271258634e+00 5.763184801444462546e-02 9.064166034754720158e+00 1.060575382683763479e+01 1.083747795588395313e+01 1.000000000000000020e+30
1.000000000000000020e+30 1.000000000000000020e+30 1.000000000000000020e+30 1.000000000000000020e+30 1.000000000000000020e+30 1.000000000000000020e+30 1.000000000000000020e+30 1.087258045265791750e+01 1.067670925627025191e+01 9.165681226010281790e+00 5.792203770672708224e-02 4.535245299223954890e-02 4.552127131060099835e-02 4.556854339149059990e-02 4.548383791067919096e-02 5.823206219934935757e-02 9.218177913298315929e+00 1.062263414920488813e+01 1.079368566489848291e+01 1.086827149655274027e+01 1.088961048458612524e+01 1.089485223048832019e+01 1.089603262486110502e+01 1.089628336138785336e+01 1.089633450613274412e+01 1.089634496584949197e+01 1.089634721887401447e+01 1.089634773843019389e+01 1.089634786350760720e+01 1.089634789405491233e+01 1.089634790153118260e+01 1.089634790332122094e+01 1.089634790349225746e+01 1.089634790249303897e+01 1.089634789850282814e+01 1.089634788355237305e+01 1.089634782220666231e+01 1.089634753145801405e+01 1.089634592884647901e+01 1.089633612537957674e+01 1.089627324490665039e+01 1.089586038527821188e+01 1.089310221436145198e+01 1.087450272657730999e+01 1.074853005231486591e+01 9.980957645482144258e+00 9.924667993837131164e+00 9.913409311849415317e+00 9.866167747280288225e+00 9.798299793321501028e+00 9.792813456257261961e+00 9.056333193377051671e+00 5.781826442102493829e-02 9.881541394992243710e+00 1.078810165488339656e+01 1.087946447587352061e+01 1.000000000000000020e+30
1.000000000000000020e+30 1.000000000000000020e+30 1.000000000000000020e+30 1.000000000000000020e+30 1.000000000000000020e+30 1.000000000000000020e+30 1.089565937933198292e+01 1.089053399161673497e+01 1.085832888103727711e+01 1.068544672890136127e+01 9.952786515528746492e+00 9.885571966163423596e+00 9.904862034873197274e+00 9.911561853586526638e+00 9.850720702747691959e+00 9.154505872012652645e+00 7.057297558739854260e-02 9.113406151750471196e+00 9.906591765986661358e+00 1.068344539319092412e+01 1.085309292204286002e+01 1.088757970057979740e+01 1.089459422276520328e+01 1.089599946440942624e+01 1.089627489207316202e+01 1.089633116798473367e+01 1.089634381636491689e+01 1.089634689008436297e+01 1.089634765315693343e+01 1.089634784141725810e+01 1.089634788760901785e+01 1.089634789876629739e+01 1.089634789977071705e+01 1.089634789308596652e+01 1.089634786712472803e+01 1.089634777567720469e+01 1.089634743956170659e+01 1.089634606916277448e+01 1.089633946385698593e+01 1.089630181305035528e+01 1.089606845375616295e+01 1.089455609675428960e+01 1.088393082971540338e+01 1.079733554013429320e+01 9.910412611512239067e+00 4.567302716033743576e-02 4.444885461687242412e-02 4.547360292648597313e-02 4.537352746680838739e-02 4.504170560600572609e-02 4.413124049335311050e-02 4.318145540818154465e-02 9.137029724824854426e+00 1.067313993351433510e+01 1.086622350635933287e+01 1.089140945239852520e+01 1.000000000000000020e+30
1.000000000000000020e+30 1.000000000000000020e+30 1.000000000000000020e+30 1.000000000000000020e+30 1.000000000000000020e+30 1.089627289114458897e+01 1.089615357920029304e+01 1.089520435745672877e+01 1.089030316500523199e+01 1.087017223878835814e+01 1.081230411807083414e+01 1.080109687913577154e+01 1.080315369267156633e+01 1.080271896822240052e+01 1.078308315807572271e+01 1.062078015142053289e+01 9.169964631108996400e+00 5.790419708098655527e-02 5.801041046014519115e-02 9.175944870535669651e+00 1.062015206219676067e+01 1.084673249088929659e+01 1.088694369420453256e+01 1.089451657069363044e+01 1.089594733775847857e+01 1.089624939735651665e+01 1.089632273483893776e+01 1.089634159188473639e+01 1.089634634437100225e+01 1.089634751267551316e+01 1.089634779849406598e+01 1.089634786851893899e+01 1.089634787458915532e+01 1.089634782924114376e+01 1.089634765444345099e+01 1.089634705602722065e+01 1.089634499394869138e+01 1.089633760799980422e+01 1.089630776700387393e+01 1.089615570685555390e+01 1.089527177917258882e+01 1.089015385183417628e+01 1.085974372376479202e+01 1.065773011071793874e+01 9.074518215414240530e+00 5.554490951803157939e-02 9.141634301828139186e+00 9.851297068216213759e+00 9.855926661095400831e+00 9.744627929139641154e+00 9.087066366446087784e+00 5.917460396912570253e-02 9.903012705751008227e+00 1.079753072799348068e+01 1.088453472484362194e+01 1.089458664963642676e+01 1.000000000000000020e+30
1.000000000000000020e+30 1.000000000000000020e+30 1.000000000000000020e+30 1.000000000000000020e+30 1.000000000000000020e+30 1.089589127392905077e+01 1.089617938638718186e+01 1.089612056349929325e+01 1.089544163261790821e+01 1.089304940873456928e+01 1.088775846998876418e+01 1.088622518765302516e+01 1.088627527078985224e+01 1.088582316644071746e+01 1.088125319323265217e+01 1.085197751794824583e+01 1.067645168168247416e+01 9.865945933708253790e+00 9.111536406744635386e+00 7.037925272979032865e-02 9.131990329352500879e+00 1.061408250540888432e+01 1.084652181244912761e+01 1.088683258994323388e+01 1.089406761922014866e+01 1.089573870804994016e+01 1.089618827097815057e+01 1.089630831255622567e+01 1.089633822104712024e+01 1.089634545661924570e+01 1.089634722084393736e+01 1.089634766473161243e+01 1.089634770379946715e+01 1.089634739549858189e+01 1.089634620070312820e+01 1.089634214578694582e+01 1.089632846924277665e+01 1.089628294029454914e+01 1.089613050068840572e+01 1.089545733180243126e+01 1.089146479974207615e+01 1.086819712844922670e+01 1.073416829735399070e+01 9.863310104913070475e+00 6.874476737870585663e-02 8.310665166210178256e+00 1.048850285729192144e+01 1.076542899925273744e+01 1.079009977421942246e+01 1.077153105947759215e+01 1.067646769242803195e+01 1.001951655742966629e+01 1.074908714196154769e+01 1.087448104293892115e+01 1.089315099156660871e+01 1.089582462966253118e+01 1.000000000000000020e+30
1.000000000000000020e+30 1.000000000000000020e+30 1.000000000000000020e+30 1.000000000000000020e+30 1.088138582312573632e+01 1.089214335452477656e+01 1.089542612287223022e+01 1.089613787395774835e+01 1.089618614385577722e+01 1.089592875096246694e+01 1.089540343095985442e+01 1.089520769497302588e+01 1.089518267948960251e+01 1.089505145198324065e+01 1.089414692527941497e+01 1.088928312505396612e+01 1.086668238727746605e+01 1.078602695061270467e+01 1.060860308674560315e+01 9.130913384667534771e+00 7.034514580155651342e-02 9.136887320763982245e+00 1.061868477806315703e+01 1.084603298715698116e+01 1.088223413111130711e+01 1.089235610312093527e+01 1.089531676247596081e+01 1.089610108777644903e+01 1.089628820806544240e+01 1.089633255443275317e+01 1.089634340811604574e+01 1.089634626967682607e+01 1.089634654474995656e+01 1.089634445724290757e+01 1.089633625025178176e+01 1.089630846212039117e+01 1.089621416657599973e+01 1.089590129253773121e+01 1.089501772422500103e+01 1.089208404824741905e+01 1.087306584772892393e+01 1.074398689271365015e+01 9.951559437467761171e+00 9.712818087579755399e+00 8.229988693981137970e+00 6.922391924521820172e-02 1.001248233677791966e+01 1.081415685456768117e+01 1.087810458498592858e+01 1.088088210676147938e+01 1.086959748806127557e+01 1.082466312477153636e+01 1.087701250176431067e+01 1.089247361758541111e+01 1.089566884774527722e+01 1.089622226916466552e+01 1.000000000000000020e+30
1.000000000000000020e+30 1.000000000000000020e+30 1.000000000000000020e+30 1.000000000000000020e+30 1.075650123606839514e+01 1.086647757455993002e+01 1.089102283852081321e+01 1.089541507646718266e+01 1.089615573925286363e+01 1.089625471542453283e+01 1.089622551589511801e+01 1.089621034183729620e+01 1.089620688760937384e+01 1.089617998284384015e+01 1.089601843758013544e+01 1.089524552563801052e+01 1.089208354956917368e+01 1.088133801726491079e+01 1.084506525609235794e+01 1.061382602775565154e+01 9.136883390733443022e+00 7.046009295879149259e-02 9.163649763225542699e+00 1.061214449086803135e+01 1.079333995259207235e+01 1.086850549842941938e+01 1.088967327270117380e+01 1.089484146075380266e+01 1.089598269777665429e+01 1.089625078845791251e+01 1.089631761011535716e+01 1.089633656418726915e+01 1.089633868547909223e+01 1.089632465734793065e+01 1.089626816521352382e+01 1.089607810301332513e+01 1.089542454235537505e+01 1.089308354655492117e+01 1.088685320691267400e+01 1.087533950580110265e+01 1.078853455298336961e+01 9.904035080590489315e+00 4.561788270442232451e-02 4.416629097779537633e-02 5.668157502565447647e-02 9.192948714011420108e+00 1.069536731431667498e+01 1.087127591849101194e+01 1.089209645536090676e+01 1.089418158351468335e+01 1.089305273381924266e+01 1.088961770193474088e+01 1.089391203037461509e+01 1.089579870161055197e+01 1.089625550133420262e+01 1.089633415452192367e+01 1.000000000000000020e+30
1.000000000000000020e+30 1.000000000000000020e+30 1.000000000000000020e+30 2.975597964415565427e-02 9.225257663980245937e+00 1.069338641880335317e+01 1.086952543667830895e+01 1.089205269095650408e+01 1.089548294066653433e+01 1.089608665645329744e+01 1.089621263468476897e+01 1.089627893769660005e+01 1.089630887180533847e+01 1.089631784873372489e+01 1.089629591820907706e+01 1.089617645495136422e+01 1.089570188190805311e+01 1.089396710703836035e+01 1.088672899030042807e+01 1.084651458448773553e+01 1.061889939798942528e+01 9.164560765135142617e+00 7.044389701025856321e-02 9.099342089049212490e+00 9.911561677758850664e+00 1.068587168580812374e+01 1.085351357276680417e+01 1.088745208450265167e+01 1.089410576386072904e+01 1.089572192181710442e+01 1.089613755219995994e+01 1.089626807111771889e+01 1.089628551062329009e+01 1.089619227454203454e+01 1.089580116119312159e+01 1.089450381381171873e+01 1.089009142840985511e+01 1.087141812380317596e+01 1.081321744309672184e+01 1.077829240144174783e+01 1.057696306345090953e+01 9.058178128549986496e+00 5.652225436949723236e-02 9.150363149011420560e+00 9.894194185536896669e+00 1.068387076650615874e+01 1.085995905779125792e+01 1.089053825271633080e+01 1.089535871843719939e+01 1.089601081205232269e+01 1.089595061804469189e+01 1.089571202675420913e+01 1.089625997209664732e+01 1.089684901570251085e+01 1.089660243828030239e+01 1.089643296385152915e+01 1.000000000000000020e+30
1.000000000000000020e+30 1.000000000000000020e+30 1.000000000000000020e+30 1.603753129779694059e-02 4.449763205059514143e-02 9.920206213039605814e+00 1.079490609445884353e+01 1.087792993896550087e+01 1.089181030584943244e+01 1.089464660984665834e+01 1.089535222870603981e+01 1.089592324062194706e+01 1.089617130880377971e+01 1.089628609995149233e+01 1.089632411676370793e+01 1.089631726553412783e+01 1.089624395801125090e+01 1.089593677382795178e+01 1.089451227795016841e+01 1.088701216609810452e+01 1.084744488166422727e+01 1.062201379953714486e+01 9.156043687536582709e+00 5.787731450146791495e-02 5.805796560602516365e-02 9.186709333672300914e+00 1.062173380512322396e+01 1.084541788726178524e+01 1.088200781155822305e+01 1.089218763653834010e+01 1.089483342742858518e+01 1.089577960229079245e+01 1.089592677827154610e+01 1.089531782190325515e+01 1.089256321326192278e+01 1.088345061028417327e+01 1.085520842636882222e+01 1.069611263778480925e+01 9.971725087130783649e+00 9.840274908728295244e+00 8.977916755849664199e+00 5.618504310970300064e-02 8.983831983705515611e+00 1.057739066616133350e+01 1.077791867827174421e+01 1.086421299042377875e+01 1.088931718913884872e+01 1.089500590317033613e+01 1.089612268553943331e+01 1.089629715286825373e+01 1.089635189215700528e+01 1.089660148673957707e+01 1.089796381566288908e+01 1.090213401457254960e+01 1.089857565159484842e+01 1.089692975426168253e+01 1.000000000000000020e+30
1.000000000000000020e+30 1.000000000000000020e+30 1.000000000000000020e+30 1.599485982551216573e-02 2.965678116179255516e-02 9.156826311926236528e+00 1.061932031004243981e+01 1.079462685890556628e+01 1.086768906185901251e+01 1.088371564380953593e+01 1.088777722239601609e+01 1.089303007987427030e+01 1.089498298710930868e+01 1.089591836925775681e+01 1.089623854526157132e+01 1.089632020867638396e+01 1.089632607464160152e+01 1.089627304847471834e+01 1.089599942964193247e+01 1.089460073266924667e+01 1.088758173508306726e+01 1.085241560430576691e+01 1.067535644673669992e+01 9.872591592169703389e+00 9.122986729431024955e+00 7.041868253323305127e-02 9.132375087205353736e+00 1.060301988186914990e+01 1.079173889876531156e+01 1.086740858686577837e+01 1.088487624133705722e+01 1.089227043499886172e+01 1.089350681416467737e+01 1.088964467134710823e+01 1.086941554385365905e+01 1.079647173173622932e+01 1.063009821834222990e+01 9.218976340041379558e+00 5.827274129801113950e-02 4.547762853488161727e-02 4.384745271400759814e-02 1.000000000000000020e+30 1.000000000000000020e+30 1.000000000000000020e+30 1.000000000000000020e+30 1.000000000000000020e+30 1.000000000000000020e+30 1.000000000000000020e+30 1.089632385597204411e+01 1.089636462886312529e+01 1.089658448112439793e+01 1.089807225453511386e+01 1.090781177571641081e+01 1.095622077705132646e+01 1.091372860914733600e+01 1.089967198559692640e+01 1.000000000000000020e+30
1.000000000000000020e+30 1.000000000000000020e+30 1.597432294831350325e-02 1.597444452915817992e-02 1.603543221086661114e-02 4.325396667149656454e-02 9.156717860669026265e+00 9.919039941585360509e+00 1.068103600617531157e+01 1.079160983765846282e+01 1.081459171663684415e+01 1.087032845822305838e+01 1.088545800808196340e+01 1.089327594513381037e+01 1.089566075156679936e+01 1.089621423133794131e+01 1.089632152598799131e+01 1.089633054569025816e+01 1.089628260562140838e+01 1.089603099937966846e+01 1.089483034897391889e+01 1.088938553564198308e+01 1.086669096567768200e+01 1.078715291222631656e+01 1.061055252032677210e+01 9.132226371419768896e+00 7.022910567256980541e-02 9.069221541282921351e+00 9.906568137100714821e+00 1.067982549320122310e+01 1.080016745800936562e+01 1.086671607526316130e+01 1.087692347628000888e+01 1.085352398150706676e+01 1.069156467484405759e+01 9.921618398025819019e+00 9.162152701405350541e+00 7.089388139934456323e-02 9.187615021269515125e+00 9.914902642922500675e+00 9.737675845008402220e+00 1.000000000000000020e+30 1.000000000000000020e+30 1.000000000000000020e+30 1.000000000000000020e+30 1.000000000000000020e+30 1.000000000000000020e+30 1.000000000000000020e+30 1.000000000000000020e+30 1.000000000000000020e+30 1.089713169966731598e+01 1.090296916291790907e+01 1.096045802883690534e+01 1.159193616372821367e+01 1.102390771638085276e+01 1.091083260266186095e+01 1.000000000000000020e+30
1.000000000000000020e+30 1.000000000000000020e+30 1.597432276721132485e-02 1.597432321947454131e-02 1.597450503605916255e-02 1.603543175565229004e-02 2.965647228318799705e-02 4.439649557269323421e-02 9.157654260176355976e+00 9.866573948422843188e+00 9.972827132841029396e+00 1.068720688657555762e+01 1.080230742346326878e+01 1.087475124306343766e+01 1.089228359716723560e+01 1.089566109461056875e+01 1.089623931746684704e+01 1.089632926589669459e+01 1.089633389091838467e+01 1.089629224680587427e+01 1.089609533951465714e+01 1.089526407011259224e+01 1.089209950683875761e+01 1.088147218789305448e+01 1.084519041436762166e+01 1.061265836765472592e+01 9.125996358184707447e+00 5.779426823409476027e-02 5.804850580695592593e-02 9.156856603951240459e+00 9.919152909519199923e+00 1.067222383856308809e+01 1.075534068461035631e+01 1.062353404691762826e+01 9.217960851146820289e+00 5.830941856899172354e-02 5.873569737281499753e-02 9.303219171542476573e+00 1.091437352847194475e+01 1.163493655455931908e+01 1.000000000000000020e+30 1.000000000000000020e+30 1.000000000000000020e+30 1.000000000000000020e+30 1.000000000000000020e+30 1.000000000000000020e+30 1.000000000000000020e+30 1.000000000000000020e+30 1.000000000000000020e+30 1.000000000000000020e+30 1.000000000000000020e+30 1.000000000000000020e+30 1.000000000000000020e+30 2.136047323466894809e+01 1.171736070521374273e+01 1.000000000000000020e+30 1.000000000000000020e+30
1.000000000000000020e+30 1.597432276626346848e-02 1.597432276626693445e-02 1.597432276761381192e-02 1.597432321940350439e-02 1.597444448138765974e-02 1.599482817228773182e-02 1.603711375611727510e-02 2.963745594426169666e-02 3.072077994216781266e-02 4.448523197275591062e-02 9.163160032581078696e+00 9.925852260096483803e+00 1.074567411203165612e+01 1.087475563434131054e+01 1.089327883234560446e+01 1.089591979678341005e+01 1.089628900472721718e+01 1.089633801411483027e+01 1.089633751426942077e+01 1.089630691869145096e+01 1.089618038047351867e+01 1.089570957289983610e+01 1.089402449452466648e+01 1.088716950031115260e+01 1.085095896515574232e+01 1.067137572809213708e+01 9.877060855069633050e+00 9.150578844045719862e+00 5.804189790574928315e-02 5.798055710563754933e-02 9.117670005434518998e+00 9.710026223248437560e+00 9.138004886878603017e+00 7.101098564936451918e-02 9.249939638974478129e+00 1.021348044615255191e+01 1.132860255882280676e+01 1.323490091792797507e+01 2.175639082684899961e+01 1.000000000000000020e+30 1.000000000000000020e+30 1.000000000000000020e+30 1.000000000000000020e+30 1.000000000000000020e+30 1.000000000000000020e+30 1.000000000000000020e+30 1.000000000000000020e+30 1.000000000000000020e+30 1.000000000000000020e+30 1.000000000000000020e+30 1.000000000000000020e+30 1.000000000000000020e+30 1.000000000000000020e+30 1.000000000000000020e+30 1.000000000000000020e+30 1.000000000000000020e+30
1.000000000000000020e+30 1.597432276626348235e-02 1.597432276626351358e-02 1.597432276626702813e-02 1.597432276727723741e-02 1.597432299356102425e-02 1.597435353183271345e-02 1.597444686650562398e-02 1.599473911623568514e-02 1.599642381501793775e-02 1.603729153960725684e-02 2.966770696677103331e-02 4.555654559427073369e-02 9.925860304308811166e+00 1.080235147478963142e+01 1.088548265742690013e+01 1.089499165104366085e+01 1.089617555400412563e+01 1.089632569455100786e+01 1.089634360486883757e+01 1.089634107565994903e+01 1.089632193394029436e+01 1.089624873354469514e+01 1.089596833026035405e+01 1.089477339859264049e+01 1.088925861932268546e+01 1.086689665947626793e+01 1.079382164571432590e+01 1.067815825579861944e+01 9.907281607905259690e+00 9.131227030625856500e+00 5.657140028839247048e-02 3.049801970880576876e-02 5.610974233778283360e-02 9.345413146028926477e+00 1.128606706041515650e+01 1.329864825929022309e+01 1.530455842655347887e+01 3.026044270053938234e+01 1.000000000000000020e+30 1.000000000000000020e+30 1.000000000000000020e+30 1.000000000000000020e+30 1.000000000000000020e+30 1.000000000000000020e+30 1.000000000000000020e+30 1.000000000000000020e+30 1.000000000000000020e+30 1.000000000000000020e+30 1.000000000000000020e+30 1.000000000000000020e+30 1.000000000000000020e+30 1.000000000000000020e+30 1.000000000000000020e+30 1.000000000000000020e+30 1.000000000000000020e+30 1.000000000000000020e+30
1.597432276626346154e-02 1.597432276626350664e-02 1.597432276626349970e-02 1.597432276626351011e-02 1.597432276626561606e-02 1.597432276667097931e-02 1.597432281246784561e-02 1.597432299673227224e-02 1.597435326356685253e-02 1.597435596920699502e-02 1.597447761543407604e-02 1.601517957211529702e-02 2.966776891500999894e-02 9.163201988399414688e+00 1.068764409380354152e+01 1.087053637125318062e+01 1.089309221611934753e+01 1.089594013631288938e+01 1.089629737932659381e+01 1.089634146932542436e+01 1.089634631808305620e+01 1.089634434853964606e+01 1.089633311083479050e+01 1.089628698491576664e+01 1.089609235361241879e+01 1.089528030237535994e+01 1.089237148735017513e+01 1.088407926776497803e+01 1.086637529049288631e+01 1.078711354116347820e+01 1.058293058880568793e+01 9.006564269442513648e+00 4.199093675659276020e-02 8.439772883005634441e+00 1.139189725419766752e+01 1.543402964806480071e+01 3.528569965903195538e+01 4.199744736903839737e+01 4.630589657388790670e+01 1.000000000000000020e+30 1.000000000000000020e+30 1.000000000000000020e+30 1.000000000000000020e+30 1.000000000000000020e+30 1.000000000000000020e+30 1.000000000000000020e+30 1.000000000000000020e+30 1.000000000000000020e+30 1.000000000000000020e+30 1.000000000000000020e+30 1.000000000000000020e+30 1.000000000000000020e+30 1.000000000000000020e+30 1.000000000000000020e+30 1.000000000000000020e+30 1.000000000000000020e+30 1.000000000000000020e+30
1.597432276626348235e-02 1.597432276626350664e-02 1.597432276626349970e-02 1.597432276626349970e-02 1.597432276626350664e-02 1.597432276626421094e-02 1.597432276633294762e-02 1.597432276667472978e-02 1.597432281179959196e-02 1.597432281646455829e-02 1.597432322797514084e-02 1.597447763102341489e-02 1.603730194258939923e-02 4.449211209342636419e-02 9.977375798531724627e+00 1.081630752761205727e+01 1.088820801851514020e+01 1.089544770336822488e+01 1.089624462206913336e+01 1.089633565799122117e+01 1.089634780460188423e+01 1.089635232616476124e+01 1.089635373200953694e+01 1.089634773921671318e+01 1.089632115498873333e+01 1.089621370597533101e+01 1.089581592996259474e+01 1.089439988464249787e+01 1.088846126225869604e+01 1.085350330980297784e+01 1.063024561178250771e+01 8.975523843042712002e+00 4.387938872250993216e-02 7.246327859442584784e-02 1.502138175337902837e+01 3.974389316951029372e+01 5.548376792334481422e+01 6.875821371760223144e+01 1.068716760017260441e+02 1.000000000000000020e+30 1.000000000000000020e+30 1.000000000000000020e+30 1.000000000000000020e+30 1.000000000000000020e+30 1.000000000000000020e+30 1.000000000000000020e+30 1.000000000000000020e+30 1.000000000000000020e+30 1.000000000000000020e+30 1.000000000000000020e+30 1.000000000000000020e+30 1.000000000000000020e+30 1.000000000000000020e+30 1.000000000000000020e+30 1.000000000000000020e+30 1.000000000000000020e+30 1.000000000000000020e+30
1.597432276626347888e-02 1.597432276626350664e-02 1.597432276626349970e-02 1.597432276626349970e-02 1.597432276626349970e-02 1.597432276626349970e-02 1.597432276626360378e-02 1.597432276626421441e-02 1.597432276633156678e-02 1.597432276641353940e-02 1.597432281673029017e-02 1.597435614645139473e-02 1.599654202531841998e-02 3.079961792906689075e-02 9.919153284190551645e+00 1.080544309427853022e+01 1.088648197171358056e+01 1.089518744130435302e+01 1.089620399850845445e+01 1.089632697573345332e+01 1.089635625162734733e+01 1.089639292844960394e+01 1.089642063811484007e+01 1.089642800993865102e+01 1.089645240108004565e+01 1.089654069730315733e+01 1.089670401617747864e+01 1.089599698912057590e+01 1.088509748232978502e+01 1.079059162269776628e+01 9.854787524240986585e+00 5.849568561048400228e-02 9.720192171167855832e+00 1.454839242024034185e+01 4.001203668088327703e+01 5.830429271744518616e+01 7.524970230425529394e+01 9.329974755042728418e+01 1.000000000000000020e+30 1.000000000000000020e+30 1.000000000000000020e+30 1.000000000000000020e+30 1.000000000000000020e+30 1.000000000000000020e+30 1.000000000000000020e+30 1.000000000000000020e+30 1.000000000000000020e+30 1.000000000000000020e+30 1.000000000000000020e+30 1.000000000000000020e+30 1.000000000000000020e+30 1.000000000000000020e+30 1.000000000000000020e+30 1.000000000000000020e+30 1.000000000000000020e+30 1.000000000000000020e+30 1.000000000000000020e+30
1.597432276626347888e-02 1.597432276626350664e-02 1.597432276626349970e-02 1.597432276626349970e-02 1.597432276626349970e-02 1.597432276626349970e-02 1.597432276626349970e-02 1.597432276626349970e-02 1.597432276626371134e-02 1.597432276633689932e-02 1.597432281535792614e-02 1.597435563750038492e-02 1.599632264023902878e-02 3.069360431391786673e-02 9.861986156310223350e+00 1.079034074775009699e+01 1.088348964802395180e+01 1.089465054357626883e+01 1.089609182085364658e+01 1.089627224753409962e+01 1.089641300290933756e+01 1.089674404417904441e+01 1.089699441469305086e+01 1.089702684100337216e+01 1.089721791815705920e+01 1.089807969437531199e+01 1.090083853818789450e+01 1.090528717963457872e+01 1.088317266992676657e+01 1.068759072989270642e+01 9.124487862226278168e+00 6.562593661558031866e-02 1.340105880787006676e+01 3.610338647416990199e+01 5.472140556989274529e+01 7.167931767632452988e+01 8.782805666149222645e+01 1.016924570406745403e+02 1.000000000000000020e+30 1.000000000000000020e+30 1.000000000000000020e+30 1.000000000000000020e+30 1.000000000000000020e+30 1.000000000000000020e+30 1.000000000000000020e+30 1.000000000000000020e+30 1.000000000000000020e+30 1.000000000000000020e+30 1.000000000000000020e+30 1.000000000000000020e+30 1.000000000000000020e+30 1.000000000000000020e+30 1.000000000000000020e+30 1.000000000000000020e+30 1.000000000000000020e+30 1.000000000000000020e+30 1.000000000000000020e+30
1.597432276626347888e-02 1.597432276626350664e-02 1.597432276626349970e-02 1.597432276626349970e-02 1.597432276626349970e-02 1.597432276626349970e-02 1.597432276626349970e-02 1.597432276626349970e-02 1.597432276626360032e-02 1.597432276633144882e-02 1.597432281179472779e-02 1.597435326139548528e-02 1.599473798109801725e-02 2.963678900697504226e-02 9.157229623288978715e+00 1.068090742346788602e+01 1.086781221960871413e+01 1.089224143880216644e+01 1.089552646530405511e+01 1.089574843693889861e+01 1.089671536994173628e+01 1.089987895447928068e+01 1.090216935793865716e+01 1.090206173207333862e+01 1.090318081426661756e+01 1.090934732052226508e+01 1.093352246509485148e+01 1.100265983986590257e+01 1.094364499386627010e+01 1.004603730764904235e+01 6.069326999601223904e-02 1.085306587266377853e+01 2.800230253069852182e+01 4.333037116060469884e+01 6.083593620377072142e+01 7.703488098817020102e+01 9.062920257616102049e+01 1.025801223689297785e+02 1.000000000000000020e+30 1.000000000000000020e+30 1.000000000000000020e+30 1.000000000000000020e+30 1.000000000000000020e+30 1.000000000000000020e+30 1.000000000000000020e+30 1.000000000000000020e+30 1.000000000000000020e+30 1.000000000000000020e+30 1.000000000000000020e+30 1.000000000000000020e+30 1.000000000000000020e+30 1.000000000000000020e+30 1.000000000000000020e+30 1.000000000000000020e+30 1.000000000000000020e+30 1.000000000000000020e+30 1.000000000000000020e+30
1.597432276626347888e-02 1.597432276626350664e-02 1.597432276626349970e-02 1.597432276626349970e-02 1.597432276626349970e-02 1.597432276626349970e-02 1.597432276626349970e-02 1.597432276626349970e-02 1.597432276626349970e-02 1.597432276626421441e-02 1.597432276667470896e-02 1.597432299672331760e-02 1.597444686260675317e-02 1.603711224820570519e-02 4.439613889832022542e-02 9.919221526982704873e+00 1.079588115368139789e+01 1.088254316899887186e+01 1.089254602378944448e+01 1.089031020943309436e+01 1.089732191591807187e+01 1.092998156352558681e+01 1.095153654620876260e+01 1.094674230260567604e+01 1.095240252908190648e+01 1.099237383907045995e+01 1.117982330786575318e+01 1.203349491721348841e+01 1.208587339228857083e+01 1.074798368517436664e+01 5.580456854890937513e-02 1.641397775425198802e+01 2.525105366612640267e+01 3.657818834427067145e+01 5.815474482994647332e+01 7.479600695247626163e+01 8.417493616927130518e+01 1.000000000000000020e+30 1.000000000000000020e+30 1.000000000000000020e+30 1.000000000000000020e+30 1.000000000000000020e+30 1.000000000000000020e+30 1.000000000000000020e+30 1.000000000000000020e+30 1.000000000000000020e+30 1.000000000000000020e+30 1.000000000000000020e+30 1.000000000000000020e+30 1.000000000000000020e+30 1.000000000000000020e+30 1.000000000000000020e+30 1.000000000000000020e+30 1.000000000000000020e+30 1.000000000000000020e+30 1.000000000000000020e+30 1.000000000000000020e+30
1.597432276626347888e-02 1.597432276626350664e-02 1.597432276626349970e-02 1.597432276626349970e-02 1.597432276626349970e-02 1.597432276626349970e-02 1.597432276626349970e-02 1.597432276626349970e-02 1.597432276626349970e-02 1.597432276626360378e-02 1.597432276633294415e-02 1.597432281247175220e-02 1.597435353450312942e-02 1.599482998580186582e-02 2.965770273808092036e-02 9.157552068216375574e+00 1.062833730541716548e+01 1.084838238147845502e+01 1.087763822613386289e+01 1.082932495798652006e+01 1.087972211811273660e+01 1.128715375412472177e+01 1.150174685880603498e+01 1.141568857634318590e+01 1.143863296448901501e+01 1.167292321428794288e+01 1.294828015620245409e+01 2.446915744404427784e+01 2.571107890198645052e+01 2.086382089473132240e+01 4.546822493839006163e-02 3.899743052092358858e-02 6.690637180675026996e-02 1.263955950830393526e-01 4.709814894038453303e+01 6.801438747154058717e+01 7.687675126171325246e+01 1.000000000000000020e+30 1.000000000000000020e+30 1.000000000000000020e+30 1.000000000000000020e+30 1.000000000000000020e+30 1.000000000000000020e+30 1.000000000000000020e+30 1.000000000000000020e+30 1.000000000000000020e+30 1.000000000000000020e+30 1.000000000000000020e+30 1.000000000000000020e+30 1.000000000000000020e+30 1.000000000000000020e+30 1.000000000000000020e+30 1.000000000000000020e+30 1.000000000000000020e+30 1.000000000000000020e+30 1.000000000000000020e+30 1.000000000000000020e+30
1.597432276626347888e-02 1.597432276626350664e-02 1.597432276626349970e-02 1.597432276626349970e-02 1.597432276626349970e-02 1.597432276626349970e-02 1.597432276626349970e-02 1.597432276626349970e-02 1.597432276626349276e-02 1.597432276626339909e-02 1.597432276625785838e-02 1.597432276665990483e-02 1.597432299381497736e-02 1.597444466020482221e-02 1.603555114170635010e-02 4.333393951938177557e-02 9.210389516548540101e+00 1.063796833523473317e+01 1.087435165570843054e+01 1.006320714876431843e+01 1.040473422721766816e+01 1.713272317594127969e+01 1.964683618747894300e+01 1.825077809953152297e+01 1.833838650048906160e+01 1.965068284028873791e+01 2.450877570032319497e+01 2.913043824949545169e+01 3.016967743179787931e+01 2.454811100449769867e+01 8.025381937810965871e-02 5.916811877065537156e-02 1.186210920949609893e+01 9.543617363397703668e-02 4.174408826255012173e+01 6.131026135771512742e+01 6.800727787441704209e+01 6.480421859393293005e+01 1.000000000000000020e+30 1.000000000000000020e+30 1.000000000000000020e+30 1.000000000000000020e+30 1.000000000000000020e+30 1.000000000000000020e+30 1.000000000000000020e+30 1.000000000000000020e+30 1.000000000000000020e+30 1.000000000000000020e+30 1.000000000000000020e+30 1.000000000000000020e+30 1.000000000000000020e+30 1.000000000000000020e+30 1.000000000000000020e+30 1.000000000000000020e+30 1.000000000000000020e+30 1.000000000000000020e+30 1.000000000000000020e+30
1.597432276626347888e-02 1.597432276626350317e-02 1.597432276626349970e-02 1.597432276626349970e-02 1.597432276626349970e-02 1.597432276626349970e-02 1.597432276626349970e-02 1.597432276626343725e-02 1.597432276625911432e-02 1.597432276622157837e-02 1.597432276355665107e-02 1.597432276124413630e-02 1.597432276238166388e-02 1.597432367483016258e-02 1.597453543037425164e-02 1.605635479099534399e-02 4.361381878433053666e-02 9.349944134524568184e+00 1.384732694997364355e+01 8.603976585389044862e-02 7.494347250753963241e-02 9.364920211807441219e-02 1.407237386702033177e+01 5.599394889461337815e-02 7.423272833487555566e-02 9.885229972796795439e-02 1.984131112860469415e+01 2.508436178760242896e+01 2.940218583632556459e+01 2.781715694082358326e+01 2.147218488736302433e+01 1.798445309959775429e+01 1.409736002820879008e+01 9.717341742261174919e-02 4.006288370866177928e+01 5.657411219521758738e+01 5.859314038292097848e+01 5.107420652706447584e+01 1.000000000000000020e+30 1.000000000000000020e+30 1.000000000000000020e+30 1.000000000000000020e+30 1.000000000000000020e+30 1.000000000000000020e+30 1.000000000000000020e+30 1.000000000000000020e+30 1.000000000000000020e+30 1.000000000000000020e+30 1.000000000000000020e+30 1.000000000000000020e+30 1.000000000000000020e+30 1.000000000000000020e+30 1.000000000000000020e+30 1.000000000000000020e+30 1.000000000000000020e+30 1.000000000000000020e+30 1.000000000000000020e+30
1.597432276626347888e-02 1.597432276626350664e-02 1.597432276626349970e-02 1.597432276626349970e-02 1.597432276626349970e-02 1.597432276626349970e-02 1.597432276626331582e-02 1.597432276623950154e-02 1.597432276448574814e-02 1.597432275083269029e-02 1.597432178011850071e-02 1.597432083175292367e-02 1.597432093629854583e-02 1.597458597445297265e-02 1.597410107320108505e-02 1.597394098622840000e-02 1.613514174359438960e-02 2.891213862782559749e-02 1.067104829814022882e-01 3.174386030579544382e+01 3.956562467918847403e+01 3.550700220895349446e+01 1.168828801877637019e-01 1.000422426697448880e-01 3.184215422657209515e+01 3.002117400116947366e+01 1.070228879222369367e-01 1.016496124329259176e-01 2.105223796108746370e+01 2.303364543160082789e+01 2.049793573884416986e+01 1.619912078712728132e+01 6.173918378506322580e-02 1.420932926499909044e-01 4.346513306939475996e+01 5.542303136450825463e+01 4.807561963965084573e+01 1.673451638924091966e+01 1.000000000000000020e+30 1.000000000000000020e+30 1.000000000000000020e+30 1.000000000000000020e+30 1.000000000000000020e+30 1.000000000000000020e+30 1.000000000000000020e+30 1.000000000000000020e+30 1.000000000000000020e+30 1.000000000000000020e+30 1.000000000000000020e+30 1.000000000000000020e+30 1.000000000000000020e+30 1.000000000000000020e+30 1.000000000000000020e+30 1.000000000000000020e+30 1.000000000000000020e+30 1.000000000000000020e+30 1.000000000000000020e+30
1.597432276626347888e-02 1.597432276626350317e-02 1.597432276626350317e-02 1.597432276626349276e-02 1.597432276626346501e-02 1.597432276626235131e-02 1.597432276620107394e-02 1.597432275801652715e-02 1.597432217736642970e-02 1.597431792753453011e-02 1.597407318093655576e-02 1.597373873469752625e-02 1.597376448592765716e-02 1.614156808001120103e-02 1.601570546061728204e-02 1.595712267591182718e-02 4.799232908943799197e-02 8.804280597534117070e-02 4.332813867589636914e+01 6.836900356219571506e+01 7.926897560896445327e+01 8.671920200399496537e+01 8.190636842970026521e+01 8.213308504679304178e+01 8.756206708474206835e+01 7.719830786067586814e+01 5.621721377127965269e+01 3.603559342525537090e+01 8.887858339127933938e-02 9.104520933480253486e-02 1.079827400542429233e-01 1.256134888416062800e-01 1.791583096584679624e-01 4.090065977691441645e+01 6.020811741521411875e+01 6.259990124732131278e+01 4.843908861769953234e+01 1.371828063736746373e+01 1.000000000000000020e+30 1.000000000000000020e+30 1.000000000000000020e+30 1.000000000000000020e+30 1.000000000000000020e+30 1.000000000000000020e+30 1.000000000000000020e+30 1.000000000000000020e+30 1.000000000000000020e+30 1.000000000000000020e+30 1.000000000000000020e+30 1.000000000000000020e+30 1.000000000000000020e+30 1.000000000000000020e+30 1.000000000000000020e+30 1.000000000000000020e+30 1.000000000000000020e+30 1.000000000000000020e+30 1.000000000000000020e+30
1.597432276626347888e-02 1.597432276626348235e-02 1.597432276626346154e-02 1.597432276625953065e-02 1.597432276624722106e-02 1.597432276600275688e-02 1.597432274806345753e-02 1.597432046953089005e-02 1.597421995068427220e-02 1.597316989546551658e-02 1.599106787907292673e-02 1.589177447086881703e-02 1.582488813419561866e-02 1.580463729680473342e-02 4.147049951771120124e-02 8.032668044039843747e-02 4.168650916450356192e+01 5.964926371609728051e+01 1.071322386508909830e+02 1.459973119443174880e+02 1.795318451834363600e+02 2.443607882225556978e+02 2.593863576897555276e+02 2.607910508783803039e+02 2.494976476337182305e+02 1.895617419803193400e+02 1.578843173486016553e+02 1.363033817226720714e+02 1.299917689654309640e+02 7.499596151408660205e+01 6.586087281721020759e+01 6.510615615746282003e+01 6.828258251752426133e+01 7.813003983414674281e+01 8.215839156535430732e+01 7.573361688003589620e+01 5.609302038867161855e+01 1.660367345212128853e+01 1.000000000000000020e+30 1.000000000000000020e+30 1.000000000000000020e+30 1.000000000000000020e+30 1.000000000000000020e+30 1.000000000000000020e+30 1.000000000000000020e+30 1.000000000000000020e+30 1.000000000000000020e+30 1.000000000000000020e+30 1.000000000000000020e+30 1.000000000000000020e+30 1.000000000000000020e+30 1.000000000000000020e+30 1.000000000000000020e+30 1.000000000000000020e+30 1.000000000000000020e+30 1.000000000000000020e+30 1.000000000000000020e+30
1.000000000000000020e+30 1.597432276626342337e-02 1.597432276624792188e-02 1.597432276465585513e-02 1.597432276011579236e-02 1.597432282022625064e-02 1.597431844901158263e-02 1.597391201334289607e-02 1.603485837347695675e-02 1.579112036020033361e-02 1.568376003715764994e-02 1.567760788801565025e-02 2.990236834756214088e-02 5.316901946323474015e-02 4.221812991659284364e+01 8.314779454893724164e+01 1.355972820293063421e+02 4.192527659743356026e+02 2.399232593666387174e+02 2.524196559385801208e+02 1.000000000000000020e+30 4.060151188988460262e+02 4.114135311097162457e+02 4.125491543109401960e+02 4.091515593197588032e+02 1.000000000000000020e+30 1.000000000000000020e+30 1.000000000000000020e+30 2.976049521196756587e+02 2.144944832434821933e+02 1.278536312541948661e+02 1.149060542180540239e+02 1.110467978581930879e+02 1.094569145635493328e+02 1.040459275018464922e+02 9.155471615281335573e+01 7.049400704502372150e+01 4.170518257973868970e+01 1.224233499214832754e+01 1.000000000000000020e+30 1.000000000000000020e+30 1.000000000000000020e+30 1.000000000000000020e+30 1.000000000000000020e+30 1.000000000000000020e+30 1.000000000000000020e+30 1.000000000000000020e+30 1.000000000000000020e+30 1.000000000000000020e+30 1.000000000000000020e+30 1.000000000000000020e+30 1.000000000000000020e+30 1.000000000000000020e+30 1.000000000000000020e+30 1.000000000000000020e+30 1.000000000000000020e+30 1.000000000000000020e+30
1.000000000000000020e+30 1.597432276625178338e-02 1.597432276151308436e-02 1.597432224112698210e-02 1.597432074482246431e-02 1.597445676163620695e-02 1.597359701404367158e-02 1.597207978517072718e-02 1.574108815318238375e-02 1.565232449053741495e-02 2.687926353365025292e-02 4.001911656730913758e-02 6.074909184592935674e+01 1.156174564429192486e+02 4.069378233453385292e+02 2.235521383204848576e+02 2.451453385618594041e+02 1.000000000000000020e+30 1.000000000000000020e+30 1.000000000000000020e+30 1.000000000000000020e+30 1.000000000000000020e+30 1.000000000000000020e+30 1.000000000000000020e+30 1.000000000000000020e+30 1.000000000000000020e+30 1.000000000000000020e+30 1.000000000000000020e+30 4.000938347993865136e+02 3.462959291272969153e+02 2.491566879128703818e+02 1.554660369630451839e+02 1.423488842318534182e+02 1.341226701885084083e+02 1.225917899317174857e+02 1.055155537179273182e+02 8.189395788257444053e+01 5.173100771229059092e+01 1.333716216032025947e+01 1.000000000000000020e+30 1.000000000000000020e+30 1.000000000000000020e+30 1.000000000000000020e+30 1.000000000000000020e+30 1.000000000000000020e+30 1.000000000000000020e+30 1.000000000000000020e+30 1.000000000000000020e+30 1.000000000000000020e+30 1.000000000000000020e+30 1.000000000000000020e+30 1.000000000000000020e+30 1.000000000000000020e+30 1.000000000000000020e+30 1.000000000000000020e+30 1.000000000000000020e+30 1.000000000000000020e+30
1.000000000000000020e+30 1.000000000000000020e+30 1.597432172729422103e-02 1.597424101199503010e-02 1.597379565591628553e-02 1.610410136857844468e-02 1.594186113498385557e-02 1.574114223300647139e-02 3.019883411906913381e-02 3.928742341487124340e-02 7.726439039316456103e+01 1.048577872227516252e+02 1.000000000000000020e+30 1.000000000000000020e+30 1.000000000000000020e+30 1.000000000000000020e+30 1.000000000000000020e+30 1.000000000000000020e+30 1.000000000000000020e+30 1.000000000000000020e+30 1.000000000000000020e+30 1.000000000000000020e+30 1.000000000000000020e+30 1.000000000000000020e+30 1.000000000000000020e+30 1.000000000000000020e+30 1.000000000000000020e+30 1.000000000000000020e+30 1.000000000000000020e+30 1.000000000000000020e+30 2.787712950491863921e+02 1.950166646720880408e+02 1.661130769329883208e+02 1.519065600621578653e+02 1.362660312413474912e+02 1.156009253156843357e+02 8.929380418232237560e+01 5.660770267627042784e+01 1.397418530387501612e+01 1.000000000000000020e+30 1.000000000000000020e+30 1.000000000000000020e+30 1.000000000000000020e+30 1.000000000000000020e+30 1.000000000000000020e+30 1.000000000000000020e+30 1.000000000000000020e+30 1.000000000000000020e+30 1.000000000000000020e+30 1.000000000000000020e+30 1.000000000000000020e+30 1.000000000000000020e+30 1.000000000000000020e+30 1.000000000000000020e+30 1.000000000000000020e+30 1.000000000000000020e+30 1.000000000000000020e+30
1.000000000000000020e+30 1.000000000000000020e+30 1.597424206596355367e-02 1.604055924362093530e-02 1.586679625720973166e-02 1.577061781567571860e-02 1.571799417336413457e-02 4.865737376139613740e-02 9.575770343795579720e+01 1.207233208459767724e+02 1.000000000000000020e+30 1.000000000000000020e+30 1.000000000000000020e+30 1.000000000000000020e+30 1.000000000000000020e+30 1.000000000000000020e+30 1.000000000000000020e+30 1.000000000000000020e+30 1.000000000000000020e+30 1.000000000000000020e+30 1.000000000000000020e+30 1.000000000000000020e+30 1.000000000000000020e+30 1.000000000000000020e+30 1.000000000000000020e+30 1.000000000000000020e+30 1.000000000000000020e+30 1.000000000000000020e+30 1.000000000000000020e+30 1.000000000000000020e+30 1.000000000000000020e+30 2.397653448448866698e+02 1.884425495629089085e+02 1.648948691356450240e+02 1.445480749700214176e+02 1.209079606209973008e+02 9.253985380683209883e+01 5.814571985015180644e+01 1.416522648547713992e+01 1.000000000000000020e+30 1.000000000000000020e+30 1.000000000000000020e+30 1.000000000000000020e+30 1.000000000000000020e+30 1.000000000000000020e+30 1.000000000000000020e+30 1.000000000000000020e+30 1.000000000000000020e+30 1.000000000000000020e+30 1.000000000000000020e+30 1.000000000000000020e+30 1.000000000000000020e+30 1.000000000000000020e+30 1.000000000000000020e+30 1.000000000000000020e+30 1.000000000000000020e+30 1.000000000000000020e+30
1.000000000000000020e+30 1.000000000000000020e+30 1.000000000000000020e+30 1.578642779558736900e-02 1.573129826431987968e-02 4.070872383967830133e-02 6.072442768048257750e-02 1.152851988183187899e+02 1.878788938838242473e+02 1.000000000000000020e+30 1.000000000000000020e+30 1.000000000000000020e+30 1.000000000000000020e+30 1.000000000000000020e+30 1.000000000000000020e+30 1.000000000000000020e+30 1.000000000000000020e+30 1.000000000000000020e+30 1.000000000000000020e+30 1.000000000000000020e+30 1.000000000000000020e+30 1.000000000000000020e+30 1.000000000000000020e+30 1.000000000000000020e+30 1.000000000000000020e+30 1.000000000000000020e+30 1.000000000000000020e+30 1.000000000000000020e+30 1.000000000000000020e+30 1.000000000000000020e+30 1.000000000000000020e+30 1.000000000000000020e+30 2.325183288850304564e+02 1.818505122039910304e+02 1.497021383439929139e+02 1.205226366321409301e+02 9.127915417540044984e+01 5.598399740828131854e+01 1.383687186801413382e+01 1.000000000000000020e+30 1.000000000000000020e+30 1.000000000000000020e+30 1.000000000000000020e+30 1.000000000000000020e+30 1.000000000000000020e+30 1.000000000000000020e+30 1.000000000000000020e+30 1.000000000000000020e+30 1.000000000000000020e+30 1.000000000000000020e+30 1.000000000000000020e+30 1.000000000000000020e+30 1.000000000000000020e+30 1.000000000000000020e+30 1.000000000000000020e+30 1.000000000000000020e+30 1.000000000000000020e+30
1.000000000000000020e+30 1.000000000000000020e+30 1.000000000000000020e+30 1.569809605219190871e-02 6.653214413119483417e-02 1.133157991064722694e+02 1.818055276768073725e+02 2.278026268956424474e+02 1.000000000000000020e+30 1.000000000000000020e+30 1.000000000000000020e+30 1.000000000000000020e+30 1.000000000000000020e+30 1.000000000000000020e+30 1.000000000000000020e+30 1.000000000000000020e+30 1.000000000000000020e+30 1.000000000000000020e+30 1.000000000000000020e+30 1.000000000000000020e+30 1.000000000000000020e+30 1.000000000000000020e+30 1.000000000000000020e+30 1.000000000000000020e+30 1.000000000000000020e+30 1.000000000000000020e+30 1.000000000000000020e+30 1.000000000000000020e+30 1.000000000000000020e+30 1.000000000000000020e+30 1.000000000000000020e+30 1.000000000000000020e+30 1.000000000000000020e+30 2.233820188768856099e+02 1.630525038165657179e+02 1.151328272141838056e+02 8.552870332146430599e+01 4.729404227652770487e+01 1.262690877038809312e+01 1.000000000000000020e+30 1.000000000000000020e+30 1.000000000000000020e+30 1.000000000000000020e+30 1.000000000000000020e+30 1.000000000000000020e+30 1.000000000000000020e+30 1.000000000000000020e+30 1.000000000000000020e+30 1.000000000000000020e+30 1.000000000000000020e+30 1.000000000000000020e+30 1.000000000000000020e+30 1.000000000000000020e+30 1.000000000000000020e+30 1.000000000000000020e+30 1.000000000000000020e+30 1.000000000000000020e+30
1.000000000000000020e+30 1.000000000000000020e+30 1.000000000000000020e+30 1.000000000000000020e+30 3.913958496694552878e+02 3.054599535339326053e+02 3.221948682045456280e+02 1.000000000000000020e+30 1.000000000000000020e+30 1.000000000000000020e+30 1.000000000000000020e+30 1.000000000000000020e+30 1.000000000000000020e+30 1.000000000000000020e+30 1.000000000000000020e+30 1.000000000000000020e+30 1.000000000000000020e+30 1.000000000000000020e+30 1.000000000000000020e+30 1.000000000000000020e+30 1.000000000000000020e+30 1.000000000000000020e+30 1.000000000000000020e+30 1.000000000000000020e+30 1.000000000000000020e+30 1.000000000000000020e+30 1.000000000000000020e+30 1.000000000000000020e+30 1.000000000000000020e+30 1.000000000000000020e+30 1.000000000000000020e+30 1.000000000000000020e+30 1.000000000000000020e+30 1.000000000000000020e+30 1.824010274484269303e+02 1.112930572704640184e+02 8.024077503037889869e+01 1.928233468538249795e+01 9.802180755398898881e+00 1.000000000000000020e+30 1.000000000000000020e+30 1.000000000000000020e+30 1.000000000000000020e+30 1.000000000000000020e+30 1.000000000000000020e+30 1.000000000000000020e+30 1.000000000000000020e+30 1.000000000000000020e+30 1.000000000000000020e+30 1.000000000000000020e+30 1.000000000000000020e+30 1.000000000000000020e+30 1.000000000000000020e+30 1.000000000000000020e+30 1.000000000000000020e+30 1.000000000000000020e+30 1.000000000000000020e+30
1.000000000000000020e+30 1.000000000000000020e+30 1.000000000000000020e+30 1.000000000000000020e+30 6.787839396281109430e+02 1.000000000000000020e+30 1.000000000000000020e+30 1.000000000000000020e+30 1.000000000000000020e+30 1.000000000000000020e+30 1.000000000000000020e+30 1.000000000000000020e+30 1.000000000000000020e+30 1.000000000000000020e+30 1.000000000000000020e+30 1.000000000000000020e+30 1.000000000000000020e+30 1.000000000000000020e+30 1.000000000000000020e+30 1.000000000000000020e+30 1.000000000000000020e+30 1.000000000000000020e+30 1.000000000000000020e+30 1.000000000000000020e+30 1.000000000000000020e+30 1.000000000000000020e+30 1.000000000000000020e+30 1.000000000000000020e+30 1.000000000000000020e+30 1.000000000000000020e+30 1.000000000000000020e+30 1.000000000000000020e+30 1.000000000000000020e+30 1.000000000000000020e+30 1.000000000000000020e+30 1.142429625755836611e+02 9.968930964875153222e+01 1.000000000000000020e+30 1.000000000000000020e+30 1.000000000000000020e+30 1.000000000000000020e+30 1.000000000000000020e+30 1.000000000000000020e+30 1.000000000000000020e+30 1.000000000000000020e+30 1.000000000000000020e+30 1.000000000000000020e+30 1.000000000000000020e+30 1.000000000000000020e+30 1.000000000000000020e+30 1.000000000000000020e+30 1.000000000000000020e+30 1.000000000000000020e+30 1.000000000000000020e+30 1.000000000000000020e+30 1.000000000000000020e+30 1.000000000000000020e+30
