1.000000000000000020e+30 1.000000000000000020e+30 1.000000000000000020e+30 1.000000000000000020e+30 1.000000000000000020e+30 1.000000000000000020e+30 1.000000000000000020e+30 1.000000000000000020e+30 1.000000000000000020e+30 1.000000000000000020e+30 1.000000000000000020e+30 1.000000000000000020e+30 1.000000000000000020e+30 1.000000000000000020e+30 1.000000000000000020e+30 1.000000000000000020e+30 1.000000000000000020e+30 1.000000000000000020e+30 1.000000000000000020e+30 1.000000000000000020e+30 1.000000000000000020e+30 1.000000000000000020e+30 1.000000000000000020e+30 1.000000000000000020e+30 1.000000000000000020e+30 1.000000000000000020e+30 1.000000000000000020e+30 1.000000000000000020e+30 1.000000000000000020e+30 1.000000000000000020e+30 1.000000000000000020e+30 1.000000000000000020e+30 1.000000000000000020e+30 1.000000000000000020e+30 1.000000000000000020e+30 1.000000000000000020e+30 1.000000000000000020e+30 1.000000000000000020e+30 1.000000000000000020e+30 1.000000000000000020e+30 1.000000000000000020e+30 1.000000000000000020e+30 1.000000000000000020e+30 1.000000000000000020e+30 1.000000000000000020e+30 1.000000000000000020e+30 1.000000000000000020e+30 1.000000000000000020e+30 1.000000000000000020e+30 1.000000000000000020e+30 1.000000000000000020e+30 1.000000000000000020e+30 1.000000000000000020e+30 1.000000000000000020e+30 1.000000000000000020e+30 1.000000000000000020e+30 1.000000000000000020e+30
1.000000000000000020e+30 1.000000000000000020e+30 1.000000000000000020e+30 1.000000000000000020e+30 1.000000000000000020e+30 1.000000000000000020e+30 1.000000000000000020e+30 1.000000000000000020e+30 1.000000000000000020e+30 1.000000000000000020e+30 1.000000000000000020e+30 1.000000000000000020e+30 1.000000000000000020e+30 1.000000000000000020e+30 1.000000000000000020e+30 1.000000000000000020e+30 1.000000000000000020e+30 1.000000000000000020e+30 1.000000000000000020e+30 1.000000000000000020e+30 1.000000000000000020e+30 1.000000000000000020e+30 1.000000000000000020e+30 1.000000000000000020e+30 1.000000000000000020e+30 1.000000000000000020e+30 1.000000000000000020e+30 7.991906466971470557e+00 8.013205665430373159e+00 8.041192555242508533e+00 8.070979074432441891e+00 8.100643229019119929e+00 8.129293362636571985e+00 8.156450029343867314e+00 8.181822978242738742e+00 8.205219201542284679e+00 8.226499132462032904e+00 8.245551685387566110e+00 8.262275606699001074e+00 8.276558725580427378e+00 8.288242797866761435e+00 8.297042342070836796e+00 8.302315300426331035e+00 1.000000000000000020e+30 1.000000000000000020e+30 1.000000000000000020e+30 1.000000000000000020e+30 1.000000000000000020e+30 1.000000000000000020e+30 1.000000000000000020e+30 1.000000000000000020e+30 1.000000000000000020e+30 1.000000000000000020e+30 1.000000000000000020e+30 1.000000000000000020e+30 1.000000000000000020e+30 1.000000000000000020e+30
1.000000000000000020e+30 1.000000000000000020e+30 1.000000000000000020e+30 1.000000000000000020e+30 1.000000000000000020e+30 1.000000000000000020e+30 1.000000000000000020e+30 1.000000000000000020e+30 1.000000000000000020e+30 1.000000000000000020e+30 1.000000000000000020e+30 1.000000000000000020e+30 1.000000000000000020e+30 1.000000000000000020e+30 1.000000000000000020e+30 1.000000000000000020e+30 1.000000000000000020e+30 1.000000000000000020e+30 1.000000000000000020e+30 1.000000000000000020e+30 1.000000000000000020e+30 1.000000000000000020e+30 1.000000000000000020e+30 1.000000000000000020e+30 7.842581901426767921e+00 7.872127859420541718e+00 7.913714583610305553e+00 7.963840397671005711e+00 7.999790841501891236e+00 8.032722066180575382e+00 8.064495148186686890e+00 8.095120722924175283e+00 8.124323169370684994e+00 8.151844846226003583e+00 8.177486496510331548e+00 8.201098071340366502e+00 8.222564159399487593e+00 8.241791494483740266e+00 8.258698642700418091e+00 8.273207427265942826e+00 8.285239054011928062e+00 8.294734215707784131e+00 8.301791233254789404e+00 8.307362583449981130e+00 8.311529822725979955e+00 8.314165169718854997e+00 8.315332837192467963e+00 8.315378427630898628e+00 1.000000000000000020e+30 1.000000000000000020e+30 1.000000000000000020e+30 1.000000000000000020e+30 1.000000000000000020e+30 1.000000000000000020e+30 1.000000000000000020e+30 1.000000000000000020e+30 1.000000000000000020e+30
1.000000000000000020e+30 1.000000000000000020e+30 1.000000000000000020e+30 1.000000000000000020e+30 1.000000000000000020e+30 1.000000000000000020e+30 1.000000000000000020e+30 1.000000000000000020e+30 1.000000000000000020e+30 1.000000000000000020e+30 1.000000000000000020e+30 1.000000000000000020e+30 1.000000000000000020e+30 1.000000000000000020e+30 1.000000000000000020e+30 1.000000000000000020e+30 1.000000000000000020e+30 1.000000000000000020e+30 1.000000000000000020e+30 1.000000000000000020e+30 1.000000000000000020e+30 7.656241728418022419e+00 7.691579855710363844e+00 7.742626994318200673e+00 7.806048664415718541e+00 7.853141195164902832e+00 7.898291486788345139e+00 7.943143465001368142e+00 7.982651745674555599e+00 8.018730170235787824e+00 8.052546930888514254e+00 8.084480734647021549e+00 8.114566827112344782e+00 8.142728092925748840e+00 8.168864637461041411e+00 8.192883190156157625e+00 8.214704256120505477e+00 8.234261950872435065e+00 8.251502440121058157e+00 8.266384568467897154e+00 8.278888094877794757e+00 8.289041436955567832e+00 8.296989077746463437e+00 8.303076535550061976e+00 8.307433676416449586e+00 8.310056970444119173e+00 8.310920069416628309e+00 8.309915112441849772e+00 8.306450914040787836e+00 1.000000000000000020e+30 1.000000000000000020e+30 1.000000000000000020e+30 1.000000000000000020e+30 1.000000000000000020e+30 1.000000000000000020e+30 1.000000000000000020e+30 1.000000000000000020e+30
1.000000000000000020e+30 1.000000000000000020e+30 1.000000000000000020e+30 1.000000000000000020e+30 1.000000000000000020e+30 1.000000000000000020e+30 1.000000000000000020e+30 1.000000000000000020e+30 1.000000000000000020e+30 1.000000000000000020e+30 1.000000000000000020e+30 1.000000000000000020e+30 1.000000000000000020e+30 1.000000000000000020e+30 1.000000000000000020e+30 1.000000000000000020e+30 1.000000000000000020e+30 1.000000000000000020e+30 7.448072914228857755e+00 7.485509408515220287e+00 7.541641793058563970e+00 7.613708855509502271e+00 7.668713034625564973e+00 7.723151747752534213e+00 7.778818152087188409e+00 7.829132351076210306e+00 7.876267799940434244e+00 7.920961890948944095e+00 7.962182412355910621e+00 8.000308586826916368e+00 8.035861101963078568e+00 8.069140934188752112e+00 8.100262730016138946e+00 8.129239741433670119e+00 8.156041401930435697e+00 8.180623428528079444e+00 8.202941768837185066e+00 8.222958835272269340e+00 8.240647122257952262e+00 8.255993680497216047e+00 8.269008706502244621e+00 8.279741134424551063e+00 8.288298103387846893e+00 8.294837535612080259e+00 8.299448544315572107e+00 8.302139323547512717e+00 8.302850731633634851e+00 8.301422985096232665e+00 8.297531004339871785e+00 8.290903594851506853e+00 1.000000000000000020e+30 1.000000000000000020e+30 1.000000000000000020e+30 1.000000000000000020e+30 1.000000000000000020e+30 1.000000000000000020e+30 1.000000000000000020e+30
1.000000000000000020e+30 1.000000000000000020e+30 1.000000000000000020e+30 1.000000000000000020e+30 1.000000000000000020e+30 1.000000000000000020e+30 1.000000000000000020e+30 1.000000000000000020e+30 1.000000000000000020e+30 1.000000000000000020e+30 1.000000000000000020e+30 1.000000000000000020e+30 1.000000000000000020e+30 1.000000000000000020e+30 1.000000000000000020e+30 1.000000000000000020e+30 7.294288301610832193e+00 7.335332774215109986e+00 7.403275759917113952e+00 7.459480358843427084e+00 7.518418827698259754e+00 7.581011612558498314e+00 7.639237821964104391e+00 7.695333925004114839e+00 7.749890763218370893e+00 7.801318521476519052e+00 7.849769038236631857e+00 7.895407197349728179e+00 7.938031157885116151e+00 7.977755882430823675e+00 8.014816264070820040e+00 8.049402292371242496e+00 8.081622859999862740e+00 8.111523595472675652e+00 8.139112653685039334e+00 8.164380253909268248e+00 8.187311003820235911e+00 8.207891447146320019e+00 8.226115398937761114e+00 8.241989072882271117e+00 8.255537236926409506e+00 8.266809908854845901e+00 8.275884677925949617e+00 8.282851575909726094e+00 8.287768768477356218e+00 8.290641166861769662e+00 8.291409580809073532e+00 8.289927327507227162e+00 8.285917954954779674e+00 8.278884394329915963e+00 8.267501726276465845e+00 8.260821122939919547e+00 1.000000000000000020e+30 1.000000000000000020e+30 1.000000000000000020e+30 1.000000000000000020e+30 1.000000000000000020e+30
1.000000000000000020e+30 1.000000000000000020e+30 1.000000000000000020e+30 1.000000000000000020e+30 1.000000000000000020e+30 1.000000000000000020e+30 1.000000000000000020e+30 1.000000000000000020e+30 1.000000000000000020e+30 1.000000000000000020e+30 1.000000000000000020e+30 1.000000000000000020e+30 1.000000000000000020e+30 1.000000000000000020e+30 1.000000000000000020e+30 7.190186470724091450e+00 7.245804227887734150e+00 7.301015569772715708e+00 7.362835577022072364e+00 7.423373234655796793e+00 7.484242420978743482e+00 7.545435044078807607e+00 7.604702074856632521e+00 7.661923993027566659e+00 7.717024551798162157e+00 7.769479744824568712e+00 7.819148399896627133e+00 7.866002571447116232e+00 7.909986693708675354e+00 7.951148269458751194e+00 7.989601306697190708e+00 8.025460958486943852e+00 8.058812315692772899e+00 8.089707244319319202e+00 8.118172655586215924e+00 8.144220482697640762e+00 8.167855966795915634e+00 8.189083964939008808e+00 8.207914018875476003e+00 8.224364935449738567e+00 8.238469039890604861e+00 8.250274964386585808e+00 8.259845757570991154e+00 8.267247500121632342e+00 8.272527768051091357e+00 8.275698211930041737e+00 8.276722668161577090e+00 8.275510227475328051e+00 8.271925180048668835e+00 8.265854036045368503e+00 8.257487717462776544e+00 8.248855949411723287e+00 8.238345801239470134e+00 1.000000000000000020e+30 1.000000000000000020e+30 1.000000000000000020e+30 1.000000000000000020e+30
1.000000000000000020e+30 1.000000000000000020e+30 1.000000000000000020e+30 1.000000000000000020e+30 1.000000000000000020e+30 1.000000000000000020e+30 1.000000000000000020e+30 1.000000000000000020e+30 1.000000000000000020e+30 1.000000000000000020e+30 1.000000000000000020e+30 1.000000000000000020e+30 1.000000000000000020e+30 1.000000000000000020e+30 7.061272961402402792e+00 7.127097482956860297e+00 7.190274401434185947e+00 7.252662265693002652e+00 7.316283473620680766e+00 7.379578635887154014e+00 7.442431101635526680e+00 7.504523016245446598e+00 7.565004997922427421e+00 7.623487647689133340e+00 7.679718387655992906e+00 7.733407648874833562e+00 7.784390490574973676e+00 7.832586700980845862e+00 7.877955961412865804e+00 7.920514682940229534e+00 7.960321226252224491e+00 7.997446955665936663e+00 8.031956077741472910e+00 8.063898098257286762e+00 8.093308323014433370e+00 8.120211696118335709e+00 8.144627350947603261e+00 8.166572948243928209e+00 8.186068737277642171e+00 8.203141456400544484e+00 8.217827844561986339e+00 8.230176736742521371e+00 8.240247717553456752e+00 8.248104012015730291e+00 8.253799422223346838e+00 8.257363695012356786e+00 8.258790403680189129e+00 8.258034658809476625e+00 8.255035074981943666e+00 8.249780344052023651e+00 8.242442916727494406e+00 8.233506680268204647e+00 8.222602325142110757e+00 8.209406345434798524e+00 1.000000000000000020e+30 1.000000000000000020e+30 1.000000000000000020e+30
1.000000000000000020e+30 1.000000000000000020e+30 1.000000000000000020e+30 1.000000000000000020e+30 1.000000000000000020e+30 1.000000000000000020e+30 1.000000000000000020e+30 1.000000000000000020e+30 1.000000000000000020e+30 1.000000000000000020e+30 1.000000000000000020e+30 1.000000000000000020e+30 1.000000000000000020e+30 6.913587543797502732e+00 6.987952782466561708e+00 7.059174931551546628e+00 7.128072078058401928e+00 7.195639420409269071e+00 7.262653122564460162e+00 7.328860088038640974e+00 7.394057044160241787e+00 7.457946400936253717e+00 7.520086181488627730e+00 7.580139853942986505e+00 7.637851924995381125e+00 7.693005147758913864e+00 7.745450317602327495e+00 7.795099459037523992e+00 7.841910354550098106e+00 7.885882854000776376e+00 7.927048401690561796e+00 7.965454505590993328e+00 8.001151757293277100e+00 8.034186477830596473e+00 8.064598166138138069e+00 8.092419837390195880e+00 8.117679772934893734e+00 8.140403957022623871e+00 8.160619020321506767e+00 8.178355702985554032e+00 8.193652664665551200e+00 8.206559909138277931e+00 8.217140274746720152e+00 8.225466748761965263e+00 8.231613492831357348e+00 8.235640060112423555e+00 8.237571811873143801e+00 8.237387917774341872e+00 8.235034926858785909e+00 8.230470166535967635e+00 8.223719589867362956e+00 8.214884493804497367e+00 8.203941005563176958e+00 8.191028776828202851e+00 8.176500656543016277e+00 1.000000000000000020e+30 1.000000000000000020e+30
1.000000000000000020e+30 1.000000000000000020e+30 1.000000000000000020e+30 1.000000000000000020e+30 1.000000000000000020e+30 1.000000000000000020e+30 1.000000000000000020e+30 1.000000000000000020e+30 1.000000000000000020e+30 1.000000000000000020e+30 1.000000000000000020e+30 1.000000000000000020e+30 6.749861391448390258e+00 6.831714012113155654e+00 6.910275701125227599e+00 6.986091011328343647e+00 7.059732209957488180e+00 7.131727617237607397e+00 7.202417562574977339e+00 7.271775967543079311e+00 7.339656933887921397e+00 7.405832925570360104e+00 7.470019100506316789e+00 7.531955799574363120e+00 7.591427013004075519e+00 7.648257610061675926e+00 7.702320558118814553e+00 7.753535247472465919e+00 7.801860939284468444e+00 7.847291114269210333e+00 7.889845568578532919e+00 7.929560665433556643e+00 7.966480442660921923e+00 8.000650264462795036e+00 8.032113133746243250e+00 8.060908014794579302e+00 8.087069509951799517e+00 8.110628575345188551e+00 8.131614336114623143e+00 8.150057292328789060e+00 8.165994168010932697e+00 8.179474213642482283e+00 8.190565761904640141e+00 8.199360068189303519e+00 8.205966960603150895e+00 8.210494961784487344e+00 8.213012914283433830e+00 8.213510370027561791e+00 8.211898383321226902e+00 8.208045023109299621e+00 8.201822791209060881e+00 8.193150500507030642e+00 8.182061187110326372e+00 8.169108100057444588e+00 8.156837199521335791e+00 1.000000000000000020e+30 1.000000000000000020e+30
1.000000000000000020e+30 1.000000000000000020e+30 1.000000000000000020e+30 1.000000000000000020e+30 1.000000000000000020e+30 1.000000000000000020e+30 1.000000000000000020e+30 1.000000000000000020e+30 1.000000000000000020e+30 1.000000000000000020e+30 1.000000000000000020e+30 6.571930977518376515e+00 6.660502562443046948e+00 6.745626083765412062e+00 6.827846250939902717e+00 6.907694552567835267e+00 6.985569122035564682e+00 7.061675516639795980e+00 7.136096739770514397e+00 7.208787103479972203e+00 7.279619771198812650e+00 7.348412693209591673e+00 7.414955348611324659e+00 7.479046134387895783e+00 7.540510932353464035e+00 7.599209139358556797e+00 7.655037211745275627e+00 7.707928118531835793e+00 7.757847932143185687e+00 7.804791369301636195e+00 7.848776038854850867e+00 7.889835762239477468e+00 7.928014068763880928e+00 7.963358731532281354e+00 7.995917593526478129e+00 8.025735531734156325e+00 8.052852374105524902e+00 8.077301830768490731e+00 8.099111888748419474e+00 8.118307512042081342e+00 8.134916724949269096e+00 8.148980993895706959e+00 8.160569811762501402e+00 8.169796537780475987e+00 8.176826023735682014e+00 8.181853658575372279e+00 8.185031000428976355e+00 8.186356945725169254e+00 8.185671467657073208e+00 8.182705881077110277e+00 8.177137250446358863e+00 8.168633844458412341e+00 8.156879518594408296e+00 8.141368082192325772e+00 8.119785874168444550e+00 8.082156270949580446e+00 1.000000000000000020e+30
1.000000000000000020e+30 1.000000000000000020e+30 1.000000000000000020e+30 1.000000000000000020e+30 1.000000000000000020e+30 1.000000000000000020e+30 1.000000000000000020e+30 1.000000000000000020e+30 1.000000000000000020e+30 1.000000000000000020e+30 6.380352655731925893e+00 6.475872376613970971e+00 6.567097106313974919e+00 6.654945438544440428e+00 6.740297061633491182e+00 6.823790265265269106e+00 6.905708130094092567e+00 6.985863533720640284e+00 7.064088423488040114e+00 7.140269967792965744e+00 7.214274354459718097e+00 7.285938084469394838e+00 7.355087302698697371e+00 7.421559586430120703e+00 7.485216346119395681e+00 7.545947617348863545e+00 7.603673548614915845e+00 7.658343762300948931e+00 7.709935279560912846e+00 7.758449496893443431e+00 7.803908215676740312e+00 7.846348921569161305e+00 7.885819794312446618e+00 7.922374873496484504e+00 7.956069547814113463e+00 7.986956342864178993e+00 8.015081011794478627e+00 8.040479226484501751e+00 8.063174705850098434e+00 8.083180332680255376e+00 8.100504559315726993e+00 8.115165966147099397e+00 8.127218818557548019e+00 8.136790372525718240e+00 8.144120854612674876e+00 8.149566298375306772e+00 8.153469316353799456e+00 8.155844102959612485e+00 8.156409146154052436e+00 8.154704613884588227e+00 8.150166698960100931e+00 8.142188799123825760e+00 8.130311349027643075e+00 8.114586507477925537e+00 8.093698262020426526e+00 8.093358674120338492e+00 1.000000000000000020e+30
1.000000000000000020e+30 1.000000000000000020e+30 1.000000000000000020e+30 1.000000000000000020e+30 1.000000000000000020e+30 1.000000000000000020e+30 1.000000000000000020e+30 1.000000000000000020e+30 1.000000000000000020e+30 6.163096211366979382e+00 6.277385446499494925e+00 6.376642954655393325e+00 6.469591693566028034e+00 6.559281347708845189e+00 6.647128265717070050e+00 6.733990724390199745e+00 6.820151574516264859e+00 6.904542108378738163e+00 6.986707316125391642e+00 7.066543461144514815e+00 7.143918381186242783e+00 7.218667633358612612e+00 7.290632007885667676e+00 7.359675580532335282e+00 7.425690185977214419e+00 7.488594681197797698e+00 7.548333211161671663e+00 7.604873795546011728e+00 7.658207105163423734e+00 7.708344874562969906e+00 7.755317514432514159e+00 7.799170865068234093e+00 7.839962290272196377e+00 7.877756301131124239e+00 7.912619729086153519e+00 7.944616327162733249e+00 7.973800728047316433e+00 8.000212048858086789e+00 8.023868193807109250e+00 8.044763084209153092e+00 8.062870523373103282e+00 8.078160087284647517e+00 8.090632900820015294e+00 8.100389474329741546e+00 8.107741847513805666e+00 8.113335161767031067e+00 8.118017391275669681e+00 8.121784936152106837e+00 8.124117316670462330e+00 8.124289290441044642e+00 8.121435211989370018e+00 8.114484005308696624e+00 8.102468203067129338e+00 8.087878201992593219e+00 8.095958327404678911e+00 8.099168913437551964e+00 1.000000000000000020e+30
1.000000000000000020e+30 1.000000000000000020e+30 1.000000000000000020e+30 1.000000000000000020e+30 1.000000000000000020e+30 1.000000000000000020e+30 1.000000000000000020e+30 1.000000000000000020e+30 6.010147494870109242e+00 6.082524372305297966e+00 6.182035434377659122e+00 6.276284123018498029e+00 6.367894171730380748e+00 6.458002968991689130e+00 6.547486625709826313e+00 6.637439819269554064e+00 6.728921047199047933e+00 6.818015968004684346e+00 6.904245495896257800e+00 6.987894663482566493e+00 7.068836720344323865e+00 7.146868622321321141e+00 7.221827543201814414e+00 7.293599317916196867e+00 7.362106637929010766e+00 7.427298590982214677e+00 7.489144399506853844e+00 7.547631373837502267e+00 7.602765099357826628e+00 7.654569723902516998e+00 7.703087211463348183e+00 7.748375368221041448e+00 7.790504827994416459e+00 7.829555110832484566e+00 7.865609595690302491e+00 7.898748998104951902e+00 7.929042894004470377e+00 7.956539172827170603e+00 7.981252272089975008e+00 8.003152804523395503e+00 8.022163488887970928e+00 8.038168515117057211e+00 8.051047364340217172e+00 8.060760913014556550e+00 8.067570573744301754e+00 8.072539820730368021e+00 8.078075295485556140e+00 8.083820482323805123e+00 8.088703842421310242e+00 8.091670609445676732e+00 8.091618708935918391e+00 8.086704104128870085e+00 8.072097671299253818e+00 8.087349604625297061e+00 8.098029442970897662e+00 8.103137484166923699e+00 1.000000000000000020e+30
1.000000000000000020e+30 1.000000000000000020e+30 1.000000000000000020e+30 1.000000000000000020e+30 1.000000000000000020e+30 1.000000000000000020e+30 1.000000000000000020e+30 5.850734365830183137e+00 5.930413281490674038e+00 6.008010422255575911e+00 6.084560492521130293e+00 6.171157360676052583e+00 6.260278923234480430e+00 6.349923856132983602e+00 6.439947176336505485e+00 6.531933487445791719e+00 6.632652410411602695e+00 6.726940141296568143e+00 6.816965051853827617e+00 6.904576340378809185e+00 6.989317055317788352e+00 7.070828937838160577e+00 7.148936913410153693e+00 7.223560116091306327e+00 7.294662243701400151e+00 7.362228543980998019e+00 7.426255026361848977e+00 7.486747772396965317e+00 7.543726672302656588e+00 7.597228723296643338e+00 7.647309119130538235e+00 7.694040361052485899e+00 7.737510019573450748e+00 7.777817383946572072e+00 7.815068637819725161e+00 7.849369662243986134e+00 7.880815226985234290e+00 7.909473420659160148e+00 7.935365185753605388e+00 7.958441414948865145e+00 7.978563809270984741e+00 7.995496702181782211e+00 8.008911108547044577e+00 8.018408339171687160e+00 8.023696692799749286e+00 8.025715441404248196e+00 8.032533994945394440e+00 8.041394548039635382e+00 8.049943072469918803e+00 8.056859815496116184e+00 8.061501474512789756e+00 8.063495215227726831e+00 8.060602739882703816e+00 8.086327657371052524e+00 8.100616463636116649e+00 8.107163206553877899e+00 1.000000000000000020e+30
1.000000000000000020e+30 1.000000000000000020e+30 1.000000000000000020e+30 1.000000000000000020e+30 1.000000000000000020e+30 1.000000000000000020e+30 5.680961752827063727e+00 5.763732694781579902e+00 5.845420997852476042e+00 5.927193586816351001e+00 6.010248140430037189e+00 6.097280380615365480e+00 6.186497863055349100e+00 6.276413992452039459e+00 6.365988642460178148e+00 6.453849684479362914e+00 6.535416255301957911e+00 6.632731825018475469e+00 6.724714707330310404e+00 6.816762968779742415e+00 6.905684819649584583e+00 6.990882351378026272e+00 7.072257044758139877e+00 7.149810688710976692e+00 7.223570661640411394e+00 7.293568804571618713e+00 7.359828253521664365e+00 7.422369787862909796e+00 7.481223982472246625e+00 7.536439288077819043e+00 7.588084727228268989e+00 7.636249461866389865e+00 7.681041094905916466e+00 7.722583270624403085e+00 7.761011946972330655e+00 7.796468752288911119e+00 7.829088975881007606e+00 7.858981084067644396e+00 7.886195068616529191e+00 7.910680780452725713e+00 7.932246489530888844e+00 7.950531915381968240e+00 7.964975218676687341e+00 7.974640700308338381e+00 7.977558796981957023e+00 7.968643932865438373e+00 7.979579540095560475e+00 7.993976875836777296e+00 8.007570132940211138e+00 8.019133040061728224e+00 8.028887335559653948e+00 8.040067480763134711e+00 8.069157320973651792e+00 8.091680201583622889e+00 8.105891633517375183e+00 8.112685990940173397e+00 1.000000000000000020e+30
1.000000000000000020e+30 1.000000000000000020e+30 1.000000000000000020e+30 1.000000000000000020e+30 1.000000000000000020e+30 5.514725612528321719e+00 5.590933823548519754e+00 5.670525692377029969e+00 5.753032322902828177e+00 5.837764034308111860e+00 5.924612379811938112e+00 6.013857649284237716e+00 6.104644960863057079e+00 6.195863432977123608e+00 6.286357331774377499e+00 6.374675928756378340e+00 6.458629203160463739e+00 6.536484335606473906e+00 6.625036233752821246e+00 6.724725843348523746e+00 6.818445964892829281e+00 6.907453832927838988e+00 6.992126304136387027e+00 7.072622164681337864e+00 7.149053198823630773e+00 7.221510612545544383e+00 7.290037951398902649e+00 7.354658199594253709e+00 7.415404217001059450e+00 7.472332910887258706e+00 7.525527283663343781e+00 7.575094598144751501e+00 7.621164657363549644e+00 7.663888983786080189e+00 7.703439772587672429e+00 7.740006242948894943e+00 7.773784517629160895e+00 7.804954887710262135e+00 7.833637777757003207e+00 7.859823019999319094e+00 7.883291814799210151e+00 7.903591459398133345e+00 7.920098641635970438e+00 7.931999961960436885e+00 7.937730276106824689e+00 7.939420808234660676e+00 7.971012493922640552e+00 7.995375545041691900e+00 8.015389820721871672e+00 8.031506465095731073e+00 8.043248794345840835e+00 8.047241451750695163e+00 8.079205668008388130e+00 8.100282454874124127e+00 8.113530273303124929e+00 8.119953768431861008e+00 1.000000000000000020e+30
1.000000000000000020e+30 1.000000000000000020e+30 1.000000000000000020e+30 1.000000000000000020e+30 1.000000000000000020e+30 5.431348588866169891e+00 5.490314709690116146e+00 5.567162026444744782e+00 5.651146536466079340e+00 5.738919758719481123e+00 5.829259104131857328e+00 5.921552491135372520e+00 6.015004084887390690e+00 6.108668604119532830e+00 6.201525936479009182e+00 6.292492449508712227e+00 6.380574672536898362e+00 6.465771168638058342e+00 6.551053427117868644e+00 6.631328119264395582e+00 6.728602531316042246e+00 6.821065193103463820e+00 6.908905240238411238e+00 6.992266837116201117e+00 7.071319258230895244e+00 7.146239700292537300e+00 7.217064633673904162e+00 7.283788474405708868e+00 7.346431884391397382e+00 7.405057885066979928e+00 7.459765019595185009e+00 7.510680126942284929e+00 7.557955822638429133e+00 7.601772386940268689e+00 7.642341775536183768e+00 7.679910829250352400e+00 7.714759170083781648e+00 7.747182868138327017e+00 7.777443358943432195e+00 7.805648189193405528e+00 7.831576162419162657e+00 7.854617835884355692e+00 7.874106507367521601e+00 7.889911481721076925e+00 7.896423522230916703e+00 7.927804181785602644e+00 7.964320503991925371e+00 7.995834011227813676e+00 8.021876748982959882e+00 8.043075794951880297e+00 8.060227088019546571e+00 8.075000609626547643e+00 8.095064940781195872e+00 8.111650103853756733e+00 8.122938723123017013e+00 8.128595140145765896e+00 1.000000000000000020e+30
1.000000000000000020e+30 1.000000000000000020e+30 1.000000000000000020e+30 1.000000000000000020e+30 5.180392303332207682e+00 5.281894419103670302e+00 5.364670857859183073e+00 5.449479654603313072e+00 5.538254028631344639e+00 5.630258024921190874e+00 5.724670783653239781e+00 5.820782182228869672e+00 5.917821626703485549e+00 6.014935577219535645e+00 6.111229090352164661e+00 6.205832878548021014e+00 6.298048976726192016e+00 6.387626144587291499e+00 6.474746590997268569e+00 6.557831464080146056e+00 6.636271142197571749e+00 6.732016025527030934e+00 6.822903661066816561e+00 6.908992970206055517e+00 6.990527348693367671e+00 7.067918083278014407e+00 7.141095518269700904e+00 7.209956897259951702e+00 7.274494277893027494e+00 7.334783343483046281e+00 7.390945131892021180e+00 7.443128340774939566e+00 7.491506322006632246e+00 7.536283972833690115e+00 7.577709733038232365e+00 7.616090167210225026e+00 7.651804787430823040e+00 7.685316621907924528e+00 7.717147451788766155e+00 7.747697336998243145e+00 7.776801742513887561e+00 7.803362223364496586e+00 7.826073037636095187e+00 7.851498211951311035e+00 7.877380023767292627e+00 7.905622768446846749e+00 7.957272095290385927e+00 7.996468151606992869e+00 8.027970434929523336e+00 8.053507304050727456e+00 8.074441588654222457e+00 8.092363194132213167e+00 8.109320731488947942e+00 8.123247759390441303e+00 8.132923313832110424e+00 8.137842037348363533e+00 1.000000000000000020e+30
1.000000000000000020e+30 1.000000000000000020e+30 1.000000000000000020e+30 1.000000000000000020e+30 5.071961474548367654e+00 5.144164481230050434e+00 5.229939618649576794e+00 5.320728071066183062e+00 5.414983104082153886e+00 5.511997338469821983e+00 5.611156276143558053e+00 5.711823242934741529e+00 5.813275830067886396e+00 5.914711314359408334e+00 6.015293542520701919e+00 6.114222566447642393e+00 6.210820997857803505e+00 6.304601033194756177e+00 6.395149574397950509e+00 6.481673351414008799e+00 6.563597146931836157e+00 6.640556615846175958e+00 6.734452535347387858e+00 6.823053217858798369e+00 6.906692120774598820e+00 6.986662652608750079e+00 7.062340915911842210e+00 7.133398860651393392e+00 7.199810865498768919e+00 7.261703247954709894e+00 7.319236950797331609e+00 7.372585296773546126e+00 7.421935308045278568e+00 7.467504402963283106e+00 7.509562910840704042e+00 7.548462383699670930e+00 7.584671855583732025e+00 7.618846400189972279e+00 7.651949046519945341e+00 7.685115694829129929e+00 7.718607946705718703e+00 7.750110504148287838e+00 7.769597197783533638e+00 7.807009684149214479e+00 7.850457734061801141e+00 7.907311134103371053e+00 7.957314141024038001e+00 7.999496837869130239e+00 8.034788629587188424e+00 8.063351593814411800e+00 8.086522089946448943e+00 8.105577777778119497e+00 8.121520328672666267e+00 8.134028045870513424e+00 8.142607369318456634e+00 8.146955900289011510e+00 1.000000000000000020e+30
1.000000000000000020e+30 1.000000000000000020e+30 1.000000000000000020e+30 4.752188503117820595e+00 4.884491393355608224e+00 4.985970992597070328e+00 5.083242978655531985e+00 5.181499701056866414e+00 5.281888427992013746e+00 5.384477267393446454e+00 5.488973330637260339e+00 5.594877245702062574e+00 5.701509815213330334e+00 5.808072810477936443e+00 5.913719842771464563e+00 6.017634525317041572e+00 6.119093459716002492e+00 6.217487367712706714e+00 6.312262822329299361e+00 6.402814406813315706e+00 6.488608719622585674e+00 6.569182777335189627e+00 6.644063115560891575e+00 6.734864523522391622e+00 6.819344585607168163e+00 6.902554352417617167e+00 6.981102825106738408e+00 7.054430096158425201e+00 7.122643102481268862e+00 7.186035754104063145e+00 7.244830818882184609e+00 7.299224667924226750e+00 7.349401125302731153e+00 7.395567537630555854e+00 7.437987838281763686e+00 7.477022460525020620e+00 7.513161730315745857e+00 7.547131418197281505e+00 7.580471737037747459e+00 7.616102879093593181e+00 7.656417059463724861e+00 7.703016599405750675e+00 7.741268481142792979e+00 7.802919159315760744e+00 7.856949668109455942e+00 7.910409858722483811e+00 7.959807893206093610e+00 8.004114409308389355e+00 8.043093808553031465e+00 8.073397903839911294e+00 8.097569548832801445e+00 8.116791630058667550e+00 8.132066624538744293e+00 8.143667003898340084e+00 8.151464370767261158e+00 8.155366247987938522e+00 1.000000000000000020e+30
1.000000000000000020e+30 1.000000000000000020e+30 1.000000000000000020e+30 4.645020865915290287e+00 4.721175850248754635e+00 4.825228959929785510e+00 4.928729629125365719e+00 5.033238040141741365e+00 5.139628194450935439e+00 5.248025106205008505e+00 5.358302918420826622e+00 5.470073112938352189e+00 5.582639349016902841e+00 5.695137604627905858e+00 5.806633735771229432e+00 5.916232537908196143e+00 6.023143958362630279e+00 6.126695844227108445e+00 6.226302515912259139e+00 6.321422667043324672e+00 6.411566465407763538e+00 6.496253246269003689e+00 6.574830377582593144e+00 6.645799789847634642e+00 6.726097230763008028e+00 6.815967472228732227e+00 6.897982443385816786e+00 6.973514862741426512e+00 7.043283688564772049e+00 7.108007996897051761e+00 7.167927235214620829e+00 7.223246684088260317e+00 7.274110726403633542e+00 7.320683503759089383e+00 7.363182677975944834e+00 7.401944336028811300e+00 7.437374926895569338e+00 7.469692679250885092e+00 7.500450578630774245e+00 7.536263005246620850e+00 7.581920261140479234e+00 7.658394144440601181e+00 7.735412021609935351e+00 7.800817140294695307e+00 7.858477035845730541e+00 7.912120716002847942e+00 7.962020094882538146e+00 8.008756807746044259e+00 8.054836127247291699e+00 8.084389987120543353e+00 8.108421590806996093e+00 8.126840420570895063e+00 8.141200418144634909e+00 8.152039958900523686e+00 8.159159576058703678e+00 8.162626917549820504e+00 1.000000000000000020e+30
1.000000000000000020e+30 1.000000000000000020e+30 1.000000000000000020e+30 4.486218780542682971e+00 4.554919989935531710e+00 4.658426743596865371e+00 4.766509814014550983e+00 4.876316687489631541e+00 4.988509427605060331e+00 5.102771308240217962e+00 5.219155082961409065e+00 5.337428376878611935e+00 5.456738072270615802e+00 5.576057499179667865e+00 5.694256481659391689e+00 5.810295509261433011e+00 5.923305697026631123e+00 6.032583836229192364e+00 6.137554346670315297e+00 6.237733097076556987e+00 6.332716210440985982e+00 6.422186520065046089e+00 6.505985905027369398e+00 6.584530604702544032e+00 6.660965448302412995e+00 6.730104664108468526e+00 6.814243920149187339e+00 6.891300630459421761e+00 6.961950823178331582e+00 7.027817485742579251e+00 7.088710843846315335e+00 7.144871497568571428e+00 7.196323571372588823e+00 7.243154176934820221e+00 7.285469820884133973e+00 7.323630386155672412e+00 7.358217300897216262e+00 7.387419230262916692e+00 7.409076239859566648e+00 7.440382147023314907e+00 7.470531734561299153e+00 1.000000000000000020e+30 1.000000000000000020e+30 1.000000000000000020e+30 1.000000000000000020e+30 1.000000000000000020e+30 1.000000000000000020e+30 1.000000000000000020e+30 8.077877880955295353e+00 8.095726813189441984e+00 8.119748592404311793e+00 8.135840673316769411e+00 8.148770632855235618e+00 8.159065972347088191e+00 8.165451302146468748e+00 8.168304578246106118e+00 1.000000000000000020e+30
1.000000000000000020e+30 1.000000000000000020e+30 4.158434879015417529e+00 4.282325159501993994e+00 4.377862765851342708e+00 4.480589269323624890e+00 4.596013641707902053e+00 4.710369177175694588e+00 4.828598033272831991e+00 4.948593574384485549e+00 5.071241400846353109e+00 5.196800871793801235e+00 5.323815663892493610e+00 5.451027373356037486e+00 5.576916695517449618e+00 5.700220783670300939e+00 5.819997542355439535e+00 5.935551174554963616e+00 6.046352599572615283e+00 6.151986131034846039e+00 6.252127345051508023e+00 6.346550072872315873e+00 6.435175038601852471e+00 6.518177590569230517e+00 6.595966969509097666e+00 6.666987242099482458e+00 6.730491778866743324e+00 6.808430585291822545e+00 6.878379999236666542e+00 6.945624694891363582e+00 7.007302508172156053e+00 7.064335822188359870e+00 7.116348958945596159e+00 7.163395545607779802e+00 7.205236975914157682e+00 7.242288606648766169e+00 7.277920826682232835e+00 7.306250416278124327e+00 7.351097926517327075e+00 7.388994629618095722e+00 7.432902744137845907e+00 1.000000000000000020e+30 1.000000000000000020e+30 1.000000000000000020e+30 1.000000000000000020e+30 1.000000000000000020e+30 1.000000000000000020e+30 1.000000000000000020e+30 1.000000000000000020e+30 1.000000000000000020e+30 8.133879196426081037e+00 8.142902790678887115e+00 8.153895812088332917e+00 8.164938378851900325e+00 8.170221540708705987e+00 8.171786758647556326e+00 1.000000000000000020e+30
1.000000000000000020e+30 1.000000000000000020e+30 4.056273058284109112e+00 4.129224603076380617e+00 4.216606951316265395e+00 4.313635952503872772e+00 4.420193901282527094e+00 4.534060976783229613e+00 4.660339724138640172e+00 4.785095334152326352e+00 4.913663338811772974e+00 5.047883655657469326e+00 5.183784773149619163e+00 5.320336686858578190e+00 5.455115223964492444e+00 5.586571147579329377e+00 5.713764373974417055e+00 5.836086499595062982e+00 5.953108407908639599e+00 6.064504955450472856e+00 6.170024008662792880e+00 6.269481456819944398e+00 6.362768661580672891e+00 6.449840058874167781e+00 6.530567374966748773e+00 6.604251162334628944e+00 6.670085396216592244e+00 6.726489952325509947e+00 6.790492243830325236e+00 6.862018165839383954e+00 6.923604429171327901e+00 6.981936705132492094e+00 7.034512421826202733e+00 7.082073191006608148e+00 7.123089359371810758e+00 7.155730289758362339e+00 7.198360697566869248e+00 7.250781274365412976e+00 7.293640094436899091e+00 7.325233236531885517e+00 1.000000000000000020e+30 1.000000000000000020e+30 1.000000000000000020e+30 1.000000000000000020e+30 1.000000000000000020e+30 1.000000000000000020e+30 1.000000000000000020e+30 1.000000000000000020e+30 1.000000000000000020e+30 1.000000000000000020e+30 1.000000000000000020e+30 1.000000000000000020e+30 1.000000000000000020e+30 8.171941253740188316e+00 8.173658646047181620e+00 1.000000000000000020e+30 1.000000000000000020e+30
1.000000000000000020e+30 3.805378174420996018e+00 3.902301873497184825e+00 3.983255886796716272e+00 4.067771745914342318e+00 4.159782387702710693e+00 4.260311804410950032e+00 4.369251454448243699e+00 4.487182408087639018e+00 4.611266336716227876e+00 4.743820224409639685e+00 4.890577706925383517e+00 5.036304186090866608e+00 5.184534788783037307e+00 5.329674207308496392e+00 5.470154226536426911e+00 5.605315014012195007e+00 5.734788226737396855e+00 5.858320019134059642e+00 5.975706576939352033e+00 6.086772749416728523e+00 6.191368639532670137e+00 6.289368151558127451e+00 6.380650025571927841e+00 6.465036463711187231e+00 6.542220059138280419e+00 6.612003197403649501e+00 6.674738359720866043e+00 6.733335157330434306e+00 6.781368489190236382e+00 6.836219808678518639e+00 6.898398391634018800e+00 6.950844704009549346e+00 7.000503017564827068e+00 7.042583828343168761e+00 7.100220592215868542e+00 7.150389008058227525e+00 7.198308861658576419e+00 7.240931945871052378e+00 7.286592781285489373e+00 1.000000000000000020e+30 1.000000000000000020e+30 1.000000000000000020e+30 1.000000000000000020e+30 1.000000000000000020e+30 1.000000000000000020e+30 1.000000000000000020e+30 1.000000000000000020e+30 1.000000000000000020e+30 1.000000000000000020e+30 1.000000000000000020e+30 1.000000000000000020e+30 1.000000000000000020e+30 1.000000000000000020e+30 1.000000000000000020e+30 1.000000000000000020e+30 1.000000000000000020e+30
1.000000000000000020e+30 3.728153975933611974e+00 3.784558190527129717e+00 3.854450798616845031e+00 3.932656834786551148e+00 4.019159294043527453e+00 4.114353888356692579e+00 4.218421152336458313e+00 4.331533119847406077e+00 4.453358369591811083e+00 4.584946382833318346e+00 4.727736131376761186e+00 4.879646738707316800e+00 5.045048188775123954e+00 5.202023538480919029e+00 5.352105966102423729e+00 5.495533178615070291e+00 5.632353830977256059e+00 5.762553555868481503e+00 5.886070870838291391e+00 6.002810585357185147e+00 6.112657982544743795e+00 6.215487945297677896e+00 6.311164348592096296e+00 6.399532462626502216e+00 6.480437196884556883e+00 6.553848636159306906e+00 6.620043893009886382e+00 6.679703085637718196e+00 6.732124147890591104e+00 6.780141401277206548e+00 6.817686984454820909e+00 6.863103933590023686e+00 6.919695092679280179e+00 6.986709776487106893e+00 7.045453159229643880e+00 7.097983457980396871e+00 7.144494531857607633e+00 7.178593447464456823e+00 1.000000000000000020e+30 1.000000000000000020e+30 1.000000000000000020e+30 1.000000000000000020e+30 1.000000000000000020e+30 1.000000000000000020e+30 1.000000000000000020e+30 1.000000000000000020e+30 1.000000000000000020e+30 1.000000000000000020e+30 1.000000000000000020e+30 1.000000000000000020e+30 1.000000000000000020e+30 1.000000000000000020e+30 1.000000000000000020e+30 1.000000000000000020e+30 1.000000000000000020e+30 1.000000000000000020e+30
3.544583240376133482e+00 3.613781153341304009e+00 3.672907675659012661e+00 3.737318797986075580e+00 3.809686422857594845e+00 3.890788614294410586e+00 3.981023395837707479e+00 4.080655031824434786e+00 4.189942685746856910e+00 4.309175939025644553e+00 4.439133864164027443e+00 4.580877801284609419e+00 4.735498772657837030e+00 4.907329136183119722e+00 5.074496499259569582e+00 5.233847631830819580e+00 5.385410569420843174e+00 5.529524317120877441e+00 5.666397481159666683e+00 5.796096918783583796e+00 5.918592638520320470e+00 6.033795394030902592e+00 6.141581063327339329e+00 6.241805663765378931e+00 6.334318722714846750e+00 6.418991381755581926e+00 6.495778925913084478e+00 6.564786199930114918e+00 6.626247736031722901e+00 6.680266150005716774e+00 6.727563887124794917e+00 6.767639944002461938e+00 6.803072776657035803e+00 6.867757245683137057e+00 6.932290821706777351e+00 6.990112533569427633e+00 7.044847914276760825e+00 7.095755097100427733e+00 7.137246835570082659e+00 1.000000000000000020e+30 1.000000000000000020e+30 1.000000000000000020e+30 1.000000000000000020e+30 1.000000000000000020e+30 1.000000000000000020e+30 1.000000000000000020e+30 1.000000000000000020e+30 1.000000000000000020e+30 1.000000000000000020e+30 1.000000000000000020e+30 1.000000000000000020e+30 1.000000000000000020e+30 1.000000000000000020e+30 1.000000000000000020e+30 1.000000000000000020e+30 1.000000000000000020e+30 1.000000000000000020e+30
3.493583655568353485e+00 3.528077366490233402e+00 3.574912637590789366e+00 3.631544682165520843e+00 3.697717287254189689e+00 3.773494549678953813e+00 3.859032928771173765e+00 3.954553447759991958e+00 4.060368496866043841e+00 4.176931316000920269e+00 4.304962037786410178e+00 4.445402651839943431e+00 4.599310278470616353e+00 4.767733428612025648e+00 4.948119875167253490e+00 5.116601653063382216e+00 5.275866901080342508e+00 5.426985326925274578e+00 5.570398944036437427e+00 5.706257259484738498e+00 5.834557175517666394e+00 5.955209863804340031e+00 6.068076525143631272e+00 6.172991299746033000e+00 6.269779226776976522e+00 6.358274503881961692e+00 6.438351497716267247e+00 6.509961843533917047e+00 6.573155195390717687e+00 6.628086407927031409e+00 6.675208071570697399e+00 6.715283230433916728e+00 6.752239819933758547e+00 6.809083437566120445e+00 6.877712715579974656e+00 6.931010887693260791e+00 6.978283287263201018e+00 7.023476505490884314e+00 7.084707855206024973e+00 1.000000000000000020e+30 1.000000000000000020e+30 1.000000000000000020e+30 1.000000000000000020e+30 1.000000000000000020e+30 1.000000000000000020e+30 1.000000000000000020e+30 1.000000000000000020e+30 1.000000000000000020e+30 1.000000000000000020e+30 1.000000000000000020e+30 1.000000000000000020e+30 1.000000000000000020e+30 1.000000000000000020e+30 1.000000000000000020e+30 1.000000000000000020e+30 1.000000000000000020e+30 1.000000000000000020e+30
3.425995478657104520e+00 3.448136938899442949e+00 3.485497874360847792e+00 3.534937143738404952e+00 3.595236980144138172e+00 3.665976101906078366e+00 3.747098112229002354e+00 3.838755335243397404e+00 3.941265736742338266e+00 4.055122735057588024e+00 4.181036475126081342e+00 4.319941377877735356e+00 4.472990069486272979e+00 4.641544993225652505e+00 4.827088036573413454e+00 5.001888490600663317e+00 5.167680201771126747e+00 5.325270848796187728e+00 5.474999415129143010e+00 5.616957219872757534e+00 5.751100387101183209e+00 5.877304010583019434e+00 5.995390993510689270e+00 6.105154940282426779e+00 6.206377450584930067e+00 6.298824082232908239e+00 6.382250488236452135e+00 6.456433609819616670e+00 6.521230251918666454e+00 6.576654125625073455e+00 6.622874149549004663e+00 6.659061616491507962e+00 6.719591557154003247e+00 6.777090759615618687e+00 6.831539252889831992e+00 6.875170545062330163e+00 6.908511881029364865e+00 6.932973891572276948e+00 1.000000000000000020e+30 1.000000000000000020e+30 1.000000000000000020e+30 1.000000000000000020e+30 1.000000000000000020e+30 1.000000000000000020e+30 1.000000000000000020e+30 1.000000000000000020e+30 1.000000000000000020e+30 1.000000000000000020e+30 1.000000000000000020e+30 1.000000000000000020e+30 1.000000000000000020e+30 1.000000000000000020e+30 1.000000000000000020e+30 1.000000000000000020e+30 1.000000000000000020e+30 1.000000000000000020e+30 1.000000000000000020e+30
3.353782456108133303e+00 3.370622504425366817e+00 3.401868123774757446e+00 3.445621430552367137e+00 3.500822707030254222e+00 3.566994681314997973e+00 3.644023883002160513e+00 3.732037898943481036e+00 3.831352259230679458e+00 3.942462025889308386e+00 4.066063648737664238e+00 4.203095054278050746e+00 4.354818933356876087e+00 4.523009360279045765e+00 4.710341794868291743e+00 4.889593224811939365e+00 5.060987497950358183e+00 5.224611133497999660e+00 5.380477919413793053e+00 5.528507618640405852e+00 5.668560612502217211e+00 5.800446319149054730e+00 5.923925711458786658e+00 6.038733827376529639e+00 6.144612133659151709e+00 6.241250713395112726e+00 6.328254657502477620e+00 6.405167001304298502e+00 6.471573984295745596e+00 6.527349081820580601e+00 6.573529456801663784e+00 6.615887129333451355e+00 6.682978644157385517e+00 6.741159494580794664e+00 6.791036718741509937e+00 6.829439904866930533e+00 6.855426118874507146e+00 6.870396077169621307e+00 1.000000000000000020e+30 1.000000000000000020e+30 1.000000000000000020e+30 1.000000000000000020e+30 1.000000000000000020e+30 1.000000000000000020e+30 1.000000000000000020e+30 1.000000000000000020e+30 1.000000000000000020e+30 1.000000000000000020e+30 1.000000000000000020e+30 1.000000000000000020e+30 1.000000000000000020e+30 1.000000000000000020e+30 1.000000000000000020e+30 1.000000000000000020e+30 1.000000000000000020e+30 1.000000000000000020e+30 1.000000000000000020e+30
3.281831015848779121e+00 3.295902569533806670e+00 3.323113622253003996e+00 3.362497242553448284e+00 3.413401068170430541e+00 3.475507901617697293e+00 3.548769184955399503e+00 3.633341574700045040e+00 3.729548319453584337e+00 3.837866986245795253e+00 3.958943988407818804e+00 4.093642477571664884e+00 4.243155337394274085e+00 4.409287786461692171e+00 4.595320803167092905e+00 4.778658053542468309e+00 4.955443403275731740e+00 5.124976921669379237e+00 5.286967777195505924e+00 5.441128818290621005e+00 5.587215527936570503e+00 5.724968382864698668e+00 5.854063164444466061e+00 5.974143214738166563e+00 6.084966893698915413e+00 6.186181705540090725e+00 6.277218654471869996e+00 6.357281132904036625e+00 6.425440316471100033e+00 6.480552286586082289e+00 6.520949405201842630e+00 6.585053673046306955e+00 6.648240374733568991e+00 6.706043428787987537e+00 6.756135632180747308e+00 6.794142113261281146e+00 6.820759565089056231e+00 6.846262079353156338e+00 1.000000000000000020e+30 1.000000000000000020e+30 1.000000000000000020e+30 1.000000000000000020e+30 1.000000000000000020e+30 1.000000000000000020e+30 1.000000000000000020e+30 1.000000000000000020e+30 1.000000000000000020e+30 1.000000000000000020e+30 1.000000000000000020e+30 1.000000000000000020e+30 1.000000000000000020e+30 1.000000000000000020e+30 1.000000000000000020e+30 1.000000000000000020e+30 1.000000000000000020e+30 1.000000000000000020e+30 1.000000000000000020e+30
3.212496326529984181e+00 3.224814016647716386e+00 3.249117209333480361e+00 3.285015081846827556e+00 3.332237934697057646e+00 3.390693480931290082e+00 3.460461081602765887e+00 3.541765913325707782e+00 3.634952977784014383e+00 3.740470421449142879e+00 3.858870190518589371e+00 3.990832259311887675e+00 4.137203462687595312e+00 4.298966410844041519e+00 4.476742782062290260e+00 4.667873799500084075e+00 4.850616846298453133e+00 5.026233035738058241e+00 5.194532020422236052e+00 5.354980283601214808e+00 5.507285373847829568e+00 5.651167778853208645e+00 5.786185093293605419e+00 5.911740727309026333e+00 6.027834879203297191e+00 6.134177344044213775e+00 6.230035646981353814e+00 6.314177935078068238e+00 6.385243209788630026e+00 6.441379106408157362e+00 6.480675703101196561e+00 6.547127756362254303e+00 6.609815440008101284e+00 6.669195329994939136e+00 6.725158091381912229e+00 6.765445423307852479e+00 6.787396674504575955e+00 1.000000000000000020e+30 1.000000000000000020e+30 1.000000000000000020e+30 1.000000000000000020e+30 1.000000000000000020e+30 1.000000000000000020e+30 1.000000000000000020e+30 1.000000000000000020e+30 1.000000000000000020e+30 1.000000000000000020e+30 1.000000000000000020e+30 1.000000000000000020e+30 1.000000000000000020e+30 1.000000000000000020e+30 1.000000000000000020e+30 1.000000000000000020e+30 1.000000000000000020e+30 1.000000000000000020e+30 1.000000000000000020e+30 1.000000000000000020e+30
3.147134183619397341e+00 3.158102736285377965e+00 3.180032033337071962e+00 3.212925500905450260e+00 3.256837898799757713e+00 3.311907199947837555e+00 3.378366812341625280e+00 3.456537624310026757e+00 3.546804942174431208e+00 3.649589269007844194e+00 3.765326794229292062e+00 3.894479074683609543e+00 4.037582479772704680e+00 4.195299003569449070e+00 4.368513981417699199e+00 4.559176428113627999e+00 4.746473746383514047e+00 4.928236147778416232e+00 5.103265049878305426e+00 5.270196070322262116e+00 5.428916222746225095e+00 5.579301066066280512e+00 5.720780621022576895e+00 5.851766720771437669e+00 5.973387224180518373e+00 6.085565131118649163e+00 6.187461153339665287e+00 6.276921325693296971e+00 6.352414844530518856e+00 6.411607341881484956e+00 6.450022770234022929e+00 6.505672273590973553e+00 6.566971035281889968e+00 6.627423712856011839e+00 6.699499228688949870e+00 6.746117312272825295e+00 6.770201796554894180e+00 1.000000000000000020e+30 1.000000000000000020e+30 1.000000000000000020e+30 1.000000000000000020e+30 1.000000000000000020e+30 1.000000000000000020e+30 1.000000000000000020e+30 1.000000000000000020e+30 1.000000000000000020e+30 1.000000000000000020e+30 1.000000000000000020e+30 1.000000000000000020e+30 1.000000000000000020e+30 1.000000000000000020e+30 1.000000000000000020e+30 1.000000000000000020e+30 1.000000000000000020e+30 1.000000000000000020e+30 1.000000000000000020e+30 1.000000000000000020e+30
3.086718774119402653e+00 3.096410826222913748e+00 3.116092376450321222e+00 3.146121145018469623e+00 3.186844412930378567e+00 3.238619087455537837e+00 3.301841748208433902e+00 3.376953795146950821e+00 3.464412155097384982e+00 3.564631475398050142e+00 3.677924805647109441e+00 3.804488229913527864e+00 3.944499647728917147e+00 4.098206287308613582e+00 4.265921673966879268e+00 4.447644018359859786e+00 4.641516026316558019e+00 4.830487748807429149e+00 5.013490437818833634e+00 5.186912250830860494e+00 5.352081338244818909e+00 5.508748833435960890e+00 5.657270958157488039e+00 5.792353640715043994e+00 5.919464298708008165e+00 6.038305845452886622e+00 6.148842666837363247e+00 6.245896914348273654e+00 6.328750308627635768e+00 6.395209078879187992e+00 6.440927205849542148e+00 6.498836979138907566e+00 6.566736894173421213e+00 6.617496944331503705e+00 6.689495966525032422e+00 6.739282560946175060e+00 6.769421601330745553e+00 6.784370849251234681e+00 1.000000000000000020e+30 1.000000000000000020e+30 1.000000000000000020e+30 1.000000000000000020e+30 1.000000000000000020e+30 1.000000000000000020e+30 1.000000000000000020e+30 1.000000000000000020e+30 1.000000000000000020e+30 1.000000000000000020e+30 1.000000000000000020e+30 1.000000000000000020e+30 1.000000000000000020e+30 1.000000000000000020e+30 1.000000000000000020e+30 1.000000000000000020e+30 1.000000000000000020e+30 1.000000000000000020e+30 1.000000000000000020e+30
3.032180425445050620e+00 3.040356081812464861e+00 3.057548914099614823e+00 3.084543799344902748e+00 3.121962095007605242e+00 3.170351745483100281e+00 3.230269460820839544e+00 3.302308866943751031e+00 3.387058817433861613e+00 3.484989667098334021e+00 3.596308299916828322e+00 3.720847445985600910e+00 3.858339842968051769e+00 4.008622314101039308e+00 4.171820069757085747e+00 4.347521039520988673e+00 4.535207516566222452e+00 4.732311794356365731e+00 4.922655331693908565e+00 5.099673559218493857e+00 5.271939056001559543e+00 5.435596410421888791e+00 5.595343268960216498e+00 5.727360065655880739e+00 5.861203414120178756e+00 5.987640458028331558e+00 6.112726802730810149e+00 6.218867959317422311e+00 6.312590078273183636e+00 6.391483437295987002e+00 6.457371029882196467e+00 6.518646813420231112e+00 6.574914415008951352e+00 6.623045203807073733e+00 6.694142313871828343e+00 6.744395319934203492e+00 6.776098857281864341e+00 6.791548789678159004e+00 1.000000000000000020e+30 1.000000000000000020e+30 1.000000000000000020e+30 1.000000000000000020e+30 1.000000000000000020e+30 1.000000000000000020e+30 1.000000000000000020e+30 1.000000000000000020e+30 1.000000000000000020e+30 1.000000000000000020e+30 1.000000000000000020e+30 1.000000000000000020e+30 1.000000000000000020e+30 1.000000000000000020e+30 1.000000000000000020e+30 1.000000000000000020e+30 1.000000000000000020e+30 1.000000000000000020e+30 1.000000000000000020e+30
2.984723522992220435e+00 2.990590199993809151e+00 3.004612016670253904e+00 3.028112437107472132e+00 3.061899993598150793e+00 3.106634738948608199e+00 3.163008401846375772e+00 3.231811813267407629e+00 3.313882732198291770e+00 3.409894750730308566e+00 3.520060260781584738e+00 3.643573282901736654e+00 3.779515598630051265e+00 3.927128391819499686e+00 4.087175233838610033e+00 4.258400355662100623e+00 4.440643431132486718e+00 4.634727663029561739e+00 4.837623036383885022e+00 5.044146701271211342e+00 5.230291890240767572e+00 5.398992384510846065e+00 5.544217860503319883e+00 5.690674762343739701e+00 5.844506645650567656e+00 5.974415806254788741e+00 6.081422634460296628e+00 6.190960015382177772e+00 6.300075630422654172e+00 6.390744983846746052e+00 6.468097608163729362e+00 6.533489600060416791e+00 6.583147971605320059e+00 6.642094631793608706e+00 6.711929653204200541e+00 6.760310991725530627e+00 6.791251469304903310e+00 6.806376673112909614e+00 1.000000000000000020e+30 1.000000000000000020e+30 1.000000000000000020e+30 1.000000000000000020e+30 1.000000000000000020e+30 1.000000000000000020e+30 1.000000000000000020e+30 1.000000000000000020e+30 1.000000000000000020e+30 1.000000000000000020e+30 1.000000000000000020e+30 1.000000000000000020e+30 1.000000000000000020e+30 1.000000000000000020e+30 1.000000000000000020e+30 1.000000000000000020e+30 1.000000000000000020e+30 1.000000000000000020e+30 1.000000000000000020e+30
2.946386108208502552e+00 2.947691220495510134e+00 2.957303126164822160e+00 2.976641391179014828e+00 3.006339583567319451e+00 3.046993624833988168e+00 3.099366678096612926e+00 3.164503382026826905e+00 3.243706178739554691e+00 3.338152639224375218e+00 3.448618817002072845e+00 3.572748944609713817e+00 3.708696670655212468e+00 3.853709617672861576e+00 4.009001407064050504e+00 4.177744964073076162e+00 4.361816464859201048e+00 4.561044194754888537e+00 4.783448899347929384e+00 4.995214335985799892e+00 5.194837485850316128e+00 5.375735352710718118e+00 5.536143552282286606e+00 5.687576726414704353e+00 5.833661843802608438e+00 5.969117400328155298e+00 6.092691539731291961e+00 6.203875317117428345e+00 6.289561608142586024e+00 6.390425735062271073e+00 6.479617507909252616e+00 6.554769255744829159e+00 6.618332136314762693e+00 6.686845510742745802e+00 6.743418979697322513e+00 6.785872966693687225e+00 6.814395469461248744e+00 6.828943375844669816e+00 1.000000000000000020e+30 1.000000000000000020e+30 1.000000000000000020e+30 1.000000000000000020e+30 1.000000000000000020e+30 1.000000000000000020e+30 1.000000000000000020e+30 1.000000000000000020e+30 1.000000000000000020e+30 1.000000000000000020e+30 1.000000000000000020e+30 1.000000000000000020e+30 1.000000000000000020e+30 1.000000000000000020e+30 1.000000000000000020e+30 1.000000000000000020e+30 1.000000000000000020e+30 1.000000000000000020e+30 1.000000000000000020e+30
2.921511457829443881e+00 2.911263522720791919e+00 2.915105518339482948e+00 2.929765161507994264e+00 2.954956103267519119e+00 2.991008846015679623e+00 3.038648052749262085e+00 3.099201748442926618e+00 3.174827115670099342e+00 3.267488935276684714e+00 3.377896585774605498e+00 3.502205509092667146e+00 3.638541409436244933e+00 3.784516166790307334e+00 3.940945721841743854e+00 4.107479146090976307e+00 4.302967373216503688e+00 4.514630375327018719e+00 4.728958948726938338e+00 4.921671677069570094e+00 5.153686922730036812e+00 5.388190227494141560e+00 5.543816017380932770e+00 5.680505454249787256e+00 5.810886776259603259e+00 5.962762931511234932e+00 6.095353348102772628e+00 6.223436817962116230e+00 6.368782457492279114e+00 6.466718091529166657e+00 6.550783834126425731e+00 6.624322251384684002e+00 6.683855316631413856e+00 6.735777660371693010e+00 6.781219937246765639e+00 6.817520661962438666e+00 6.843641698157024500e+00 6.858626466039890346e+00 1.000000000000000020e+30 1.000000000000000020e+30 1.000000000000000020e+30 1.000000000000000020e+30 1.000000000000000020e+30 1.000000000000000020e+30 1.000000000000000020e+30 1.000000000000000020e+30 1.000000000000000020e+30 1.000000000000000020e+30 1.000000000000000020e+30 1.000000000000000020e+30 1.000000000000000020e+30 1.000000000000000020e+30 1.000000000000000020e+30 1.000000000000000020e+30 1.000000000000000020e+30 1.000000000000000020e+30 1.000000000000000020e+30
1.000000000000000020e+30 2.875318007480312854e+00 2.876689179299828147e+00 2.887046815570585956e+00 2.907552338475864140e+00 2.938495276597434369e+00 2.980356875384774895e+00 3.034530320088251631e+00 3.102752534313900856e+00 3.188971702595888580e+00 3.300410657867342223e+00 3.427872025547139323e+00 3.570394641986670781e+00 3.720967927538558317e+00 3.896335108010118287e+00 4.053958475546292739e+00 4.191830724713614842e+00 4.491161434157707966e+00 4.763735151819956215e+00 4.857966918044260396e+00 1.000000000000000020e+30 5.481849044794695480e+00 5.566898894364165074e+00 5.666373953331440561e+00 5.743005963327089347e+00 1.000000000000000020e+30 1.000000000000000020e+30 1.000000000000000020e+30 6.485083631056366649e+00 6.542959774918882587e+00 6.622717843324266163e+00 6.693982302777016002e+00 6.742899099903054250e+00 6.783365128444374115e+00 6.820297557720348181e+00 6.851450099293665552e+00 6.876101383542792433e+00 6.895813492031084735e+00 6.918481295082856697e+00 1.000000000000000020e+30 1.000000000000000020e+30 1.000000000000000020e+30 1.000000000000000020e+30 1.000000000000000020e+30 1.000000000000000020e+30 1.000000000000000020e+30 1.000000000000000020e+30 1.000000000000000020e+30 1.000000000000000020e+30 1.000000000000000020e+30 1.000000000000000020e+30 1.000000000000000020e+30 1.000000000000000020e+30 1.000000000000000020e+30 1.000000000000000020e+30 1.000000000000000020e+30 1.000000000000000020e+30
1.000000000000000020e+30 2.852372325688520505e+00 2.843669528754278364e+00 2.848629263209937257e+00 2.864285217854556365e+00 2.889823818191903815e+00 2.924765620669594224e+00 2.969788585560574123e+00 3.026112052982840694e+00 3.097509624471709522e+00 3.191041961045939512e+00 3.311865294777238233e+00 3.501796917428419142e+00 3.647617587799054650e+00 3.880108943525228060e+00 4.078602880520154628e+00 4.144462445585866739e+00 1.000000000000000020e+30 1.000000000000000020e+30 1.000000000000000020e+30 1.000000000000000020e+30 1.000000000000000020e+30 1.000000000000000020e+30 1.000000000000000020e+30 1.000000000000000020e+30 1.000000000000000020e+30 1.000000000000000020e+30 1.000000000000000020e+30 6.540595680262503819e+00 6.586955667168957085e+00 6.687666260519412376e+00 6.757850377891994498e+00 6.793664323749653455e+00 6.826601399775674928e+00 6.857236447486686259e+00 6.883932765597499781e+00 6.905527594662879132e+00 6.922049964819789736e+00 6.933584507321437940e+00 1.000000000000000020e+30 1.000000000000000020e+30 1.000000000000000020e+30 1.000000000000000020e+30 1.000000000000000020e+30 1.000000000000000020e+30 1.000000000000000020e+30 1.000000000000000020e+30 1.000000000000000020e+30 1.000000000000000020e+30 1.000000000000000020e+30 1.000000000000000020e+30 1.000000000000000020e+30 1.000000000000000020e+30 1.000000000000000020e+30 1.000000000000000020e+30 1.000000000000000020e+30 1.000000000000000020e+30
1.000000000000000020e+30 1.000000000000000020e+30 2.811186543636892576e+00 2.813749456177726760e+00 2.825466748219725321e+00 2.845762820725771025e+00 2.872762821954937706e+00 2.907032235398468778e+00 2.949843425204410785e+00 2.992056678453222318e+00 3.141716576783492254e+00 3.242215431832693007e+00 1.000000000000000020e+30 1.000000000000000020e+30 1.000000000000000020e+30 1.000000000000000020e+30 1.000000000000000020e+30 1.000000000000000020e+30 1.000000000000000020e+30 1.000000000000000020e+30 1.000000000000000020e+30 1.000000000000000020e+30 1.000000000000000020e+30 1.000000000000000020e+30 1.000000000000000020e+30 1.000000000000000020e+30 1.000000000000000020e+30 1.000000000000000020e+30 1.000000000000000020e+30 1.000000000000000020e+30 6.766889565310636456e+00 6.801374684023456574e+00 6.834116301984101582e+00 6.863271365752733111e+00 6.890147634237935748e+00 6.913524304855672931e+00 6.932011596412818832e+00 6.945241393900517757e+00 6.952637349987654147e+00 1.000000000000000020e+30 1.000000000000000020e+30 1.000000000000000020e+30 1.000000000000000020e+30 1.000000000000000020e+30 1.000000000000000020e+30 1.000000000000000020e+30 1.000000000000000020e+30 1.000000000000000020e+30 1.000000000000000020e+30 1.000000000000000020e+30 1.000000000000000020e+30 1.000000000000000020e+30 1.000000000000000020e+30 1.000000000000000020e+30 1.000000000000000020e+30 1.000000000000000020e+30 1.000000000000000020e+30
1.000000000000000020e+30 1.000000000000000020e+30 2.790161615522601224e+00 2.782820315695364588e+00 2.788577359913313902e+00 2.803138404877028478e+00 2.822700084817928889e+00 2.847331424105452591e+00 2.904934803417396072e+00 2.956720111578607479e+00 1.000000000000000020e+30 1.000000000000000020e+30 1.000000000000000020e+30 1.000000000000000020e+30 1.000000000000000020e+30 1.000000000000000020e+30 1.000000000000000020e+30 1.000000000000000020e+30 1.000000000000000020e+30 1.000000000000000020e+30 1.000000000000000020e+30 1.000000000000000020e+30 1.000000000000000020e+30 1.000000000000000020e+30 1.000000000000000020e+30 1.000000000000000020e+30 1.000000000000000020e+30 1.000000000000000020e+30 1.000000000000000020e+30 1.000000000000000020e+30 1.000000000000000020e+30 6.838083455824131462e+00 6.867253807917906627e+00 6.894019998383311254e+00 6.918551166559921306e+00 6.939974069165642412e+00 6.955702695998056129e+00 6.966201963610563652e+00 6.971476475898892744e+00 1.000000000000000020e+30 1.000000000000000020e+30 1.000000000000000020e+30 1.000000000000000020e+30 1.000000000000000020e+30 1.000000000000000020e+30 1.000000000000000020e+30 1.000000000000000020e+30 1.000000000000000020e+30 1.000000000000000020e+30 1.000000000000000020e+30 1.000000000000000020e+30 1.000000000000000020e+30 1.000000000000000020e+30 1.000000000000000020e+30 1.000000000000000020e+30 1.000000000000000020e+30 1.000000000000000020e+30
1.000000000000000020e+30 1.000000000000000020e+30 1.000000000000000020e+30 2.748534070790395578e+00 2.751950172561334895e+00 2.762687212021894823e+00 2.772977456534679863e+00 2.821160372694695440e+00 2.865047675636287927e+00 1.000000000000000020e+30 1.000000000000000020e+30 1.000000000000000020e+30 1.000000000000000020e+30 1.000000000000000020e+30 1.000000000000000020e+30 1.000000000000000020e+30 1.000000000000000020e+30 1.000000000000000020e+30 1.000000000000000020e+30 1.000000000000000020e+30 1.000000000000000020e+30 1.000000000000000020e+30 1.000000000000000020e+30 1.000000000000000020e+30 1.000000000000000020e+30 1.000000000000000020e+30 1.000000000000000020e+30 1.000000000000000020e+30 1.000000000000000020e+30 1.000000000000000020e+30 1.000000000000000020e+30 1.000000000000000020e+30 6.896904815917086040e+00 6.921337751842033370e+00 6.943398103986666570e+00 6.964053896195369298e+00 6.976542169449066577e+00 6.984294975597078903e+00 6.987956727307192750e+00 1.000000000000000020e+30 1.000000000000000020e+30 1.000000000000000020e+30 1.000000000000000020e+30 1.000000000000000020e+30 1.000000000000000020e+30 1.000000000000000020e+30 1.000000000000000020e+30 1.000000000000000020e+30 1.000000000000000020e+30 1.000000000000000020e+30 1.000000000000000020e+30 1.000000000000000020e+30 1.000000000000000020e+30 1.000000000000000020e+30 1.000000000000000020e+30 1.000000000000000020e+30 1.000000000000000020e+30
1.000000000000000020e+30 1.000000000000000020e+30 1.000000000000000020e+30 2.722821878332252421e+00 2.723068451609353513e+00 2.753210948628868948e+00 2.775132647909365424e+00 2.801308956928094229e+00 1.000000000000000020e+30 1.000000000000000020e+30 1.000000000000000020e+30 1.000000000000000020e+30 1.000000000000000020e+30 1.000000000000000020e+30 1.000000000000000020e+30 1.000000000000000020e+30 1.000000000000000020e+30 1.000000000000000020e+30 1.000000000000000020e+30 1.000000000000000020e+30 1.000000000000000020e+30 1.000000000000000020e+30 1.000000000000000020e+30 1.000000000000000020e+30 1.000000000000000020e+30 1.000000000000000020e+30 1.000000000000000020e+30 1.000000000000000020e+30 1.000000000000000020e+30 1.000000000000000020e+30 1.000000000000000020e+30 1.000000000000000020e+30 1.000000000000000020e+30 6.946420365296290811e+00 6.967896248337402731e+00 6.985985465029458830e+00 6.994010080758083170e+00 6.998363581678820111e+00 7.000445137334796009e+00 1.000000000000000020e+30 1.000000000000000020e+30 1.000000000000000020e+30 1.000000000000000020e+30 1.000000000000000020e+30 1.000000000000000020e+30 1.000000000000000020e+30 1.000000000000000020e+30 1.000000000000000020e+30 1.000000000000000020e+30 1.000000000000000020e+30 1.000000000000000020e+30 1.000000000000000020e+30 1.000000000000000020e+30 1.000000000000000020e+30 1.000000000000000020e+30 1.000000000000000020e+30 1.000000000000000020e+30
1.000000000000000020e+30 1.000000000000000020e+30 1.000000000000000020e+30 1.000000000000000020e+30 2.747616880133531669e+00 2.761097624961349251e+00 2.771268702334233502e+00 1.000000000000000020e+30 1.000000000000000020e+30 1.000000000000000020e+30 1.000000000000000020e+30 1.000000000000000020e+30 1.000000000000000020e+30 1.000000000000000020e+30 1.000000000000000020e+30 1.000000000000000020e+30 1.000000000000000020e+30 1.000000000000000020e+30 1.000000000000000020e+30 1.000000000000000020e+30 1.000000000000000020e+30 1.000000000000000020e+30 1.000000000000000020e+30 1.000000000000000020e+30 1.000000000000000020e+30 1.000000000000000020e+30 1.000000000000000020e+30 1.000000000000000020e+30 1.000000000000000020e+30 1.000000000000000020e+30 1.000000000000000020e+30 1.000000000000000020e+30 1.000000000000000020e+30 1.000000000000000020e+30 6.989717570393376711e+00 7.002160754141462107e+00 7.006326895468651728e+00 7.006571038890914593e+00 7.007346493681659183e+00 1.000000000000000020e+30 1.000000000000000020e+30 1.000000000000000020e+30 1.000000000000000020e+30 1.000000000000000020e+30 1.000000000000000020e+30 1.000000000000000020e+30 1.000000000000000020e+30 1.000000000000000020e+30 1.000000000000000020e+30 1.000000000000000020e+30 1.000000000000000020e+30 1.000000000000000020e+30 1.000000000000000020e+30 1.000000000000000020e+30 1.000000000000000020e+30 1.000000000000000020e+30 1.000000000000000020e+30
1.000000000000000020e+30 1.000000000000000020e+30 1.000000000000000020e+30 1.000000000000000020e+30 2.759211824320882300e+00 1.000000000000000020e+30 1.000000000000000020e+30 1.000000000000000020e+30 1.000000000000000020e+30 1.000000000000000020e+30 1.000000000000000020e+30 1.000000000000000020e+30 1.000000000000000020e+30 1.000000000000000020e+30 1.000000000000000020e+30 1.000000000000000020e+30 1.000000000000000020e+30 1.000000000000000020e+30 1.000000000000000020e+30 1.000000000000000020e+30 1.000000000000000020e+30 1.000000000000000020e+30 1.000000000000000020e+30 1.000000000000000020e+30 1.000000000000000020e+30 1.000000000000000020e+30 1.000000000000000020e+30 1.000000000000000020e+30 1.000000000000000020e+30 1.000000000000000020e+30 1.000000000000000020e+30 1.000000000000000020e+30 1.000000000000000020e+30 1.000000000000000020e+30 1.000000000000000020e+30 7.011557942893750450e+00 7.013368631542400422e+00 1.000000000000000020e+30 1.000000000000000020e+30 1.000000000000000020e+30 1.000000000000000020e+30 1.000000000000000020e+30 1.000000000000000020e+30 1.000000000000000020e+30 1.000000000000000020e+30 1.000000000000000020e+30 1.000000000000000020e+30 1.000000000000000020e+30 1.000000000000000020e+30 1.000000000000000020e+30 1.000000000000000020e+30 1.000000000000000020e+30 1.000000000000000020e+30 1.000000000000000020e+30 1.000000000000000020e+30 1.000000000000000020e+30 1.000000000000000020e+30
