1.000000000000000020e+30 1.000000000000000020e+30 1.000000000000000020e+30 1.000000000000000020e+30 1.000000000000000020e+30 1.000000000000000020e+30 1.000000000000000020e+30 1.000000000000000020e+30 1.000000000000000020e+30 1.000000000000000020e+30 1.000000000000000020e+30 1.000000000000000020e+30 1.000000000000000020e+30 1.000000000000000020e+30 1.000000000000000020e+30 1.000000000000000020e+30 1.000000000000000020e+30 1.000000000000000020e+30 1.000000000000000020e+30 1.000000000000000020e+30 1.000000000000000020e+30 1.000000000000000020e+30 1.000000000000000020e+30 1.000000000000000020e+30 1.000000000000000020e+30 7.315530923451719403e+00 7.326678908417535219e+00 1.000000000000000020e+30 1.000000000000000020e+30 1.000000000000000020e+30 1.000000000000000020e+30 1.000000000000000020e+30 1.000000000000000020e+30 1.000000000000000020e+30 1.000000000000000020e+30 1.000000000000000020e+30 1.000000000000000020e+30 1.000000000000000020e+30 1.000000000000000020e+30 1.000000000000000020e+30
1.000000000000000020e+30 1.000000000000000020e+30 1.000000000000000020e+30 1.000000000000000020e+30 1.000000000000000020e+30 1.000000000000000020e+30 1.000000000000000020e+30 1.000000000000000020e+30 1.000000000000000020e+30 1.000000000000000020e+30 1.000000000000000020e+30 1.000000000000000020e+30 1.000000000000000020e+30 1.000000000000000020e+30 1.000000000000000020e+30 1.000000000000000020e+30 1.000000000000000020e+30 1.000000000000000020e+30 1.000000000000000020e+30 1.000000000000000020e+30 1.000000000000000020e+30 1.000000000000000020e+30 1.000000000000000020e+30 1.000000000000000020e+30 7.312182698927386149e+00 7.324843797222047037e+00 7.336726081318467152e+00 7.348126660596941306e+00 1.000000000000000020e+30 1.000000000000000020e+30 1.000000000000000020e+30 1.000000000000000020e+30 1.000000000000000020e+30 1.000000000000000020e+30 1.000000000000000020e+30 1.000000000000000020e+30 1.000000000000000020e+30 1.000000000000000020e+30 1.000000000000000020e+30 1.000000000000000020e+30
1.000000000000000020e+30 1.000000000000000020e+30 1.000000000000000020e+30 1.000000000000000020e+30 1.000000000000000020e+30 1.000000000000000020e+30 1.000000000000000020e+30 1.000000000000000020e+30 1.000000000000000020e+30 1.000000000000000020e+30 1.000000000000000020e+30 1.000000000000000020e+30 1.000000000000000020e+30 1.000000000000000020e+30 1.000000000000000020e+30 1.000000000000000020e+30 1.000000000000000020e+30 1.000000000000000020e+30 1.000000000000000020e+30 1.000000000000000020e+30 1.000000000000000020e+30 1.000000000000000020e+30 7.292444670270176843e+00 7.302749259266115622e+00 7.319356637068862526e+00 7.333180974175951938e+00 7.346087608770411670e+00 7.359098967711484640e+00 7.374136542778607861e+00 7.382806220360523142e+00 1.000000000000000020e+30 1.000000000000000020e+30 1.000000000000000020e+30 1.000000000000000020e+30 1.000000000000000020e+30 1.000000000000000020e+30 1.000000000000000020e+30 1.000000000000000020e+30 1.000000000000000020e+30 1.000000000000000020e+30
1.000000000000000020e+30 1.000000000000000020e+30 1.000000000000000020e+30 1.000000000000000020e+30 1.000000000000000020e+30 1.000000000000000020e+30 1.000000000000000020e+30 1.000000000000000020e+30 1.000000000000000020e+30 1.000000000000000020e+30 1.000000000000000020e+30 1.000000000000000020e+30 1.000000000000000020e+30 1.000000000000000020e+30 1.000000000000000020e+30 1.000000000000000020e+30 1.000000000000000020e+30 1.000000000000000020e+30 1.000000000000000020e+30 1.000000000000000020e+30 1.000000000000000020e+30 7.289021906170221499e+00 7.301758881998039463e+00 7.314097071166617781e+00 7.328034090173326298e+00 7.341513766847460154e+00 7.354512924942715024e+00 7.367335115835090598e+00 7.380177100801910584e+00 7.391647235509548608e+00 7.403503754969294803e+00 1.000000000000000020e+30 1.000000000000000020e+30 1.000000000000000020e+30 1.000000000000000020e+30 1.000000000000000020e+30 1.000000000000000020e+30 1.000000000000000020e+30 1.000000000000000020e+30 1.000000000000000020e+30
1.000000000000000020e+30 1.000000000000000020e+30 1.000000000000000020e+30 1.000000000000000020e+30 1.000000000000000020e+30 1.000000000000000020e+30 1.000000000000000020e+30 1.000000000000000020e+30 1.000000000000000020e+30 1.000000000000000020e+30 1.000000000000000020e+30 1.000000000000000020e+30 1.000000000000000020e+30 1.000000000000000020e+30 1.000000000000000020e+30 1.000000000000000020e+30 1.000000000000000020e+30 1.000000000000000020e+30 1.000000000000000020e+30 1.000000000000000020e+30 1.000000000000000020e+30 7.294850500356708345e+00 7.309663400275017153e+00 7.323098354749387973e+00 7.336473938587965371e+00 7.349596669757019640e+00 7.362397664943989284e+00 7.374947665727517254e+00 7.387462042099368631e+00 7.400350248341446502e+00 7.415477677927943212e+00 7.437978395751605021e+00 7.450865266952629185e+00 1.000000000000000020e+30 1.000000000000000020e+30 1.000000000000000020e+30 1.000000000000000020e+30 1.000000000000000020e+30 1.000000000000000020e+30 1.000000000000000020e+30
1.000000000000000020e+30 1.000000000000000020e+30 1.000000000000000020e+30 1.000000000000000020e+30 1.000000000000000020e+30 1.000000000000000020e+30 1.000000000000000020e+30 1.000000000000000020e+30 1.000000000000000020e+30 1.000000000000000020e+30 1.000000000000000020e+30 1.000000000000000020e+30 1.000000000000000020e+30 1.000000000000000020e+30 1.000000000000000020e+30 1.000000000000000020e+30 1.000000000000000020e+30 1.000000000000000020e+30 1.000000000000000020e+30 1.000000000000000020e+30 7.289854344903499594e+00 7.304029638994229856e+00 7.318026851514298770e+00 7.331389043215949641e+00 7.344480891978089510e+00 7.357294654420080349e+00 7.369762608385016733e+00 7.381988207716328354e+00 7.394194006899073024e+00 7.406878206283828092e+00 7.420755964420174600e+00 7.436452043808783330e+00 7.450587484088112333e+00 1.000000000000000020e+30 1.000000000000000020e+30 1.000000000000000020e+30 1.000000000000000020e+30 1.000000000000000020e+30 1.000000000000000020e+30 1.000000000000000020e+30
1.000000000000000020e+30 1.000000000000000020e+30 1.000000000000000020e+30 1.000000000000000020e+30 1.000000000000000020e+30 1.000000000000000020e+30 1.000000000000000020e+30 1.000000000000000020e+30 1.000000000000000020e+30 1.000000000000000020e+30 1.000000000000000020e+30 1.000000000000000020e+30 1.000000000000000020e+30 1.000000000000000020e+30 1.000000000000000020e+30 1.000000000000000020e+30 1.000000000000000020e+30 1.000000000000000020e+30 1.000000000000000020e+30 1.000000000000000020e+30 7.294835946222096190e+00 7.311637899895374382e+00 7.325932593773113233e+00 7.339214366753251007e+00 7.352068688954834563e+00 7.364520188490133457e+00 7.376580237369908311e+00 7.388410550682940503e+00 7.400121991594944326e+00 7.412136676884927056e+00 7.424731883163298463e+00 7.438038914563904314e+00 7.451502306366318606e+00 7.464281370829990436e+00 1.000000000000000020e+30 1.000000000000000020e+30 1.000000000000000020e+30 1.000000000000000020e+30 1.000000000000000020e+30 1.000000000000000020e+30
1.000000000000000020e+30 1.000000000000000020e+30 1.000000000000000020e+30 1.000000000000000020e+30 1.000000000000000020e+30 1.000000000000000020e+30 1.000000000000000020e+30 1.000000000000000020e+30 1.000000000000000020e+30 1.000000000000000020e+30 1.000000000000000020e+30 1.000000000000000020e+30 1.000000000000000020e+30 1.000000000000000020e+30 1.000000000000000020e+30 1.000000000000000020e+30 1.000000000000000020e+30 1.000000000000000020e+30 1.000000000000000020e+30 1.000000000000000020e+30 7.302478265835336657e+00 7.319468789725737778e+00 7.333570780901749409e+00 7.346677446589084504e+00 7.359198552894722134e+00 7.371222887393736656e+00 7.382865994415370281e+00 7.394252700067299955e+00 7.405429953732829418e+00 7.416780244934277455e+00 7.428501856889413446e+00 7.440708616798950459e+00 7.453242511136074278e+00 7.465102687413573079e+00 1.000000000000000020e+30 1.000000000000000020e+30 1.000000000000000020e+30 1.000000000000000020e+30 1.000000000000000020e+30 1.000000000000000020e+30
1.000000000000000020e+30 1.000000000000000020e+30 1.000000000000000020e+30 1.000000000000000020e+30 1.000000000000000020e+30 1.000000000000000020e+30 1.000000000000000020e+30 1.000000000000000020e+30 1.000000000000000020e+30 1.000000000000000020e+30 1.000000000000000020e+30 1.000000000000000020e+30 1.000000000000000020e+30 1.000000000000000020e+30 1.000000000000000020e+30 1.000000000000000020e+30 1.000000000000000020e+30 1.000000000000000020e+30 1.000000000000000020e+30 7.299483580937882188e+00 7.313049206284779835e+00 7.327680870052015294e+00 7.341096127903938395e+00 7.353764988222613042e+00 7.365848789297870347e+00 7.377448909519200626e+00 7.388655140630490337e+00 7.399555714512672466e+00 7.410280896093569325e+00 7.421164422308969222e+00 7.432292536559513607e+00 7.443782797416179875e+00 7.455462370030399910e+00 7.466450363449141925e+00 1.000000000000000020e+30 1.000000000000000020e+30 1.000000000000000020e+30 1.000000000000000020e+30 1.000000000000000020e+30 1.000000000000000020e+30
1.000000000000000020e+30 1.000000000000000020e+30 1.000000000000000020e+30 1.000000000000000020e+30 1.000000000000000020e+30 1.000000000000000020e+30 1.000000000000000020e+30 1.000000000000000020e+30 1.000000000000000020e+30 1.000000000000000020e+30 1.000000000000000020e+30 1.000000000000000020e+30 1.000000000000000020e+30 1.000000000000000020e+30 1.000000000000000020e+30 1.000000000000000020e+30 1.000000000000000020e+30 1.000000000000000020e+30 1.000000000000000020e+30 7.304466951055054835e+00 7.321002564509961452e+00 7.335123664490057926e+00 7.348150786277081181e+00 7.360373303315716598e+00 7.372048351298802871e+00 7.383271269679023696e+00 7.394078413372966452e+00 7.404576858448235654e+00 7.414985149369065276e+00 7.425505135370841892e+00 7.436126306914010442e+00 7.446986599116293348e+00 7.457879447727843392e+00 7.468075802122300821e+00 1.000000000000000020e+30 1.000000000000000020e+30 1.000000000000000020e+30 1.000000000000000020e+30 1.000000000000000020e+30 1.000000000000000020e+30
1.000000000000000020e+30 1.000000000000000020e+30 1.000000000000000020e+30 1.000000000000000020e+30 1.000000000000000020e+30 1.000000000000000020e+30 1.000000000000000020e+30 1.000000000000000020e+30 1.000000000000000020e+30 1.000000000000000020e+30 1.000000000000000020e+30 1.000000000000000020e+30 1.000000000000000020e+30 1.000000000000000020e+30 1.000000000000000020e+30 1.000000000000000020e+30 1.000000000000000020e+30 1.000000000000000020e+30 7.296525964292743360e+00 7.312900089076626031e+00 7.328479334227107067e+00 7.342219380701583198e+00 7.354844326710793467e+00 7.366698970631486709e+00 7.378062712566613612e+00 7.388987227145595860e+00 7.399462357430533821e+00 7.409565041740740376e+00 7.419572605967247547e+00 7.429715739238046623e+00 7.439860698208617507e+00 7.450090349854753491e+00 7.460266964388381439e+00 7.469841512449735710e+00 7.479223960695282614e+00 1.000000000000000020e+30 1.000000000000000020e+30 1.000000000000000020e+30 1.000000000000000020e+30 1.000000000000000020e+30
1.000000000000000020e+30 1.000000000000000020e+30 1.000000000000000020e+30 1.000000000000000020e+30 1.000000000000000020e+30 1.000000000000000020e+30 1.000000000000000020e+30 1.000000000000000020e+30 1.000000000000000020e+30 1.000000000000000020e+30 1.000000000000000020e+30 1.000000000000000020e+30 1.000000000000000020e+30 1.000000000000000020e+30 1.000000000000000020e+30 1.000000000000000020e+30 1.000000000000000020e+30 1.000000000000000020e+30 7.299905385966291682e+00 7.319620598897724761e+00 7.335561246077905828e+00 7.349146778668946389e+00 7.361396323547343634e+00 7.372915890219552182e+00 7.384012075476762860e+00 7.394628394713456565e+00 7.404738364078571777e+00 7.414426187702497728e+00 7.423982725576055763e+00 7.433708027926306805e+00 7.443347682173054203e+00 7.452937258810740317e+00 7.462425120712645743e+00 7.471349162791972809e+00 7.480018727392526934e+00 1.000000000000000020e+30 1.000000000000000020e+30 1.000000000000000020e+30 1.000000000000000020e+30 1.000000000000000020e+30
1.000000000000000020e+30 1.000000000000000020e+30 1.000000000000000020e+30 1.000000000000000020e+30 1.000000000000000020e+30 1.000000000000000020e+30 1.000000000000000020e+30 1.000000000000000020e+30 1.000000000000000020e+30 1.000000000000000020e+30 1.000000000000000020e+30 1.000000000000000020e+30 1.000000000000000020e+30 1.000000000000000020e+30 1.000000000000000020e+30 1.000000000000000020e+30 7.265108153415029690e+00 7.278764729725372362e+00 7.304823318525244247e+00 7.325877948410442819e+00 7.342333591300148399e+00 7.355742892372945541e+00 7.367674247330705306e+00 7.378931970572838672e+00 7.389986280613226377e+00 7.400314817660990308e+00 7.409893523242979896e+00 7.419080764724493626e+00 7.428180028440088734e+00 7.437398622842166240e+00 7.446426265743317785e+00 7.455349527474274929e+00 7.464255843050695560e+00 7.472785993183650000e+00 7.481189772902957280e+00 1.000000000000000020e+30 1.000000000000000020e+30 1.000000000000000020e+30 1.000000000000000020e+30 1.000000000000000020e+30
1.000000000000000020e+30 1.000000000000000020e+30 1.000000000000000020e+30 1.000000000000000020e+30 1.000000000000000020e+30 1.000000000000000020e+30 1.000000000000000020e+30 1.000000000000000020e+30 1.000000000000000020e+30 1.000000000000000020e+30 1.000000000000000020e+30 1.000000000000000020e+30 1.000000000000000020e+30 1.000000000000000020e+30 7.238798017957932096e+00 7.250971872242605976e+00 7.270651617355368579e+00 7.288859568622762630e+00 7.310637102739987903e+00 7.331811763736071796e+00 7.348388442157068212e+00 7.361695198415350028e+00 7.373547232583766764e+00 7.384895532968072551e+00 7.395192192399725251e+00 7.404899401702730088e+00 7.414474113090639307e+00 7.423416540454777390e+00 7.432081535937554939e+00 7.440558321119130625e+00 7.448927693260609217e+00 7.457276030763797969e+00 7.465830236926893626e+00 7.474256447760637911e+00 7.482571172349170574e+00 1.000000000000000020e+30 1.000000000000000020e+30 1.000000000000000020e+30 1.000000000000000020e+30 1.000000000000000020e+30
1.000000000000000020e+30 1.000000000000000020e+30 1.000000000000000020e+30 1.000000000000000020e+30 1.000000000000000020e+30 1.000000000000000020e+30 1.000000000000000020e+30 1.000000000000000020e+30 1.000000000000000020e+30 1.000000000000000020e+30 1.000000000000000020e+30 1.000000000000000020e+30 7.214337928008284884e+00 7.225495651305851474e+00 7.243751262069279662e+00 7.259793832710554895e+00 7.277649603391318500e+00 7.296337653274625801e+00 7.316661851427729069e+00 7.336896629830151007e+00 7.353670791839882703e+00 7.367228333596514744e+00 7.379057602652189018e+00 7.389680885190790249e+00 7.399508880935152355e+00 7.408860457903193364e+00 7.418139790168063463e+00 7.426966096660303940e+00 7.435260001385021411e+00 7.443100946701232346e+00 7.450973886987885209e+00 7.458980584414459436e+00 7.467344859118826506e+00 7.475690249892420702e+00 7.483909410543071239e+00 1.000000000000000020e+30 1.000000000000000020e+30 1.000000000000000020e+30 1.000000000000000020e+30 1.000000000000000020e+30
1.000000000000000020e+30 1.000000000000000020e+30 1.000000000000000020e+30 1.000000000000000020e+30 1.000000000000000020e+30 1.000000000000000020e+30 1.000000000000000020e+30 1.000000000000000020e+30 1.000000000000000020e+30 7.179916021879627408e+00 7.188372769596307776e+00 7.201497012975257128e+00 7.218902065105178067e+00 7.233856684700693762e+00 7.250228726733922713e+00 7.266866971541507958e+00 7.284432357746911002e+00 7.302890555767694636e+00 7.322388120298089831e+00 7.341425714555348314e+00 7.357610928415892815e+00 7.371014833332868221e+00 7.382745271208746018e+00 7.393292908189420309e+00 7.402993903142712107e+00 7.412099885550142098e+00 7.421003986279993470e+00 7.429874937245879885e+00 7.437806324978005534e+00 7.445202825874226882e+00 7.452773095112524615e+00 7.460596072194524808e+00 7.468769582204734192e+00 7.477016548383303984e+00 7.485111403344919090e+00 7.493840909829943442e+00 1.000000000000000020e+30 1.000000000000000020e+30 1.000000000000000020e+30 1.000000000000000020e+30
1.000000000000000020e+30 1.000000000000000020e+30 1.000000000000000020e+30 1.000000000000000020e+30 1.000000000000000020e+30 1.000000000000000020e+30 1.000000000000000020e+30 7.162746739832949849e+00 7.171290857126797924e+00 7.184994226236415926e+00 7.197014679481438471e+00 7.210359672461410518e+00 7.225535483742999254e+00 7.240882232381843586e+00 7.256929054886072983e+00 7.273502986529473802e+00 7.290780480691381626e+00 7.308753155333512552e+00 7.327402266112435392e+00 7.345479862483424327e+00 7.361179213502364149e+00 7.374369745233736673e+00 7.385885632768892428e+00 7.396277301541795524e+00 7.405848264906547129e+00 7.414794845559212533e+00 7.423415349280523046e+00 7.432132151187465396e+00 7.439906508668714835e+00 7.447085885870772692e+00 7.454488152888054664e+00 7.462128343050157042e+00 7.470097605103907412e+00 7.478209853242969274e+00 7.486106626165019762e+00 7.494441168406540399e+00 1.000000000000000020e+30 1.000000000000000020e+30 1.000000000000000020e+30 1.000000000000000020e+30
1.000000000000000020e+30 1.000000000000000020e+30 1.000000000000000020e+30 1.000000000000000020e+30 7.136500516031753172e+00 7.142785738907182491e+00 7.152838842793208585e+00 7.166425656769327190e+00 7.178105547589106017e+00 7.190937304604408276e+00 7.203900223433146621e+00 7.217670738950682896e+00 7.232433106419096980e+00 7.247693108813430207e+00 7.263498131674041680e+00 7.279862427531667457e+00 7.296803559175783604e+00 7.314257894258031634e+00 7.332110911868309877e+00 7.349318297295108771e+00 7.364452856073526732e+00 7.377310097256422061e+00 7.388555444984667986e+00 7.398734057532425190e+00 7.408170426247921547e+00 7.417025068591666326e+00 7.425519267698563297e+00 7.434126269300364243e+00 7.441785219856830835e+00 7.448827632663497234e+00 7.456104246158639093e+00 7.463587742426414096e+00 7.471335156791804266e+00 7.479310270061941601e+00 7.487129534369712403e+00 7.495259509112456087e+00 1.000000000000000020e+30 1.000000000000000020e+30 1.000000000000000020e+30 1.000000000000000020e+30
1.000000000000000020e+30 1.000000000000000020e+30 7.125893140221321254e+00 7.131438134437805054e+00 7.140862996831295995e+00 7.149429125512917871e+00 7.159495012469673902e+00 7.171399312712355645e+00 7.183844001904205356e+00 7.196947192718899267e+00 7.210296643412112516e+00 7.224344799189965194e+00 7.239081185022716802e+00 7.254201454251736791e+00 7.269896492000691879e+00 7.286085596374557660e+00 7.302637077121330478e+00 7.319500314097948213e+00 7.336559015709680054e+00 7.352921631549733661e+00 7.367415020192752628e+00 7.379875375426141915e+00 7.390840898474554166e+00 7.400864073268983212e+00 7.410162177715073462e+00 7.418961266018130551e+00 7.427505981980806915e+00 7.436004086017423909e+00 7.443514539064062241e+00 7.450476511279781278e+00 7.457669678873889652e+00 7.465016958568450711e+00 7.472534702631836723e+00 7.480402096405489587e+00 7.488190374031645113e+00 7.496139865941519709e+00 1.000000000000000020e+30 1.000000000000000020e+30 1.000000000000000020e+30 1.000000000000000020e+30
7.120430047992845068e+00 7.123826622857469815e+00 7.130574033514220922e+00 7.137170173517334959e+00 7.145341388609205424e+00 7.154373711209982112e+00 7.164735750632304168e+00 7.176495235377408299e+00 7.189198939502363217e+00 7.202497730660778252e+00 7.216210780166209204e+00 7.230566091409495577e+00 7.245279035103521892e+00 7.260461610770243546e+00 7.276209085187231196e+00 7.292167226891630882e+00 7.308301272599196707e+00 7.324522659384241408e+00 7.340807874146000778e+00 7.356379453051824946e+00 7.370222149888436824e+00 7.382222385375465379e+00 7.392930566238245405e+00 7.402790936514876741e+00 7.412046846529551480e+00 7.421117826518036864e+00 7.429682359876722764e+00 7.437717165712165013e+00 7.445120567949695456e+00 7.452096198706342101e+00 7.459257042033121010e+00 7.466487366949169591e+00 7.473793205421014108e+00 7.481528362264145748e+00 7.489270263393049021e+00 7.496996665572125629e+00 7.505597269455632770e+00 1.000000000000000020e+30 1.000000000000000020e+30 1.000000000000000020e+30
7.127382521722728903e+00 7.129994340693774468e+00 7.135083890445736543e+00 7.141529448098587807e+00 7.149441108495707908e+00 7.158609993164249730e+00 7.169110421703923208e+00 7.180889676938313038e+00 7.193786111794066684e+00 7.207438179078621054e+00 7.221560921759451190e+00 7.236121738678694904e+00 7.251064807073187346e+00 7.266517583217447118e+00 7.282220796432893550e+00 7.297999155826860651e+00 7.313814896139965605e+00 7.329527079779822429e+00 7.345068078966026093e+00 7.359790792198369402e+00 7.372998069907604091e+00 7.384642499037415320e+00 7.395169683874293298e+00 7.404914323560783274e+00 7.414401309622800973e+00 7.423289633220004013e+00 7.431609381101128342e+00 7.439432662059481061e+00 7.446733900661140382e+00 7.453816235163549742e+00 7.460986778989640911e+00 7.468085680171180130e+00 7.475207627064774485e+00 7.482759227244006439e+00 7.490405326744954628e+00 7.497932904766248186e+00 7.506103216120060928e+00 1.000000000000000020e+30 1.000000000000000020e+30 1.000000000000000020e+30
7.131873356733609448e+00 7.134236639437269822e+00 7.138761081097552363e+00 7.144940761936134699e+00 7.152658552431115702e+00 7.161794369461064846e+00 7.172335288598029379e+00 7.184218735571919368e+00 7.197422128377278128e+00 7.211546084202337781e+00 7.226072505767415777e+00 7.241014918131263300e+00 7.256436238351885670e+00 7.272063526057494620e+00 7.287803121047224053e+00 7.303598640030446454e+00 7.319277515426136915e+00 7.334661611566692940e+00 7.349585780565881521e+00 7.363528754803474463e+00 7.376140959156539445e+00 7.387516527285555412e+00 7.397889060356730440e+00 7.407549141492683731e+00 7.417153500201884242e+00 7.425972251006597524e+00 7.434055533606602317e+00 7.441544127180435453e+00 7.448605361495577171e+00 7.455620569539284759e+00 7.462805736301663551e+00 7.469893068320584639e+00 7.476901356440452062e+00 7.484255437589323101e+00 7.491776529234832616e+00 7.499166276135160736e+00 7.506996932901667918e+00 1.000000000000000020e+30 1.000000000000000020e+30 1.000000000000000020e+30
7.134844829388038434e+00 7.137026837462718376e+00 7.141239168793607206e+00 7.147190763391194857e+00 7.154739873081112478e+00 7.163800838513235902e+00 7.174360196113392263e+00 7.186421109206862390e+00 7.200072959650868576e+00 7.214858434146175448e+00 7.229928143656562334e+00 7.245377013980597525e+00 7.261457523871587938e+00 7.277338639544604248e+00 7.293286824471128860e+00 7.309243531336874433e+00 7.324996285722994216e+00 7.340199810477336051e+00 7.354711622831890061e+00 7.368110691679301105e+00 7.380213519549862156e+00 7.391251126930643345e+00 7.401422321051626341e+00 7.411081224098216680e+00 7.420681382555989636e+00 7.429171038229664958e+00 7.436786466857213895e+00 7.443944901570801242e+00 7.450921960469550243e+00 7.457941722132531481e+00 7.465078491848593956e+00 7.472093084338070845e+00 7.478982649189373610e+00 7.486116340202661590e+00 7.493503797583255910e+00 7.500788814869528309e+00 7.508276274025055486e+00 1.000000000000000020e+30 1.000000000000000020e+30 1.000000000000000020e+30
7.136467295502415986e+00 7.138522529003836326e+00 7.142549145112442766e+00 7.148331345637454426e+00 7.155736910658737848e+00 7.164728999563553025e+00 7.175315222890842115e+00 7.187592982588010493e+00 7.201968613498733518e+00 7.217704207058709187e+00 7.233262788415040667e+00 7.249246908746723506e+00 7.267140084570940850e+00 7.283073226647003295e+00 7.299295422916427079e+00 7.315483287483788288e+00 7.331439489782608732e+00 7.346618769015879735e+00 7.360805609674248906e+00 7.373636383221695567e+00 7.385156223638944972e+00 7.395994587223737149e+00 7.406021272124410082e+00 7.415577699879978724e+00 7.424542182600418982e+00 7.432522545456444085e+00 7.439769203769539097e+00 7.446766719305953686e+00 7.453669281409512237e+00 7.460600311569816512e+00 7.467587882880691197e+00 7.474487173745020030e+00 7.481250332302538553e+00 7.488162324633257150e+00 7.495377391086350372e+00 7.502555179681009712e+00 7.509754073118349638e+00 7.517689699876149767e+00 1.000000000000000020e+30 1.000000000000000020e+30
1.000000000000000020e+30 1.000000000000000020e+30 1.000000000000000020e+30 1.000000000000000020e+30 1.000000000000000020e+30 1.000000000000000020e+30 1.000000000000000020e+30 1.000000000000000020e+30 1.000000000000000020e+30 1.000000000000000020e+30 1.000000000000000020e+30 1.000000000000000020e+30 7.277378701416238549e+00 7.289593088076716576e+00 7.306624900585616089e+00 7.322863388272595309e+00 7.339257347827274458e+00 7.354270381054072381e+00 7.367917465773297536e+00 7.380305021018060962e+00 7.391553664465035922e+00 7.401949123148891196e+00 7.411359054977949334e+00 7.420200803198741646e+00 7.428446306737287230e+00 7.435985074671696005e+00 7.442998932093550124e+00 7.449814377018872946e+00 7.456583654996832955e+00 7.463333189390596978e+00 7.470118623288451332e+00 7.476879696863175440e+00 7.483508812719517067e+00 7.490209750494027041e+00 7.497195240525440063e+00 7.504205649623602703e+00 7.511123730814820654e+00 7.518502837793044513e+00 1.000000000000000020e+30 1.000000000000000020e+30
1.000000000000000020e+30 1.000000000000000020e+30 1.000000000000000020e+30 1.000000000000000020e+30 1.000000000000000020e+30 1.000000000000000020e+30 1.000000000000000020e+30 1.000000000000000020e+30 1.000000000000000020e+30 1.000000000000000020e+30 1.000000000000000020e+30 1.000000000000000020e+30 1.000000000000000020e+30 1.000000000000000020e+30 7.318045084139506606e+00 7.331133085829675267e+00 7.349122259011284797e+00 7.363898954744657388e+00 7.376909091007751051e+00 7.388508974666756934e+00 7.398939598295390496e+00 7.408438792494958847e+00 7.417074993672613914e+00 7.425079106442890264e+00 7.432616485251009486e+00 7.439713499025637944e+00 7.446458240088039915e+00 7.453077905422327731e+00 7.459636307311007464e+00 7.466135912131113272e+00 7.472694305800016146e+00 7.479281089242141967e+00 7.485770246571147979e+00 7.492269409828804072e+00 7.499003634428255793e+00 7.505860476560497929e+00 7.512570263329187092e+00 7.519587911028684957e+00 1.000000000000000020e+30 1.000000000000000020e+30
1.000000000000000020e+30 1.000000000000000020e+30 1.000000000000000020e+30 1.000000000000000020e+30 1.000000000000000020e+30 1.000000000000000020e+30 1.000000000000000020e+30 1.000000000000000020e+30 1.000000000000000020e+30 1.000000000000000020e+30 1.000000000000000020e+30 1.000000000000000020e+30 1.000000000000000020e+30 1.000000000000000020e+30 1.000000000000000020e+30 1.000000000000000020e+30 7.362156239961246129e+00 7.374943694757225998e+00 7.386668543785886776e+00 7.397113589892123642e+00 7.406542845434302080e+00 7.415102805848579060e+00 7.422886324344450948e+00 7.430131112287233108e+00 7.437067573727694558e+00 7.443678132838433825e+00 7.450121447607437553e+00 7.456469339011117192e+00 7.462758434485500914e+00 7.469005025221592042e+00 7.475304932436015015e+00 7.481695605503108304e+00 7.488035304109287082e+00 7.494336940182751761e+00 7.500849824862137361e+00 7.507533538248405414e+00 7.514051464335421038e+00 7.520766921650313463e+00 1.000000000000000020e+30 1.000000000000000020e+30
1.000000000000000020e+30 1.000000000000000020e+30 1.000000000000000020e+30 1.000000000000000020e+30 1.000000000000000020e+30 1.000000000000000020e+30 1.000000000000000020e+30 1.000000000000000020e+30 1.000000000000000020e+30 1.000000000000000020e+30 1.000000000000000020e+30 1.000000000000000020e+30 1.000000000000000020e+30 1.000000000000000020e+30 1.000000000000000020e+30 1.000000000000000020e+30 1.000000000000000020e+30 7.385960402693412696e+00 7.396862432958195122e+00 7.405959023997970014e+00 7.414258145994542026e+00 7.421832873674373943e+00 7.428781750428933961e+00 7.435335216893265375e+00 7.441647926837210214e+00 7.447784093409025807e+00 7.453871324670063636e+00 7.459910822416981446e+00 7.465933459386686621e+00 7.471919235326229369e+00 7.477956834291792809e+00 7.484132889011681833e+00 7.490298013117850928e+00 7.496407658812496599e+00 7.502725217584240269e+00 7.509201999308920961e+00 7.515533264203673625e+00 7.521980566502299403e+00 1.000000000000000020e+30 1.000000000000000020e+30
1.000000000000000020e+30 1.000000000000000020e+30 1.000000000000000020e+30 1.000000000000000020e+30 1.000000000000000020e+30 1.000000000000000020e+30 1.000000000000000020e+30 1.000000000000000020e+30 1.000000000000000020e+30 1.000000000000000020e+30 1.000000000000000020e+30 1.000000000000000020e+30 1.000000000000000020e+30 1.000000000000000020e+30 1.000000000000000020e+30 1.000000000000000020e+30 1.000000000000000020e+30 1.000000000000000020e+30 7.408624841572543751e+00 7.415160407469529424e+00 7.422052950284028228e+00 7.428563400132218497e+00 7.434660758676550074e+00 7.440548786802501091e+00 7.446278744273724826e+00 7.451937908468017291e+00 7.457645661130086978e+00 7.463382017426202886e+00 7.469132221341573619e+00 7.474860182294393418e+00 7.480634463737006357e+00 7.486579916512528854e+00 7.492557334071364039e+00 7.498474677788030895e+00 7.504586271797220043e+00 7.510834603181297808e+00 7.516995296536056692e+00 7.523237139844814791e+00 7.530110757690923862e+00 1.000000000000000020e+30
1.000000000000000020e+30 1.000000000000000020e+30 1.000000000000000020e+30 1.000000000000000020e+30 1.000000000000000020e+30 1.000000000000000020e+30 1.000000000000000020e+30 1.000000000000000020e+30 1.000000000000000020e+30 1.000000000000000020e+30 1.000000000000000020e+30 1.000000000000000020e+30 1.000000000000000020e+30 1.000000000000000020e+30 1.000000000000000020e+30 1.000000000000000020e+30 1.000000000000000020e+30 1.000000000000000020e+30 7.416375678788593717e+00 7.423635352984518931e+00 7.429545681781608124e+00 7.435080611137962592e+00 7.440377533192041426e+00 7.445652447804162577e+00 7.450861625695490709e+00 7.456055895140082157e+00 7.461410962652800016e+00 7.466854686421931397e+00 7.472326489820637185e+00 7.477796716939977273e+00 7.483321978658647566e+00 7.489035461730416898e+00 7.494810345755246850e+00 7.500528127729425343e+00 7.506409970977981239e+00 7.512429402323774319e+00 7.518414391112121287e+00 7.524389846206058330e+00 7.530757675107089710e+00 1.000000000000000020e+30
1.000000000000000020e+30 1.000000000000000020e+30 1.000000000000000020e+30 1.000000000000000020e+30 1.000000000000000020e+30 1.000000000000000020e+30 1.000000000000000020e+30 1.000000000000000020e+30 1.000000000000000020e+30 1.000000000000000020e+30 1.000000000000000020e+30 1.000000000000000020e+30 1.000000000000000020e+30 1.000000000000000020e+30 1.000000000000000020e+30 1.000000000000000020e+30 1.000000000000000020e+30 1.000000000000000020e+30 1.000000000000000020e+30 7.432374120820337104e+00 7.436708144560011391e+00 7.441234678288235038e+00 7.445780695081675837e+00 7.450540339162436076e+00 7.455308285983719863e+00 7.460112545386964555e+00 7.465140367576299063e+00 7.470285203259683371e+00 7.475485020319184493e+00 7.480715279484047464e+00 7.486014469460267939e+00 7.491493051446032503e+00 7.497048681764535871e+00 7.502563064732838960e+00 7.508208965625604137e+00 7.514002205652562161e+00 7.519820140162827293e+00 7.525589076326369309e+00 7.531644607857665541e+00 1.000000000000000020e+30
1.000000000000000020e+30 1.000000000000000020e+30 1.000000000000000020e+30 1.000000000000000020e+30 1.000000000000000020e+30 1.000000000000000020e+30 1.000000000000000020e+30 1.000000000000000020e+30 1.000000000000000020e+30 1.000000000000000020e+30 1.000000000000000020e+30 1.000000000000000020e+30 1.000000000000000020e+30 1.000000000000000020e+30 1.000000000000000020e+30 1.000000000000000020e+30 1.000000000000000020e+30 1.000000000000000020e+30 1.000000000000000020e+30 7.438024568581063534e+00 7.442994437607823421e+00 7.446765392371666792e+00 7.450706068409425065e+00 7.455080894645233158e+00 7.459520451572122290e+00 7.464058886612978228e+00 7.468789532844189338e+00 7.473663790035803167e+00 7.478613048958903775e+00 7.483617723960088952e+00 7.488695454137456409e+00 7.493936963271458751e+00 7.499265546766560320e+00 7.504569626784222791e+00 7.509973304231198021e+00 7.515549781975426669e+00 7.521222210641795414e+00 7.526818113739293103e+00 7.532616118076601808e+00 1.000000000000000020e+30
1.000000000000000020e+30 1.000000000000000020e+30 1.000000000000000020e+30 1.000000000000000020e+30 1.000000000000000020e+30 1.000000000000000020e+30 1.000000000000000020e+30 1.000000000000000020e+30 1.000000000000000020e+30 1.000000000000000020e+30 1.000000000000000020e+30 1.000000000000000020e+30 1.000000000000000020e+30 1.000000000000000020e+30 1.000000000000000020e+30 1.000000000000000020e+30 1.000000000000000020e+30 1.000000000000000020e+30 1.000000000000000020e+30 1.000000000000000020e+30 7.448993774701739845e+00 7.451591460891362928e+00 7.455048727612044956e+00 7.459196218044895410e+00 7.463488655609454625e+00 7.467854243895120980e+00 7.472342125275220681e+00 7.476964907893506762e+00 7.481685334592871328e+00 7.486472675620528427e+00 7.491317251722674264e+00 7.496313802495006229e+00 7.501420599188371341e+00 7.506513917142682679e+00 7.511682089409338126e+00 7.517051113140727381e+00 7.522567757113849396e+00 7.528016699722565264e+00 7.533647066904932466e+00 1.000000000000000020e+30
1.000000000000000020e+30 1.000000000000000020e+30 1.000000000000000020e+30 1.000000000000000020e+30 1.000000000000000020e+30 1.000000000000000020e+30 1.000000000000000020e+30 1.000000000000000020e+30 1.000000000000000020e+30 1.000000000000000020e+30 1.000000000000000020e+30 1.000000000000000020e+30 1.000000000000000020e+30 1.000000000000000020e+30 1.000000000000000020e+30 1.000000000000000020e+30 1.000000000000000020e+30 1.000000000000000020e+30 1.000000000000000020e+30 1.000000000000000020e+30 7.452367694921698593e+00 7.455357096358372182e+00 7.458827152781957182e+00 7.462964911047609284e+00 7.467238619610005124e+00 7.471474273648143871e+00 7.475753628426264896e+00 7.480134540285711786e+00 7.484641317607458433e+00 7.489198761266701254e+00 7.493806484416636771e+00 7.498571797480478196e+00 7.503462455138637743e+00 7.508344477758612356e+00 7.513288455939239441e+00 7.518467851301451788e+00 7.523836296867695950e+00 7.529153742932868099e+00 7.534659337724852080e+00 1.000000000000000020e+30
1.000000000000000020e+30 1.000000000000000020e+30 1.000000000000000020e+30 1.000000000000000020e+30 1.000000000000000020e+30 1.000000000000000020e+30 1.000000000000000020e+30 1.000000000000000020e+30 1.000000000000000020e+30 1.000000000000000020e+30 1.000000000000000020e+30 1.000000000000000020e+30 1.000000000000000020e+30 1.000000000000000020e+30 1.000000000000000020e+30 1.000000000000000020e+30 1.000000000000000020e+30 1.000000000000000020e+30 1.000000000000000020e+30 1.000000000000000020e+30 1.000000000000000020e+30 7.458666714209637227e+00 7.462284050721744499e+00 7.466469874291748354e+00 7.470745283234922596e+00 7.474881355105142511e+00 7.478996664483331003e+00 7.483183093089771809e+00 7.487448691582534899e+00 7.491772651801801963e+00 7.496167831889158251e+00 7.500699924454557355e+00 7.505348861690834816e+00 7.510017167076421529e+00 7.514757498502919297e+00 7.519773666941996559e+00 7.525008705397475239e+00 7.530215321767111725e+00 7.535551696425862644e+00 1.000000000000000020e+30
1.000000000000000020e+30 1.000000000000000020e+30 1.000000000000000020e+30 1.000000000000000020e+30 1.000000000000000020e+30 1.000000000000000020e+30 1.000000000000000020e+30 1.000000000000000020e+30 1.000000000000000020e+30 1.000000000000000020e+30 1.000000000000000020e+30 1.000000000000000020e+30 1.000000000000000020e+30 1.000000000000000020e+30 1.000000000000000020e+30 1.000000000000000020e+30 1.000000000000000020e+30 1.000000000000000020e+30 1.000000000000000020e+30 1.000000000000000020e+30 1.000000000000000020e+30 1.000000000000000020e+30 7.465970840355718785e+00 7.469915501434880589e+00 7.474106581377998992e+00 7.478108664073864986e+00 7.482085581276885833e+00 7.486107452629978454e+00 7.490146586680197949e+00 7.494236687996928659e+00 7.498388743848522608e+00 7.502656246587754652e+00 7.507038806713230095e+00 7.511482194899517850e+00 7.516050861058923616e+00 7.520945966339999345e+00 7.526083752082214140e+00 7.531164342389918609e+00 7.536273045018192285e+00 7.541727007187593479e+00
1.000000000000000020e+30 1.000000000000000020e+30 1.000000000000000020e+30 1.000000000000000020e+30 1.000000000000000020e+30 1.000000000000000020e+30 1.000000000000000020e+30 1.000000000000000020e+30 1.000000000000000020e+30 1.000000000000000020e+30 1.000000000000000020e+30 1.000000000000000020e+30 1.000000000000000020e+30 1.000000000000000020e+30 1.000000000000000020e+30 1.000000000000000020e+30 1.000000000000000020e+30 1.000000000000000020e+30 1.000000000000000020e+30 1.000000000000000020e+30 1.000000000000000020e+30 1.000000000000000020e+30 1.000000000000000020e+30 7.473677250584501053e+00 7.477481259486422616e+00 7.481211786096609195e+00 7.484987415118966148e+00 7.488861448198913529e+00 7.492747306889297576e+00 7.496597177506166609e+00 7.500454338198522919e+00 7.504397230771766125e+00 7.508463179869018234e+00 7.512657849067254645e+00 7.517094789265046373e+00 7.521933385723305499e+00 7.527111780892615123e+00 7.532083751646597491e+00 7.536905437318876189e+00 7.541806970611832917e+00
1.000000000000000020e+30 1.000000000000000020e+30 1.000000000000000020e+30 1.000000000000000020e+30 1.000000000000000020e+30 1.000000000000000020e+30 1.000000000000000020e+30 1.000000000000000020e+30 1.000000000000000020e+30 1.000000000000000020e+30 1.000000000000000020e+30 1.000000000000000020e+30 1.000000000000000020e+30 1.000000000000000020e+30 1.000000000000000020e+30 1.000000000000000020e+30 1.000000000000000020e+30 1.000000000000000020e+30 1.000000000000000020e+30 1.000000000000000020e+30 1.000000000000000020e+30 1.000000000000000020e+30 1.000000000000000020e+30 1.000000000000000020e+30 7.480792581380082851e+00 7.484137488242122771e+00 7.487648728654549224e+00 7.491455373126434836e+00 7.495200309512089376e+00 7.498849051090974882e+00 7.502374101422547348e+00 7.505876989195142457e+00 7.509533267391818256e+00 7.513435903749713596e+00 7.517748675668263658e+00 7.522643930428878356e+00 7.528244497608767460e+00 7.533010546652048056e+00 7.537500796723446861e+00 1.000000000000000020e+30
1.000000000000000020e+30 1.000000000000000020e+30 1.000000000000000020e+30 1.000000000000000020e+30 1.000000000000000020e+30 1.000000000000000020e+30 1.000000000000000020e+30 1.000000000000000020e+30 1.000000000000000020e+30 1.000000000000000020e+30 1.000000000000000020e+30 1.000000000000000020e+30 1.000000000000000020e+30 1.000000000000000020e+30 1.000000000000000020e+30 1.000000000000000020e+30 1.000000000000000020e+30 1.000000000000000020e+30 1.000000000000000020e+30 1.000000000000000020e+30 1.000000000000000020e+30 1.000000000000000020e+30 1.000000000000000020e+30 1.000000000000000020e+30 1.000000000000000020e+30 7.486945593734932736e+00 7.489890129962554433e+00 7.493922518330250249e+00 7.497491317605024186e+00 7.500895844459898321e+00 7.504058877991193199e+00 7.507074613576803834e+00 7.510189078094890114e+00 7.513668722055966143e+00 7.517748698519837625e+00 7.522586778150111897e+00 7.530161055691613647e+00 7.534234904731609284e+00 1.000000000000000020e+30 1.000000000000000020e+30
1.000000000000000020e+30 1.000000000000000020e+30 1.000000000000000020e+30 1.000000000000000020e+30 1.000000000000000020e+30 1.000000000000000020e+30 1.000000000000000020e+30 1.000000000000000020e+30 1.000000000000000020e+30 1.000000000000000020e+30 1.000000000000000020e+30 1.000000000000000020e+30 1.000000000000000020e+30 1.000000000000000020e+30 1.000000000000000020e+30 1.000000000000000020e+30 1.000000000000000020e+30 1.000000000000000020e+30 1.000000000000000020e+30 1.000000000000000020e+30 1.000000000000000020e+30 1.000000000000000020e+30 1.000000000000000020e+30 1.000000000000000020e+30 1.000000000000000020e+30 1.000000000000000020e+30 1.000000000000000020e+30 7.496770712791692048e+00 7.499766090311292821e+00 7.502757659570837845e+00 7.505459906504012402e+00 7.507909821700271102e+00 7.510353403983398124e+00 7.513169985256131334e+00 7.516909365984237645e+00 7.519764362695465998e+00 1.000000000000000020e+30 1.000000000000000020e+30 1.000000000000000020e+30 1.000000000000000020e+30
1.000000000000000020e+30 1.000000000000000020e+30 1.000000000000000020e+30 1.000000000000000020e+30 1.000000000000000020e+30 1.000000000000000020e+30 1.000000000000000020e+30 1.000000000000000020e+30 1.000000000000000020e+30 1.000000000000000020e+30 1.000000000000000020e+30 1.000000000000000020e+30 1.000000000000000020e+30 1.000000000000000020e+30 1.000000000000000020e+30 1.000000000000000020e+30 1.000000000000000020e+30 1.000000000000000020e+30 1.000000000000000020e+30 1.000000000000000020e+30 1.000000000000000020e+30 1.000000000000000020e+30 1.000000000000000020e+30 1.000000000000000020e+30 1.000000000000000020e+30 1.000000000000000020e+30 1.000000000000000020e+30 1.000000000000000020e+30 7.502103621086620322e+00 7.504474000760383845e+00 7.506546036494568419e+00 7.508333274969087867e+00 7.509953696135935886e+00 7.511593535491468465e+00 1.000000000000000020e+30 1.000000000000000020e+30 1.000000000000000020e+30 1.000000000000000020e+30 1.000000000000000020e+30 1.000000000000000020e+30
1.000000000000000020e+30 1.000000000000000020e+30 1.000000000000000020e+30 1.000000000000000020e+30 1.000000000000000020e+30 1.000000000000000020e+30 1.000000000000000020e+30 1.000000000000000020e+30 1.000000000000000020e+30 1.000000000000000020e+30 1.000000000000000020e+30 1.000000000000000020e+30 1.000000000000000020e+30 1.000000000000000020e+30 1.000000000000000020e+30 1.000000000000000020e+30 1.000000000000000020e+30 1.000000000000000020e+30 1.000000000000000020e+30 1.000000000000000020e+30 1.000000000000000020e+30 1.000000000000000020e+30 1.000000000000000020e+30 1.000000000000000020e+30 1.000000000000000020e+30 1.000000000000000020e+30 1.000000000000000020e+30 1.000000000000000020e+30 1.000000000000000020e+30 7.505909567057856613e+00 7.507218898011456254e+00 7.508423368687657806e+00 7.509279120703694410e+00 1.000000000000000020e+30 1.000000000000000020e+30 1.000000000000000020e+30 1.000000000000000020e+30 1.000000000000000020e+30 1.000000000000000020e+30 1.000000000000000020e+30
1.000000000000000020e+30 1.000000000000000020e+30 1.000000000000000020e+30 1.000000000000000020e+30 1.000000000000000020e+30 1.000000000000000020e+30 1.000000000000000020e+30 1.000000000000000020e+30 1.000000000000000020e+30 1.000000000000000020e+30 1.000000000000000020e+30 1.000000000000000020e+30 1.000000000000000020e+30 1.000000000000000020e+30 1.000000000000000020e+30 1.000000000000000020e+30 1.000000000000000020e+30 1.000000000000000020e+30 1.000000000000000020e+30 1.000000000000000020e+30 1.000000000000000020e+30 1.000000000000000020e+30 1.000000000000000020e+30 1.000000000000000020e+30 1.000000000000000020e+30 1.000000000000000020e+30 1.000000000000000020e+30 1.000000000000000020e+30 1.000000000000000020e+30 1.000000000000000020e+30 7.507238349994079130e+00 1.000000000000000020e+30 1.000000000000000020e+30 1.000000000000000020e+30 1.000000000000000020e+30 1.000000000000000020e+30 1.000000000000000020e+30 1.000000000000000020e+30 1.000000000000000020e+30 1.000000000000000020e+30
