1.000000000000000020e+30 1.000000000000000020e+30 1.000000000000000020e+30 1.000000000000000020e+30 1.000000000000000020e+30 1.000000000000000020e+30 1.000000000000000020e+30 1.000000000000000020e+30 1.000000000000000020e+30 1.000000000000000020e+30 1.000000000000000020e+30 1.000000000000000020e+30 1.000000000000000020e+30 1.000000000000000020e+30 1.000000000000000020e+30 1.000000000000000020e+30 1.000000000000000020e+30 1.000000000000000020e+30 1.000000000000000020e+30 1.000000000000000020e+30 1.000000000000000020e+30 1.000000000000000020e+30 1.000000000000000020e+30 1.000000000000000020e+30 1.000000000000000020e+30 1.000000000000000020e+30 1.000000000000000020e+30 1.000000000000000020e+30 1.000000000000000020e+30 1.000000000000000020e+30 1.000000000000000020e+30 1.000000000000000020e+30 1.000000000000000020e+30 1.000000000000000020e+30 1.000000000000000020e+30 1.000000000000000020e+30 1.000000000000000020e+30 1.000000000000000020e+30 1.000000000000000020e+30 1.000000000000000020e+30 1.000000000000000020e+30 1.000000000000000020e+30 1.000000000000000020e+30 1.000000000000000020e+30 1.000000000000000020e+30 1.000000000000000020e+30 1.000000000000000020e+30 1.000000000000000020e+30 1.000000000000000020e+30 1.000000000000000020e+30 1.000000000000000020e+30 1.000000000000000020e+30 1.000000000000000020e+30 1.000000000000000020e+30 1.000000000000000020e+30 1.000000000000000020e+30 1.000000000000000020e+30
1.000000000000000020e+30 1.000000000000000020e+30 1.000000000000000020e+30 1.000000000000000020e+30 1.000000000000000020e+30 1.000000000000000020e+30 1.000000000000000020e+30 1.000000000000000020e+30 1.000000000000000020e+30 1.000000000000000020e+30 1.000000000000000020e+30 1.000000000000000020e+30 1.000000000000000020e+30 1.000000000000000020e+30 1.000000000000000020e+30 1.000000000000000020e+30 1.000000000000000020e+30 1.000000000000000020e+30 1.000000000000000020e+30 1.000000000000000020e+30 1.000000000000000020e+30 1.000000000000000020e+30 1.000000000000000020e+30 1.000000000000000020e+30 1.000000000000000020e+30 1.000000000000000020e+30 1.000000000000000020e+30 1.528164393141083899e+01 1.528180284735339889e+01 1.528201378966946322e+01 1.528223805403441915e+01 1.528245827252682254e+01 1.528266577751142385e+01 1.528285554046890127e+01 1.528302461474844876e+01 1.528317143413199730e+01 1.528329547562757007e+01 1.528339707695156768e+01 1.528347731467209414e+01 1.528353789654221728e+01 1.528358102856473089e+01 1.528360914817623417e+01 1.528362409707202119e+01 1.000000000000000020e+30 1.000000000000000020e+30 1.000000000000000020e+30 1.000000000000000020e+30 1.000000000000000020e+30 1.000000000000000020e+30 1.000000000000000020e+30 1.000000000000000020e+30 1.000000000000000020e+30 1.000000000000000020e+30 1.000000000000000020e+30 1.000000000000000020e+30 1.000000000000000020e+30 1.000000000000000020e+30
1.000000000000000020e+30 1.000000000000000020e+30 1.000000000000000020e+30 1.000000000000000020e+30 1.000000000000000020e+30 1.000000000000000020e+30 1.000000000000000020e+30 1.000000000000000020e+30 1.000000000000000020e+30 1.000000000000000020e+30 1.000000000000000020e+30 1.000000000000000020e+30 1.000000000000000020e+30 1.000000000000000020e+30 1.000000000000000020e+30 1.000000000000000020e+30 1.000000000000000020e+30 1.000000000000000020e+30 1.000000000000000020e+30 1.000000000000000020e+30 1.000000000000000020e+30 1.000000000000000020e+30 1.000000000000000020e+30 1.000000000000000020e+30 1.528062953386043077e+01 1.528085118014038457e+01 1.528115729240572307e+01 1.528150744378586623e+01 1.528177340334568157e+01 1.528202325828839747e+01 1.528226460673345777e+01 1.528249385819743544e+01 1.528270666113236409e+01 1.528289961791292662e+01 1.528307047418787690e+01 1.528321800314300916e+01 1.528334187483006268e+01 1.528344255849788524e+01 1.528352124259962785e+01 1.528357976478315372e+01 1.528362059179300303e+01 1.528364698350309148e+01 1.528366400963507132e+01 1.528368246929438712e+01 1.528368101732912443e+01 1.528366943256365573e+01 1.528365486883110158e+01 1.528364395088903294e+01 1.000000000000000020e+30 1.000000000000000020e+30 1.000000000000000020e+30 1.000000000000000020e+30 1.000000000000000020e+30 1.000000000000000020e+30 1.000000000000000020e+30 1.000000000000000020e+30 1.000000000000000020e+30
1.000000000000000020e+30 1.000000000000000020e+30 1.000000000000000020e+30 1.000000000000000020e+30 1.000000000000000020e+30 1.000000000000000020e+30 1.000000000000000020e+30 1.000000000000000020e+30 1.000000000000000020e+30 1.000000000000000020e+30 1.000000000000000020e+30 1.000000000000000020e+30 1.000000000000000020e+30 1.000000000000000020e+30 1.000000000000000020e+30 1.000000000000000020e+30 1.000000000000000020e+30 1.000000000000000020e+30 1.000000000000000020e+30 1.000000000000000020e+30 1.000000000000000020e+30 1.527929972409812365e+01 1.527957466069685388e+01 1.527996550009874532e+01 1.528042935858066009e+01 1.528078838350369040e+01 1.528113520282980531e+01 1.528147607690841170e+01 1.528178155920136128e+01 1.528206288873808028e+01 1.528232509203761325e+01 1.528256802646825108e+01 1.528278982038919942e+01 1.528298850774089956e+01 1.528316263042630574e+01 1.528331142715748925e+01 1.528343486821392005e+01 1.528353364178249407e+01 1.528360911621733642e+01 1.528366329420944147e+01 1.528369878355593947e+01 1.528371878679119966e+01 1.528372709921986683e+01 1.528372730559095771e+01 1.528371624045590949e+01 1.528369761079273204e+01 1.528367647798743612e+01 1.528365840310812196e+01 1.528364894679219077e+01 1.000000000000000020e+30 1.000000000000000020e+30 1.000000000000000020e+30 1.000000000000000020e+30 1.000000000000000020e+30 1.000000000000000020e+30 1.000000000000000020e+30 1.000000000000000020e+30
1.000000000000000020e+30 1.000000000000000020e+30 1.000000000000000020e+30 1.000000000000000020e+30 1.000000000000000020e+30 1.000000000000000020e+30 1.000000000000000020e+30 1.000000000000000020e+30 1.000000000000000020e+30 1.000000000000000020e+30 1.000000000000000020e+30 1.000000000000000020e+30 1.000000000000000020e+30 1.000000000000000020e+30 1.000000000000000020e+30 1.000000000000000020e+30 1.000000000000000020e+30 1.000000000000000020e+30 1.527776522851160124e+01 1.527806020835925693e+01 1.527849941914383436e+01 1.527904510866954446e+01 1.527947930694732293e+01 1.527991336020289559e+01 1.528035387620031216e+01 1.528075834647232867e+01 1.528113983868878378e+01 1.528150120084829844e+01 1.528183535603094079e+01 1.528214345886685344e+01 1.528242693301283417e+01 1.528268568681340511e+01 1.528291871910414557e+01 1.528312486750327537e+01 1.528330326940902673e+01 1.528345359078904586e+01 1.528357612367050500e+01 1.528367181891230153e+01 1.528374227958929410e+01 1.528378969432369239e+01 1.528381679627253575e+01 1.528382673291964799e+01 1.528382283015672982e+01 1.528380800264298500e+01 1.528378372121530759e+01 1.528375314086894043e+01 1.528372031075908133e+01 1.528368952087155286e+01 1.528366493628402267e+01 1.528364971677559758e+01 1.000000000000000020e+30 1.000000000000000020e+30 1.000000000000000020e+30 1.000000000000000020e+30 1.000000000000000020e+30 1.000000000000000020e+30 1.000000000000000020e+30
1.000000000000000020e+30 1.000000000000000020e+30 1.000000000000000020e+30 1.000000000000000020e+30 1.000000000000000020e+30 1.000000000000000020e+30 1.000000000000000020e+30 1.000000000000000020e+30 1.000000000000000020e+30 1.000000000000000020e+30 1.000000000000000020e+30 1.000000000000000020e+30 1.000000000000000020e+30 1.000000000000000020e+30 1.000000000000000020e+30 1.000000000000000020e+30 1.527666645995051375e+01 1.527697945923054235e+01 1.527748933892032568e+01 1.527793529700060304e+01 1.527841260659616118e+01 1.527892063243860044e+01 1.527940346235873292e+01 1.527987437203004539e+01 1.528033449208541228e+01 1.528077180536501700e+01 1.528118553377106537e+01 1.528157484458448678e+01 1.528193687581824634e+01 1.528227064500282673e+01 1.528257576675826357e+01 1.528285161218809662e+01 1.528309731315440345e+01 1.528331204904105256e+01 1.528349531584824739e+01 1.528364710432669327e+01 1.528376800041952421e+01 1.528385923023914295e+01 1.528392266353181483e+01 1.528396076637536005e+01 1.528397648526958896e+01 1.528397314120324246e+01 1.528395418753890844e+01 1.528392291847243278e+01 1.528388232170033589e+01 1.528383581608269814e+01 1.528378711008984503e+01 1.528373981562062944e+01 1.528369693299405441e+01 1.528366003207150925e+01 1.528362674120147169e+01 1.528360255197820372e+01 1.000000000000000020e+30 1.000000000000000020e+30 1.000000000000000020e+30 1.000000000000000020e+30 1.000000000000000020e+30
1.000000000000000020e+30 1.000000000000000020e+30 1.000000000000000020e+30 1.000000000000000020e+30 1.000000000000000020e+30 1.000000000000000020e+30 1.000000000000000020e+30 1.000000000000000020e+30 1.000000000000000020e+30 1.000000000000000020e+30 1.000000000000000020e+30 1.000000000000000020e+30 1.000000000000000020e+30 1.000000000000000020e+30 1.000000000000000020e+30 1.527596839954285635e+01 1.527637171873744393e+01 1.527680107036604085e+01 1.527729536751164652e+01 1.527779704092118784e+01 1.527831344602274299e+01 1.527884015279485475e+01 1.527935884367352415e+01 1.527986594209050253e+01 1.528035812689855000e+01 1.528082948068340308e+01 1.528127667614697138e+01 1.528169717920671822e+01 1.528208842814528445e+01 1.528244857736131834e+01 1.528277627368375846e+01 1.528307035659967106e+01 1.528332981390244427e+01 1.528355389966660915e+01 1.528374228622784692e+01 1.528389518746083731e+01 1.528401344121469663e+01 1.528409855469487688e+01 1.528415270671585269e+01 1.528417870296443759e+01 1.528417987048688254e+01 1.528415990891256016e+01 1.528412269436202209e+01 1.528407206421191056e+01 1.528401179673559263e+01 1.528394570843981626e+01 1.528387757187832285e+01 1.528381086239435582e+01 1.528374842653627930e+01 1.528369219510569899e+01 1.528364315406197171e+01 1.528360402499845527e+01 1.528357688376641832e+01 1.000000000000000020e+30 1.000000000000000020e+30 1.000000000000000020e+30 1.000000000000000020e+30
1.000000000000000020e+30 1.000000000000000020e+30 1.000000000000000020e+30 1.000000000000000020e+30 1.000000000000000020e+30 1.000000000000000020e+30 1.000000000000000020e+30 1.000000000000000020e+30 1.000000000000000020e+30 1.000000000000000020e+30 1.000000000000000020e+30 1.000000000000000020e+30 1.000000000000000020e+30 1.000000000000000020e+30 1.527510991116967709e+01 1.527558283255234173e+01 1.527606862465842319e+01 1.527657542485474984e+01 1.527711149090231757e+01 1.527766208116648983e+01 1.527822250733174414e+01 1.527878666253230477e+01 1.527934524232873592e+01 1.527989228835415680e+01 1.528042287609871686e+01 1.528093200525486495e+01 1.528141560122376852e+01 1.528187024814957340e+01 1.528229293284258361e+01 1.528268116089074091e+01 1.528303290799931879e+01 1.528334653144529831e+01 1.528362076419156068e+01 1.528385478552350385e+01 1.528404831835511679e+01 1.528420171728787125e+01 1.528431603490686186e+01 1.528439306323574165e+01 1.528443533976210489e+01 1.528444610334834408e+01 1.528442918554537933e+01 1.528438884398880937e+01 1.528432956044892599e+01 1.528425585043662949e+01 1.528417215614298996e+01 1.528408278001661991e+01 1.528399179700108235e+01 1.528390285463884801e+01 1.528381898409485906e+01 1.528374250613558871e+01 1.528367521073229085e+01 1.528361900351743330e+01 1.528357546541938383e+01 1.528354523784361163e+01 1.000000000000000020e+30 1.000000000000000020e+30 1.000000000000000020e+30
1.000000000000000020e+30 1.000000000000000020e+30 1.000000000000000020e+30 1.000000000000000020e+30 1.000000000000000020e+30 1.000000000000000020e+30 1.000000000000000020e+30 1.000000000000000020e+30 1.000000000000000020e+30 1.000000000000000020e+30 1.000000000000000020e+30 1.000000000000000020e+30 1.000000000000000020e+30 1.527411708969554915e+01 1.527465414093981266e+01 1.527520145619603298e+01 1.527576159483301588e+01 1.527633757109152057e+01 1.527693071645242995e+01 1.527753542840907741e+01 1.527814643031525321e+01 1.527875777850999128e+01 1.527936264363071572e+01 1.527995499463341389e+01 1.528052941062456505e+01 1.528108080631640142e+01 1.528160462807582221e+01 1.528209683301875010e+01 1.528255383406277090e+01 1.528297252840057396e+01 1.528335030471785494e+01 1.528368504541365525e+01 1.528397516124977429e+01 1.528421965886474432e+01 1.528441821987030025e+01 1.528457127369547131e+01 1.528468005748610459e+01 1.528474665883463501e+01 1.528477402717203404e+01 1.528476593239125592e+01 1.528472684941080573e+01 1.528466176850905356e+01 1.528457596062968804e+01 1.528447475178066917e+01 1.528436334338977254e+01 1.528424667276606996e+01 1.528412927485177519e+01 1.528401512900552106e+01 1.528390752440053113e+01 1.528380902814234865e+01 1.528372161295402165e+01 1.528364692069906283e+01 1.528358629027228055e+01 1.528354079276463295e+01 1.528351088620564369e+01 1.000000000000000020e+30 1.000000000000000020e+30
1.000000000000000020e+30 1.000000000000000020e+30 1.000000000000000020e+30 1.000000000000000020e+30 1.000000000000000020e+30 1.000000000000000020e+30 1.000000000000000020e+30 1.000000000000000020e+30 1.000000000000000020e+30 1.000000000000000020e+30 1.000000000000000020e+30 1.000000000000000020e+30 1.527299821192156770e+01 1.527359651950082586e+01 1.527420456630602885e+01 1.527482379872141927e+01 1.527545526565949352e+01 1.527609967004463876e+01 1.527675604700483447e+01 1.527742062914113674e+01 1.527808860129977298e+01 1.527875441777088206e+01 1.527941204660531227e+01 1.528005557194529018e+01 1.528067934478779932e+01 1.528127799379416984e+01 1.528184650621929919e+01 1.528238026683852269e+01 1.528287508333887956e+01 1.528332723262578519e+01 1.528373351096791133e+01 1.528409129042792358e+01 1.528439859005179002e+01 1.528465415807495731e+01 1.528485755375242938e+01 1.528500922135359197e+01 1.528511055519334327e+01 1.528516395222101210e+01 1.528517283510588065e+01 1.528514161588185871e+01 1.528507556939931611e+01 1.528498061174744649e+01 1.528486301396991287e+01 1.528472911004402945e+01 1.528458504888560299e+01 1.528443658465039690e+01 1.528428888030809141e+01 1.528414632739616152e+01 1.528401247110994099e+01 1.528388998313532277e+01 1.528378079003756618e+01 1.528368629837363812e+01 1.528360766749199584e+01 1.528354642047314549e+01 1.528350681377452958e+01 1.000000000000000020e+30 1.000000000000000020e+30
1.000000000000000020e+30 1.000000000000000020e+30 1.000000000000000020e+30 1.000000000000000020e+30 1.000000000000000020e+30 1.000000000000000020e+30 1.000000000000000020e+30 1.000000000000000020e+30 1.000000000000000020e+30 1.000000000000000020e+30 1.000000000000000020e+30 1.527175890452662799e+01 1.527241565811891633e+01 1.527308203096944261e+01 1.527375978914492016e+01 1.527444986684191797e+01 1.527515253836884312e+01 1.527586691093175908e+01 1.527659079658377905e+01 1.527732054763115954e+01 1.527805150365559150e+01 1.527877828474624877e+01 1.527949506340770469e+01 1.528019588613840618e+01 1.528087485541496982e+01 1.528152622425847618e+01 1.528214447847391888e+01 1.528272440553745426e+01 1.528326116277006186e+01 1.528375035743703414e+01 1.528418813754414884e+01 1.528457129228769062e+01 1.528489735954491024e+01 1.528516473279080756e+01 1.528537275971234699e+01 1.528552183127041530e+01 1.528561346480974414e+01 1.528565037860373721e+01 1.528563653638646080e+01 1.528557712146925063e+01 1.528547839754476456e+01 1.528534744162742065e+01 1.528519178489773189e+01 1.528501903465826928e+01 1.528483654340861797e+01 1.528465112636103740e+01 1.528446878227029160e+01 1.528429439914942201e+01 1.528413169268665683e+01 1.528398329616907425e+01 1.528385088062587194e+01 1.528373538271620902e+01 1.528363723766963389e+01 1.528355618568305196e+01 1.528348898369786824e+01 1.528342120217864597e+01 1.000000000000000020e+30
1.000000000000000020e+30 1.000000000000000020e+30 1.000000000000000020e+30 1.000000000000000020e+30 1.000000000000000020e+30 1.000000000000000020e+30 1.000000000000000020e+30 1.000000000000000020e+30 1.000000000000000020e+30 1.000000000000000020e+30 1.527040370378115774e+01 1.527111712960399181e+01 1.527183861796345354e+01 1.527257152246775185e+01 1.527331805959083511e+01 1.527407926729807031e+01 1.527485460702966158e+01 1.527564166861269257e+01 1.527643723410041154e+01 1.527723732184854377e+01 1.527803713536732744e+01 1.527883120103067505e+01 1.527961358266661129e+01 1.528037810453777468e+01 1.528111851463896897e+01 1.528182859577910158e+01 1.528250225657427741e+01 1.528313361902264056e+01 1.528371711486905227e+01 1.528424759819886702e+01 1.528472047470111050e+01 1.528513184350487997e+01 1.528547864310412052e+01 1.528575879079573774e+01 1.528597130955882655e+01 1.528611644563896022e+01 1.528619578480889984e+01 1.528621236545356687e+01 1.528617076119649987e+01 1.528607707813051420e+01 1.528593880435700925e+01 1.528576448154061040e+01 1.528556323717216614e+01 1.528534428379995269e+01 1.528511650293365065e+01 1.528488811973720729e+01 1.528466629033805013e+01 1.528445644725873898e+01 1.528426236039735464e+01 1.528408640306094668e+01 1.528392979252470951e+01 1.528379283015899226e+01 1.528367543481160951e+01 1.528357795526692620e+01 1.528349759133701191e+01 1.528348123115634039e+01 1.000000000000000020e+30
1.000000000000000020e+30 1.000000000000000020e+30 1.000000000000000020e+30 1.000000000000000020e+30 1.000000000000000020e+30 1.000000000000000020e+30 1.000000000000000020e+30 1.000000000000000020e+30 1.000000000000000020e+30 1.526890953087498914e+01 1.526970444345701594e+01 1.527048167325065542e+01 1.527126482264650775e+01 1.527206214261932971e+01 1.527287697151074219e+01 1.527371039543935360e+01 1.527456134155219125e+01 1.527542485343056988e+01 1.527629662685615841e+01 1.527717238455131010e+01 1.527804705560357412e+01 1.527891486659876108e+01 1.527976955838549600e+01 1.528060456854693605e+01 1.528141316703715624e+01 1.528218855911879359e+01 1.528292397724641738e+01 1.528361277966791931e+01 1.528424856751083993e+01 1.528482532620245138e+01 1.528533759085013699e+01 1.528578062868444754e+01 1.528615062604397501e+01 1.528644486698980032e+01 1.528666189866130232e+01 1.528680169099447816e+01 1.528686580403163653e+01 1.528685756303277365e+01 1.528678220764754059e+01 1.528664694002575786e+01 1.528646077549931448e+01 1.528623412936695480e+01 1.528597817262807901e+01 1.528570413130107042e+01 1.528542278342530736e+01 1.528514424072607802e+01 1.528487751918011917e+01 1.528462851774438036e+01 1.528440075050935043e+01 1.528419606607535286e+01 1.528401494122516979e+01 1.528385654071441735e+01 1.528371948985369855e+01 1.528360835948985574e+01 1.528357002155368782e+01 1.528355084580050693e+01 1.000000000000000020e+30
1.000000000000000020e+30 1.000000000000000020e+30 1.000000000000000020e+30 1.000000000000000020e+30 1.000000000000000020e+30 1.000000000000000020e+30 1.000000000000000020e+30 1.000000000000000020e+30 1.526751182583845434e+01 1.526822973660709692e+01 1.526903643168762592e+01 1.526985416805408136e+01 1.527069095926596987e+01 1.527154992672183198e+01 1.527243250310081990e+01 1.527333973414600088e+01 1.527427178280592379e+01 1.527521661052137780e+01 1.527616944227096063e+01 1.527712651152147494e+01 1.527808237429754179e+01 1.527903074679729478e+01 1.527996487526964309e+01 1.528087767600485769e+01 1.528176182462444466e+01 1.528260983645402149e+01 1.528341415238878120e+01 1.528416724450647557e+01 1.528486175055018315e+01 1.528549064145742520e+01 1.528604742063967770e+01 1.528652634620747719e+01 1.528692266077745820e+01 1.528723281415026847e+01 1.528745467533239655e+01 1.528758774692844469e+01 1.528763340340281296e+01 1.528759516029212229e+01 1.528747893766309573e+01 1.528729321719713141e+01 1.528704893676210830e+01 1.528675896979047444e+01 1.528643716958840493e+01 1.528609725874003544e+01 1.528575216941119841e+01 1.528541439738521213e+01 1.528509688647734599e+01 1.528480527201179129e+01 1.528454204071374889e+01 1.528430818771909117e+01 1.528410336984791051e+01 1.528392485238501841e+01 1.528376351113261045e+01 1.528369370534016802e+01 1.528364928234885056e+01 1.528362726986214604e+01 1.000000000000000020e+30
1.000000000000000020e+30 1.000000000000000020e+30 1.000000000000000020e+30 1.000000000000000020e+30 1.000000000000000020e+30 1.000000000000000020e+30 1.000000000000000020e+30 1.526605559042189952e+01 1.526680639072959700e+01 1.526757566668430321e+01 1.526837042226741481e+01 1.526922097608888329e+01 1.527010888638648289e+01 1.527102862945665684e+01 1.527197843999065618e+01 1.527295985736185635e+01 1.527398560669526617e+01 1.527501710966012283e+01 1.527605537106186517e+01 1.527709980099752585e+01 1.527814373277618820e+01 1.527918000893953909e+01 1.528020125495381976e+01 1.528119977967448406e+01 1.528216756999314718e+01 1.528309634093601233e+01 1.528397761349783046e+01 1.528480282892593856e+01 1.528556350198824099e+01 1.528625141380591046e+01 1.528685884282063689e+01 1.528737882501151191e+01 1.528780542642726559e+01 1.528813401181477083e+01 1.528836150726259824e+01 1.528848667701060116e+01 1.528851044994362773e+01 1.528843632117487950e+01 1.528827080377622494e+01 1.528802380990570065e+01 1.528770871250732810e+01 1.528734174103441035e+01 1.528694047253888577e+01 1.528652175486482179e+01 1.528610035206532558e+01 1.528569033265781840e+01 1.528531637795898313e+01 1.528497969658418221e+01 1.528468005552258902e+01 1.528441740730272613e+01 1.528419161196624110e+01 1.528400204458360712e+01 1.528384387144808088e+01 1.528377959393357344e+01 1.528373217766285741e+01 1.528370771049471166e+01 1.000000000000000020e+30
1.000000000000000020e+30 1.000000000000000020e+30 1.000000000000000020e+30 1.000000000000000020e+30 1.000000000000000020e+30 1.000000000000000020e+30 1.526456630134318182e+01 1.526531642377721987e+01 1.526609437040247030e+01 1.526690835109077504e+01 1.526776298122831932e+01 1.526866541662796628e+01 1.526961055771742082e+01 1.527059340583547176e+01 1.527160948647139982e+01 1.527265294112197935e+01 1.527370973472371496e+01 1.527482752356632112e+01 1.527595244423781651e+01 1.527709154036687877e+01 1.527823132300629894e+01 1.527936349625151280e+01 1.528048018119551799e+01 1.528157308988045671e+01 1.528263345618052682e+01 1.528365208899430527e+01 1.528461944622485724e+01 1.528552576878053593e+01 1.528636126101240755e+01 1.528711630993782578e+01 1.528778174470411955e+01 1.528834913124990180e+01 1.528881108510853437e+01 1.528916158390342162e+01 1.528939627743448604e+01 1.528951282319300020e+01 1.528951130419063453e+01 1.528939479349868691e+01 1.528917009050801923e+01 1.528884853243469522e+01 1.528844653492433814e+01 1.528798513971648454e+01 1.528748765047294889e+01 1.528697535303839317e+01 1.528646347884187229e+01 1.528595643136219984e+01 1.528552477350727479e+01 1.528514326077165286e+01 1.528480728768159835e+01 1.528451600621940898e+01 1.528426983762343561e+01 1.528407399087746121e+01 1.528395829352734125e+01 1.528387461965660776e+01 1.528381821783330174e+01 1.528378975860817768e+01 1.000000000000000020e+30
1.000000000000000020e+30 1.000000000000000020e+30 1.000000000000000020e+30 1.000000000000000020e+30 1.000000000000000020e+30 1.526315988005563007e+01 1.526382700790695424e+01 1.526456053624927733e+01 1.526535778196675075e+01 1.526621214330282328e+01 1.526712010706976308e+01 1.526808012512808510e+01 1.526908807469362905e+01 1.527013909757568300e+01 1.527122791036658711e+01 1.527234803313792177e+01 1.527349065292979269e+01 1.527464741888474187e+01 1.527585263274363747e+01 1.527710055718928039e+01 1.527834514233984287e+01 1.527958174142836256e+01 1.528080281692330367e+01 1.528199956094527678e+01 1.528316238775119373e+01 1.528428109544079838e+01 1.528534490977087756e+01 1.528634266762491301e+01 1.528726304488579579e+01 1.528809480265591603e+01 1.528882706792805912e+01 1.528944965651361620e+01 1.528995342202451369e+01 1.529033060698026425e+01 1.529057518841299235e+01 1.529068324864582173e+01 1.529065345238966067e+01 1.529048775943802241e+01 1.529019252071606338e+01 1.528978002373493084e+01 1.528927019498978979e+01 1.528869120823139838e+01 1.528807629833040771e+01 1.528745517443117130e+01 1.528684832162779017e+01 1.528627546176825547e+01 1.528581125467350255e+01 1.528538948229146754e+01 1.528501803185426766e+01 1.528469770148607765e+01 1.528442593218459855e+01 1.528419390852216608e+01 1.528406683252690357e+01 1.528396842849924298e+01 1.528390245180859885e+01 1.528386946682414127e+01 1.000000000000000020e+30
1.000000000000000020e+30 1.000000000000000020e+30 1.000000000000000020e+30 1.000000000000000020e+30 1.000000000000000020e+30 1.526250287379705028e+01 1.526303170227782502e+01 1.526375168700830898e+01 1.526457502395902921e+01 1.526547384831419585e+01 1.526643728549492351e+01 1.526745960711857286e+01 1.526853584376601702e+01 1.526966097256999966e+01 1.527082963104846591e+01 1.527203585613420600e+01 1.527327329919062748e+01 1.527453726299226133e+01 1.527582923211318899e+01 1.527713090527913842e+01 1.527848562933592902e+01 1.527983487459829348e+01 1.528116984643589049e+01 1.528248073544130747e+01 1.528375696315832499e+01 1.528498724073300430e+01 1.528615933741949817e+01 1.528726042732576751e+01 1.528827740719566108e+01 1.528919715849385241e+01 1.529000682961038748e+01 1.529069417787481910e+01 1.529124795237399681e+01 1.529165828031829477e+01 1.529191703151035142e+01 1.529201817747120451e+01 1.529195823419480149e+01 1.529173699014858023e+01 1.529135887891354706e+01 1.529083550962838700e+01 1.529018973989145280e+01 1.528946002811773042e+01 1.528869805506047186e+01 1.528794759298938644e+01 1.528722592006629277e+01 1.528661434006242992e+01 1.528608176917041739e+01 1.528561178413250765e+01 1.528520403534524519e+01 1.528485720757390887e+01 1.528456863559189749e+01 1.528433706586783813e+01 1.528417289982345117e+01 1.528405591162807653e+01 1.528397986764099237e+01 1.528394235180003591e+01 1.000000000000000020e+30
1.000000000000000020e+30 1.000000000000000020e+30 1.000000000000000020e+30 1.000000000000000020e+30 1.526049245380673547e+01 1.526132686002159922e+01 1.526205532460291892e+01 1.526284993455593408e+01 1.526372746817055237e+01 1.526468220461199543e+01 1.526570741839243617e+01 1.526679761696950877e+01 1.526794783309899017e+01 1.526915312271103531e+01 1.527040825240539412e+01 1.527170757688488045e+01 1.527304522246868501e+01 1.527441563127017510e+01 1.527581341389380576e+01 1.527722808501721019e+01 1.527865035791088388e+01 1.528012176303654002e+01 1.528158117427849128e+01 1.528301754956663672e+01 1.528441925104045396e+01 1.528577410162519534e+01 1.528706802121250341e+01 1.528828616457719924e+01 1.528941337606457651e+01 1.529043439999597176e+01 1.529133411394837161e+01 1.529209788191824160e+01 1.529271197849232422e+01 1.529316402111192907e+01 1.529344334839707464e+01 1.529354131292368635e+01 1.529345152639371896e+01 1.529317026288265247e+01 1.529269758213738406e+01 1.529204042116891493e+01 1.529122025690431741e+01 1.529028819115998772e+01 1.528933541758003756e+01 1.528843829484609707e+01 1.528762227644488725e+01 1.528690096375394525e+01 1.528631629173824535e+01 1.528579833814771405e+01 1.528535555101881549e+01 1.528498486818814506e+01 1.528468073061823418e+01 1.528443916311154993e+01 1.528425803732543642e+01 1.528412859152044767e+01 1.528404496315457628e+01 1.528400392180826550e+01 1.000000000000000020e+30
1.000000000000000020e+30 1.000000000000000020e+30 1.000000000000000020e+30 1.000000000000000020e+30 1.525966698902449714e+01 1.526026612782323433e+01 1.526102252966762229e+01 1.526187517495968038e+01 1.526281315980768838e+01 1.526383106932299327e+01 1.526492411328118237e+01 1.526608779158160623e+01 1.526731765587773459e+01 1.526860907097522002e+01 1.526995701087095014e+01 1.527135598972892971e+01 1.527280011521397363e+01 1.527428312951299638e+01 1.527579800894370798e+01 1.527733575649237885e+01 1.527888667596042716e+01 1.528044026885194739e+01 1.528203593307087615e+01 1.528361023474801605e+01 1.528515041655527540e+01 1.528664474516425287e+01 1.528807610274501805e+01 1.528942712347411970e+01 1.529068037018960879e+01 1.529181823781472360e+01 1.529282303159518719e+01 1.529367735238498227e+01 1.529436459225614797e+01 1.529486945610373283e+01 1.529517839420271663e+01 1.529527982440072087e+01 1.529516401425421357e+01 1.529482262045764784e+01 1.529424830579904615e+01 1.529343575308831404e+01 1.529239002392655955e+01 1.529116439349412637e+01 1.528994444846346568e+01 1.528887514323423780e+01 1.528795102673337780e+01 1.528717975524429207e+01 1.528651079812305014e+01 1.528593628290502693e+01 1.528546143118743750e+01 1.528507241232533431e+01 1.528475666849739234e+01 1.528450719704999905e+01 1.528431777948923198e+01 1.528418162856369911e+01 1.528409371336306144e+01 1.528405068637566977e+01 1.000000000000000020e+30
1.000000000000000020e+30 1.000000000000000020e+30 1.000000000000000020e+30 1.525728042398669437e+01 1.525825102618418683e+01 1.525905706764330994e+01 1.525990283659438873e+01 1.526082472191774286e+01 1.526182913029448329e+01 1.526291552141241326e+01 1.526408144420117985e+01 1.526532371734032267e+01 1.526663863038701408e+01 1.526802196287292013e+01 1.526946892776935627e+01 1.527097417431171777e+01 1.527253179689424734e+01 1.527413525069153089e+01 1.527577706413430114e+01 1.527744842317959773e+01 1.527913930675973120e+01 1.528083836299897591e+01 1.528253265643444792e+01 1.528425848421452216e+01 1.528594975448067750e+01 1.528760155657523079e+01 1.528918854483590195e+01 1.529069060226171928e+01 1.529208808001180309e+01 1.529336096140433732e+01 1.529448864593058488e+01 1.529545053511855279e+01 1.529622664850112557e+01 1.529679832754560032e+01 1.529714884977695455e+01 1.529726374276212653e+01 1.529713034689303619e+01 1.529673609566867754e+01 1.529606530069094994e+01 1.529509210710983069e+01 1.529376737969277933e+01 1.529206248356926068e+01 1.529053226523982723e+01 1.528929612237335256e+01 1.528825608287750093e+01 1.528738323938942578e+01 1.528663764840055350e+01 1.528600116842881462e+01 1.528550796247969679e+01 1.528511310675276746e+01 1.528479274108058483e+01 1.528454156829321597e+01 1.528435055831369738e+01 1.528421262538236114e+01 1.528412384751265840e+01 1.528408068934495034e+01 1.000000000000000020e+30
1.000000000000000020e+30 1.000000000000000020e+30 1.000000000000000020e+30 1.525641925201955473e+01 1.525700775789073660e+01 1.525781680269331453e+01 1.525871583142809840e+01 1.525970112013807345e+01 1.526077303557022802e+01 1.526193087296116957e+01 1.526317342470491845e+01 1.526449870540249520e+01 1.526590368319402558e+01 1.526738451662906115e+01 1.526893662518595285e+01 1.527055481173462681e+01 1.527223327808568953e+01 1.527396549304705609e+01 1.527574393883491055e+01 1.527755982057370154e+01 1.527940289295865739e+01 1.528126120162795765e+01 1.528312056576281464e+01 1.528496301157849935e+01 1.528681120068878663e+01 1.528864675183775645e+01 1.529041037247435320e+01 1.529208389448085903e+01 1.529364625836787894e+01 1.529507526172109699e+01 1.529634686278172850e+01 1.529743671058244203e+01 1.529832078604719570e+01 1.529897644108041632e+01 1.529938340821893483e+01 1.529952468894391160e+01 1.529938636923193407e+01 1.529895487835240431e+01 1.529821326980963470e+01 1.529712832480070617e+01 1.529555296881415138e+01 1.529281369543576474e+01 1.529095556329711414e+01 1.528954847915560045e+01 1.528842125952937359e+01 1.528748652462071433e+01 1.528668220185937265e+01 1.528594938473573350e+01 1.528548259899316974e+01 1.528510569161674759e+01 1.528478597435912079e+01 1.528454213035633735e+01 1.528435654065404314e+01 1.528422065172837918e+01 1.528413464693238843e+01 1.528409382065005140e+01 1.000000000000000020e+30
1.000000000000000020e+30 1.000000000000000020e+30 1.000000000000000020e+30 1.525507871612894917e+01 1.525565335787592325e+01 1.525649463714639076e+01 1.525745105768175058e+01 1.525849997088083576e+01 1.525964063446856045e+01 1.526087164142374064e+01 1.526219340997220186e+01 1.526360547017745262e+01 1.526510517021027091e+01 1.526668891078712420e+01 1.526835217316328297e+01 1.527008991473019606e+01 1.527189660162861173e+01 1.527376598576237576e+01 1.527569078891759347e+01 1.527766238373555652e+01 1.527967053085268923e+01 1.528170318114728055e+01 1.528374649219265713e+01 1.528578572012789927e+01 1.528781018581750573e+01 1.528978784758409759e+01 1.529174721091671429e+01 1.529361409465715482e+01 1.529536423734362138e+01 1.529697395022340523e+01 1.529841426741990951e+01 1.529965650859178439e+01 1.530067161949832233e+01 1.530143194667261319e+01 1.530191273632847704e+01 1.530209457877618640e+01 1.530196500101271084e+01 1.530151314858704126e+01 1.530073375378609413e+01 1.529968385259791042e+01 1.529853099283169193e+01 1.000000000000000020e+30 1.000000000000000020e+30 1.000000000000000020e+30 1.000000000000000020e+30 1.000000000000000020e+30 1.000000000000000020e+30 1.528565834564061809e+01 1.528539397762479446e+01 1.528506760218308891e+01 1.528472968403353782e+01 1.528451074866553583e+01 1.528433905369750789e+01 1.528420492451668444e+01 1.528412652725558907e+01 1.528409242178374861e+01 1.000000000000000020e+30
1.000000000000000020e+30 1.000000000000000020e+30 1.525214512132977340e+01 1.525327221473282258e+01 1.525414126185358477e+01 1.525506499311400077e+01 1.525610201093625307e+01 1.525721586771046390e+01 1.525842720481128723e+01 1.525973149577292709e+01 1.526113358940158271e+01 1.526263584196047063e+01 1.526423469198052274e+01 1.526592671420757519e+01 1.526770703771826909e+01 1.526957073889400363e+01 1.527151278475390406e+01 1.527352754709287552e+01 1.527560831240511341e+01 1.527774686269512472e+01 1.527993312852726326e+01 1.528215493125128077e+01 1.528439788727949988e+01 1.528664554756863936e+01 1.528887933975927815e+01 1.529107356824721009e+01 1.529320192138660950e+01 1.529528732471477248e+01 1.529724968010411423e+01 1.529906965828826770e+01 1.530070784952464713e+01 1.530213196706993273e+01 1.530330619182063145e+01 1.530419636428546859e+01 1.530477075191735636e+01 1.530500587637351551e+01 1.530489598219385527e+01 1.530442896500212768e+01 1.530365642977876917e+01 1.530247373328896821e+01 1.530048741214465302e+01 1.000000000000000020e+30 1.000000000000000020e+30 1.000000000000000020e+30 1.000000000000000020e+30 1.000000000000000020e+30 1.000000000000000020e+30 1.000000000000000020e+30 1.000000000000000020e+30 1.000000000000000020e+30 1.528458087862963666e+01 1.528445848798857298e+01 1.528431023614385253e+01 1.528415952805231548e+01 1.528410032871610014e+01 1.528408321507504830e+01 1.000000000000000020e+30
1.000000000000000020e+30 1.000000000000000020e+30 1.525112557591338636e+01 1.525183178606097201e+01 1.525268292805831472e+01 1.525363103436843204e+01 1.525468399466103619e+01 1.525584273662161827e+01 1.525712980576591526e+01 1.525850311442543017e+01 1.525998385994059348e+01 1.526158063395783238e+01 1.526328289480363232e+01 1.526508895934866850e+01 1.526699218810692749e+01 1.526898780863537652e+01 1.527107177742140109e+01 1.527323960327914065e+01 1.527548557426012188e+01 1.527780221253534165e+01 1.528017983790316237e+01 1.528260621044016965e+01 1.528506627162143339e+01 1.528754195576721386e+01 1.529001182235152889e+01 1.529245000529853371e+01 1.529482742709386933e+01 1.529711044704231782e+01 1.529930514668325614e+01 1.530137544077445000e+01 1.530324430983064765e+01 1.530488657640340122e+01 1.530625450872718929e+01 1.530730667378427690e+01 1.530799848719551548e+01 1.530829287232960212e+01 1.530821480651855815e+01 1.530778282958626235e+01 1.530701966400514458e+01 1.530609740934631091e+01 1.000000000000000020e+30 1.000000000000000020e+30 1.000000000000000020e+30 1.000000000000000020e+30 1.000000000000000020e+30 1.000000000000000020e+30 1.000000000000000020e+30 1.000000000000000020e+30 1.000000000000000020e+30 1.000000000000000020e+30 1.000000000000000020e+30 1.000000000000000020e+30 1.000000000000000020e+30 1.528404172500994029e+01 1.528405837349805729e+01 1.000000000000000020e+30 1.000000000000000020e+30
1.000000000000000020e+30 1.524847721783864785e+01 1.524950703068106428e+01 1.525035395045120090e+01 1.525123557684671738e+01 1.525220086669700059e+01 1.525326942276581121e+01 1.525445106670684758e+01 1.525575482525241533e+01 1.525717659760990941e+01 1.525872811809648688e+01 1.526043072242135779e+01 1.526223891827641665e+01 1.526416659155789901e+01 1.526619847614855097e+01 1.526833104320650492e+01 1.527056240803296205e+01 1.527289002251824890e+01 1.527530975075781505e+01 1.527781528150502943e+01 1.528039763917052518e+01 1.528304474468055751e+01 1.528574105048903320e+01 1.528846726997080552e+01 1.529120017369724316e+01 1.529391250823623416e+01 1.529657373736312387e+01 1.529915128118734735e+01 1.530161528688833705e+01 1.530391162177474840e+01 1.530603691641465325e+01 1.530794555686871306e+01 1.530954908356211952e+01 1.531080823730540530e+01 1.531165488252472784e+01 1.531208577149466699e+01 1.531202094708381445e+01 1.531149906555784845e+01 1.531057310266572280e+01 1.530882982200632902e+01 1.000000000000000020e+30 1.000000000000000020e+30 1.000000000000000020e+30 1.000000000000000020e+30 1.000000000000000020e+30 1.000000000000000020e+30 1.000000000000000020e+30 1.000000000000000020e+30 1.000000000000000020e+30 1.000000000000000020e+30 1.000000000000000020e+30 1.000000000000000020e+30 1.000000000000000020e+30 1.000000000000000020e+30 1.000000000000000020e+30 1.000000000000000020e+30 1.000000000000000020e+30
1.000000000000000020e+30 1.524755362890760502e+01 1.524817804106914920e+01 1.524894849163506194e+01 1.524981222588174745e+01 1.525077566621991565e+01 1.525185058100506730e+01 1.525304666781675422e+01 1.525437186196108108e+01 1.525583108778210395e+01 1.525743279479156023e+01 1.525918576308285424e+01 1.526108685779541041e+01 1.526315237042869022e+01 1.526531747419796758e+01 1.526758991226359541e+01 1.526997224938684639e+01 1.527246484269214299e+01 1.527506576068904742e+01 1.527777034502166664e+01 1.528057071996417093e+01 1.528345528646681828e+01 1.528640826600962299e+01 1.528940937759736940e+01 1.529243371427472376e+01 1.529545189781264369e+01 1.529843065727896700e+01 1.530133364012366748e+01 1.530412201093898439e+01 1.530675055344604196e+01 1.530917853981822851e+01 1.531134051725640610e+01 1.531321937495591357e+01 1.531475406532195294e+01 1.531586116893018001e+01 1.531640655863668066e+01 1.531631624909585732e+01 1.531565131953135506e+01 1.531497566654868869e+01 1.000000000000000020e+30 1.000000000000000020e+30 1.000000000000000020e+30 1.000000000000000020e+30 1.000000000000000020e+30 1.000000000000000020e+30 1.000000000000000020e+30 1.000000000000000020e+30 1.000000000000000020e+30 1.000000000000000020e+30 1.000000000000000020e+30 1.000000000000000020e+30 1.000000000000000020e+30 1.000000000000000020e+30 1.000000000000000020e+30 1.000000000000000020e+30 1.000000000000000020e+30 1.000000000000000020e+30
1.524525741148481472e+01 1.524611156675857160e+01 1.524680923588631565e+01 1.524755636861350183e+01 1.524839651336671764e+01 1.524934686223824976e+01 1.525041897373679944e+01 1.525162216067061394e+01 1.525296456642308662e+01 1.525445357377896016e+01 1.525609745466115541e+01 1.525790470246966990e+01 1.525988327995199612e+01 1.526205072020190023e+01 1.526434238879194183e+01 1.526675322763803244e+01 1.526928725379604224e+01 1.527194785185152526e+01 1.527473578486711325e+01 1.527764854390984972e+01 1.528067981509946272e+01 1.528381888135903566e+01 1.528705003258685657e+01 1.529035213238288193e+01 1.529369847148831951e+01 1.529705697835626843e+01 1.530039080894471226e+01 1.530365918526040403e+01 1.530681813584198991e+01 1.530982046743087466e+01 1.531261731374872070e+01 1.531515241482143885e+01 1.531736817307364795e+01 1.531926225053916646e+01 1.532066212401466565e+01 1.532139611239952970e+01 1.532121913927559298e+01 1.531990187376724677e+01 1.531817470155062466e+01 1.000000000000000020e+30 1.000000000000000020e+30 1.000000000000000020e+30 1.000000000000000020e+30 1.000000000000000020e+30 1.000000000000000020e+30 1.000000000000000020e+30 1.000000000000000020e+30 1.000000000000000020e+30 1.000000000000000020e+30 1.000000000000000020e+30 1.000000000000000020e+30 1.000000000000000020e+30 1.000000000000000020e+30 1.000000000000000020e+30 1.000000000000000020e+30 1.000000000000000020e+30 1.000000000000000020e+30
1.524450837604971021e+01 1.524493151229747667e+01 1.524549686196865395e+01 1.524617764370383277e+01 1.524697751985733518e+01 1.524790376363935884e+01 1.524896429152206956e+01 1.525016705726360122e+01 1.525152004039063236e+01 1.525303137550681143e+01 1.525470972274566073e+01 1.525656407468976994e+01 1.525860349341521527e+01 1.526083680187051606e+01 1.526326123457932482e+01 1.526580760542786308e+01 1.526849105519509031e+01 1.527132002819801748e+01 1.527429869495315451e+01 1.527742724492738802e+01 1.528070148235607562e+01 1.528411210068533954e+01 1.528764385654585922e+01 1.529127491122535787e+01 1.529497657046782244e+01 1.529871349523059720e+01 1.530244441301347003e+01 1.530612333634918620e+01 1.530970113843400959e+01 1.531312706832654946e+01 1.531634983261609406e+01 1.531931632084077677e+01 1.532197398978753355e+01 1.532429831323334568e+01 1.532616296225056729e+01 1.532733069221742639e+01 1.532721542346778776e+01 1.532602331422833863e+01 1.532283232811493434e+01 1.000000000000000020e+30 1.000000000000000020e+30 1.000000000000000020e+30 1.000000000000000020e+30 1.000000000000000020e+30 1.000000000000000020e+30 1.000000000000000020e+30 1.000000000000000020e+30 1.000000000000000020e+30 1.000000000000000020e+30 1.000000000000000020e+30 1.000000000000000020e+30 1.000000000000000020e+30 1.000000000000000020e+30 1.000000000000000020e+30 1.000000000000000020e+30 1.000000000000000020e+30 1.000000000000000020e+30
1.524344113729651085e+01 1.524371439070579370e+01 1.524417454131914695e+01 1.524478589355484281e+01 1.524553869804864092e+01 1.524643345032042774e+01 1.524747497844846400e+01 1.524866999224627762e+01 1.525002620674732867e+01 1.525155206019279674e+01 1.525325668344855679e+01 1.525514987230537933e+01 1.525724221669090497e+01 1.525954524680643054e+01 1.526207108266415169e+01 1.526473904638653067e+01 1.526756464019674198e+01 1.527055898871425121e+01 1.527372944918760922e+01 1.527707934073077389e+01 1.528060727359020099e+01 1.528430611158368180e+01 1.528816169120797497e+01 1.529215172852663684e+01 1.529624535761791826e+01 1.530040328017841134e+01 1.530457856987622201e+01 1.530871842079742251e+01 1.531276699035093003e+01 1.531666884750757163e+01 1.532037152449373174e+01 1.532382268605233655e+01 1.532704957044517791e+01 1.532993101842460959e+01 1.533239585855990761e+01 1.533388846641088854e+01 1.533475114615191082e+01 1.533513112958585367e+01 1.000000000000000020e+30 1.000000000000000020e+30 1.000000000000000020e+30 1.000000000000000020e+30 1.000000000000000020e+30 1.000000000000000020e+30 1.000000000000000020e+30 1.000000000000000020e+30 1.000000000000000020e+30 1.000000000000000020e+30 1.000000000000000020e+30 1.000000000000000020e+30 1.000000000000000020e+30 1.000000000000000020e+30 1.000000000000000020e+30 1.000000000000000020e+30 1.000000000000000020e+30 1.000000000000000020e+30 1.000000000000000020e+30
1.524220529919718636e+01 1.524241518960049468e+01 1.524280617353211476e+01 1.524335841146781867e+01 1.524406409792168482e+01 1.524492304261719866e+01 1.524593940395340397e+01 1.524711962193966031e+01 1.524847145212022426e+01 1.525000357210050872e+01 1.525172549282772572e+01 1.525364772997985874e+01 1.525578238999930747e+01 1.525814414057079027e+01 1.526075156662961874e+01 1.526352687591200130e+01 1.526648470080624698e+01 1.526963827655120376e+01 1.527299849780338370e+01 1.527657252269542631e+01 1.528036277420608791e+01 1.528436549954483503e+01 1.528856865466355330e+01 1.529294995934583312e+01 1.529747624463280431e+01 1.530210346921027664e+01 1.530677730519856183e+01 1.531143526052009740e+01 1.531601128450692784e+01 1.532044266572460955e+01 1.532467856819955010e+01 1.532869016615411795e+01 1.533250600742317715e+01 1.533601634946168346e+01 1.533869382094271216e+01 1.534064614563224538e+01 1.534211626678951390e+01 1.534275913621424969e+01 1.000000000000000020e+30 1.000000000000000020e+30 1.000000000000000020e+30 1.000000000000000020e+30 1.000000000000000020e+30 1.000000000000000020e+30 1.000000000000000020e+30 1.000000000000000020e+30 1.000000000000000020e+30 1.000000000000000020e+30 1.000000000000000020e+30 1.000000000000000020e+30 1.000000000000000020e+30 1.000000000000000020e+30 1.000000000000000020e+30 1.000000000000000020e+30 1.000000000000000020e+30 1.000000000000000020e+30 1.000000000000000020e+30
1.524086390772686173e+01 1.524103938476087627e+01 1.524138138942486975e+01 1.524188286407902559e+01 1.524254205096058179e+01 1.524336152294013935e+01 1.524434682244343442e+01 1.524550517733071153e+01 1.524684479733516440e+01 1.524837457881866776e+01 1.525010411377224528e+01 1.525204409915379955e+01 1.525420733523368710e+01 1.525661036443012009e+01 1.525927673454634714e+01 1.526214606462498047e+01 1.526522414611062750e+01 1.526852730285222925e+01 1.527207144794464000e+01 1.527586862705358683e+01 1.527992649486363774e+01 1.528424673198588479e+01 1.528882130072057954e+01 1.529362855587302583e+01 1.529863301883227678e+01 1.530378533690543641e+01 1.530902166318399793e+01 1.531426519536987385e+01 1.531943273401182637e+01 1.532444570526072347e+01 1.532924474700572937e+01 1.533389138797977935e+01 1.533830456893419836e+01 1.534194945287241474e+01 1.534484114073841177e+01 1.534706206742666978e+01 1.534815087528241229e+01 1.534638835150095737e+01 1.000000000000000020e+30 1.000000000000000020e+30 1.000000000000000020e+30 1.000000000000000020e+30 1.000000000000000020e+30 1.000000000000000020e+30 1.000000000000000020e+30 1.000000000000000020e+30 1.000000000000000020e+30 1.000000000000000020e+30 1.000000000000000020e+30 1.000000000000000020e+30 1.000000000000000020e+30 1.000000000000000020e+30 1.000000000000000020e+30 1.000000000000000020e+30 1.000000000000000020e+30 1.000000000000000020e+30 1.000000000000000020e+30
1.523945104705897613e+01 1.523960121318323857e+01 1.523990166207973829e+01 1.524035466403434924e+01 1.524096518605201922e+01 1.524174011683025931e+01 1.524268766814342868e+01 1.524381664818101711e+01 1.524513603718013144e+01 1.524665482048557585e+01 1.524838212240351787e+01 1.525032786715083510e+01 1.525250406775061407e+01 1.525492598660521004e+01 1.525761128950275136e+01 1.526057020699912137e+01 1.526375353311747851e+01 1.526719164866631395e+01 1.527090902855333709e+01 1.527492318903847135e+01 1.527924858864779090e+01 1.528389602694763560e+01 1.528886530401537236e+01 1.529413560720255560e+01 1.529966918734307590e+01 1.530541200979006256e+01 1.531128917443810877e+01 1.531720299759306592e+01 1.532304207486914294e+01 1.532869734123108252e+01 1.533414990202430062e+01 1.533950323630970658e+01 1.534412261487950602e+01 1.534800376522849064e+01 1.535119006169059475e+01 1.535364052206791463e+01 1.535492900470678990e+01 1.000000000000000020e+30 1.000000000000000020e+30 1.000000000000000020e+30 1.000000000000000020e+30 1.000000000000000020e+30 1.000000000000000020e+30 1.000000000000000020e+30 1.000000000000000020e+30 1.000000000000000020e+30 1.000000000000000020e+30 1.000000000000000020e+30 1.000000000000000020e+30 1.000000000000000020e+30 1.000000000000000020e+30 1.000000000000000020e+30 1.000000000000000020e+30 1.000000000000000020e+30 1.000000000000000020e+30 1.000000000000000020e+30 1.000000000000000020e+30
1.523799169895952410e+01 1.523811659341406077e+01 1.523837360018214326e+01 1.523877369267219706e+01 1.523932905046588360e+01 1.524005168371025221e+01 1.524095320973395573e+01 1.524204453247150504e+01 1.524333559615193323e+01 1.524483521413920251e+01 1.524655122943041796e+01 1.524849153996092177e+01 1.525066637312027673e+01 1.525309068102842502e+01 1.525578604824241502e+01 1.525878344460976699e+01 1.526204299756294880e+01 1.526559293374033111e+01 1.526946742732313922e+01 1.527368563001282631e+01 1.527826940422929880e+01 1.528324596080732078e+01 1.528863249912534350e+01 1.529440533014962966e+01 1.530052376801876868e+01 1.530693367213146239e+01 1.531355100859669882e+01 1.532025772112548623e+01 1.532692265840435297e+01 1.533335558121554243e+01 1.533963649468596202e+01 1.534526275033199205e+01 1.535013270818144449e+01 1.535423387689131935e+01 1.535760376906106650e+01 1.536001618188112516e+01 1.536146328963854124e+01 1.000000000000000020e+30 1.000000000000000020e+30 1.000000000000000020e+30 1.000000000000000020e+30 1.000000000000000020e+30 1.000000000000000020e+30 1.000000000000000020e+30 1.000000000000000020e+30 1.000000000000000020e+30 1.000000000000000020e+30 1.000000000000000020e+30 1.000000000000000020e+30 1.000000000000000020e+30 1.000000000000000020e+30 1.000000000000000020e+30 1.000000000000000020e+30 1.000000000000000020e+30 1.000000000000000020e+30 1.000000000000000020e+30 1.000000000000000020e+30
1.523651081319077250e+01 1.523660337588453295e+01 1.523680636407128297e+01 1.523714190427799231e+01 1.523763046271099597e+01 1.523828962168053991e+01 1.523913473382092931e+01 1.524017914109712990e+01 1.524143395979140436e+01 1.524290754596317932e+01 1.524460527210250405e+01 1.524653075556953219e+01 1.524869020052451241e+01 1.525109647651335543e+01 1.525377231360274521e+01 1.525674779287763272e+01 1.526005675515352245e+01 1.526368572145150360e+01 1.526769961665903530e+01 1.527210156129924812e+01 1.527691818625323350e+01 1.528219785059758351e+01 1.528802182731262072e+01 1.529435408228006033e+01 1.530113630996206275e+01 1.530833287996212633e+01 1.531587667984259049e+01 1.532362170739665075e+01 1.533140064217775667e+01 1.533856166399769982e+01 1.534514234906770014e+01 1.535098963530344740e+01 1.535597068529675902e+01 1.536007066284224187e+01 1.536342901877918443e+01 1.536602431471293784e+01 1.536846367854170659e+01 1.537213740634137693e+01 1.000000000000000020e+30 1.000000000000000020e+30 1.000000000000000020e+30 1.000000000000000020e+30 1.000000000000000020e+30 1.000000000000000020e+30 1.000000000000000020e+30 1.000000000000000020e+30 1.000000000000000020e+30 1.000000000000000020e+30 1.000000000000000020e+30 1.000000000000000020e+30 1.000000000000000020e+30 1.000000000000000020e+30 1.000000000000000020e+30 1.000000000000000020e+30 1.000000000000000020e+30 1.000000000000000020e+30 1.000000000000000020e+30
1.523504041300349421e+01 1.523508293783971013e+01 1.523521018226360013e+01 1.523546125068500245e+01 1.523586579244903483e+01 1.523644655774971746e+01 1.523722241430660240e+01 1.523820945416079375e+01 1.523942055055117706e+01 1.524086371550859553e+01 1.524254045669446533e+01 1.524444576901155024e+01 1.524657789604929903e+01 1.524894456802160470e+01 1.525157216956553263e+01 1.525449336511262999e+01 1.525776494675448802e+01 1.526140944323894466e+01 1.526545965037710850e+01 1.526998680526931906e+01 1.527502039698720360e+01 1.528063685455524201e+01 1.528698092183333657e+01 1.529395780992525467e+01 1.530154197040491759e+01 1.530969505595180635e+01 1.531836566650415676e+01 1.532730520338049196e+01 1.533569132234890020e+01 1.534344017694675877e+01 1.535040833277396288e+01 1.535639161335119063e+01 1.536132059090945923e+01 1.536534687436375002e+01 1.536863852078255732e+01 1.537120856086316323e+01 1.537325047289344582e+01 1.537483235000471815e+01 1.000000000000000020e+30 1.000000000000000020e+30 1.000000000000000020e+30 1.000000000000000020e+30 1.000000000000000020e+30 1.000000000000000020e+30 1.000000000000000020e+30 1.000000000000000020e+30 1.000000000000000020e+30 1.000000000000000020e+30 1.000000000000000020e+30 1.000000000000000020e+30 1.000000000000000020e+30 1.000000000000000020e+30 1.000000000000000020e+30 1.000000000000000020e+30 1.000000000000000020e+30 1.000000000000000020e+30 1.000000000000000020e+30
1.523363024875477656e+01 1.523358069227250589e+01 1.523359348410179059e+01 1.523373097944462629e+01 1.523402911146012251e+01 1.523451305173009018e+01 1.523520405667155941e+01 1.523612149515611058e+01 1.523728170131566806e+01 1.523869390528040846e+01 1.524035561053783283e+01 1.524224340427787183e+01 1.524434144401218205e+01 1.524664328197856200e+01 1.524919135093938394e+01 1.525200299715347185e+01 1.525513475143127806e+01 1.525869000433973177e+01 1.526273681693049511e+01 1.526739655679561913e+01 1.527263325983239994e+01 1.527854457392307630e+01 1.528536633608624662e+01 1.529314827421532819e+01 1.530172100336051955e+01 1.531099901609801961e+01 1.532090312941502219e+01 1.533052870158732617e+01 1.533956820801230947e+01 1.534797408329315793e+01 1.535537644376556266e+01 1.536154822178350621e+01 1.536647763685427215e+01 1.537044055906332396e+01 1.537359057003975948e+01 1.537594234059774756e+01 1.537751907585386490e+01 1.537813109841642678e+01 1.000000000000000020e+30 1.000000000000000020e+30 1.000000000000000020e+30 1.000000000000000020e+30 1.000000000000000020e+30 1.000000000000000020e+30 1.000000000000000020e+30 1.000000000000000020e+30 1.000000000000000020e+30 1.000000000000000020e+30 1.000000000000000020e+30 1.000000000000000020e+30 1.000000000000000020e+30 1.000000000000000020e+30 1.000000000000000020e+30 1.000000000000000020e+30 1.000000000000000020e+30 1.000000000000000020e+30 1.000000000000000020e+30
1.523237214638165860e+01 1.523211874357812334e+01 1.523195510821338594e+01 1.523194362081438058e+01 1.523211051600563870e+01 1.523247682209947307e+01 1.523306411778422920e+01 1.523389624405067266e+01 1.523499712481420332e+01 1.523638178972478663e+01 1.523805283028942981e+01 1.523993988702820168e+01 1.524201128037070596e+01 1.524420599538115972e+01 1.524652930259528638e+01 1.524909194349992703e+01 1.525203576878257827e+01 1.525546552333698891e+01 1.525928247217890110e+01 1.526381516225666424e+01 1.526921711923033520e+01 1.527522230461720909e+01 1.528245442998637849e+01 1.529116928759873772e+01 1.530113658353468153e+01 1.531236002345521108e+01 1.532344659305691437e+01 1.533386936958909175e+01 1.534332799866865571e+01 1.535265862165684148e+01 1.536053138285287467e+01 1.536684530493136869e+01 1.537172406876843311e+01 1.537547095380435813e+01 1.537836288878794377e+01 1.538047364919320437e+01 1.538177521682155735e+01 1.538208995351051200e+01 1.000000000000000020e+30 1.000000000000000020e+30 1.000000000000000020e+30 1.000000000000000020e+30 1.000000000000000020e+30 1.000000000000000020e+30 1.000000000000000020e+30 1.000000000000000020e+30 1.000000000000000020e+30 1.000000000000000020e+30 1.000000000000000020e+30 1.000000000000000020e+30 1.000000000000000020e+30 1.000000000000000020e+30 1.000000000000000020e+30 1.000000000000000020e+30 1.000000000000000020e+30 1.000000000000000020e+30 1.000000000000000020e+30
1.523146974539904441e+01 1.523066944249249843e+01 1.523026735726503311e+01 1.523008111115374241e+01 1.523009605715694725e+01 1.523032359975588790e+01 1.523078388396555027e+01 1.523150740621606047e+01 1.523253467661047011e+01 1.523389008297997016e+01 1.523552134124534696e+01 1.523732429169390734e+01 1.523929693682577913e+01 1.524132559868202108e+01 1.524334210997100847e+01 1.524532147271806437e+01 1.524787018578414255e+01 1.525131004845568405e+01 1.525339909622755030e+01 1.525580239223106460e+01 1.525859006227708292e+01 1.526478791259597934e+01 1.527370369905752767e+01 1.528599499162337416e+01 1.530166915647046366e+01 1.531460687097776052e+01 1.532661127522784206e+01 1.533827020784360506e+01 1.535015931018051560e+01 1.535938637109829230e+01 1.536668110382255747e+01 1.537269114829036987e+01 1.537713945111973501e+01 1.538037863288726648e+01 1.538293946149159019e+01 1.538483771568798808e+01 1.538604207261118972e+01 1.538641293004494770e+01 1.000000000000000020e+30 1.000000000000000020e+30 1.000000000000000020e+30 1.000000000000000020e+30 1.000000000000000020e+30 1.000000000000000020e+30 1.000000000000000020e+30 1.000000000000000020e+30 1.000000000000000020e+30 1.000000000000000020e+30 1.000000000000000020e+30 1.000000000000000020e+30 1.000000000000000020e+30 1.000000000000000020e+30 1.000000000000000020e+30 1.000000000000000020e+30 1.000000000000000020e+30 1.000000000000000020e+30 1.000000000000000020e+30
1.000000000000000020e+30 1.522892403917014725e+01 1.522846607297312360e+01 1.522812011859700121e+01 1.522797225710994518e+01 1.522804131157759855e+01 1.522834464042807490e+01 1.522891967175275951e+01 1.522976074133191382e+01 1.523083771677076292e+01 1.523223295499590257e+01 1.523386464933373574e+01 1.523579809706746246e+01 1.523759595485028129e+01 1.523927541307958045e+01 1.523898850106725966e+01 1.523797491422575234e+01 1.522131321725045439e+01 1.524423475632015368e+01 1.524691328749715957e+01 1.525000371693571921e+01 1.525685318733349405e+01 1.526820161151912103e+01 1.528649448014701484e+01 1.530246634653913240e+01 1.531641631536833259e+01 1.532935827669146001e+01 1.534223170959379701e+01 1.535625328920852439e+01 1.536554532885135238e+01 1.537292100873694345e+01 1.537867720715334841e+01 1.538231496950937149e+01 1.538498803518993263e+01 1.538720273122955717e+01 1.538892029432731867e+01 1.539016737325586348e+01 1.539115754174518536e+01 1.539282054028294411e+01 1.000000000000000020e+30 1.000000000000000020e+30 1.000000000000000020e+30 1.000000000000000020e+30 1.000000000000000020e+30 1.000000000000000020e+30 1.000000000000000020e+30 1.000000000000000020e+30 1.000000000000000020e+30 1.000000000000000020e+30 1.000000000000000020e+30 1.000000000000000020e+30 1.000000000000000020e+30 1.000000000000000020e+30 1.000000000000000020e+30 1.000000000000000020e+30 1.000000000000000020e+30 1.000000000000000020e+30
1.000000000000000020e+30 1.522773855833676748e+01 1.522665486488775954e+01 1.522606349837118778e+01 1.522573449940700563e+01 1.522562808711824545e+01 1.522573758365638774e+01 1.522603974112347558e+01 1.522637871645010677e+01 1.522656522910866350e+01 1.522593902187914949e+01 1.522637089291674251e+01 1.522854840706355795e+01 1.522726820822196281e+01 1.520813078953685604e+01 1.522824730508945912e+01 1.522805755907909386e+01 1.000000000000000020e+30 1.000000000000000020e+30 1.000000000000000020e+30 1.000000000000000020e+30 1.000000000000000020e+30 1.000000000000000020e+30 1.000000000000000020e+30 1.000000000000000020e+30 1.000000000000000020e+30 1.000000000000000020e+30 1.000000000000000020e+30 1.536459075472978064e+01 1.537011884522807392e+01 1.537916828794039859e+01 1.538425912064688994e+01 1.538683952671353694e+01 1.538908008569965347e+01 1.539098825979825413e+01 1.539249900730860787e+01 1.539357556354096701e+01 1.539425586873899476e+01 1.539453660037395366e+01 1.000000000000000020e+30 1.000000000000000020e+30 1.000000000000000020e+30 1.000000000000000020e+30 1.000000000000000020e+30 1.000000000000000020e+30 1.000000000000000020e+30 1.000000000000000020e+30 1.000000000000000020e+30 1.000000000000000020e+30 1.000000000000000020e+30 1.000000000000000020e+30 1.000000000000000020e+30 1.000000000000000020e+30 1.000000000000000020e+30 1.000000000000000020e+30 1.000000000000000020e+30 1.000000000000000020e+30
1.000000000000000020e+30 1.000000000000000020e+30 1.522445315565010837e+01 1.522384654095651157e+01 1.522337659719993219e+01 1.522307455358542683e+01 1.522286503100007948e+01 1.522261978637949653e+01 1.522199485987916745e+01 1.521808930362326073e+01 1.521471226552623079e+01 1.521612909258844404e+01 1.000000000000000020e+30 1.000000000000000020e+30 1.000000000000000020e+30 1.000000000000000020e+30 1.000000000000000020e+30 1.000000000000000020e+30 1.000000000000000020e+30 1.000000000000000020e+30 1.000000000000000020e+30 1.000000000000000020e+30 1.000000000000000020e+30 1.000000000000000020e+30 1.000000000000000020e+30 1.000000000000000020e+30 1.000000000000000020e+30 1.000000000000000020e+30 1.000000000000000020e+30 1.000000000000000020e+30 1.538636749578765262e+01 1.538826430543369739e+01 1.539046372772802229e+01 1.539246645664066548e+01 1.539419721434269128e+01 1.539553852455959770e+01 1.539640697054621477e+01 1.539678101198088633e+01 1.539658706692631718e+01 1.000000000000000020e+30 1.000000000000000020e+30 1.000000000000000020e+30 1.000000000000000020e+30 1.000000000000000020e+30 1.000000000000000020e+30 1.000000000000000020e+30 1.000000000000000020e+30 1.000000000000000020e+30 1.000000000000000020e+30 1.000000000000000020e+30 1.000000000000000020e+30 1.000000000000000020e+30 1.000000000000000020e+30 1.000000000000000020e+30 1.000000000000000020e+30 1.000000000000000020e+30 1.000000000000000020e+30
1.000000000000000020e+30 1.000000000000000020e+30 1.522295975702006920e+01 1.522152447792971763e+01 1.522066898785731937e+01 1.521995470550269225e+01 1.521915813610347179e+01 1.521779861795101141e+01 1.521186497511358837e+01 1.520819182466036956e+01 1.520526891084180399e+01 1.000000000000000020e+30 1.000000000000000020e+30 1.000000000000000020e+30 1.000000000000000020e+30 1.000000000000000020e+30 1.000000000000000020e+30 1.000000000000000020e+30 1.000000000000000020e+30 1.000000000000000020e+30 1.000000000000000020e+30 1.000000000000000020e+30 1.000000000000000020e+30 1.000000000000000020e+30 1.000000000000000020e+30 1.000000000000000020e+30 1.000000000000000020e+30 1.000000000000000020e+30 1.000000000000000020e+30 1.000000000000000020e+30 1.000000000000000020e+30 1.539179597143420075e+01 1.539346401000473996e+01 1.539523095981331657e+01 1.539682230838461052e+01 1.539807823265469366e+01 1.539876048187825575e+01 1.539890206703654840e+01 1.539849797745631754e+01 1.000000000000000020e+30 1.000000000000000020e+30 1.000000000000000020e+30 1.000000000000000020e+30 1.000000000000000020e+30 1.000000000000000020e+30 1.000000000000000020e+30 1.000000000000000020e+30 1.000000000000000020e+30 1.000000000000000020e+30 1.000000000000000020e+30 1.000000000000000020e+30 1.000000000000000020e+30 1.000000000000000020e+30 1.000000000000000020e+30 1.000000000000000020e+30 1.000000000000000020e+30 1.000000000000000020e+30
1.000000000000000020e+30 1.000000000000000020e+30 1.000000000000000020e+30 1.521818396873991297e+01 1.521707845614725940e+01 1.521555101101982110e+01 1.521279988908690228e+01 1.520709510248781804e+01 1.520303573725380630e+01 1.000000000000000020e+30 1.000000000000000020e+30 1.000000000000000020e+30 1.000000000000000020e+30 1.000000000000000020e+30 1.000000000000000020e+30 1.000000000000000020e+30 1.000000000000000020e+30 1.000000000000000020e+30 1.000000000000000020e+30 1.000000000000000020e+30 1.000000000000000020e+30 1.000000000000000020e+30 1.000000000000000020e+30 1.000000000000000020e+30 1.000000000000000020e+30 1.000000000000000020e+30 1.000000000000000020e+30 1.000000000000000020e+30 1.000000000000000020e+30 1.000000000000000020e+30 1.000000000000000020e+30 1.000000000000000020e+30 1.539641661342860068e+01 1.539771293451458511e+01 1.539901537964064993e+01 1.540021946272883291e+01 1.540068292515165282e+01 1.540059730409605798e+01 1.540005986519999226e+01 1.000000000000000020e+30 1.000000000000000020e+30 1.000000000000000020e+30 1.000000000000000020e+30 1.000000000000000020e+30 1.000000000000000020e+30 1.000000000000000020e+30 1.000000000000000020e+30 1.000000000000000020e+30 1.000000000000000020e+30 1.000000000000000020e+30 1.000000000000000020e+30 1.000000000000000020e+30 1.000000000000000020e+30 1.000000000000000020e+30 1.000000000000000020e+30 1.000000000000000020e+30 1.000000000000000020e+30
1.000000000000000020e+30 1.000000000000000020e+30 1.000000000000000020e+30 1.521536408260162787e+01 1.521229105210004207e+01 1.520553164375849420e+01 1.519991854046482338e+01 1.519732862583054533e+01 1.000000000000000020e+30 1.000000000000000020e+30 1.000000000000000020e+30 1.000000000000000020e+30 1.000000000000000020e+30 1.000000000000000020e+30 1.000000000000000020e+30 1.000000000000000020e+30 1.000000000000000020e+30 1.000000000000000020e+30 1.000000000000000020e+30 1.000000000000000020e+30 1.000000000000000020e+30 1.000000000000000020e+30 1.000000000000000020e+30 1.000000000000000020e+30 1.000000000000000020e+30 1.000000000000000020e+30 1.000000000000000020e+30 1.000000000000000020e+30 1.000000000000000020e+30 1.000000000000000020e+30 1.000000000000000020e+30 1.000000000000000020e+30 1.000000000000000020e+30 1.540028092893909140e+01 1.540123426510374038e+01 1.540204773519591797e+01 1.540218310821449421e+01 1.540177325701468014e+01 1.540113994459277968e+01 1.000000000000000020e+30 1.000000000000000020e+30 1.000000000000000020e+30 1.000000000000000020e+30 1.000000000000000020e+30 1.000000000000000020e+30 1.000000000000000020e+30 1.000000000000000020e+30 1.000000000000000020e+30 1.000000000000000020e+30 1.000000000000000020e+30 1.000000000000000020e+30 1.000000000000000020e+30 1.000000000000000020e+30 1.000000000000000020e+30 1.000000000000000020e+30 1.000000000000000020e+30 1.000000000000000020e+30
1.000000000000000020e+30 1.000000000000000020e+30 1.000000000000000020e+30 1.000000000000000020e+30 1.518213299791043269e+01 1.519004293719412857e+01 1.518880671024130002e+01 1.000000000000000020e+30 1.000000000000000020e+30 1.000000000000000020e+30 1.000000000000000020e+30 1.000000000000000020e+30 1.000000000000000020e+30 1.000000000000000020e+30 1.000000000000000020e+30 1.000000000000000020e+30 1.000000000000000020e+30 1.000000000000000020e+30 1.000000000000000020e+30 1.000000000000000020e+30 1.000000000000000020e+30 1.000000000000000020e+30 1.000000000000000020e+30 1.000000000000000020e+30 1.000000000000000020e+30 1.000000000000000020e+30 1.000000000000000020e+30 1.000000000000000020e+30 1.000000000000000020e+30 1.000000000000000020e+30 1.000000000000000020e+30 1.000000000000000020e+30 1.000000000000000020e+30 1.000000000000000020e+30 1.540329321159677711e+01 1.540341377655784250e+01 1.540324591639083707e+01 1.540220188731616346e+01 1.540164276821763067e+01 1.000000000000000020e+30 1.000000000000000020e+30 1.000000000000000020e+30 1.000000000000000020e+30 1.000000000000000020e+30 1.000000000000000020e+30 1.000000000000000020e+30 1.000000000000000020e+30 1.000000000000000020e+30 1.000000000000000020e+30 1.000000000000000020e+30 1.000000000000000020e+30 1.000000000000000020e+30 1.000000000000000020e+30 1.000000000000000020e+30 1.000000000000000020e+30 1.000000000000000020e+30 1.000000000000000020e+30
1.000000000000000020e+30 1.000000000000000020e+30 1.000000000000000020e+30 1.000000000000000020e+30 1.515954579322216844e+01 1.000000000000000020e+30 1.000000000000000020e+30 1.000000000000000020e+30 1.000000000000000020e+30 1.000000000000000020e+30 1.000000000000000020e+30 1.000000000000000020e+30 1.000000000000000020e+30 1.000000000000000020e+30 1.000000000000000020e+30 1.000000000000000020e+30 1.000000000000000020e+30 1.000000000000000020e+30 1.000000000000000020e+30 1.000000000000000020e+30 1.000000000000000020e+30 1.000000000000000020e+30 1.000000000000000020e+30 1.000000000000000020e+30 1.000000000000000020e+30 1.000000000000000020e+30 1.000000000000000020e+30 1.000000000000000020e+30 1.000000000000000020e+30 1.000000000000000020e+30 1.000000000000000020e+30 1.000000000000000020e+30 1.000000000000000020e+30 1.000000000000000020e+30 1.000000000000000020e+30 1.540432267878070327e+01 1.540425675719517251e+01 1.000000000000000020e+30 1.000000000000000020e+30 1.000000000000000020e+30 1.000000000000000020e+30 1.000000000000000020e+30 1.000000000000000020e+30 1.000000000000000020e+30 1.000000000000000020e+30 1.000000000000000020e+30 1.000000000000000020e+30 1.000000000000000020e+30 1.000000000000000020e+30 1.000000000000000020e+30 1.000000000000000020e+30 1.000000000000000020e+30 1.000000000000000020e+30 1.000000000000000020e+30 1.000000000000000020e+30 1.000000000000000020e+30 1.000000000000000020e+30
