1.000000000000000020e+30 1.000000000000000020e+30 1.000000000000000020e+30 1.000000000000000020e+30 1.000000000000000020e+30 1.000000000000000020e+30 1.000000000000000020e+30 1.000000000000000020e+30 1.000000000000000020e+30 1.000000000000000020e+30 1.000000000000000020e+30 1.000000000000000020e+30 1.000000000000000020e+30 1.000000000000000020e+30 1.000000000000000020e+30 1.000000000000000020e+30 1.000000000000000020e+30 1.000000000000000020e+30 1.000000000000000020e+30 1.000000000000000020e+30 1.000000000000000020e+30 1.000000000000000020e+30 1.000000000000000020e+30 1.000000000000000020e+30 1.000000000000000020e+30 1.000000000000000020e+30 1.000000000000000020e+30 1.000000000000000020e+30 1.000000000000000020e+30 1.000000000000000020e+30 1.000000000000000020e+30 1.000000000000000020e+30 1.000000000000000020e+30 1.000000000000000020e+30 1.000000000000000020e+30 1.000000000000000020e+30 1.000000000000000020e+30 1.000000000000000020e+30 1.000000000000000020e+30 1.000000000000000020e+30 1.000000000000000020e+30 1.000000000000000020e+30 1.000000000000000020e+30 1.000000000000000020e+30 1.000000000000000020e+30 1.000000000000000020e+30 1.000000000000000020e+30 1.000000000000000020e+30 1.000000000000000020e+30 1.000000000000000020e+30 1.000000000000000020e+30 1.000000000000000020e+30 1.000000000000000020e+30 1.000000000000000020e+30 1.000000000000000020e+30 1.000000000000000020e+30 1.000000000000000020e+30
1.000000000000000020e+30 1.000000000000000020e+30 1.000000000000000020e+30 1.000000000000000020e+30 1.000000000000000020e+30 1.000000000000000020e+30 1.000000000000000020e+30 1.000000000000000020e+30 1.000000000000000020e+30 1.000000000000000020e+30 1.000000000000000020e+30 1.000000000000000020e+30 1.000000000000000020e+30 1.000000000000000020e+30 1.000000000000000020e+30 1.000000000000000020e+30 1.000000000000000020e+30 1.000000000000000020e+30 1.000000000000000020e+30 1.000000000000000020e+30 1.000000000000000020e+30 1.000000000000000020e+30 1.000000000000000020e+30 1.000000000000000020e+30 1.000000000000000020e+30 1.000000000000000020e+30 1.000000000000000020e+30 1.398476385991367543e+01 1.398457499634893253e+01 1.398428053267569204e+01 1.398390760970632840e+01 1.398346618392758067e+01 1.398296188677523588e+01 1.398239872285159535e+01 1.398178062476512729e+01 1.398111214344847930e+01 1.398039894610868927e+01 1.397964839511104884e+01 1.397887051140213366e+01 1.397808001373918962e+01 1.397730143128023883e+01 1.397658370795788052e+01 1.397604688529914974e+01 1.000000000000000020e+30 1.000000000000000020e+30 1.000000000000000020e+30 1.000000000000000020e+30 1.000000000000000020e+30 1.000000000000000020e+30 1.000000000000000020e+30 1.000000000000000020e+30 1.000000000000000020e+30 1.000000000000000020e+30 1.000000000000000020e+30 1.000000000000000020e+30 1.000000000000000020e+30 1.000000000000000020e+30
1.000000000000000020e+30 1.000000000000000020e+30 1.000000000000000020e+30 1.000000000000000020e+30 1.000000000000000020e+30 1.000000000000000020e+30 1.000000000000000020e+30 1.000000000000000020e+30 1.000000000000000020e+30 1.000000000000000020e+30 1.000000000000000020e+30 1.000000000000000020e+30 1.000000000000000020e+30 1.000000000000000020e+30 1.000000000000000020e+30 1.000000000000000020e+30 1.000000000000000020e+30 1.000000000000000020e+30 1.000000000000000020e+30 1.000000000000000020e+30 1.000000000000000020e+30 1.000000000000000020e+30 1.000000000000000020e+30 1.000000000000000020e+30 1.398551386652259509e+01 1.398539850185737876e+01 1.398519774206916821e+01 1.398490810388076788e+01 1.398463597522975554e+01 1.398431436810379225e+01 1.398393068442757681e+01 1.398348384534256006e+01 1.398297560881417034e+01 1.398240855567950014e+01 1.398178592970350209e+01 1.398111179118971670e+01 1.398039124133032729e+01 1.397963068886844162e+01 1.397883811753411010e+01 1.397802312696174987e+01 1.397719563333230930e+01 1.397635789656593097e+01 1.397546535292455516e+01 1.397424256191184178e+01 1.397312753023965115e+01 1.397207513454995009e+01 1.397106503849126291e+01 1.397100583841003818e+01 1.000000000000000020e+30 1.000000000000000020e+30 1.000000000000000020e+30 1.000000000000000020e+30 1.000000000000000020e+30 1.000000000000000020e+30 1.000000000000000020e+30 1.000000000000000020e+30 1.000000000000000020e+30
1.000000000000000020e+30 1.000000000000000020e+30 1.000000000000000020e+30 1.000000000000000020e+30 1.000000000000000020e+30 1.000000000000000020e+30 1.000000000000000020e+30 1.000000000000000020e+30 1.000000000000000020e+30 1.000000000000000020e+30 1.000000000000000020e+30 1.000000000000000020e+30 1.000000000000000020e+30 1.000000000000000020e+30 1.000000000000000020e+30 1.000000000000000020e+30 1.000000000000000020e+30 1.000000000000000020e+30 1.000000000000000020e+30 1.000000000000000020e+30 1.000000000000000020e+30 1.398580505557804976e+01 1.398578016692449921e+01 1.398571199822718292e+01 1.398558461740319636e+01 1.398543928264724734e+01 1.398524200487826441e+01 1.398498808840408181e+01 1.398470021288862775e+01 1.398436397969399891e+01 1.398397057961552470e+01 1.398351673238968296e+01 1.398300213122136171e+01 1.398242808376899227e+01 1.398179698363601808e+01 1.398111217607424983e+01 1.398037794682030466e+01 1.397959950022379161e+01 1.397878273904397872e+01 1.397793344584558284e+01 1.397705491132830957e+01 1.397614190907867382e+01 1.397516904222451650e+01 1.397408994917420699e+01 1.397302010565057806e+01 1.397198807633281703e+01 1.397100079790929605e+01 1.397090188051361004e+01 1.397076378636596061e+01 1.000000000000000020e+30 1.000000000000000020e+30 1.000000000000000020e+30 1.000000000000000020e+30 1.000000000000000020e+30 1.000000000000000020e+30 1.000000000000000020e+30 1.000000000000000020e+30
1.000000000000000020e+30 1.000000000000000020e+30 1.000000000000000020e+30 1.000000000000000020e+30 1.000000000000000020e+30 1.000000000000000020e+30 1.000000000000000020e+30 1.000000000000000020e+30 1.000000000000000020e+30 1.000000000000000020e+30 1.000000000000000020e+30 1.000000000000000020e+30 1.000000000000000020e+30 1.000000000000000020e+30 1.000000000000000020e+30 1.000000000000000020e+30 1.000000000000000020e+30 1.000000000000000020e+30 1.398562898810595989e+01 1.398568443593601351e+01 1.398574354364160932e+01 1.398578532956589449e+01 1.398577883306966996e+01 1.398572659714074184e+01 1.398562631561378744e+01 1.398548565639040753e+01 1.398529643892736196e+01 1.398505561391595187e+01 1.398476660337171218e+01 1.398442468535278316e+01 1.398402493440583427e+01 1.398356446126042307e+01 1.398304230690495231e+01 1.398245898619541983e+01 1.398181616446209929e+01 1.398111648244060312e+01 1.398036344678030929e+01 1.397956129081497600e+01 1.397871466344168923e+01 1.397782788632191320e+01 1.397690361617550003e+01 1.397594078992612232e+01 1.397493397933962278e+01 1.397388313282576711e+01 1.397282999225143918e+01 1.397181147782969646e+01 1.397093490137578442e+01 1.397079241754370038e+01 1.397058093011391833e+01 1.397033167117158037e+01 1.000000000000000020e+30 1.000000000000000020e+30 1.000000000000000020e+30 1.000000000000000020e+30 1.000000000000000020e+30 1.000000000000000020e+30 1.000000000000000020e+30
1.000000000000000020e+30 1.000000000000000020e+30 1.000000000000000020e+30 1.000000000000000020e+30 1.000000000000000020e+30 1.000000000000000020e+30 1.000000000000000020e+30 1.000000000000000020e+30 1.000000000000000020e+30 1.000000000000000020e+30 1.000000000000000020e+30 1.000000000000000020e+30 1.000000000000000020e+30 1.000000000000000020e+30 1.000000000000000020e+30 1.000000000000000020e+30 1.398526156613313098e+01 1.398536947019484344e+01 1.398552891829101164e+01 1.398563615590532372e+01 1.398571624769774679e+01 1.398576670237244812e+01 1.398577670047211541e+01 1.398574253842083692e+01 1.398566180117331115e+01 1.398553425072319989e+01 1.398535631363579768e+01 1.398512529373504520e+01 1.398483998841767040e+01 1.398449739416360771e+01 1.398409424656717270e+01 1.398362817724484941e+01 1.398309804146022017e+01 1.398250387830809949e+01 1.398184678571350936e+01 1.398112880267936475e+01 1.398035280466739039e+01 1.397952237831276179e+01 1.397864161979464370e+01 1.397771479903198966e+01 1.397674592780417946e+01 1.397573874468253230e+01 1.397469806154907168e+01 1.397363374558082683e+01 1.397256042925741149e+01 1.397144819841332719e+01 1.397102161072557891e+01 1.397070728986943777e+01 1.397039118646691769e+01 1.397003764423488370e+01 1.396959085729604588e+01 1.396931657845576069e+01 1.000000000000000020e+30 1.000000000000000020e+30 1.000000000000000020e+30 1.000000000000000020e+30 1.000000000000000020e+30
1.000000000000000020e+30 1.000000000000000020e+30 1.000000000000000020e+30 1.000000000000000020e+30 1.000000000000000020e+30 1.000000000000000020e+30 1.000000000000000020e+30 1.000000000000000020e+30 1.000000000000000020e+30 1.000000000000000020e+30 1.000000000000000020e+30 1.000000000000000020e+30 1.000000000000000020e+30 1.000000000000000020e+30 1.000000000000000020e+30 1.398492791771088406e+01 1.398510903245395909e+01 1.398527329897286364e+01 1.398543478438652876e+01 1.398556818560955683e+01 1.398567174434659677e+01 1.398574175081943238e+01 1.398577220584361669e+01 1.398575870947588839e+01 1.398569789638057514e+01 1.398558715721063983e+01 1.398542330855758742e+01 1.398520339621914843e+01 1.398492488561921832e+01 1.398458494659286977e+01 1.398418082508601401e+01 1.398371036124511946e+01 1.398317227508436211e+01 1.398256625294210664e+01 1.398189293241895825e+01 1.398115384957297458e+01 1.398035137886995471e+01 1.397948867524381811e+01 1.397856961699328693e+01 1.397759878770696673e+01 1.397658164809666914e+01 1.397552533572687850e+01 1.397444093095579909e+01 1.397334853746730943e+01 1.397228500492543013e+01 1.397128598409082301e+01 1.397095141117823935e+01 1.397057934033071191e+01 1.397019422613371553e+01 1.396979221344608568e+01 1.396937361989550119e+01 1.396899751974759951e+01 1.396862076016387633e+01 1.000000000000000020e+30 1.000000000000000020e+30 1.000000000000000020e+30 1.000000000000000020e+30
1.000000000000000020e+30 1.000000000000000020e+30 1.000000000000000020e+30 1.000000000000000020e+30 1.000000000000000020e+30 1.000000000000000020e+30 1.000000000000000020e+30 1.000000000000000020e+30 1.000000000000000020e+30 1.000000000000000020e+30 1.000000000000000020e+30 1.000000000000000020e+30 1.000000000000000020e+30 1.000000000000000020e+30 1.398445446097204048e+01 1.398470216799898935e+01 1.398492803202017143e+01 1.398513401975061754e+01 1.398532174287803009e+01 1.398548339147173536e+01 1.398561432672523175e+01 1.398571001810919867e+01 1.398576546141896237e+01 1.398577609663065502e+01 1.398573789606730955e+01 1.398564722719791220e+01 1.398550050207665052e+01 1.398529431585813221e+01 1.398502550888321849e+01 1.398469104521928053e+01 1.398428816472473990e+01 1.398381464064655511e+01 1.398326898050164679e+01 1.398265053270356439e+01 1.398195951944863857e+01 1.398119702929813002e+01 1.398036500147351013e+01 1.397946622718732712e+01 1.397850439058454164e+01 1.397748420031721572e+01 1.397641173435463635e+01 1.397529524510271060e+01 1.397414697715330512e+01 1.397298967061565556e+01 1.397190031094191376e+01 1.397134605235226879e+01 1.397087410119187112e+01 1.397041988746938124e+01 1.396996968519569293e+01 1.396951887644137713e+01 1.396906920123712048e+01 1.396863443947268557e+01 1.396819921406748577e+01 1.396775861412912789e+01 1.000000000000000020e+30 1.000000000000000020e+30 1.000000000000000020e+30
1.000000000000000020e+30 1.000000000000000020e+30 1.000000000000000020e+30 1.000000000000000020e+30 1.000000000000000020e+30 1.000000000000000020e+30 1.000000000000000020e+30 1.000000000000000020e+30 1.000000000000000020e+30 1.000000000000000020e+30 1.000000000000000020e+30 1.000000000000000020e+30 1.000000000000000020e+30 1.398384861024758941e+01 1.398416211192686909e+01 1.398445282546670754e+01 1.398472083661740051e+01 1.398496620423071413e+01 1.398518827944524112e+01 1.398538301432600761e+01 1.398554596315890919e+01 1.398567242631133034e+01 1.398575748449610678e+01 1.398579633542761869e+01 1.398578443329891208e+01 1.398571748114568436e+01 1.398559135297558242e+01 1.398540212916306125e+01 1.398514613865619260e+01 1.398481998028125517e+01 1.398442062956416088e+01 1.398394559794112091e+01 1.398339307919445851e+01 1.398276204875668149e+01 1.398205231315889918e+01 1.398126452715009194e+01 1.398040020534842576e+01 1.397946175322585205e+01 1.397845253694608481e+01 1.397737702744205635e+01 1.397624108114625763e+01 1.397505221564606614e+01 1.397381733431032380e+01 1.397251810236547698e+01 1.397186722306723539e+01 1.397127913323440040e+01 1.397073446812900777e+01 1.397021191869759171e+01 1.396970128866237637e+01 1.396919999017987024e+01 1.396870543035248247e+01 1.396822714539520049e+01 1.396773841227077284e+01 1.396727322025448359e+01 1.396664202238937946e+01 1.000000000000000020e+30 1.000000000000000020e+30
1.000000000000000020e+30 1.000000000000000020e+30 1.000000000000000020e+30 1.000000000000000020e+30 1.000000000000000020e+30 1.000000000000000020e+30 1.000000000000000020e+30 1.000000000000000020e+30 1.000000000000000020e+30 1.000000000000000020e+30 1.000000000000000020e+30 1.000000000000000020e+30 1.398311022992611719e+01 1.398349045790988043e+01 1.398384714072335200e+01 1.398418018413537922e+01 1.398448956088518358e+01 1.398477527032619960e+01 1.398503595646962161e+01 1.398526832464127878e+01 1.398546804933475585e+01 1.398563024695071277e+01 1.398574976185390284e+01 1.398582141725838746e+01 1.398584015782748757e+01 1.398580110161861967e+01 1.398569955156176192e+01 1.398553103057366798e+01 1.398529133073138730e+01 1.398497657444402442e+01 1.398458331313547909e+01 1.398410865233076805e+01 1.398355037209563534e+01 1.398290701771194655e+01 1.398217795304158528e+01 1.398136338758792974e+01 1.398046439830969945e+01 1.397948296202555696e+01 1.397842199932835072e+01 1.397728544880161117e+01 1.397607862593775074e+01 1.397481054154235913e+01 1.397350737527973052e+01 1.397228497181042073e+01 1.397172661745837807e+01 1.397112411571377244e+01 1.397052815079566379e+01 1.396994755775135211e+01 1.396937914340409925e+01 1.396882995785254167e+01 1.396828098819284136e+01 1.396778587030493490e+01 1.396720942339084992e+01 1.396690926722718906e+01 1.396689713163830859e+01 1.000000000000000020e+30 1.000000000000000020e+30
1.000000000000000020e+30 1.000000000000000020e+30 1.000000000000000020e+30 1.000000000000000020e+30 1.000000000000000020e+30 1.000000000000000020e+30 1.000000000000000020e+30 1.000000000000000020e+30 1.000000000000000020e+30 1.000000000000000020e+30 1.000000000000000020e+30 1.398223414090071337e+01 1.398268534108826522e+01 1.398311048921632960e+01 1.398350991061202286e+01 1.398388453840058610e+01 1.398423557135238582e+01 1.398456320063080760e+01 1.398486590976222566e+01 1.398514030294747812e+01 1.398538172054534456e+01 1.398558483274759467e+01 1.398574401329717887e+01 1.398585357127426043e+01 1.398590788561812204e+01 1.398590147460259914e+01 1.398582903497576879e+01 1.398568548428352365e+01 1.398546601733546346e+01 1.398516618248946841e+01 1.398478198391842220e+01 1.398431000065948560e+01 1.398374750091175223e+01 1.398309253075351322e+01 1.398234396924758371e+01 1.398150155909829273e+01 1.398056593097676092e+01 1.397953862675028880e+01 1.397842207379117951e+01 1.397721930929329126e+01 1.397593274228515270e+01 1.397455934467027383e+01 1.397307204983611051e+01 1.397227462707834711e+01 1.397158547414962015e+01 1.397091789562906072e+01 1.397026188021399129e+01 1.396962657750673209e+01 1.396899339798187967e+01 1.396841534231113968e+01 1.396775830237834626e+01 1.396738152665322019e+01 1.396729084269767185e+01 1.396714381241321767e+01 1.396709533278332316e+01 1.396713917864055610e+01 1.000000000000000020e+30
1.000000000000000020e+30 1.000000000000000020e+30 1.000000000000000020e+30 1.000000000000000020e+30 1.000000000000000020e+30 1.000000000000000020e+30 1.000000000000000020e+30 1.000000000000000020e+30 1.000000000000000020e+30 1.000000000000000020e+30 1.398120022066049550e+01 1.398173826813471443e+01 1.398224119630064877e+01 1.398271045195328988e+01 1.398315089206662876e+01 1.398356614557384958e+01 1.398395884225793395e+01 1.398433003150554121e+01 1.398467824337816445e+01 1.398499936479130668e+01 1.398528782515528057e+01 1.398553749779939004e+01 1.398574206823610666e+01 1.398589519766869493e+01 1.398599062206404575e+01 1.398602221285950087e+01 1.398598401537899782e+01 1.398587028769797946e+01 1.398567555706335419e+01 1.398539470342577751e+01 1.398502307128541311e+01 1.398455659820148256e+01 1.398399193814053021e+01 1.398332655809064384e+01 1.398255879891196329e+01 1.398168791001004152e+01 1.398071408080171629e+01 1.397963849156930749e+01 1.397846338974100888e+01 1.397719214618570938e+01 1.397582902276296579e+01 1.397437748786151523e+01 1.397283385450441351e+01 1.397211143274772382e+01 1.397137812246335820e+01 1.397065548511518962e+01 1.396993034661129762e+01 1.396925903281883130e+01 1.396850818980058229e+01 1.396803538027043778e+01 1.396784216840960369e+01 1.396757787512098403e+01 1.396738420012328419e+01 1.396723521832504744e+01 1.396715674178917688e+01 1.396713822390194615e+01 1.000000000000000020e+30
1.000000000000000020e+30 1.000000000000000020e+30 1.000000000000000020e+30 1.000000000000000020e+30 1.000000000000000020e+30 1.000000000000000020e+30 1.000000000000000020e+30 1.000000000000000020e+30 1.000000000000000020e+30 1.397988338936021435e+01 1.398061748733327114e+01 1.398123224522389130e+01 1.398178500117088419e+01 1.398229279381377488e+01 1.398277081615950124e+01 1.398322420879922667e+01 1.398365761570434884e+01 1.398407391994178006e+01 1.398447180801858458e+01 1.398484526153980134e+01 1.398518690923450691e+01 1.398548947763122463e+01 1.398574581428455410e+01 1.398594883426303959e+01 1.398609155946210691e+01 1.398616716352360179e+01 1.398616899480783715e+01 1.398609059782964970e+01 1.398592575933507298e+01 1.398566859436011711e+01 1.398531367228677524e+01 1.398485616686759769e+01 1.398429200312990517e+01 1.398361797449754995e+01 1.398283181703216727e+01 1.398193224815161706e+01 1.398091899521405423e+01 1.397979285670314553e+01 1.397855589259197373e+01 1.397721204602982148e+01 1.397576906905689498e+01 1.397424321541063996e+01 1.397266149582789652e+01 1.397191461510628230e+01 1.397111552547671387e+01 1.397035098993231728e+01 1.396950047011179841e+01 1.396892660648279438e+01 1.396863185473846514e+01 1.396826273624915338e+01 1.396795280317678589e+01 1.396765925412862330e+01 1.396738850661029474e+01 1.396721169192359291e+01 1.396711363014011020e+01 1.396707398535462197e+01 1.000000000000000020e+30
1.000000000000000020e+30 1.000000000000000020e+30 1.000000000000000020e+30 1.000000000000000020e+30 1.000000000000000020e+30 1.000000000000000020e+30 1.000000000000000020e+30 1.000000000000000020e+30 1.398006725008533024e+01 1.398003658231910507e+01 1.398010883036800323e+01 1.398074252251959315e+01 1.398132749463245439e+01 1.398185880802872205e+01 1.398236936847715128e+01 1.398285630644134869e+01 1.398332759517019674e+01 1.398379038241937522e+01 1.398424401199189049e+01 1.398467720052109975e+01 1.398507932850924895e+01 1.398544196834813924e+01 1.398575719850787102e+01 1.398601715032263826e+01 1.398621407420170470e+01 1.398634040591323391e+01 1.398638876422439026e+01 1.398635193489916162e+01 1.398622289206144309e+01 1.398599488227543119e+01 1.398566157041209834e+01 1.398521722448729498e+01 1.398465690333912193e+01 1.398397661149765447e+01 1.398317339994163966e+01 1.398224541094455198e+01 1.398119187728978297e+01 1.398001308711325130e+01 1.397871035074705581e+01 1.397728627503344256e+01 1.397574736772552662e+01 1.397412033503837314e+01 1.397254139548461183e+01 1.397172556251026698e+01 1.397077386206931138e+01 1.397008793873343357e+01 1.396968074803361759e+01 1.396920195018379651e+01 1.396878559701681333e+01 1.396838664585945367e+01 1.396800277312768834e+01 1.396767351093845022e+01 1.396725453261306349e+01 1.396706498716278588e+01 1.396696753717027661e+01 1.396692534219079995e+01 1.000000000000000020e+30
1.000000000000000020e+30 1.000000000000000020e+30 1.000000000000000020e+30 1.000000000000000020e+30 1.000000000000000020e+30 1.000000000000000020e+30 1.000000000000000020e+30 1.398002468377529262e+01 1.398005321011094537e+01 1.398004158735616898e+01 1.397992503530497999e+01 1.398025537565827037e+01 1.398087768831873490e+01 1.398139970071636284e+01 1.398194569570801704e+01 1.398245822490260082e+01 1.398296027016056975e+01 1.398347023196636130e+01 1.398399092812691968e+01 1.398449450304506847e+01 1.398496555908801398e+01 1.398539621645562470e+01 1.398577825531475050e+01 1.398610295983826823e+01 1.398636172860371296e+01 1.398654624050932682e+01 1.398664838443096592e+01 1.398666016399722345e+01 1.398657367225722759e+01 1.398638117017179816e+01 1.398607526193458739e+01 1.398564913298180201e+01 1.398509680153677515e+01 1.398441333600461967e+01 1.398359500665700672e+01 1.398263935787670675e+01 1.398154518727468343e+01 1.398031237027812246e+01 1.397894126206018228e+01 1.397743055782106048e+01 1.397576919011727448e+01 1.397390492518356986e+01 1.397254533537201304e+01 1.397162800119551562e+01 1.397105335422650718e+01 1.397043299805546113e+01 1.396988817680641226e+01 1.396937049020282018e+01 1.396887766911304674e+01 1.396845124441354535e+01 1.396795388268262350e+01 1.396773319102879185e+01 1.396777794140132123e+01 1.396771290510167951e+01 1.396765275532870731e+01 1.396762087128020013e+01 1.000000000000000020e+30
1.000000000000000020e+30 1.000000000000000020e+30 1.000000000000000020e+30 1.000000000000000020e+30 1.000000000000000020e+30 1.000000000000000020e+30 1.397985573665689074e+01 1.397995144190827688e+01 1.398003405820968759e+01 1.398010585785772975e+01 1.398018029537066198e+01 1.398036241935441915e+01 1.398048241933929248e+01 1.398087087750138657e+01 1.398150976801943379e+01 1.398202490119422237e+01 1.398253930638863096e+01 1.398309365273938276e+01 1.398370931151115037e+01 1.398429870152546250e+01 1.398484658399003244e+01 1.398535350264970312e+01 1.398581111511376385e+01 1.398620925211795729e+01 1.398653827963735985e+01 1.398678916496931102e+01 1.398695314052004512e+01 1.398702144681528026e+01 1.398698523286402029e+01 1.398683563232867577e+01 1.398656398731145600e+01 1.398616216720414052e+01 1.398562291564321036e+01 1.398494016370308834e+01 1.398410926980711899e+01 1.398312716801308930e+01 1.398199241349745670e+01 1.398070513118661928e+01 1.397926693682857824e+01 1.397768075769180207e+01 1.397594933193131084e+01 1.397407203028225986e+01 1.397299421990302726e+01 1.397207488426566613e+01 1.397133416926761562e+01 1.397065807518755420e+01 1.397002404041850632e+01 1.396946981618078887e+01 1.396885908821653999e+01 1.396854256521183579e+01 1.396851529516448132e+01 1.396841434619247480e+01 1.396836682699867183e+01 1.396831152806758070e+01 1.396826514561409915e+01 1.396823975837359733e+01 1.000000000000000020e+30
1.000000000000000020e+30 1.000000000000000020e+30 1.000000000000000020e+30 1.000000000000000020e+30 1.000000000000000020e+30 1.397958369599803419e+01 1.397971530774133875e+01 1.397984606985278866e+01 1.397998014572422498e+01 1.398012152115900797e+01 1.398028209348554540e+01 1.398048591184937273e+01 1.398070509015962948e+01 1.398097806576658719e+01 1.398115198310166285e+01 1.398154666965038295e+01 1.398203276089733471e+01 1.398261014844265127e+01 1.398340839268715108e+01 1.398409886652563117e+01 1.398472304754020712e+01 1.398531459160483870e+01 1.398585799646425798e+01 1.398633928348524869e+01 1.398674770544591084e+01 1.398707382621581985e+01 1.398730845123550814e+01 1.398744214582244005e+01 1.398746505247096650e+01 1.398736699073401191e+01 1.398713776571955414e+01 1.398676760995717849e+01 1.398624766765956728e+01 1.398557044233689339e+01 1.398473016671009006e+01 1.398372307580182294e+01 1.398254754238617359e+01 1.398120408099817169e+01 1.397969582825806611e+01 1.397803149647251786e+01 1.397623079694966464e+01 1.397432687496145753e+01 1.397324037523147666e+01 1.397229890048466139e+01 1.397150604193103440e+01 1.397079669406477187e+01 1.397003568710570498e+01 1.396958130551110777e+01 1.396943330290485719e+01 1.396923166342739009e+01 1.396910618758506573e+01 1.396899783883081625e+01 1.396891920655723318e+01 1.396885683955927249e+01 1.396881198132992452e+01 1.396878850357743573e+01 1.000000000000000020e+30
1.000000000000000020e+30 1.000000000000000020e+30 1.000000000000000020e+30 1.000000000000000020e+30 1.000000000000000020e+30 1.397940735295847681e+01 1.397953057782960862e+01 1.397969193854380876e+01 1.397987303371558987e+01 1.398007225201754977e+01 1.398029502657812451e+01 1.398054847670509915e+01 1.398082843973384115e+01 1.398113881551904747e+01 1.398145999250216676e+01 1.398186358961332942e+01 1.398232149982075256e+01 1.398279243680675066e+01 1.398316976359637742e+01 1.398391987300316686e+01 1.398458671008026322e+01 1.398527840038000036e+01 1.398592162399439331e+01 1.398649689438794930e+01 1.398699425868536039e+01 1.398740491679331832e+01 1.398771969577747853e+01 1.398792865037806266e+01 1.398802082701900673e+01 1.398798446139240959e+01 1.398780743015028172e+01 1.398747787917042018e+01 1.398698490032316499e+01 1.398631915045194951e+01 1.398547339281725144e+01 1.398444297526173408e+01 1.398322608317441862e+01 1.398182319656444150e+01 1.398023610311600073e+01 1.397847393930204696e+01 1.397657095658210302e+01 1.397465156834570976e+01 1.397329728784870007e+01 1.397233010799407538e+01 1.397155014170868625e+01 1.397094262063387582e+01 1.397062766100743580e+01 1.397027338340501146e+01 1.397001689447351502e+01 1.396980039719594480e+01 1.396963577298380876e+01 1.396950741244308425e+01 1.396941105963523455e+01 1.396934026242000471e+01 1.396929288072793973e+01 1.396926901983008129e+01 1.000000000000000020e+30
1.000000000000000020e+30 1.000000000000000020e+30 1.000000000000000020e+30 1.000000000000000020e+30 1.397882118724491818e+01 1.397906292496902658e+01 1.397926272899866262e+01 1.397947282639278477e+01 1.397970207760895178e+01 1.397995385302592730e+01 1.398023176124100075e+01 1.398053904861772700e+01 1.398087595676001271e+01 1.398124337728187605e+01 1.398164017159960437e+01 1.398208074599778605e+01 1.398255175346482382e+01 1.398302290836343609e+01 1.398344517889523786e+01 1.398377879752852060e+01 1.398438017731917427e+01 1.398524534906104932e+01 1.398600792185611752e+01 1.398668721440948559e+01 1.398728243954227501e+01 1.398778692787906586e+01 1.398819188921231671e+01 1.398848707872812369e+01 1.398866025484782938e+01 1.398869765668416676e+01 1.398858465990672073e+01 1.398830668959362455e+01 1.398785016819262950e+01 1.398720331795133731e+01 1.398635688035416891e+01 1.398530500188091352e+01 1.398404621262866421e+01 1.398258199477265507e+01 1.398090683035680826e+01 1.397901258452736961e+01 1.397688301648333997e+01 1.397529846134668574e+01 1.397385445814631666e+01 1.397306143861004379e+01 1.397230902207230230e+01 1.397168307649850760e+01 1.397121459811621413e+01 1.397082334069640197e+01 1.397051622688089267e+01 1.397027305282392007e+01 1.397008492436222582e+01 1.396994080126070337e+01 1.396983311948009465e+01 1.396975590485566698e+01 1.396970570791117794e+01 1.396968092740618594e+01 1.000000000000000020e+30
1.000000000000000020e+30 1.000000000000000020e+30 1.000000000000000020e+30 1.000000000000000020e+30 1.397853470520653474e+01 1.397871534817024397e+01 1.397893941040862309e+01 1.397918895881261925e+01 1.397946310317310825e+01 1.397976386129997017e+01 1.398009366428463629e+01 1.398045459918296451e+01 1.398084764397620106e+01 1.398127328454118867e+01 1.398173126471761663e+01 1.398222212200622749e+01 1.398273650450517813e+01 1.398325694050716272e+01 1.398376396622240847e+01 1.398425696262516382e+01 1.398479690689512012e+01 1.398526967181796898e+01 1.398613231353979813e+01 1.398691649828458416e+01 1.398761637607308117e+01 1.398822361629818012e+01 1.398872910222542565e+01 1.398912279953498228e+01 1.398939070109575944e+01 1.398951643127846900e+01 1.398948201167666028e+01 1.398926924878300504e+01 1.398886110268352745e+01 1.398824259907076772e+01 1.398740149598082461e+01 1.398632969170975571e+01 1.398502747252150868e+01 1.398350731733759034e+01 1.398175210184113482e+01 1.397974198492454256e+01 1.397753736958861737e+01 1.397576047281842015e+01 1.397464805104219288e+01 1.397370804430826396e+01 1.397289726699033885e+01 1.397222180622189036e+01 1.397167998938722810e+01 1.397124482833592651e+01 1.397090733927214679e+01 1.397064644197844352e+01 1.397044589583148699e+01 1.397029358823043843e+01 1.397018049296069719e+01 1.397010017528212700e+01 1.397004857155015323e+01 1.397002330974565609e+01 1.000000000000000020e+30
1.000000000000000020e+30 1.000000000000000020e+30 1.000000000000000020e+30 1.397770071756763066e+01 1.397802275949550221e+01 1.397827946192245285e+01 1.397854556246685753e+01 1.397883506778514828e+01 1.397915218815182214e+01 1.397949946657481490e+01 1.397987905761744365e+01 1.398029272078166763e+01 1.398074151171111978e+01 1.398122567090264923e+01 1.398174427922419838e+01 1.398229473440075843e+01 1.398286995619296036e+01 1.398345916677218881e+01 1.398405161186609114e+01 1.398464304367523958e+01 1.398523569460934191e+01 1.398579135560542319e+01 1.398629008044433419e+01 1.398718508453541354e+01 1.398799806920478694e+01 1.398871731919611250e+01 1.398933347594357102e+01 1.398983973168629014e+01 1.399021870273640111e+01 1.399045066797066283e+01 1.399051296951228984e+01 1.399038248335009627e+01 1.399003781223408538e+01 1.398946008101225047e+01 1.398863258060489656e+01 1.398754064055268387e+01 1.398618247095386735e+01 1.398462337812454770e+01 1.398280782243176290e+01 1.398062137201968724e+01 1.397865137426861537e+01 1.397644539193273872e+01 1.397522503876082567e+01 1.397418130965901284e+01 1.397330606393135355e+01 1.397258266890175804e+01 1.397199442450955509e+01 1.397152431799772643e+01 1.397117755543515649e+01 1.397091522508079109e+01 1.397071442723926005e+01 1.397056299877560193e+01 1.397045087171658118e+01 1.397037137244102034e+01 1.397032054490360942e+01 1.397029568720160597e+01 1.000000000000000020e+30
1.000000000000000020e+30 1.000000000000000020e+30 1.000000000000000020e+30 1.397733391695685867e+01 1.397753115876582797e+01 1.397778912055746403e+01 1.397808296696825003e+01 1.397840835027047035e+01 1.397876591737374774e+01 1.397915748781178458e+01 1.397958508083361551e+01 1.398005048177266296e+01 1.398055487655560292e+01 1.398109852109134010e+01 1.398168034920232294e+01 1.398229745420056780e+01 1.398294428625544050e+01 1.398361305251621189e+01 1.398429521139780718e+01 1.398498288761618369e+01 1.398566647468866542e+01 1.398632498477511632e+01 1.398693901830274200e+01 1.398749079039824394e+01 1.398842871898594176e+01 1.398926948565925166e+01 1.399000324663276018e+01 1.399063950168034332e+01 1.399114923819032619e+01 1.399151001972465025e+01 1.399169210149926812e+01 1.399166529818465854e+01 1.399140308395167942e+01 1.399088300692939946e+01 1.399008394482182993e+01 1.398897374200338639e+01 1.398749428452556032e+01 1.398595167662636385e+01 1.398419007854453966e+01 1.398217190505197749e+01 1.397995692525375233e+01 1.397703209458956586e+01 1.397558117700303804e+01 1.397444195872830441e+01 1.397351888817227739e+01 1.397276415521752391e+01 1.397214641545520841e+01 1.397163611203225209e+01 1.397131898109671688e+01 1.397107815480165804e+01 1.397088932158489172e+01 1.397074889565627309e+01 1.397064437451468955e+01 1.397056950612477344e+01 1.397052198769696574e+01 1.397049846318992117e+01 1.000000000000000020e+30
1.000000000000000020e+30 1.000000000000000020e+30 1.000000000000000020e+30 1.397672505902806250e+01 1.397693397240973212e+01 1.397721791647064116e+01 1.397754365243699226e+01 1.397790439192228185e+01 1.397830055202694766e+01 1.397873429593708750e+01 1.397920808261270587e+01 1.397972410874998772e+01 1.398028394392221863e+01 1.398088819233067603e+01 1.398153615062676636e+01 1.398222543736090095e+01 1.398295166521559985e+01 1.398370855130680113e+01 1.398448834718785072e+01 1.398528192363131240e+01 1.398607746287844478e+01 1.398685822937613921e+01 1.398760537126859305e+01 1.398829804977410518e+01 1.398891185808175486e+01 1.398988413744814174e+01 1.399072614028934147e+01 1.399152147848841743e+01 1.399218440067383717e+01 1.399270366526582876e+01 1.399303563522843774e+01 1.399313902964260414e+01 1.399298180972338734e+01 1.399254066507394967e+01 1.399180235334205946e+01 1.399073208568543158e+01 1.398975771406172974e+01 1.398838722724600991e+01 1.398671693392288162e+01 1.398480703874230358e+01 1.398285991425873576e+01 1.000000000000000020e+30 1.000000000000000020e+30 1.000000000000000020e+30 1.000000000000000020e+30 1.000000000000000020e+30 1.000000000000000020e+30 1.397151016133300061e+01 1.397133949291049682e+01 1.397114462257424172e+01 1.397097153468922315e+01 1.397085462436206704e+01 1.397076390332942708e+01 1.397069582212046157e+01 1.397065483923157636e+01 1.397063296580787828e+01 1.000000000000000020e+30
1.000000000000000020e+30 1.000000000000000020e+30 1.397535134220851560e+01 1.397586247346043820e+01 1.397621691875715655e+01 1.397656000592632353e+01 1.397692437843086388e+01 1.397732011865629076e+01 1.397775260807793352e+01 1.397822596479930723e+01 1.397874373116409608e+01 1.397930887817154755e+01 1.397992363140143190e+01 1.398058924623390631e+01 1.398130573907043228e+01 1.398207158882761014e+01 1.398288348662376102e+01 1.398373625792560127e+01 1.398462286873269456e+01 1.398553422122910028e+01 1.398645848634543043e+01 1.398738037227480469e+01 1.398828147052761928e+01 1.398913950860954181e+01 1.398992455502468424e+01 1.399058465222147696e+01 1.399145143055726948e+01 1.399249168749161676e+01 1.399331903140098099e+01 1.399404034074527736e+01 1.399456339488606282e+01 1.399482899876944941e+01 1.399480014857818944e+01 1.399445131424120881e+01 1.399380868228030650e+01 1.399328328888330653e+01 1.399237328129352420e+01 1.399107851828402893e+01 1.398943910612678998e+01 1.398743495797332770e+01 1.398470351244177934e+01 1.000000000000000020e+30 1.000000000000000020e+30 1.000000000000000020e+30 1.000000000000000020e+30 1.000000000000000020e+30 1.000000000000000020e+30 1.000000000000000020e+30 1.000000000000000020e+30 1.000000000000000020e+30 1.397095289240963467e+01 1.397088949359238974e+01 1.397081620949009384e+01 1.397075049491474807e+01 1.397072393720190497e+01 1.397070083962438680e+01 1.000000000000000020e+30
1.000000000000000020e+30 1.000000000000000020e+30 1.397479542960136811e+01 1.397511160141067421e+01 1.397546622200928823e+01 1.397583587517958925e+01 1.397622893642299147e+01 1.397665430419366039e+01 1.397711888486820975e+01 1.397762823113908581e+01 1.397818699972563827e+01 1.397879908360660650e+01 1.397946756647687394e+01 1.398019460068466380e+01 1.398098119376282078e+01 1.398182692170784769e+01 1.398272965292168557e+01 1.398368535335260887e+01 1.398468792528094973e+01 1.398572894995503724e+01 1.398679728292711033e+01 1.398787871443028763e+01 1.398895604732175535e+01 1.399000941175841284e+01 1.399101774740796600e+01 1.399196688045528525e+01 1.399289184233493444e+01 1.399363074107495564e+01 1.399451563454233316e+01 1.399553114191711423e+01 1.399630439060062059e+01 1.399676917211860783e+01 1.399689427019753474e+01 1.399661167305323772e+01 1.399658672060901843e+01 1.399617518812040196e+01 1.399532964576788530e+01 1.399407030069797919e+01 1.399248183535739187e+01 1.399074582007611234e+01 1.000000000000000020e+30 1.000000000000000020e+30 1.000000000000000020e+30 1.000000000000000020e+30 1.000000000000000020e+30 1.000000000000000020e+30 1.000000000000000020e+30 1.000000000000000020e+30 1.000000000000000020e+30 1.000000000000000020e+30 1.000000000000000020e+30 1.000000000000000020e+30 1.000000000000000020e+30 1.397071932038219444e+01 1.397074479962369509e+01 1.000000000000000020e+30 1.000000000000000020e+30
1.000000000000000020e+30 1.397333463775725448e+01 1.397387851679767223e+01 1.397427741373858723e+01 1.397465553476588696e+01 1.397504360872458484e+01 1.397545652543545280e+01 1.397590454114676994e+01 1.397639557506232322e+01 1.397693620388276869e+01 1.397753207065942505e+01 1.397818801970386282e+01 1.397890813073439986e+01 1.397969565851200358e+01 1.398055284299706180e+01 1.398148059932189646e+01 1.398247818415298838e+01 1.398354291307371078e+01 1.398466991142630711e+01 1.398585182849662267e+01 1.398707850327120106e+01 1.398833670515191940e+01 1.398961014783104240e+01 1.399087992334012576e+01 1.399212580025985986e+01 1.399332906880114002e+01 1.399447424976878018e+01 1.399551273957104236e+01 1.399647064109559658e+01 1.399722019919438232e+01 1.399830977664136533e+01 1.399900491653669299e+01 1.399935200858097062e+01 1.399940349935631545e+01 1.399970743029131448e+01 1.399945720937237503e+01 1.399865582953014176e+01 1.399734706971977971e+01 1.399562785172520485e+01 1.399320900756559993e+01 1.000000000000000020e+30 1.000000000000000020e+30 1.000000000000000020e+30 1.000000000000000020e+30 1.000000000000000020e+30 1.000000000000000020e+30 1.000000000000000020e+30 1.000000000000000020e+30 1.000000000000000020e+30 1.000000000000000020e+30 1.000000000000000020e+30 1.000000000000000020e+30 1.000000000000000020e+30 1.000000000000000020e+30 1.000000000000000020e+30 1.000000000000000020e+30 1.000000000000000020e+30
1.000000000000000020e+30 1.397274596030167082e+01 1.397306160995337443e+01 1.397341901266343811e+01 1.397379013783205970e+01 1.397418186270640028e+01 1.397460440828393047e+01 1.397506706805331333e+01 1.397557794075263260e+01 1.397614419988662959e+01 1.397677229401215371e+01 1.397746800996255523e+01 1.397823653095858454e+01 1.397908240545828562e+01 1.398000935411886481e+01 1.398101991209987460e+01 1.398211501769450926e+01 1.398329364168201572e+01 1.398455245988808393e+01 1.398588551394932189e+01 1.398728384085086951e+01 1.398873514066409385e+01 1.399022360940680976e+01 1.399173004179203872e+01 1.399323222966750713e+01 1.399470522605627565e+01 1.399611936371596244e+01 1.399743144391909233e+01 1.399859014190190720e+01 1.399945850284021631e+01 1.400066566309280880e+01 1.400154473907528008e+01 1.400206139235418590e+01 1.400283227708886891e+01 1.400333844677467887e+01 1.400324654327159912e+01 1.400244545108366268e+01 1.400099025734291303e+01 1.399942932060618972e+01 1.000000000000000020e+30 1.000000000000000020e+30 1.000000000000000020e+30 1.000000000000000020e+30 1.000000000000000020e+30 1.000000000000000020e+30 1.000000000000000020e+30 1.000000000000000020e+30 1.000000000000000020e+30 1.000000000000000020e+30 1.000000000000000020e+30 1.000000000000000020e+30 1.000000000000000020e+30 1.000000000000000020e+30 1.000000000000000020e+30 1.000000000000000020e+30 1.000000000000000020e+30 1.000000000000000020e+30
1.397128374553355634e+01 1.397179679334995228e+01 1.397215807642740870e+01 1.397250193748133817e+01 1.397285958348993162e+01 1.397324476956906203e+01 1.397366758261398445e+01 1.397413674504464076e+01 1.397466028757885326e+01 1.397524574444847190e+01 1.397590023922851010e+01 1.397663049524322254e+01 1.397744290326338934e+01 1.397834350717447016e+01 1.397933779140590893e+01 1.398043025304577114e+01 1.398162388728702688e+01 1.398291971100450404e+01 1.398431634368468757e+01 1.398580958734040891e+01 1.398739196221065839e+01 1.398905222184139951e+01 1.399077493696074548e+01 1.399254024074049418e+01 1.399432372690263904e+01 1.399609620963003742e+01 1.399782262290621837e+01 1.399945972215640744e+01 1.400095622232212911e+01 1.400224754008027439e+01 1.400330583459148492e+01 1.400440315227027455e+01 1.400540617791412856e+01 1.400648196543370538e+01 1.400752376473967686e+01 1.400770129993654045e+01 1.400684529279181767e+01 1.400474346024329186e+01 1.400199491467603075e+01 1.000000000000000020e+30 1.000000000000000020e+30 1.000000000000000020e+30 1.000000000000000020e+30 1.000000000000000020e+30 1.000000000000000020e+30 1.000000000000000020e+30 1.000000000000000020e+30 1.000000000000000020e+30 1.000000000000000020e+30 1.000000000000000020e+30 1.000000000000000020e+30 1.000000000000000020e+30 1.000000000000000020e+30 1.000000000000000020e+30 1.000000000000000020e+30 1.000000000000000020e+30 1.000000000000000020e+30
1.397072588496051537e+01 1.397095446453036338e+01 1.397122705122384900e+01 1.397152644601599114e+01 1.397185696341478689e+01 1.397222556706552687e+01 1.397263984503674372e+01 1.397310746755815103e+01 1.397363618420385478e+01 1.397423374609460822e+01 1.397490786706550381e+01 1.397566620830608919e+01 1.397651647618814685e+01 1.397746643785658449e+01 1.397852368463708572e+01 1.397969510529146753e+01 1.398098622577998107e+01 1.398240059712113137e+01 1.398393926886611105e+01 1.398560027449015308e+01 1.398737805504495491e+01 1.398926278027632897e+01 1.399123963406547233e+01 1.399328821739556972e+01 1.399538221013703954e+01 1.399748931399282625e+01 1.399957135231949046e+01 1.400158486059628160e+01 1.400348381591324909e+01 1.400522595140501103e+01 1.400679686712329897e+01 1.400824578171924983e+01 1.400956817767313112e+01 1.401105571207036071e+01 1.401252969869999276e+01 1.401314590917289848e+01 1.401236832172202540e+01 1.401015948039255044e+01 1.400234931666705229e+01 1.000000000000000020e+30 1.000000000000000020e+30 1.000000000000000020e+30 1.000000000000000020e+30 1.000000000000000020e+30 1.000000000000000020e+30 1.000000000000000020e+30 1.000000000000000020e+30 1.000000000000000020e+30 1.000000000000000020e+30 1.000000000000000020e+30 1.000000000000000020e+30 1.000000000000000020e+30 1.000000000000000020e+30 1.000000000000000020e+30 1.000000000000000020e+30 1.000000000000000020e+30 1.000000000000000020e+30
1.396989461039090585e+01 1.397002327783160425e+01 1.397022432940264736e+01 1.397047531014447586e+01 1.397077178002490250e+01 1.397111624217867210e+01 1.397151424305637590e+01 1.397197258888185978e+01 1.397249879433220165e+01 1.397310078815838885e+01 1.397378681228819275e+01 1.397456544971877790e+01 1.397544581839850331e+01 1.397643766761398609e+01 1.397755112953614365e+01 1.397879604524569253e+01 1.398018107226495488e+01 1.398171289486159274e+01 1.398339558566920715e+01 1.398523000358246193e+01 1.398721314394006221e+01 1.398933724638011711e+01 1.399158867734766609e+01 1.399394686316738756e+01 1.399638367048311594e+01 1.399886362149586105e+01 1.400134483971414134e+01 1.400378088498042040e+01 1.400612464775390720e+01 1.400833204218839612e+01 1.401036635331465874e+01 1.401217135118328905e+01 1.401445542395107680e+01 1.401653353272250513e+01 1.401834985944673129e+01 1.401920099854810076e+01 1.401922033429130821e+01 1.401778349515366529e+01 1.000000000000000020e+30 1.000000000000000020e+30 1.000000000000000020e+30 1.000000000000000020e+30 1.000000000000000020e+30 1.000000000000000020e+30 1.000000000000000020e+30 1.000000000000000020e+30 1.000000000000000020e+30 1.000000000000000020e+30 1.000000000000000020e+30 1.000000000000000020e+30 1.000000000000000020e+30 1.000000000000000020e+30 1.000000000000000020e+30 1.000000000000000020e+30 1.000000000000000020e+30 1.000000000000000020e+30 1.000000000000000020e+30
1.396888984675002021e+01 1.396897488609675975e+01 1.396912685663624032e+01 1.396933422640311484e+01 1.396959417206415033e+01 1.396990896253531211e+01 1.397028382044478967e+01 1.397072541029453241e+01 1.397124126591334736e+01 1.397183949922223967e+01 1.397252877157200857e+01 1.397331848591452363e+01 1.397421920369679427e+01 1.397524293576972809e+01 1.397640293052181626e+01 1.397771275963629556e+01 1.397918497963129703e+01 1.398083012003700354e+01 1.398265596821925705e+01 1.398466688796556845e+01 1.398686328024092695e+01 1.398924050648519923e+01 1.399178714512319566e+01 1.399448307767528554e+01 1.399729818231150347e+01 1.400019289262005984e+01 1.400311980831070890e+01 1.400602560291447674e+01 1.400885835434670668e+01 1.401156777673696396e+01 1.401412171581263877e+01 1.401650854079897890e+01 1.401950519795395600e+01 1.402222971999045775e+01 1.402420198238611349e+01 1.402541741081706483e+01 1.402592583417925631e+01 1.402511106031733057e+01 1.000000000000000020e+30 1.000000000000000020e+30 1.000000000000000020e+30 1.000000000000000020e+30 1.000000000000000020e+30 1.000000000000000020e+30 1.000000000000000020e+30 1.000000000000000020e+30 1.000000000000000020e+30 1.000000000000000020e+30 1.000000000000000020e+30 1.000000000000000020e+30 1.000000000000000020e+30 1.000000000000000020e+30 1.000000000000000020e+30 1.000000000000000020e+30 1.000000000000000020e+30 1.000000000000000020e+30 1.000000000000000020e+30
1.396775523946329933e+01 1.396781477096936008e+01 1.396792922961704875e+01 1.396809616548935473e+01 1.396831732904933965e+01 1.396859722958927641e+01 1.396894223129352319e+01 1.396935958717442716e+01 1.396985709438614975e+01 1.397044296543735520e+01 1.397112600278884464e+01 1.397191611212740270e+01 1.397282515211735365e+01 1.397386764924587510e+01 1.397506078092589732e+01 1.397642305969910836e+01 1.397797191746355772e+01 1.397972251565778556e+01 1.398168713652279926e+01 1.398387423011656772e+01 1.398628864624959078e+01 1.398893054521751012e+01 1.399179258672954695e+01 1.399485641476515774e+01 1.399808939278422137e+01 1.400144629092696569e+01 1.400487229609260176e+01 1.400829985860107740e+01 1.401167198175346762e+01 1.401491565052025834e+01 1.401800087296281028e+01 1.402112701539860673e+01 1.402478381439417454e+01 1.402770006057138730e+01 1.402990677716411305e+01 1.403137860009593574e+01 1.403155963277350438e+01 1.402869413678210009e+01 1.000000000000000020e+30 1.000000000000000020e+30 1.000000000000000020e+30 1.000000000000000020e+30 1.000000000000000020e+30 1.000000000000000020e+30 1.000000000000000020e+30 1.000000000000000020e+30 1.000000000000000020e+30 1.000000000000000020e+30 1.000000000000000020e+30 1.000000000000000020e+30 1.000000000000000020e+30 1.000000000000000020e+30 1.000000000000000020e+30 1.000000000000000020e+30 1.000000000000000020e+30 1.000000000000000020e+30 1.000000000000000020e+30
1.396651631218573364e+01 1.396655496377927896e+01 1.396663443546487748e+01 1.396675953400871251e+01 1.396693740164218056e+01 1.396717603969073984e+01 1.396748388979134603e+01 1.396786928655225601e+01 1.396834036802369994e+01 1.396890514684609919e+01 1.396957195863046586e+01 1.397035046553592608e+01 1.397125326830549241e+01 1.397229748211171341e+01 1.397350542894432301e+01 1.397490283754581419e+01 1.397651315476978695e+01 1.397835684847151505e+01 1.398045175353791691e+01 1.398281022800006035e+01 1.398544263572422075e+01 1.398835668425511258e+01 1.399155258226023335e+01 1.399501699249659126e+01 1.399871309719281420e+01 1.400258702276175526e+01 1.400657972038545829e+01 1.401058613231761463e+01 1.401457073955186061e+01 1.401837872546488484e+01 1.402183381254469374e+01 1.402623399525619341e+01 1.403003784406189958e+01 1.403322133559487206e+01 1.403582511838699354e+01 1.403761166968789809e+01 1.403811259857459959e+01 1.000000000000000020e+30 1.000000000000000020e+30 1.000000000000000020e+30 1.000000000000000020e+30 1.000000000000000020e+30 1.000000000000000020e+30 1.000000000000000020e+30 1.000000000000000020e+30 1.000000000000000020e+30 1.000000000000000020e+30 1.000000000000000020e+30 1.000000000000000020e+30 1.000000000000000020e+30 1.000000000000000020e+30 1.000000000000000020e+30 1.000000000000000020e+30 1.000000000000000020e+30 1.000000000000000020e+30 1.000000000000000020e+30 1.000000000000000020e+30
1.396519395843028200e+01 1.396520959589205191e+01 1.396524938387810977e+01 1.396532584964896095e+01 1.396545240187267822e+01 1.396564131454186430e+01 1.396590363591875494e+01 1.396624901651180117e+01 1.396668581268223441e+01 1.396722125149729798e+01 1.396786209202427465e+01 1.396861624269931923e+01 1.396949564168851410e+01 1.397051937210146200e+01 1.397171660643661539e+01 1.397312582935341929e+01 1.397477713480554407e+01 1.397669600813904545e+01 1.397890878754196997e+01 1.398142831835673938e+01 1.398427112628602309e+01 1.398745725438567433e+01 1.399100046257841612e+01 1.399490235093970547e+01 1.399911550084892475e+01 1.400356553216143141e+01 1.400823002085975233e+01 1.401285799537635413e+01 1.401764508095796558e+01 1.402228151326477068e+01 1.402686843714972831e+01 1.403130426310146284e+01 1.403531511032361401e+01 1.403875564163458201e+01 1.404188504761375889e+01 1.404382493255731035e+01 1.404461403991978585e+01 1.000000000000000020e+30 1.000000000000000020e+30 1.000000000000000020e+30 1.000000000000000020e+30 1.000000000000000020e+30 1.000000000000000020e+30 1.000000000000000020e+30 1.000000000000000020e+30 1.000000000000000020e+30 1.000000000000000020e+30 1.000000000000000020e+30 1.000000000000000020e+30 1.000000000000000020e+30 1.000000000000000020e+30 1.000000000000000020e+30 1.000000000000000020e+30 1.000000000000000020e+30 1.000000000000000020e+30 1.000000000000000020e+30 1.000000000000000020e+30
1.396381120300758738e+01 1.396379535649401937e+01 1.396378307274855146e+01 1.396379785182366007e+01 1.396386078760802540e+01 1.396398889550441602e+01 1.396419598918630811e+01 1.396449307749370838e+01 1.396488852372171330e+01 1.396538796622979817e+01 1.396599485242739647e+01 1.396671255001539791e+01 1.396754939482247160e+01 1.396852357913796894e+01 1.396967182021171183e+01 1.397106290989513333e+01 1.397272973027214071e+01 1.397469737016714220e+01 1.397701512165961013e+01 1.397967920878308945e+01 1.398271247371519799e+01 1.398614378597811303e+01 1.399002054580053134e+01 1.399441823783623384e+01 1.399924206475508726e+01 1.400431580977964252e+01 1.400996298327888212e+01 1.401606640775861656e+01 1.402206347195485137e+01 1.402747085045857567e+01 1.403227863356460148e+01 1.403689686247173718e+01 1.404113073667291189e+01 1.404442354193257536e+01 1.404762745924790401e+01 1.404989296816450306e+01 1.405186097544742196e+01 1.405498180011575826e+01 1.000000000000000020e+30 1.000000000000000020e+30 1.000000000000000020e+30 1.000000000000000020e+30 1.000000000000000020e+30 1.000000000000000020e+30 1.000000000000000020e+30 1.000000000000000020e+30 1.000000000000000020e+30 1.000000000000000020e+30 1.000000000000000020e+30 1.000000000000000020e+30 1.000000000000000020e+30 1.000000000000000020e+30 1.000000000000000020e+30 1.000000000000000020e+30 1.000000000000000020e+30 1.000000000000000020e+30 1.000000000000000020e+30
1.396239953680447243e+01 1.396233284665735574e+01 1.396224515132107413e+01 1.396217751904219995e+01 1.396215979434209586e+01 1.396221325106939659e+01 1.396235405298316401e+01 1.396259455489874313e+01 1.396294316991377649e+01 1.396340327933811132e+01 1.396397278466805858e+01 1.396464554233504174e+01 1.396542156619573838e+01 1.396630958299886949e+01 1.396734023687188042e+01 1.396868046379730721e+01 1.397033773472525375e+01 1.397230478524072872e+01 1.397462287586161622e+01 1.397736964319789799e+01 1.398056865851375541e+01 1.398426647139761947e+01 1.398842286353055009e+01 1.399345909196973459e+01 1.399917728483970158e+01 1.400569086362109950e+01 1.401251363149288665e+01 1.401964753189972512e+01 1.402627906418009118e+01 1.403236765966362753e+01 1.403781712788400782e+01 1.404257705882268681e+01 1.404653436055950166e+01 1.404974355618787030e+01 1.405293684294966639e+01 1.405527870100000776e+01 1.405697531291073510e+01 1.405805909666683640e+01 1.000000000000000020e+30 1.000000000000000020e+30 1.000000000000000020e+30 1.000000000000000020e+30 1.000000000000000020e+30 1.000000000000000020e+30 1.000000000000000020e+30 1.000000000000000020e+30 1.000000000000000020e+30 1.000000000000000020e+30 1.000000000000000020e+30 1.000000000000000020e+30 1.000000000000000020e+30 1.000000000000000020e+30 1.000000000000000020e+30 1.000000000000000020e+30 1.000000000000000020e+30 1.000000000000000020e+30 1.000000000000000020e+30
1.396100980641281986e+01 1.396084664096542305e+01 1.396064263805902428e+01 1.396046313233120983e+01 1.396034345108897767e+01 1.396030607311497640e+01 1.396036817634106875e+01 1.396054373023153694e+01 1.396084226433641184e+01 1.396126524010762715e+01 1.396180346822335849e+01 1.396243114395850071e+01 1.396313755304102955e+01 1.396390884507592922e+01 1.396465516214613345e+01 1.396593721765272811e+01 1.396750454899468608e+01 1.396936682379790362e+01 1.397157589978240999e+01 1.397431969609023561e+01 1.397766900301077087e+01 1.398176059323745335e+01 1.398704731279015512e+01 1.399297311238660058e+01 1.399960907100120977e+01 1.400701844301705812e+01 1.401502032427682565e+01 1.402277974499850188e+01 1.403004562869400651e+01 1.403683617843504194e+01 1.404282336200917669e+01 1.404779466445368641e+01 1.405159681565472596e+01 1.405499666294520722e+01 1.405811824021243872e+01 1.406032998916791854e+01 1.406172229797792994e+01 1.406217675341230056e+01 1.000000000000000020e+30 1.000000000000000020e+30 1.000000000000000020e+30 1.000000000000000020e+30 1.000000000000000020e+30 1.000000000000000020e+30 1.000000000000000020e+30 1.000000000000000020e+30 1.000000000000000020e+30 1.000000000000000020e+30 1.000000000000000020e+30 1.000000000000000020e+30 1.000000000000000020e+30 1.000000000000000020e+30 1.000000000000000020e+30 1.000000000000000020e+30 1.000000000000000020e+30 1.000000000000000020e+30 1.000000000000000020e+30
1.395973848733744127e+01 1.395935657349799364e+01 1.395897110605160485e+01 1.395864477841620577e+01 1.395840065042079381e+01 1.395825527077892403e+01 1.395822468202684874e+01 1.395832579348638447e+01 1.395857287152838744e+01 1.395896796683996044e+01 1.395950069929043913e+01 1.396009391347612372e+01 1.396074451273741879e+01 1.396148801536369355e+01 1.396220136440147463e+01 1.396359368516557886e+01 1.396509895920795152e+01 1.396687696810186097e+01 1.396884786457211014e+01 1.397147667771075952e+01 1.397495758471354144e+01 1.397912470548061314e+01 1.398457296815178275e+01 1.399134508887275175e+01 1.399927939399600874e+01 1.400840914688140693e+01 1.401740707686752785e+01 1.402586552905936657e+01 1.403361433358939792e+01 1.404133036091243625e+01 1.404787754315380077e+01 1.405311702857253309e+01 1.405701892112369222e+01 1.406048549890845578e+01 1.406322979151796737e+01 1.406522076947954503e+01 1.406642672077257039e+01 1.406670551275213299e+01 1.000000000000000020e+30 1.000000000000000020e+30 1.000000000000000020e+30 1.000000000000000020e+30 1.000000000000000020e+30 1.000000000000000020e+30 1.000000000000000020e+30 1.000000000000000020e+30 1.000000000000000020e+30 1.000000000000000020e+30 1.000000000000000020e+30 1.000000000000000020e+30 1.000000000000000020e+30 1.000000000000000020e+30 1.000000000000000020e+30 1.000000000000000020e+30 1.000000000000000020e+30 1.000000000000000020e+30 1.000000000000000020e+30
1.395880432776107405e+01 1.395782536107942029e+01 1.395719591650810010e+01 1.395670004780049744e+01 1.395631491803526281e+01 1.395604554386983587e+01 1.395590540126638324e+01 1.395591782894492283e+01 1.395611143398450338e+01 1.395648904287243397e+01 1.395697316183476744e+01 1.395741282127099936e+01 1.395781359320117687e+01 1.395853548437721336e+01 1.395961734358361994e+01 1.396051113659998144e+01 1.396168256065357482e+01 1.396344146845766154e+01 1.396388014757305029e+01 1.396468679565335336e+01 1.396576747948814834e+01 1.396998979002584562e+01 1.397688724649358605e+01 1.398691931383867448e+01 1.400007653569855570e+01 1.401076142206545150e+01 1.402060400153461117e+01 1.403014700884947175e+01 1.403991314931648482e+01 1.404746290053335223e+01 1.405368252144859476e+01 1.405888586229675674e+01 1.406276417369485365e+01 1.406571669801191682e+01 1.406811468289064138e+01 1.406991637569794484e+01 1.407107765147579137e+01 1.407146977285397682e+01 1.000000000000000020e+30 1.000000000000000020e+30 1.000000000000000020e+30 1.000000000000000020e+30 1.000000000000000020e+30 1.000000000000000020e+30 1.000000000000000020e+30 1.000000000000000020e+30 1.000000000000000020e+30 1.000000000000000020e+30 1.000000000000000020e+30 1.000000000000000020e+30 1.000000000000000020e+30 1.000000000000000020e+30 1.000000000000000020e+30 1.000000000000000020e+30 1.000000000000000020e+30 1.000000000000000020e+30 1.000000000000000020e+30
1.000000000000000020e+30 1.395589984363889613e+01 1.395524244608757058e+01 1.395460005641378309e+01 1.395406926019020410e+01 1.395366247716598984e+01 1.395338953760795064e+01 1.395328467568851316e+01 1.395333292199823738e+01 1.395340966417077233e+01 1.395360065921415149e+01 1.395370176023770270e+01 1.395481392531556963e+01 1.395557252292081429e+01 1.395621022533578426e+01 1.395512582793056211e+01 1.395343894197132784e+01 1.393643977673318091e+01 1.395518477913569910e+01 1.395655160858933819e+01 1.395808221183376396e+01 1.396301135269493265e+01 1.397212190877092297e+01 1.398763558502144733e+01 1.400106098804658394e+01 1.401266555737336716e+01 1.402336834196663418e+01 1.403402903137840241e+01 1.404576469526979032e+01 1.405339704591200523e+01 1.405959198615503958e+01 1.406474403064527223e+01 1.406804376737948026e+01 1.407052214642791199e+01 1.407261560833293323e+01 1.407427195740822690e+01 1.407551684301136241e+01 1.407658292459969118e+01 1.407846182484462361e+01 1.000000000000000020e+30 1.000000000000000020e+30 1.000000000000000020e+30 1.000000000000000020e+30 1.000000000000000020e+30 1.000000000000000020e+30 1.000000000000000020e+30 1.000000000000000020e+30 1.000000000000000020e+30 1.000000000000000020e+30 1.000000000000000020e+30 1.000000000000000020e+30 1.000000000000000020e+30 1.000000000000000020e+30 1.000000000000000020e+30 1.000000000000000020e+30 1.000000000000000020e+30 1.000000000000000020e+30
1.000000000000000020e+30 1.395458695458543019e+01 1.395322925439786665e+01 1.395234393737495537e+01 1.395165540588058839e+01 1.395110144836467292e+01 1.395066159849181275e+01 1.395029226834644476e+01 1.394982103166289633e+01 1.394865087968199013e+01 1.394659682305471016e+01 1.394711164277898519e+01 1.394845047600236221e+01 1.394662087494514502e+01 1.392819151733412575e+01 1.394534469816967359e+01 1.394481555896394909e+01 1.000000000000000020e+30 1.000000000000000020e+30 1.000000000000000020e+30 1.000000000000000020e+30 1.000000000000000020e+30 1.000000000000000020e+30 1.000000000000000020e+30 1.000000000000000020e+30 1.000000000000000020e+30 1.000000000000000020e+30 1.000000000000000020e+30 1.405322369338916211e+01 1.405787454954068316e+01 1.406571601252482751e+01 1.407018938752819359e+01 1.407259681965298448e+01 1.407473169512421229e+01 1.407657312913070591e+01 1.407805838245145580e+01 1.407915371094689050e+01 1.407990224571238791e+01 1.408029750933040525e+01 1.000000000000000020e+30 1.000000000000000020e+30 1.000000000000000020e+30 1.000000000000000020e+30 1.000000000000000020e+30 1.000000000000000020e+30 1.000000000000000020e+30 1.000000000000000020e+30 1.000000000000000020e+30 1.000000000000000020e+30 1.000000000000000020e+30 1.000000000000000020e+30 1.000000000000000020e+30 1.000000000000000020e+30 1.000000000000000020e+30 1.000000000000000020e+30 1.000000000000000020e+30 1.000000000000000020e+30
1.000000000000000020e+30 1.000000000000000020e+30 1.395069889318151546e+01 1.394984632320487350e+01 1.394906245508379250e+01 1.394835266780105698e+01 1.394759288454029189e+01 1.394648556097457437e+01 1.394501313343657145e+01 1.394132030440951375e+01 1.393733142221795518e+01 1.393819934126362092e+01 1.000000000000000020e+30 1.000000000000000020e+30 1.000000000000000020e+30 1.000000000000000020e+30 1.000000000000000020e+30 1.000000000000000020e+30 1.000000000000000020e+30 1.000000000000000020e+30 1.000000000000000020e+30 1.000000000000000020e+30 1.000000000000000020e+30 1.000000000000000020e+30 1.000000000000000020e+30 1.000000000000000020e+30 1.000000000000000020e+30 1.000000000000000020e+30 1.000000000000000020e+30 1.000000000000000020e+30 1.407247313344851314e+01 1.407414124693861446e+01 1.407623648121684745e+01 1.407819332165573023e+01 1.407990602250725942e+01 1.408125403180327417e+01 1.408215645218610668e+01 1.408259344191997187e+01 1.408248533191271967e+01 1.000000000000000020e+30 1.000000000000000020e+30 1.000000000000000020e+30 1.000000000000000020e+30 1.000000000000000020e+30 1.000000000000000020e+30 1.000000000000000020e+30 1.000000000000000020e+30 1.000000000000000020e+30 1.000000000000000020e+30 1.000000000000000020e+30 1.000000000000000020e+30 1.000000000000000020e+30 1.000000000000000020e+30 1.000000000000000020e+30 1.000000000000000020e+30 1.000000000000000020e+30 1.000000000000000020e+30
1.000000000000000020e+30 1.000000000000000020e+30 1.394897632760416784e+01 1.394715380058280729e+01 1.394602863871778453e+01 1.394493936823138114e+01 1.394355687435668045e+01 1.394227124163196230e+01 1.393630845669989249e+01 1.393244365026304088e+01 1.392932362602916996e+01 1.000000000000000020e+30 1.000000000000000020e+30 1.000000000000000020e+30 1.000000000000000020e+30 1.000000000000000020e+30 1.000000000000000020e+30 1.000000000000000020e+30 1.000000000000000020e+30 1.000000000000000020e+30 1.000000000000000020e+30 1.000000000000000020e+30 1.000000000000000020e+30 1.000000000000000020e+30 1.000000000000000020e+30 1.000000000000000020e+30 1.000000000000000020e+30 1.000000000000000020e+30 1.000000000000000020e+30 1.000000000000000020e+30 1.000000000000000020e+30 1.407762994237285703e+01 1.407925307362176071e+01 1.408101343904511182e+01 1.408262233604362379e+01 1.408391422733824605e+01 1.408464346835494041e+01 1.408484817781063647e+01 1.408452195864188639e+01 1.000000000000000020e+30 1.000000000000000020e+30 1.000000000000000020e+30 1.000000000000000020e+30 1.000000000000000020e+30 1.000000000000000020e+30 1.000000000000000020e+30 1.000000000000000020e+30 1.000000000000000020e+30 1.000000000000000020e+30 1.000000000000000020e+30 1.000000000000000020e+30 1.000000000000000020e+30 1.000000000000000020e+30 1.000000000000000020e+30 1.000000000000000020e+30 1.000000000000000020e+30 1.000000000000000020e+30
1.000000000000000020e+30 1.000000000000000020e+30 1.000000000000000020e+30 1.394302399211744969e+01 1.394182831209647944e+01 1.393988935845534449e+01 1.393772994931651965e+01 1.393250322104748840e+01 1.392861294529389404e+01 1.000000000000000020e+30 1.000000000000000020e+30 1.000000000000000020e+30 1.000000000000000020e+30 1.000000000000000020e+30 1.000000000000000020e+30 1.000000000000000020e+30 1.000000000000000020e+30 1.000000000000000020e+30 1.000000000000000020e+30 1.000000000000000020e+30 1.000000000000000020e+30 1.000000000000000020e+30 1.000000000000000020e+30 1.000000000000000020e+30 1.000000000000000020e+30 1.000000000000000020e+30 1.000000000000000020e+30 1.000000000000000020e+30 1.000000000000000020e+30 1.000000000000000020e+30 1.000000000000000020e+30 1.000000000000000020e+30 1.408223205189798222e+01 1.408355009702504468e+01 1.408489209455487234e+01 1.408615552645691160e+01 1.408667352599152700e+01 1.408665210033160697e+01 1.408618929651404983e+01 1.000000000000000020e+30 1.000000000000000020e+30 1.000000000000000020e+30 1.000000000000000020e+30 1.000000000000000020e+30 1.000000000000000020e+30 1.000000000000000020e+30 1.000000000000000020e+30 1.000000000000000020e+30 1.000000000000000020e+30 1.000000000000000020e+30 1.000000000000000020e+30 1.000000000000000020e+30 1.000000000000000020e+30 1.000000000000000020e+30 1.000000000000000020e+30 1.000000000000000020e+30 1.000000000000000020e+30
1.000000000000000020e+30 1.000000000000000020e+30 1.000000000000000020e+30 1.393896548360584475e+01 1.393593165806606038e+01 1.393047505437627542e+01 1.392580044166640363e+01 1.392359061732231851e+01 1.000000000000000020e+30 1.000000000000000020e+30 1.000000000000000020e+30 1.000000000000000020e+30 1.000000000000000020e+30 1.000000000000000020e+30 1.000000000000000020e+30 1.000000000000000020e+30 1.000000000000000020e+30 1.000000000000000020e+30 1.000000000000000020e+30 1.000000000000000020e+30 1.000000000000000020e+30 1.000000000000000020e+30 1.000000000000000020e+30 1.000000000000000020e+30 1.000000000000000020e+30 1.000000000000000020e+30 1.000000000000000020e+30 1.000000000000000020e+30 1.000000000000000020e+30 1.000000000000000020e+30 1.000000000000000020e+30 1.000000000000000020e+30 1.000000000000000020e+30 1.408617904620223982e+01 1.408719365940523360e+01 1.408807446569753630e+01 1.408826107860098098e+01 1.408791534862524486e+01 1.408735074719153424e+01 1.000000000000000020e+30 1.000000000000000020e+30 1.000000000000000020e+30 1.000000000000000020e+30 1.000000000000000020e+30 1.000000000000000020e+30 1.000000000000000020e+30 1.000000000000000020e+30 1.000000000000000020e+30 1.000000000000000020e+30 1.000000000000000020e+30 1.000000000000000020e+30 1.000000000000000020e+30 1.000000000000000020e+30 1.000000000000000020e+30 1.000000000000000020e+30 1.000000000000000020e+30 1.000000000000000020e+30
1.000000000000000020e+30 1.000000000000000020e+30 1.000000000000000020e+30 1.000000000000000020e+30 1.390903441579184907e+01 1.391652514145552111e+01 1.391560529680564606e+01 1.000000000000000020e+30 1.000000000000000020e+30 1.000000000000000020e+30 1.000000000000000020e+30 1.000000000000000020e+30 1.000000000000000020e+30 1.000000000000000020e+30 1.000000000000000020e+30 1.000000000000000020e+30 1.000000000000000020e+30 1.000000000000000020e+30 1.000000000000000020e+30 1.000000000000000020e+30 1.000000000000000020e+30 1.000000000000000020e+30 1.000000000000000020e+30 1.000000000000000020e+30 1.000000000000000020e+30 1.000000000000000020e+30 1.000000000000000020e+30 1.000000000000000020e+30 1.000000000000000020e+30 1.000000000000000020e+30 1.000000000000000020e+30 1.000000000000000020e+30 1.000000000000000020e+30 1.000000000000000020e+30 1.408933024289703617e+01 1.408950777949097777e+01 1.408938265066947970e+01 1.408841519503042328e+01 1.408790451101227781e+01 1.000000000000000020e+30 1.000000000000000020e+30 1.000000000000000020e+30 1.000000000000000020e+30 1.000000000000000020e+30 1.000000000000000020e+30 1.000000000000000020e+30 1.000000000000000020e+30 1.000000000000000020e+30 1.000000000000000020e+30 1.000000000000000020e+30 1.000000000000000020e+30 1.000000000000000020e+30 1.000000000000000020e+30 1.000000000000000020e+30 1.000000000000000020e+30 1.000000000000000020e+30 1.000000000000000020e+30
1.000000000000000020e+30 1.000000000000000020e+30 1.000000000000000020e+30 1.000000000000000020e+30 1.388870281314058097e+01 1.000000000000000020e+30 1.000000000000000020e+30 1.000000000000000020e+30 1.000000000000000020e+30 1.000000000000000020e+30 1.000000000000000020e+30 1.000000000000000020e+30 1.000000000000000020e+30 1.000000000000000020e+30 1.000000000000000020e+30 1.000000000000000020e+30 1.000000000000000020e+30 1.000000000000000020e+30 1.000000000000000020e+30 1.000000000000000020e+30 1.000000000000000020e+30 1.000000000000000020e+30 1.000000000000000020e+30 1.000000000000000020e+30 1.000000000000000020e+30 1.000000000000000020e+30 1.000000000000000020e+30 1.000000000000000020e+30 1.000000000000000020e+30 1.000000000000000020e+30 1.000000000000000020e+30 1.000000000000000020e+30 1.000000000000000020e+30 1.000000000000000020e+30 1.000000000000000020e+30 1.409044604832272007e+01 1.409039584300759351e+01 1.000000000000000020e+30 1.000000000000000020e+30 1.000000000000000020e+30 1.000000000000000020e+30 1.000000000000000020e+30 1.000000000000000020e+30 1.000000000000000020e+30 1.000000000000000020e+30 1.000000000000000020e+30 1.000000000000000020e+30 1.000000000000000020e+30 1.000000000000000020e+30 1.000000000000000020e+30 1.000000000000000020e+30 1.000000000000000020e+30 1.000000000000000020e+30 1.000000000000000020e+30 1.000000000000000020e+30 1.000000000000000020e+30 1.000000000000000020e+30
