1.000000000000000020e+30 1.000000000000000020e+30 1.000000000000000020e+30 1.000000000000000020e+30 1.000000000000000020e+30 1.000000000000000020e+30 1.000000000000000020e+30 1.000000000000000020e+30 1.000000000000000020e+30 1.000000000000000020e+30 1.000000000000000020e+30 1.000000000000000020e+30 1.000000000000000020e+30 1.000000000000000020e+30 1.000000000000000020e+30 1.000000000000000020e+30 1.000000000000000020e+30 1.000000000000000020e+30 1.000000000000000020e+30 1.000000000000000020e+30 1.000000000000000020e+30 1.000000000000000020e+30 1.000000000000000020e+30 1.000000000000000020e+30 1.000000000000000020e+30 7.202916615175509740e+00 7.311240742262518744e+00 1.000000000000000020e+30 1.000000000000000020e+30 1.000000000000000020e+30 1.000000000000000020e+30 1.000000000000000020e+30 1.000000000000000020e+30 1.000000000000000020e+30 1.000000000000000020e+30 1.000000000000000020e+30 1.000000000000000020e+30 1.000000000000000020e+30 1.000000000000000020e+30 1.000000000000000020e+30
1.000000000000000020e+30 1.000000000000000020e+30 1.000000000000000020e+30 1.000000000000000020e+30 1.000000000000000020e+30 1.000000000000000020e+30 1.000000000000000020e+30 1.000000000000000020e+30 1.000000000000000020e+30 1.000000000000000020e+30 1.000000000000000020e+30 1.000000000000000020e+30 1.000000000000000020e+30 1.000000000000000020e+30 1.000000000000000020e+30 1.000000000000000020e+30 1.000000000000000020e+30 1.000000000000000020e+30 1.000000000000000020e+30 1.000000000000000020e+30 1.000000000000000020e+30 1.000000000000000020e+30 1.000000000000000020e+30 1.000000000000000020e+30 7.200852433978530698e+00 7.301413252499601825e+00 7.381929220457810636e+00 7.447182445966849862e+00 1.000000000000000020e+30 1.000000000000000020e+30 1.000000000000000020e+30 1.000000000000000020e+30 1.000000000000000020e+30 1.000000000000000020e+30 1.000000000000000020e+30 1.000000000000000020e+30 1.000000000000000020e+30 1.000000000000000020e+30 1.000000000000000020e+30 1.000000000000000020e+30
1.000000000000000020e+30 1.000000000000000020e+30 1.000000000000000020e+30 1.000000000000000020e+30 1.000000000000000020e+30 1.000000000000000020e+30 1.000000000000000020e+30 1.000000000000000020e+30 1.000000000000000020e+30 1.000000000000000020e+30 1.000000000000000020e+30 1.000000000000000020e+30 1.000000000000000020e+30 1.000000000000000020e+30 1.000000000000000020e+30 1.000000000000000020e+30 1.000000000000000020e+30 1.000000000000000020e+30 1.000000000000000020e+30 1.000000000000000020e+30 1.000000000000000020e+30 1.000000000000000020e+30 7.159698472916114831e+00 7.196289203423009262e+00 7.297053050649527250e+00 7.375383273956170882e+00 7.440211995240227694e+00 7.496315881126899505e+00 7.551539781774049054e+00 7.578020344715730161e+00 1.000000000000000020e+30 1.000000000000000020e+30 1.000000000000000020e+30 1.000000000000000020e+30 1.000000000000000020e+30 1.000000000000000020e+30 1.000000000000000020e+30 1.000000000000000020e+30 1.000000000000000020e+30 1.000000000000000020e+30
1.000000000000000020e+30 1.000000000000000020e+30 1.000000000000000020e+30 1.000000000000000020e+30 1.000000000000000020e+30 1.000000000000000020e+30 1.000000000000000020e+30 1.000000000000000020e+30 1.000000000000000020e+30 1.000000000000000020e+30 1.000000000000000020e+30 1.000000000000000020e+30 1.000000000000000020e+30 1.000000000000000020e+30 1.000000000000000020e+30 1.000000000000000020e+30 1.000000000000000020e+30 1.000000000000000020e+30 1.000000000000000020e+30 1.000000000000000020e+30 1.000000000000000020e+30 7.164197570254239977e+00 7.249641022433966242e+00 7.309021173328609677e+00 7.376098565662652540e+00 7.436152856450283899e+00 7.488034444481996843e+00 7.532803812768901430e+00 7.571128332592587107e+00 7.597548895368415600e+00 7.617809058179187964e+00 1.000000000000000020e+30 1.000000000000000020e+30 1.000000000000000020e+30 1.000000000000000020e+30 1.000000000000000020e+30 1.000000000000000020e+30 1.000000000000000020e+30 1.000000000000000020e+30 1.000000000000000020e+30
1.000000000000000020e+30 1.000000000000000020e+30 1.000000000000000020e+30 1.000000000000000020e+30 1.000000000000000020e+30 1.000000000000000020e+30 1.000000000000000020e+30 1.000000000000000020e+30 1.000000000000000020e+30 1.000000000000000020e+30 1.000000000000000020e+30 1.000000000000000020e+30 1.000000000000000020e+30 1.000000000000000020e+30 1.000000000000000020e+30 1.000000000000000020e+30 1.000000000000000020e+30 1.000000000000000020e+30 1.000000000000000020e+30 1.000000000000000020e+30 1.000000000000000020e+30 7.196966270277947331e+00 7.309780453101956788e+00 7.379275622739075224e+00 7.436604823827573263e+00 7.486108565883432320e+00 7.528781433119892341e+00 7.564935934573138177e+00 7.594568244244416455e+00 7.616392708996984950e+00 7.630417581328114096e+00 7.633727155325808589e+00 7.632164471408089845e+00 1.000000000000000020e+30 1.000000000000000020e+30 1.000000000000000020e+30 1.000000000000000020e+30 1.000000000000000020e+30 1.000000000000000020e+30 1.000000000000000020e+30
1.000000000000000020e+30 1.000000000000000020e+30 1.000000000000000020e+30 1.000000000000000020e+30 1.000000000000000020e+30 1.000000000000000020e+30 1.000000000000000020e+30 1.000000000000000020e+30 1.000000000000000020e+30 1.000000000000000020e+30 1.000000000000000020e+30 1.000000000000000020e+30 1.000000000000000020e+30 1.000000000000000020e+30 1.000000000000000020e+30 1.000000000000000020e+30 1.000000000000000020e+30 1.000000000000000020e+30 1.000000000000000020e+30 1.000000000000000020e+30 7.175569223197983959e+00 7.284711570192570207e+00 7.371123819763719887e+00 7.434582298269511114e+00 7.485471798549348854e+00 7.528218933960265424e+00 7.564228499283083273e+00 7.594188516830433500e+00 7.618176581773924205e+00 7.635697435835396618e+00 7.646007950804132314e+00 7.647401780048832087e+00 7.638259858537676195e+00 1.000000000000000020e+30 1.000000000000000020e+30 1.000000000000000020e+30 1.000000000000000020e+30 1.000000000000000020e+30 1.000000000000000020e+30 1.000000000000000020e+30
1.000000000000000020e+30 1.000000000000000020e+30 1.000000000000000020e+30 1.000000000000000020e+30 1.000000000000000020e+30 1.000000000000000020e+30 1.000000000000000020e+30 1.000000000000000020e+30 1.000000000000000020e+30 1.000000000000000020e+30 1.000000000000000020e+30 1.000000000000000020e+30 1.000000000000000020e+30 1.000000000000000020e+30 1.000000000000000020e+30 1.000000000000000020e+30 1.000000000000000020e+30 1.000000000000000020e+30 1.000000000000000020e+30 1.000000000000000020e+30 7.194877528135971367e+00 7.336120799734723086e+00 7.421079215800261863e+00 7.480564269234129426e+00 7.526790969417977095e+00 7.564401122104486674e+00 7.595363538944506665e+00 7.620750166964297634e+00 7.640587849338198900e+00 7.654721803366241417e+00 7.662381722125749306e+00 7.662360000650997982e+00 7.653653238769959621e+00 7.638986986929515943e+00 1.000000000000000020e+30 1.000000000000000020e+30 1.000000000000000020e+30 1.000000000000000020e+30 1.000000000000000020e+30 1.000000000000000020e+30
1.000000000000000020e+30 1.000000000000000020e+30 1.000000000000000020e+30 1.000000000000000020e+30 1.000000000000000020e+30 1.000000000000000020e+30 1.000000000000000020e+30 1.000000000000000020e+30 1.000000000000000020e+30 1.000000000000000020e+30 1.000000000000000020e+30 1.000000000000000020e+30 1.000000000000000020e+30 1.000000000000000020e+30 1.000000000000000020e+30 1.000000000000000020e+30 1.000000000000000020e+30 1.000000000000000020e+30 1.000000000000000020e+30 1.000000000000000020e+30 7.231797984118842670e+00 7.384308723021176135e+00 7.465929598977274040e+00 7.521072157878094799e+00 7.562592201719983365e+00 7.595641583648950146e+00 7.622653916457170276e+00 7.644537327271633487e+00 7.661255050165491909e+00 7.672815883761499478e+00 7.678250505319073049e+00 7.676086818722965610e+00 7.664325681873442875e+00 7.642584094388293892e+00 1.000000000000000020e+30 1.000000000000000020e+30 1.000000000000000020e+30 1.000000000000000020e+30 1.000000000000000020e+30 1.000000000000000020e+30
1.000000000000000020e+30 1.000000000000000020e+30 1.000000000000000020e+30 1.000000000000000020e+30 1.000000000000000020e+30 1.000000000000000020e+30 1.000000000000000020e+30 1.000000000000000020e+30 1.000000000000000020e+30 1.000000000000000020e+30 1.000000000000000020e+30 1.000000000000000020e+30 1.000000000000000020e+30 1.000000000000000020e+30 1.000000000000000020e+30 1.000000000000000020e+30 1.000000000000000020e+30 1.000000000000000020e+30 1.000000000000000020e+30 7.222725167604677310e+00 7.346074792045143909e+00 7.445485869677621160e+00 7.511252359970676196e+00 7.558028036716335052e+00 7.593577289488470328e+00 7.622192732548827010e+00 7.645918188428846740e+00 7.665216638684619888e+00 7.679932652685063310e+00 7.689843346312994932e+00 7.693587035393127493e+00 7.689258210921353864e+00 7.674415387629478502e+00 7.647744528421479338e+00 1.000000000000000020e+30 1.000000000000000020e+30 1.000000000000000020e+30 1.000000000000000020e+30 1.000000000000000020e+30 1.000000000000000020e+30
1.000000000000000020e+30 1.000000000000000020e+30 1.000000000000000020e+30 1.000000000000000020e+30 1.000000000000000020e+30 1.000000000000000020e+30 1.000000000000000020e+30 1.000000000000000020e+30 1.000000000000000020e+30 1.000000000000000020e+30 1.000000000000000020e+30 1.000000000000000020e+30 1.000000000000000020e+30 1.000000000000000020e+30 1.000000000000000020e+30 1.000000000000000020e+30 1.000000000000000020e+30 1.000000000000000020e+30 1.000000000000000020e+30 7.260528143565257331e+00 7.416889815409517972e+00 7.499485011305952575e+00 7.552913003979165651e+00 7.590391523544988139e+00 7.619144277505863982e+00 7.643357306352517533e+00 7.664702674730905940e+00 7.682838890867797588e+00 7.696938332926010595e+00 7.706081934173390380e+00 7.708784526959173711e+00 7.702986180544076689e+00 7.686338723692396790e+00 7.656580316003471331e+00 1.000000000000000020e+30 1.000000000000000020e+30 1.000000000000000020e+30 1.000000000000000020e+30 1.000000000000000020e+30 1.000000000000000020e+30
1.000000000000000020e+30 1.000000000000000020e+30 1.000000000000000020e+30 1.000000000000000020e+30 1.000000000000000020e+30 1.000000000000000020e+30 1.000000000000000020e+30 1.000000000000000020e+30 1.000000000000000020e+30 1.000000000000000020e+30 1.000000000000000020e+30 1.000000000000000020e+30 1.000000000000000020e+30 1.000000000000000020e+30 1.000000000000000020e+30 1.000000000000000020e+30 1.000000000000000020e+30 1.000000000000000020e+30 7.251955927447514050e+00 7.393814210130924991e+00 7.491848135771373762e+00 7.552111313585190722e+00 7.591060359947798375e+00 7.617373924093427284e+00 7.637449991369348545e+00 7.657019394710187221e+00 7.677726403822231482e+00 7.696747769358101010e+00 7.711888224942282655e+00 7.721547378664228134e+00 7.724156981548055967e+00 7.718051868606504051e+00 7.702120055115976527e+00 7.677728085596100094e+00 7.651281254052665126e+00 1.000000000000000020e+30 1.000000000000000020e+30 1.000000000000000020e+30 1.000000000000000020e+30 1.000000000000000020e+30
1.000000000000000020e+30 1.000000000000000020e+30 1.000000000000000020e+30 1.000000000000000020e+30 1.000000000000000020e+30 1.000000000000000020e+30 1.000000000000000020e+30 1.000000000000000020e+30 1.000000000000000020e+30 1.000000000000000020e+30 1.000000000000000020e+30 1.000000000000000020e+30 1.000000000000000020e+30 1.000000000000000020e+30 1.000000000000000020e+30 1.000000000000000020e+30 1.000000000000000020e+30 1.000000000000000020e+30 7.308892783163386753e+00 7.484701705237937652e+00 7.560684253399134747e+00 7.601641911157869913e+00 7.624623810795365664e+00 7.636175630021787342e+00 7.642295243424107376e+00 7.656260218715292609e+00 7.680975204330403372e+00 7.705095145299925008e+00 7.724131841335919013e+00 7.736252826927657367e+00 7.739824596404980106e+00 7.733689536658052255e+00 7.717112604262258202e+00 7.691080683012477159e+00 7.655755049914044541e+00 1.000000000000000020e+30 1.000000000000000020e+30 1.000000000000000020e+30 1.000000000000000020e+30 1.000000000000000020e+30
1.000000000000000020e+30 1.000000000000000020e+30 1.000000000000000020e+30 1.000000000000000020e+30 1.000000000000000020e+30 1.000000000000000020e+30 1.000000000000000020e+30 1.000000000000000020e+30 1.000000000000000020e+30 1.000000000000000020e+30 1.000000000000000020e+30 1.000000000000000020e+30 1.000000000000000020e+30 1.000000000000000020e+30 1.000000000000000020e+30 1.000000000000000020e+30 7.322291720201076437e+00 7.360579462576927412e+00 7.529807043056512050e+00 7.587081181235148186e+00 7.626270540392273922e+00 7.645444623803346218e+00 7.651214131547957820e+00 7.642818373525117615e+00 7.618697946378316210e+00 7.623621083545504717e+00 7.668722206935812302e+00 7.706564018047078690e+00 7.733763088898332860e+00 7.750738720594406495e+00 7.756496764171894043e+00 7.750824886655196089e+00 7.732987657220837363e+00 7.703748800873861491e+00 7.661392214430679637e+00 1.000000000000000020e+30 1.000000000000000020e+30 1.000000000000000020e+30 1.000000000000000020e+30 1.000000000000000020e+30
1.000000000000000020e+30 1.000000000000000020e+30 1.000000000000000020e+30 1.000000000000000020e+30 1.000000000000000020e+30 1.000000000000000020e+30 1.000000000000000020e+30 1.000000000000000020e+30 1.000000000000000020e+30 1.000000000000000020e+30 1.000000000000000020e+30 1.000000000000000020e+30 1.000000000000000020e+30 1.000000000000000020e+30 7.341205437651001198e+00 7.403579096974461926e+00 7.579312706461765359e+00 7.652464026805731123e+00 7.692746784956362660e+00 7.644914861237475989e+00 7.673625860824257572e+00 7.676981822811809408e+00 7.670623026421388602e+00 7.642813464316842165e+00 7.672141965997154145e+00 7.665455019056553354e+00 7.636229565095563387e+00 7.702488201361114228e+00 7.742196585437892686e+00 7.765884915336489946e+00 7.775398094513251479e+00 7.771307343932726042e+00 7.752717788899215812e+00 7.719639639703492762e+00 7.669559055217370691e+00 1.000000000000000020e+30 1.000000000000000020e+30 1.000000000000000020e+30 1.000000000000000020e+30 1.000000000000000020e+30
1.000000000000000020e+30 1.000000000000000020e+30 1.000000000000000020e+30 1.000000000000000020e+30 1.000000000000000020e+30 1.000000000000000020e+30 1.000000000000000020e+30 1.000000000000000020e+30 1.000000000000000020e+30 1.000000000000000020e+30 1.000000000000000020e+30 1.000000000000000020e+30 7.355134180895498197e+00 7.427189127275084068e+00 7.644142712440652687e+00 7.748959024738634405e+00 7.837969128866857815e+00 7.880389431955076240e+00 7.865443680885712219e+00 7.737116745379323035e+00 7.702997530750260502e+00 7.687600419856807754e+00 7.685158086862307059e+00 7.733738495161491144e+00 7.734950849758412517e+00 7.708204462190741957e+00 7.649957825439532400e+00 7.699955742333173703e+00 7.751025392297314021e+00 7.783493936578583572e+00 7.798586207561435835e+00 7.797389682420892143e+00 7.779095864420923157e+00 7.743233800609627515e+00 7.686146112131248209e+00 1.000000000000000020e+30 1.000000000000000020e+30 1.000000000000000020e+30 1.000000000000000020e+30 1.000000000000000020e+30
1.000000000000000020e+30 1.000000000000000020e+30 1.000000000000000020e+30 1.000000000000000020e+30 1.000000000000000020e+30 1.000000000000000020e+30 1.000000000000000020e+30 1.000000000000000020e+30 1.000000000000000020e+30 7.323265043487498183e+00 7.367138688968571714e+00 7.451273390959779697e+00 7.688214262701490220e+00 7.819276960799719234e+00 7.946267680677604694e+00 8.035698885983451945e+00 8.096155164186800590e+00 8.117892471469007276e+00 8.092536254165981546e+00 8.019936102555350388e+00 7.956720504342309042e+00 7.906100914299876159e+00 7.866816235478792052e+00 7.841732053741038655e+00 7.807848536259476724e+00 7.764692697140835875e+00 7.713692274364521317e+00 7.668888640380675525e+00 7.759326383289015361e+00 7.806811063987305843e+00 7.829620511945978301e+00 7.832223083812895226e+00 7.815033145988283358e+00 7.779628967012133245e+00 7.730291449682638927e+00 7.675114776257367488e+00 1.000000000000000020e+30 1.000000000000000020e+30 1.000000000000000020e+30 1.000000000000000020e+30
1.000000000000000020e+30 1.000000000000000020e+30 1.000000000000000020e+30 1.000000000000000020e+30 1.000000000000000020e+30 1.000000000000000020e+30 1.000000000000000020e+30 7.336878803323068965e+00 7.411213753408159022e+00 7.644587827869472996e+00 7.767225770705284305e+00 7.876329164302609875e+00 8.016771713760991958e+00 8.134658304344924318e+00 8.236341362971975499e+00 8.310436861271425002e+00 8.353959445439315346e+00 8.360569701920098851e+00 8.325443037756159015e+00 8.251620973121193359e+00 8.167110467877380486e+00 8.087467519544423666e+00 8.013740204965893454e+00 7.945827300456302922e+00 7.879883004546152314e+00 7.816648471915829788e+00 7.754025154680429743e+00 7.680396809421960569e+00 7.785997095084612241e+00 7.844702963199601697e+00 7.874164870390400139e+00 7.879326555554985845e+00 7.861500897359161577e+00 7.822285739360902213e+00 7.765999937871886694e+00 7.687268464857792694e+00 1.000000000000000020e+30 1.000000000000000020e+30 1.000000000000000020e+30 1.000000000000000020e+30
1.000000000000000020e+30 1.000000000000000020e+30 1.000000000000000020e+30 1.000000000000000020e+30 7.303338292367135942e+00 7.341989629151854935e+00 7.421160593823738161e+00 7.663861221056047945e+00 7.806273053944657647e+00 7.960663006224776517e+00 8.088341396379602699e+00 8.205845183073391169e+00 8.324824946822021232e+00 8.430019948954685205e+00 8.516398905196096436e+00 8.578355127209915665e+00 8.609502449437313132e+00 8.603747780824035019e+00 8.556861670411803900e+00 8.471089403589294520e+00 8.364659074666430882e+00 8.254764755488205097e+00 8.146223531825524944e+00 8.041264950012685375e+00 7.943698470537499112e+00 7.859196909645696394e+00 7.788575092916363296e+00 7.706614395110399585e+00 7.834843958325770075e+00 7.903895732720341627e+00 7.937831690254480321e+00 7.943391669110241970e+00 7.922630076653685016e+00 7.875988643823372826e+00 7.807703077969839534e+00 7.707176861358529862e+00 1.000000000000000020e+30 1.000000000000000020e+30 1.000000000000000020e+30 1.000000000000000020e+30
1.000000000000000020e+30 1.000000000000000020e+30 7.313038313304793370e+00 7.382901174205850126e+00 7.610261855872635373e+00 7.724196116903101483e+00 7.830988183593896146e+00 7.979021256295238729e+00 8.119399188770618281e+00 8.258214558396584692e+00 8.383538181865915817e+00 8.501577821111549582e+00 8.612033299169523204e+00 8.706922864517949279e+00 8.784825356576691391e+00 8.838613688493481391e+00 8.860799474560108635e+00 8.844911126021438363e+00 8.785697375049622337e+00 8.685250665865632769e+00 8.557543661993015860e+00 8.417701018281384506e+00 8.272226363665049931e+00 8.125698122403402834e+00 7.987932509138945036e+00 7.877812738063465936e+00 7.817134213609630677e+00 7.762490347980696370e+00 7.919137817851304106e+00 7.993915166242693715e+00 8.027935189164915997e+00 8.030569303113514579e+00 8.004418403172083529e+00 7.948349339986079620e+00 7.866685713973353700e+00 7.745153459448163247e+00 1.000000000000000020e+30 1.000000000000000020e+30 1.000000000000000020e+30 1.000000000000000020e+30
7.342389012592851039e+00 7.401842680586216972e+00 7.637317995972138895e+00 7.764747696139507660e+00 7.903332121621901685e+00 8.022086898426412205e+00 8.141206276040511725e+00 8.273393283862963798e+00 8.406663980102495159e+00 8.535244236291687159e+00 8.656494183435119893e+00 8.772222174286284258e+00 8.875582895579263720e+00 8.965757977215689678e+00 9.039544559041663874e+00 9.087174807224805306e+00 9.103594322501784575e+00 9.081445427629489586e+00 9.014549215945935501e+00 8.901060766178892081e+00 8.753400926565408469e+00 8.584769197970544496e+00 8.399257666491731555e+00 8.199605835475596294e+00 7.992568904851088618e+00 7.816210845205848301e+00 7.813736671843487969e+00 7.966471261104868695e+00 8.070764430258023481e+00 8.128897234293116725e+00 8.154125830482835013e+00 8.148612723349771159e+00 8.113838198346687847e+00 8.047854993462490114e+00 7.956594254517471931e+00 7.846596077594551133e+00 7.726184789056141256e+00 1.000000000000000020e+30 1.000000000000000020e+30 1.000000000000000020e+30
7.787957961295006726e+00 7.831875493760763973e+00 7.943491712831555418e+00 8.055507900033941127e+00 8.174278433879109684e+00 8.291477451739494242e+00 8.411198439449135478e+00 8.535447852650637657e+00 8.661165113224434720e+00 8.784326042893239261e+00 8.902954867213500378e+00 9.014101364244288206e+00 9.115297474130890976e+00 9.205133968224640029e+00 9.274988115130863520e+00 9.319513619600881427e+00 9.333893510183122189e+00 9.310874025132527265e+00 9.243356480327287628e+00 9.125581572814697395e+00 8.963324237721517207e+00 8.768367644073325806e+00 8.540374937152265034e+00 8.272019429505913735e+00 7.924860498080581905e+00 8.035374508344633071e+00 8.119182383561945215e+00 8.219677263246294885e+00 8.288142306526461667e+00 8.323308388989200779e+00 8.329422241660774162e+00 8.308179898949777709e+00 8.259538955005474747e+00 8.178701383565453398e+00 8.067826536156756490e+00 7.935255433873352082e+00 7.757745329025464542e+00 1.000000000000000020e+30 1.000000000000000020e+30 1.000000000000000020e+30
8.092141788205895025e+00 8.131301927940185692e+00 8.209530201576230368e+00 8.304753378011067610e+00 8.410315915435640832e+00 8.520700313798263537e+00 8.635343619096923717e+00 8.753511591230784816e+00 8.874748880799693040e+00 8.995208357027042467e+00 9.112122589164290076e+00 9.223209377599816960e+00 9.328307346555730462e+00 9.418997077082403635e+00 9.489119624239972239e+00 9.535143233846380184e+00 9.551847153928713752e+00 9.533161892653019720e+00 9.470521207481160886e+00 9.359376989924120593e+00 9.195835256921231604e+00 8.984416405314718190e+00 8.722240792224761563e+00 8.401944572613160744e+00 8.014018299509544363e+00 8.279707629612168773e+00 8.428751331333494079e+00 8.520051109690506053e+00 8.568860920221917254e+00 8.585709819965318346e+00 8.571601430718164494e+00 8.529320305299441074e+00 8.460724992613005924e+00 8.357874079606924411e+00 8.217658566658112562e+00 8.048151862894332709e+00 7.813317963602353089e+00 1.000000000000000020e+30 1.000000000000000020e+30 1.000000000000000020e+30
8.332391099429889536e+00 8.364791231563476259e+00 8.427324026081956632e+00 8.510100486266541253e+00 8.605740461670681185e+00 8.709643533863717479e+00 8.819575679965554471e+00 8.933941713282047559e+00 9.052523396717605308e+00 9.171434319772089339e+00 9.287029844171231119e+00 9.401796924431858216e+00 9.517284877137146992e+00 9.614511787905165363e+00 9.691642036132236626e+00 9.744470699954872472e+00 9.768289426333137015e+00 9.757968556120973247e+00 9.705368066678216721e+00 9.606847509436908794e+00 9.453788137723948992e+00 9.235824138560909446e+00 8.948597092148235177e+00 8.564231655176195446e+00 8.236722416520095180e+00 8.623085000807410694e+00 8.795571556297504756e+00 8.878910025258724303e+00 8.914303066140517373e+00 8.916626362150182672e+00 8.883324623593713554e+00 8.816878063818567313e+00 8.723008428116262536e+00 8.592685712862349945e+00 8.417087980146741089e+00 8.204322559432638329e+00 7.912960108601183151e+00 1.000000000000000020e+30 1.000000000000000020e+30 1.000000000000000020e+30
8.510853922371358848e+00 8.541599440158043066e+00 8.599775657892184455e+00 8.678663807550282883e+00 8.772343304048362711e+00 8.876901835243398153e+00 8.988621090979547645e+00 9.105320780677677917e+00 9.225527385634848088e+00 9.334256333287177299e+00 9.435076575801160104e+00 9.551002577594985610e+00 9.702770488014559547e+00 9.808663607696024300e+00 9.898565849833667940e+00 9.963130442837186962e+00 9.999726063263167930e+00 1.000218928747679037e+01 9.961460993735173020e+00 9.874912301476358678e+00 9.743044652472642397e+00 9.538802825462248336e+00 9.222174221531831861e+00 8.606598863910193131e+00 8.900544308093603973e+00 9.106864792928352159e+00 9.221500018359160222e+00 9.279999883958327089e+00 9.296600235276837765e+00 9.278553038320136892e+00 9.221192370588688902e+00 9.128468888982446572e+00 9.006998971993786185e+00 8.848457161948822147e+00 8.641568667960488170e+00 8.399376206473943896e+00 8.131950671641437367e+00 7.854379985482522919e+00 1.000000000000000020e+30 1.000000000000000020e+30
1.000000000000000020e+30 1.000000000000000020e+30 1.000000000000000020e+30 1.000000000000000020e+30 1.000000000000000020e+30 1.000000000000000020e+30 1.000000000000000020e+30 1.000000000000000020e+30 1.000000000000000020e+30 1.000000000000000020e+30 1.000000000000000020e+30 1.000000000000000020e+30 9.934167839388329924e+00 1.000355024773080714e+01 1.012649854057936594e+01 1.020377765898913225e+01 1.026210203904846985e+01 1.028277562136997858e+01 1.026293060934573376e+01 1.019706757491090166e+01 1.009206746976164659e+01 9.942477831346964834e+00 9.741249089188208643e+00 9.534248170961937774e+00 9.556448405249748035e+00 9.618589377531192142e+00 9.667072156382833015e+00 9.688138035626545630e+00 9.678617843358402695e+00 9.634927622816528370e+00 9.552542014776667756e+00 9.433026725407126278e+00 9.283781534479556896e+00 9.097421758191760688e+00 8.860855779516276343e+00 8.580817866509329761e+00 8.272112617741415264e+00 7.895360374161091599e+00 1.000000000000000020e+30 1.000000000000000020e+30
1.000000000000000020e+30 1.000000000000000020e+30 1.000000000000000020e+30 1.000000000000000020e+30 1.000000000000000020e+30 1.000000000000000020e+30 1.000000000000000020e+30 1.000000000000000020e+30 1.000000000000000020e+30 1.000000000000000020e+30 1.000000000000000020e+30 1.000000000000000020e+30 1.000000000000000020e+30 1.000000000000000020e+30 1.040230556577076015e+01 1.044689012803846850e+01 1.055867641726863582e+01 1.061032369930483199e+01 1.061610010274886307e+01 1.057660331180685631e+01 1.049903281096182184e+01 1.039226566336493107e+01 1.026414412459955194e+01 1.015513833650372355e+01 1.012095514514694372e+01 1.011394578639026953e+01 1.011085747781082667e+01 1.009445559934024850e+01 1.005485595116106268e+01 9.983987195780454016e+00 9.876964717815335248e+00 9.730557733323554004e+00 9.553347690875867215e+00 9.339010749600268113e+00 9.073016869468032652e+00 8.753102214660573921e+00 8.393245434385223191e+00 7.945976890538453574e+00 1.000000000000000020e+30 1.000000000000000020e+30
1.000000000000000020e+30 1.000000000000000020e+30 1.000000000000000020e+30 1.000000000000000020e+30 1.000000000000000020e+30 1.000000000000000020e+30 1.000000000000000020e+30 1.000000000000000020e+30 1.000000000000000020e+30 1.000000000000000020e+30 1.000000000000000020e+30 1.000000000000000020e+30 1.000000000000000020e+30 1.000000000000000020e+30 1.000000000000000020e+30 1.000000000000000020e+30 1.084998319363670127e+01 1.094349419447902072e+01 1.098293762527732476e+01 1.096860074682849451e+01 1.091609965287781314e+01 1.083975965448004075e+01 1.075300439522013285e+01 1.067268425763938744e+01 1.062141432222284720e+01 1.057917851705959045e+01 1.054002668504088547e+01 1.048984954604394737e+01 1.041998435054981620e+01 1.032313788027690293e+01 1.019228051650246947e+01 1.002071813564965730e+01 9.815916334234495721e+00 9.574426559879102072e+00 9.279513033300911928e+00 8.924680018142192139e+00 8.517575774936400279e+00 8.010449219295354695e+00 1.000000000000000020e+30 1.000000000000000020e+30
1.000000000000000020e+30 1.000000000000000020e+30 1.000000000000000020e+30 1.000000000000000020e+30 1.000000000000000020e+30 1.000000000000000020e+30 1.000000000000000020e+30 1.000000000000000020e+30 1.000000000000000020e+30 1.000000000000000020e+30 1.000000000000000020e+30 1.000000000000000020e+30 1.000000000000000020e+30 1.000000000000000020e+30 1.000000000000000020e+30 1.000000000000000020e+30 1.000000000000000020e+30 1.124300255240400581e+01 1.135234057661025275e+01 1.136313075828176267e+01 1.132918762893595499e+01 1.127018759746755094e+01 1.120201785314966436e+01 1.113540221844191791e+01 1.107487086627034856e+01 1.101224090780905485e+01 1.094619090557626784e+01 1.086779700548909666e+01 1.077099425662038357e+01 1.064991731537805286e+01 1.049656670352546506e+01 1.030191639981159035e+01 1.007134909603098905e+01 9.804732393203817509e+00 9.483845474034151124e+00 9.102975669102500333e+00 8.665585634150769323e+00 8.119576450175824078e+00 1.000000000000000020e+30 1.000000000000000020e+30
1.000000000000000020e+30 1.000000000000000020e+30 1.000000000000000020e+30 1.000000000000000020e+30 1.000000000000000020e+30 1.000000000000000020e+30 1.000000000000000020e+30 1.000000000000000020e+30 1.000000000000000020e+30 1.000000000000000020e+30 1.000000000000000020e+30 1.000000000000000020e+30 1.000000000000000020e+30 1.000000000000000020e+30 1.000000000000000020e+30 1.000000000000000020e+30 1.000000000000000020e+30 1.000000000000000020e+30 1.176242273850157716e+01 1.176979517126842190e+01 1.174126559335188169e+01 1.168794314700746817e+01 1.162266633393009840e+01 1.155717609739028440e+01 1.149071673791180359e+01 1.141467512730073253e+01 1.132735190224214605e+01 1.122687226268475058e+01 1.110651989754305013e+01 1.096263004161028576e+01 1.078841111887585136e+01 1.057245018130305425e+01 1.031824725473622273e+01 1.002897589071892348e+01 9.687054952491054749e+00 9.290662563403421004e+00 8.856011008748961189e+00 8.395263972991898527e+00 7.958356626506221332e+00 1.000000000000000020e+30
1.000000000000000020e+30 1.000000000000000020e+30 1.000000000000000020e+30 1.000000000000000020e+30 1.000000000000000020e+30 1.000000000000000020e+30 1.000000000000000020e+30 1.000000000000000020e+30 1.000000000000000020e+30 1.000000000000000020e+30 1.000000000000000020e+30 1.000000000000000020e+30 1.000000000000000020e+30 1.000000000000000020e+30 1.000000000000000020e+30 1.000000000000000020e+30 1.000000000000000020e+30 1.000000000000000020e+30 1.210346730475566268e+01 1.216506594918990913e+01 1.214149930209365458e+01 1.208796897211990640e+01 1.201838822752076830e+01 1.194614884424317758e+01 1.187332460726649330e+01 1.178785009415427787e+01 1.168545084645409204e+01 1.156607139428794717e+01 1.142545939188286575e+01 1.126020109100107902e+01 1.106604432515830361e+01 1.083066198232095445e+01 1.055450337117048853e+01 1.024396596716405305e+01 9.883010414650794218e+00 9.468645701294013506e+00 9.017221243987714629e+00 8.538867866685942332e+00 8.000313851282973232e+00 1.000000000000000020e+30
1.000000000000000020e+30 1.000000000000000020e+30 1.000000000000000020e+30 1.000000000000000020e+30 1.000000000000000020e+30 1.000000000000000020e+30 1.000000000000000020e+30 1.000000000000000020e+30 1.000000000000000020e+30 1.000000000000000020e+30 1.000000000000000020e+30 1.000000000000000020e+30 1.000000000000000020e+30 1.000000000000000020e+30 1.000000000000000020e+30 1.000000000000000020e+30 1.000000000000000020e+30 1.000000000000000020e+30 1.000000000000000020e+30 1.255758669636142422e+01 1.252442895097894393e+01 1.246415098848425274e+01 1.238762584349983520e+01 1.230606734763866861e+01 1.222436670435401496e+01 1.213241831475018273e+01 1.201957570142370457e+01 1.188485560027533872e+01 1.172692511038917473e+01 1.154280812925888355e+01 1.132885423195365249e+01 1.107482843460480737e+01 1.077813982059137565e+01 1.044646629842331720e+01 1.006607142977715341e+01 9.630318426576339519e+00 9.150980751485557008e+00 8.636773850886036996e+00 8.041414355608500486e+00 1.000000000000000020e+30
1.000000000000000020e+30 1.000000000000000020e+30 1.000000000000000020e+30 1.000000000000000020e+30 1.000000000000000020e+30 1.000000000000000020e+30 1.000000000000000020e+30 1.000000000000000020e+30 1.000000000000000020e+30 1.000000000000000020e+30 1.000000000000000020e+30 1.000000000000000020e+30 1.000000000000000020e+30 1.000000000000000020e+30 1.000000000000000020e+30 1.000000000000000020e+30 1.000000000000000020e+30 1.000000000000000020e+30 1.000000000000000020e+30 1.286242979271563591e+01 1.287061312087871023e+01 1.280748580548849880e+01 1.272434777096977498e+01 1.263413090380755754e+01 1.254277656309802325e+01 1.244778655553143309e+01 1.232807105124938474e+01 1.218223644452143972e+01 1.200968079225444463e+01 1.180972356728289974e+01 1.157735086308731809e+01 1.130406246875938336e+01 1.098730539732791556e+01 1.063440522858983961e+01 1.023432750092557342e+01 9.775439079909094886e+00 9.263951460770753599e+00 8.712848370375713358e+00 8.078160728818895464e+00 1.000000000000000020e+30
1.000000000000000020e+30 1.000000000000000020e+30 1.000000000000000020e+30 1.000000000000000020e+30 1.000000000000000020e+30 1.000000000000000020e+30 1.000000000000000020e+30 1.000000000000000020e+30 1.000000000000000020e+30 1.000000000000000020e+30 1.000000000000000020e+30 1.000000000000000020e+30 1.000000000000000020e+30 1.000000000000000020e+30 1.000000000000000020e+30 1.000000000000000020e+30 1.000000000000000020e+30 1.000000000000000020e+30 1.000000000000000020e+30 1.000000000000000020e+30 1.317164272163185856e+01 1.311096479038261009e+01 1.302714989010130964e+01 1.292990700808308802e+01 1.282878277837844827e+01 1.272841305318405958e+01 1.260698158663099022e+01 1.245401741036652155e+01 1.226996510319763622e+01 1.205572581826448619e+01 1.180761860735608693e+01 1.151605449380066482e+01 1.117922516365910646e+01 1.080499809317951687e+01 1.038491525448267083e+01 9.903407546658220539e+00 9.363129428819989997e+00 8.779325919833873115e+00 8.108873727236611373e+00 1.000000000000000020e+30
1.000000000000000020e+30 1.000000000000000020e+30 1.000000000000000020e+30 1.000000000000000020e+30 1.000000000000000020e+30 1.000000000000000020e+30 1.000000000000000020e+30 1.000000000000000020e+30 1.000000000000000020e+30 1.000000000000000020e+30 1.000000000000000020e+30 1.000000000000000020e+30 1.000000000000000020e+30 1.000000000000000020e+30 1.000000000000000020e+30 1.000000000000000020e+30 1.000000000000000020e+30 1.000000000000000020e+30 1.000000000000000020e+30 1.000000000000000020e+30 1.337118375934933567e+01 1.336048759283687914e+01 1.330135804696690194e+01 1.320405678622010548e+01 1.309200893531135179e+01 1.297646291785342676e+01 1.284959938364779397e+01 1.269375256630711135e+01 1.250207851009110982e+01 1.227528068116229676e+01 1.201363038550500839e+01 1.170667404011216739e+01 1.135038653287022647e+01 1.095508088048965512e+01 1.051489233417872171e+01 1.001151297053561962e+01 9.447347041392196942e+00 8.840747834599646637e+00 8.142420671983490621e+00 1.000000000000000020e+30
1.000000000000000020e+30 1.000000000000000020e+30 1.000000000000000020e+30 1.000000000000000020e+30 1.000000000000000020e+30 1.000000000000000020e+30 1.000000000000000020e+30 1.000000000000000020e+30 1.000000000000000020e+30 1.000000000000000020e+30 1.000000000000000020e+30 1.000000000000000020e+30 1.000000000000000020e+30 1.000000000000000020e+30 1.000000000000000020e+30 1.000000000000000020e+30 1.000000000000000020e+30 1.000000000000000020e+30 1.000000000000000020e+30 1.000000000000000020e+30 1.000000000000000020e+30 1.353836371566362828e+01 1.353942904331790409e+01 1.346027684696170468e+01 1.334067568808489312e+01 1.320641686840557227e+01 1.306173501301705819e+01 1.289921290437053258e+01 1.270413342053995720e+01 1.246982932504154284e+01 1.219531919155086719e+01 1.187477975607134262e+01 1.150142297931610358e+01 1.108446626534879620e+01 1.062193276212311943e+01 1.009535688697332390e+01 9.512313309184175836e+00 8.899286503863088171e+00 8.206775593227838783e+00 1.000000000000000020e+30
1.000000000000000020e+30 1.000000000000000020e+30 1.000000000000000020e+30 1.000000000000000020e+30 1.000000000000000020e+30 1.000000000000000020e+30 1.000000000000000020e+30 1.000000000000000020e+30 1.000000000000000020e+30 1.000000000000000020e+30 1.000000000000000020e+30 1.000000000000000020e+30 1.000000000000000020e+30 1.000000000000000020e+30 1.000000000000000020e+30 1.000000000000000020e+30 1.000000000000000020e+30 1.000000000000000020e+30 1.000000000000000020e+30 1.000000000000000020e+30 1.000000000000000020e+30 1.000000000000000020e+30 1.374253340414206903e+01 1.369800318310362108e+01 1.357758934066094625e+01 1.342765955716593140e+01 1.325967119120068460e+01 1.307725408062698236e+01 1.287434072462148116e+01 1.263810548575136394e+01 1.235665700871120265e+01 1.202458740466309095e+01 1.163644282205723535e+01 1.119650698608472084e+01 1.070456551645852628e+01 1.014555596551645245e+01 9.540407431085315082e+00 8.952825025208699827e+00 8.403610176050500868e+00 7.959201433902224565e+00
1.000000000000000020e+30 1.000000000000000020e+30 1.000000000000000020e+30 1.000000000000000020e+30 1.000000000000000020e+30 1.000000000000000020e+30 1.000000000000000020e+30 1.000000000000000020e+30 1.000000000000000020e+30 1.000000000000000020e+30 1.000000000000000020e+30 1.000000000000000020e+30 1.000000000000000020e+30 1.000000000000000020e+30 1.000000000000000020e+30 1.000000000000000020e+30 1.000000000000000020e+30 1.000000000000000020e+30 1.000000000000000020e+30 1.000000000000000020e+30 1.000000000000000020e+30 1.000000000000000020e+30 1.000000000000000020e+30 1.391960515334084647e+01 1.380342019235962248e+01 1.364162078832529446e+01 1.345151172526958661e+01 1.324335550638864234e+01 1.301965132836926031e+01 1.277618581511156393e+01 1.249681841717169029e+01 1.216104374912469588e+01 1.176270051337050582e+01 1.129987824500321736e+01 1.076627585092469452e+01 1.015050912440011643e+01 9.480032496623067573e+00 8.887924830517890840e+00 8.379327508060759655e+00 7.962081268289306735e+00
1.000000000000000020e+30 1.000000000000000020e+30 1.000000000000000020e+30 1.000000000000000020e+30 1.000000000000000020e+30 1.000000000000000020e+30 1.000000000000000020e+30 1.000000000000000020e+30 1.000000000000000020e+30 1.000000000000000020e+30 1.000000000000000020e+30 1.000000000000000020e+30 1.000000000000000020e+30 1.000000000000000020e+30 1.000000000000000020e+30 1.000000000000000020e+30 1.000000000000000020e+30 1.000000000000000020e+30 1.000000000000000020e+30 1.000000000000000020e+30 1.000000000000000020e+30 1.000000000000000020e+30 1.000000000000000020e+30 1.000000000000000020e+30 1.399822332819830528e+01 1.384174048576343807e+01 1.363367681407235388e+01 1.340380811067428901e+01 1.315774914936736195e+01 1.289491887456156149e+01 1.261386281576340629e+01 1.228895634493995992e+01 1.189247778669568767e+01 1.141206884912802977e+01 1.082744815203395206e+01 1.011559617747919582e+01 9.268036751010638952e+00 8.672459043882913221e+00 8.168648105066189657e+00 1.000000000000000020e+30
1.000000000000000020e+30 1.000000000000000020e+30 1.000000000000000020e+30 1.000000000000000020e+30 1.000000000000000020e+30 1.000000000000000020e+30 1.000000000000000020e+30 1.000000000000000020e+30 1.000000000000000020e+30 1.000000000000000020e+30 1.000000000000000020e+30 1.000000000000000020e+30 1.000000000000000020e+30 1.000000000000000020e+30 1.000000000000000020e+30 1.000000000000000020e+30 1.000000000000000020e+30 1.000000000000000020e+30 1.000000000000000020e+30 1.000000000000000020e+30 1.000000000000000020e+30 1.000000000000000020e+30 1.000000000000000020e+30 1.000000000000000020e+30 1.000000000000000020e+30 1.401495458566741092e+01 1.378127666006471053e+01 1.354246489582099500e+01 1.328950515665626675e+01 1.301343872662452839e+01 1.272475776981293016e+01 1.241424045514849439e+01 1.204042174045438074e+01 1.156346415504404490e+01 1.094223407541410609e+01 1.013836409435258545e+01 8.718581931951954189e+00 8.266986464137325186e+00 1.000000000000000020e+30 1.000000000000000020e+30
1.000000000000000020e+30 1.000000000000000020e+30 1.000000000000000020e+30 1.000000000000000020e+30 1.000000000000000020e+30 1.000000000000000020e+30 1.000000000000000020e+30 1.000000000000000020e+30 1.000000000000000020e+30 1.000000000000000020e+30 1.000000000000000020e+30 1.000000000000000020e+30 1.000000000000000020e+30 1.000000000000000020e+30 1.000000000000000020e+30 1.000000000000000020e+30 1.000000000000000020e+30 1.000000000000000020e+30 1.000000000000000020e+30 1.000000000000000020e+30 1.000000000000000020e+30 1.000000000000000020e+30 1.000000000000000020e+30 1.000000000000000020e+30 1.000000000000000020e+30 1.000000000000000020e+30 1.000000000000000020e+30 1.362298254276254461e+01 1.340736814170487889e+01 1.313205457011210520e+01 1.284568761453216190e+01 1.255164253800464458e+01 1.222357107171040624e+01 1.179321917343917292e+01 1.116619796435327139e+01 1.068987293989064646e+01 1.000000000000000020e+30 1.000000000000000020e+30 1.000000000000000020e+30 1.000000000000000020e+30
1.000000000000000020e+30 1.000000000000000020e+30 1.000000000000000020e+30 1.000000000000000020e+30 1.000000000000000020e+30 1.000000000000000020e+30 1.000000000000000020e+30 1.000000000000000020e+30 1.000000000000000020e+30 1.000000000000000020e+30 1.000000000000000020e+30 1.000000000000000020e+30 1.000000000000000020e+30 1.000000000000000020e+30 1.000000000000000020e+30 1.000000000000000020e+30 1.000000000000000020e+30 1.000000000000000020e+30 1.000000000000000020e+30 1.000000000000000020e+30 1.000000000000000020e+30 1.000000000000000020e+30 1.000000000000000020e+30 1.000000000000000020e+30 1.000000000000000020e+30 1.000000000000000020e+30 1.000000000000000020e+30 1.000000000000000020e+30 1.352004709993279974e+01 1.325429414137014028e+01 1.297893437126315774e+01 1.270600853544877573e+01 1.245030713236222653e+01 1.215753769940794982e+01 1.000000000000000020e+30 1.000000000000000020e+30 1.000000000000000020e+30 1.000000000000000020e+30 1.000000000000000020e+30 1.000000000000000020e+30
1.000000000000000020e+30 1.000000000000000020e+30 1.000000000000000020e+30 1.000000000000000020e+30 1.000000000000000020e+30 1.000000000000000020e+30 1.000000000000000020e+30 1.000000000000000020e+30 1.000000000000000020e+30 1.000000000000000020e+30 1.000000000000000020e+30 1.000000000000000020e+30 1.000000000000000020e+30 1.000000000000000020e+30 1.000000000000000020e+30 1.000000000000000020e+30 1.000000000000000020e+30 1.000000000000000020e+30 1.000000000000000020e+30 1.000000000000000020e+30 1.000000000000000020e+30 1.000000000000000020e+30 1.000000000000000020e+30 1.000000000000000020e+30 1.000000000000000020e+30 1.000000000000000020e+30 1.000000000000000020e+30 1.000000000000000020e+30 1.000000000000000020e+30 1.336289413967406858e+01 1.312936739469043168e+01 1.284073179331530135e+01 1.267285907949275625e+01 1.000000000000000020e+30 1.000000000000000020e+30 1.000000000000000020e+30 1.000000000000000020e+30 1.000000000000000020e+30 1.000000000000000020e+30 1.000000000000000020e+30
1.000000000000000020e+30 1.000000000000000020e+30 1.000000000000000020e+30 1.000000000000000020e+30 1.000000000000000020e+30 1.000000000000000020e+30 1.000000000000000020e+30 1.000000000000000020e+30 1.000000000000000020e+30 1.000000000000000020e+30 1.000000000000000020e+30 1.000000000000000020e+30 1.000000000000000020e+30 1.000000000000000020e+30 1.000000000000000020e+30 1.000000000000000020e+30 1.000000000000000020e+30 1.000000000000000020e+30 1.000000000000000020e+30 1.000000000000000020e+30 1.000000000000000020e+30 1.000000000000000020e+30 1.000000000000000020e+30 1.000000000000000020e+30 1.000000000000000020e+30 1.000000000000000020e+30 1.000000000000000020e+30 1.000000000000000020e+30 1.000000000000000020e+30 1.000000000000000020e+30 1.334667805784213002e+01 1.000000000000000020e+30 1.000000000000000020e+30 1.000000000000000020e+30 1.000000000000000020e+30 1.000000000000000020e+30 1.000000000000000020e+30 1.000000000000000020e+30 1.000000000000000020e+30 1.000000000000000020e+30
