1.000000000000000020e+30 1.000000000000000020e+30 1.000000000000000020e+30 1.000000000000000020e+30 1.000000000000000020e+30 1.000000000000000020e+30 1.000000000000000020e+30 1.000000000000000020e+30 1.000000000000000020e+30 1.000000000000000020e+30 1.000000000000000020e+30 1.000000000000000020e+30 1.000000000000000020e+30 1.000000000000000020e+30 1.000000000000000020e+30 1.000000000000000020e+30 1.000000000000000020e+30 1.000000000000000020e+30 1.000000000000000020e+30 1.000000000000000020e+30 1.000000000000000020e+30 1.000000000000000020e+30 1.000000000000000020e+30 1.000000000000000020e+30 1.000000000000000020e+30 1.000000000000000020e+30 1.000000000000000020e+30 1.000000000000000020e+30 1.000000000000000020e+30 1.000000000000000020e+30 1.000000000000000020e+30 1.000000000000000020e+30 1.000000000000000020e+30 1.000000000000000020e+30 1.000000000000000020e+30 1.000000000000000020e+30 1.000000000000000020e+30 1.000000000000000020e+30 1.000000000000000020e+30 1.000000000000000020e+30 1.000000000000000020e+30 1.000000000000000020e+30 1.000000000000000020e+30 1.000000000000000020e+30 1.000000000000000020e+30 1.000000000000000020e+30 1.000000000000000020e+30 1.000000000000000020e+30 1.000000000000000020e+30 1.000000000000000020e+30 1.000000000000000020e+30 1.000000000000000020e+30 1.000000000000000020e+30 1.000000000000000020e+30 1.000000000000000020e+30 1.000000000000000020e+30 1.000000000000000020e+30
1.000000000000000020e+30 1.000000000000000020e+30 1.000000000000000020e+30 1.000000000000000020e+30 1.000000000000000020e+30 1.000000000000000020e+30 1.000000000000000020e+30 1.000000000000000020e+30 1.000000000000000020e+30 1.000000000000000020e+30 1.000000000000000020e+30 1.000000000000000020e+30 1.000000000000000020e+30 1.000000000000000020e+30 1.000000000000000020e+30 1.000000000000000020e+30 1.000000000000000020e+30 1.000000000000000020e+30 1.000000000000000020e+30 1.000000000000000020e+30 1.000000000000000020e+30 1.000000000000000020e+30 1.000000000000000020e+30 1.000000000000000020e+30 1.000000000000000020e+30 1.000000000000000020e+30 1.000000000000000020e+30 4.328542010902555859e+00 4.328542010902575399e+00 4.328542010902555859e+00 4.328542010902567405e+00 4.328542010902567405e+00 4.328542010902567405e+00 4.328542010902567405e+00 4.328542010902567405e+00 4.328542010902567405e+00 4.328542010902567405e+00 4.328542010902567405e+00 4.328542010902567405e+00 4.328542010902567405e+00 4.328542010902555859e+00 4.328542010902575399e+00 4.328542010902555859e+00 1.000000000000000020e+30 1.000000000000000020e+30 1.000000000000000020e+30 1.000000000000000020e+30 1.000000000000000020e+30 1.000000000000000020e+30 1.000000000000000020e+30 1.000000000000000020e+30 1.000000000000000020e+30 1.000000000000000020e+30 1.000000000000000020e+30 1.000000000000000020e+30 1.000000000000000020e+30 1.000000000000000020e+30
1.000000000000000020e+30 1.000000000000000020e+30 1.000000000000000020e+30 1.000000000000000020e+30 1.000000000000000020e+30 1.000000000000000020e+30 1.000000000000000020e+30 1.000000000000000020e+30 1.000000000000000020e+30 1.000000000000000020e+30 1.000000000000000020e+30 1.000000000000000020e+30 1.000000000000000020e+30 1.000000000000000020e+30 1.000000000000000020e+30 1.000000000000000020e+30 1.000000000000000020e+30 1.000000000000000020e+30 1.000000000000000020e+30 1.000000000000000020e+30 1.000000000000000020e+30 1.000000000000000020e+30 1.000000000000000020e+30 1.000000000000000020e+30 4.328542010902555859e+00 4.328542010902590498e+00 4.328542010902545201e+00 4.328542010902608261e+00 4.328542010902562964e+00 4.328542010902605597e+00 4.328542010902605597e+00 4.328542010902605597e+00 4.328542010902605597e+00 4.328542010902605597e+00 4.328542010902605597e+00 4.328542010902605597e+00 4.328542010902605597e+00 4.328542010902605597e+00 4.328542010902605597e+00 4.328542010902605597e+00 4.328542010902605597e+00 4.328542010902562964e+00 4.328542010902606485e+00 4.328542010880810587e+00 4.328541854592043769e+00 4.327558957962810204e+00 1.548318732487249764e-02 4.327558801697259483e+00 1.000000000000000020e+30 1.000000000000000020e+30 1.000000000000000020e+30 1.000000000000000020e+30 1.000000000000000020e+30 1.000000000000000020e+30 1.000000000000000020e+30 1.000000000000000020e+30 1.000000000000000020e+30
1.000000000000000020e+30 1.000000000000000020e+30 1.000000000000000020e+30 1.000000000000000020e+30 1.000000000000000020e+30 1.000000000000000020e+30 1.000000000000000020e+30 1.000000000000000020e+30 1.000000000000000020e+30 1.000000000000000020e+30 1.000000000000000020e+30 1.000000000000000020e+30 1.000000000000000020e+30 1.000000000000000020e+30 1.000000000000000020e+30 1.000000000000000020e+30 1.000000000000000020e+30 1.000000000000000020e+30 1.000000000000000020e+30 1.000000000000000020e+30 1.000000000000000020e+30 4.328542010902555859e+00 4.328542010902590498e+00 4.328542010902545201e+00 4.328542010902608261e+00 4.328542010902562964e+00 4.328542010902634019e+00 4.328542010902610926e+00 4.328542010902652670e+00 4.328542010902652670e+00 4.328542010902652670e+00 4.328542010902652670e+00 4.328542010902652670e+00 4.328542010902652670e+00 4.328542010902652670e+00 4.328542010902652670e+00 4.328542010902652670e+00 4.328542010902652670e+00 4.328542010902652670e+00 4.328542010902652670e+00 4.328542010902652670e+00 4.328542010902652670e+00 4.328542010902603820e+00 4.328542010881542446e+00 4.328541857543165783e+00 4.327566752562769459e+00 1.548318735836800263e-02 4.327566918372874660e+00 4.328541857594368381e+00 1.000000000000000020e+30 1.000000000000000020e+30 1.000000000000000020e+30 1.000000000000000020e+30 1.000000000000000020e+30 1.000000000000000020e+30 1.000000000000000020e+30 1.000000000000000020e+30
1.000000000000000020e+30 1.000000000000000020e+30 1.000000000000000020e+30 1.000000000000000020e+30 1.000000000000000020e+30 1.000000000000000020e+30 1.000000000000000020e+30 1.000000000000000020e+30 1.000000000000000020e+30 1.000000000000000020e+30 1.000000000000000020e+30 1.000000000000000020e+30 1.000000000000000020e+30 1.000000000000000020e+30 1.000000000000000020e+30 1.000000000000000020e+30 1.000000000000000020e+30 1.000000000000000020e+30 4.328542010902555859e+00 4.328542010902590498e+00 4.328542010902545201e+00 4.328542010902608261e+00 4.328542010902562964e+00 4.328542010902634019e+00 4.328542010902610926e+00 4.328542010902652670e+00 4.328542010902652670e+00 4.328542010902667769e+00 4.328542010902667769e+00 4.328542010902667769e+00 4.328542010902667769e+00 4.328542010902667769e+00 4.328542010902667769e+00 4.328542010902667769e+00 4.328542010902667769e+00 4.328542010902667769e+00 4.328542010902667769e+00 4.328542010902667769e+00 4.328542010902667769e+00 4.328542010902667769e+00 4.328542010902667769e+00 4.328542010902667769e+00 4.328542010902651782e+00 4.328542010810007667e+00 4.328541526350859314e+00 4.326560098625161110e+00 1.548962947078075074e-02 4.327568140908311989e+00 4.328541858062868286e+00 4.328542010881572644e+00 1.000000000000000020e+30 1.000000000000000020e+30 1.000000000000000020e+30 1.000000000000000020e+30 1.000000000000000020e+30 1.000000000000000020e+30 1.000000000000000020e+30
1.000000000000000020e+30 1.000000000000000020e+30 1.000000000000000020e+30 1.000000000000000020e+30 1.000000000000000020e+30 1.000000000000000020e+30 1.000000000000000020e+30 1.000000000000000020e+30 1.000000000000000020e+30 1.000000000000000020e+30 1.000000000000000020e+30 1.000000000000000020e+30 1.000000000000000020e+30 1.000000000000000020e+30 1.000000000000000020e+30 1.000000000000000020e+30 4.328542010902555859e+00 4.328542010902568293e+00 4.328542010902592274e+00 4.328542010902562964e+00 4.328542010902634019e+00 4.328542010902610926e+00 4.328542010902652670e+00 4.328542010902652670e+00 4.328542010902667769e+00 4.328542010902667769e+00 4.328542010902667769e+00 4.328542010902667769e+00 4.328542010902667769e+00 4.328542010902667769e+00 4.328542010902667769e+00 4.328542010902667769e+00 4.328542010902667769e+00 4.328542010902667769e+00 4.328542010902667769e+00 4.328542010902667769e+00 4.328542010902667769e+00 4.328542010902667769e+00 4.328542010902667769e+00 4.328542010902667769e+00 4.328542010902667769e+00 4.328542010902665105e+00 4.328542010878738466e+00 4.328541844925616111e+00 4.327533634126139006e+00 1.548962942865157906e-02 4.326560084986631693e+00 4.328541539406270289e+00 4.328542010815779939e+00 4.328542010902604709e+00 4.328542010902568293e+00 4.328542010902555859e+00 1.000000000000000020e+30 1.000000000000000020e+30 1.000000000000000020e+30 1.000000000000000020e+30 1.000000000000000020e+30
1.000000000000000020e+30 1.000000000000000020e+30 1.000000000000000020e+30 1.000000000000000020e+30 1.000000000000000020e+30 1.000000000000000020e+30 1.000000000000000020e+30 1.000000000000000020e+30 1.000000000000000020e+30 1.000000000000000020e+30 1.000000000000000020e+30 1.000000000000000020e+30 1.000000000000000020e+30 1.000000000000000020e+30 1.000000000000000020e+30 4.328542010902536319e+00 4.328542010902616255e+00 4.328542010902577175e+00 4.328542010902610926e+00 4.328542010902652670e+00 4.328542010902652670e+00 4.328542010902667769e+00 4.328542010902667769e+00 4.328542010902667769e+00 4.328542010902667769e+00 4.328542010902667769e+00 4.328542010902667769e+00 4.328542010902667769e+00 4.328542010902667769e+00 4.328542010902667769e+00 4.328542010902667769e+00 4.328542010902667769e+00 4.328542010902667769e+00 4.328542010902667769e+00 4.328542010902667769e+00 4.328542010902667769e+00 4.328542010902667769e+00 4.328542010902667769e+00 4.328542010902667769e+00 4.328542010902667769e+00 4.328542010902667769e+00 4.328542010902630466e+00 4.328542010733168688e+00 4.328541341718879387e+00 4.326518600858292984e+00 1.548962930036550979e-02 4.327530927507019953e+00 4.328541843926418942e+00 4.328542010878527968e+00 4.328542010902605597e+00 4.328542010902573622e+00 4.328542010902601156e+00 4.328542010878656754e+00 1.000000000000000020e+30 1.000000000000000020e+30 1.000000000000000020e+30 1.000000000000000020e+30
1.000000000000000020e+30 1.000000000000000020e+30 1.000000000000000020e+30 1.000000000000000020e+30 1.000000000000000020e+30 1.000000000000000020e+30 1.000000000000000020e+30 1.000000000000000020e+30 1.000000000000000020e+30 1.000000000000000020e+30 1.000000000000000020e+30 1.000000000000000020e+30 1.000000000000000020e+30 1.000000000000000020e+30 4.328542010902536319e+00 4.328542010902644677e+00 4.328542010902554971e+00 4.328542010902652670e+00 4.328542010902667769e+00 4.328542010902667769e+00 4.328542010902667769e+00 4.328542010902667769e+00 4.328542010902667769e+00 4.328542010902667769e+00 4.328542010902667769e+00 4.328542010902667769e+00 4.328542010902667769e+00 4.328542010902667769e+00 4.328542010902667769e+00 4.328542010902667769e+00 4.328542010902667769e+00 4.328542010902667769e+00 4.328542010902667769e+00 4.328542010902667769e+00 4.328542010902667769e+00 4.328542010902667769e+00 4.328542010902667769e+00 4.328542010902667769e+00 4.328542010902667769e+00 4.328542010902667769e+00 4.328542010902651782e+00 4.328542010805795037e+00 4.328541508864275578e+00 4.326517790155564924e+00 1.549607133752727885e-02 4.326518766666001881e+00 4.328541509609626914e+00 4.328542010806049056e+00 4.328542010902648229e+00 4.328542010902651782e+00 4.328542010878960511e+00 4.328542010807161056e+00 4.328541845087332973e+00 4.328541678454659092e+00 1.000000000000000020e+30 1.000000000000000020e+30 1.000000000000000020e+30
1.000000000000000020e+30 1.000000000000000020e+30 1.000000000000000020e+30 1.000000000000000020e+30 1.000000000000000020e+30 1.000000000000000020e+30 1.000000000000000020e+30 1.000000000000000020e+30 1.000000000000000020e+30 1.000000000000000020e+30 1.000000000000000020e+30 1.000000000000000020e+30 1.000000000000000020e+30 4.328542010902536319e+00 4.328542010902644677e+00 4.328542010902554971e+00 4.328542010902667769e+00 4.328542010902667769e+00 4.328542010902667769e+00 4.328542010902667769e+00 4.328542010902667769e+00 4.328542010902667769e+00 4.328542010902667769e+00 4.328542010902667769e+00 4.328542010902667769e+00 4.328542010902667769e+00 4.328542010902667769e+00 4.328542010902667769e+00 4.328542010902667769e+00 4.328542010902667769e+00 4.328542010902667769e+00 4.328542010902667769e+00 4.328542010902667769e+00 4.328542010902667769e+00 4.328542010902667769e+00 4.328542010902667769e+00 4.328542010902667769e+00 4.328542010902667769e+00 4.328542010902667769e+00 4.328542010902665105e+00 4.328542010878441815e+00 4.328541843544793544e+00 4.327529934276701518e+00 1.548962929594329026e-02 4.326517622516413475e+00 4.328541341718057822e+00 4.328542010733333001e+00 4.328542010902612702e+00 4.328542010879135482e+00 4.328542010807546525e+00 4.328541845929218645e+00 4.328541513929945239e+00 4.327533932114240756e+00 4.326524072349539729e+00 1.548318423952645129e-02 1.000000000000000020e+30 1.000000000000000020e+30
1.000000000000000020e+30 1.000000000000000020e+30 1.000000000000000020e+30 1.000000000000000020e+30 1.000000000000000020e+30 1.000000000000000020e+30 1.000000000000000020e+30 1.000000000000000020e+30 1.000000000000000020e+30 1.000000000000000020e+30 1.000000000000000020e+30 1.000000000000000020e+30 4.328542010902536319e+00 4.328542010902644677e+00 4.328542010902554971e+00 4.328542010902667769e+00 4.328542010902667769e+00 4.328542010902667769e+00 4.328542010902667769e+00 4.328542010902667769e+00 4.328542010902667769e+00 4.328542010902667769e+00 4.328542010902667769e+00 4.328542010902667769e+00 4.328542010902667769e+00 4.328542010902667769e+00 4.328542010902667769e+00 4.328542010902667769e+00 4.328542010902667769e+00 4.328542010902667769e+00 4.328542010902667769e+00 4.328542010902667769e+00 4.328542010902667769e+00 4.328542010902667769e+00 4.328542010902667769e+00 4.328542010902667769e+00 4.328542010902667769e+00 4.328542010902667769e+00 4.328542010902667769e+00 4.328542010902651782e+00 4.328542010805462859e+00 4.328541507794958498e+00 4.326516053136908901e+00 1.548962928929939475e-02 4.327528810415693705e+00 4.328541843093989705e+00 4.328542010856440747e+00 4.328542010807998608e+00 4.328541846648313651e+00 4.328541514301323723e+00 4.327536211771148444e+00 4.326527092980013478e+00 1.548962933010011866e-02 1.548962931897431179e-02 4.326523905740710774e+00 1.000000000000000020e+30 1.000000000000000020e+30
1.000000000000000020e+30 1.000000000000000020e+30 1.000000000000000020e+30 1.000000000000000020e+30 1.000000000000000020e+30 1.000000000000000020e+30 1.000000000000000020e+30 1.000000000000000020e+30 1.000000000000000020e+30 1.000000000000000020e+30 1.000000000000000020e+30 4.328542010902509674e+00 4.328542010902644677e+00 4.328542010902554971e+00 4.328542010902667769e+00 4.328542010902667769e+00 4.328542010902667769e+00 4.328542010902667769e+00 4.328542010902667769e+00 4.328542010902667769e+00 4.328542010902667769e+00 4.328542010902667769e+00 4.328542010902667769e+00 4.328542010902667769e+00 4.328542010902667769e+00 4.328542010902667769e+00 4.328542010902667769e+00 4.328542010902667769e+00 4.328542010902667769e+00 4.328542010902667769e+00 4.328542010902667769e+00 4.328542010902667769e+00 4.328542010902667769e+00 4.328542010902667769e+00 4.328542010902667769e+00 4.328542010902667769e+00 4.328542010902667769e+00 4.328542010902667769e+00 4.328542010902665105e+00 4.328542010878361879e+00 4.328541843168219216e+00 4.327528918286085435e+00 1.548962927983010655e-02 4.326516052674001855e+00 4.328541507770085062e+00 4.328542010716366129e+00 4.328541853974827269e+00 4.328541515619156677e+00 4.327538105096056853e+00 4.326525791700839285e+00 1.548962932961581163e-02 1.548962933121060710e-02 4.326527091623294297e+00 4.327532719999802602e+00 4.328541512291458560e+00 4.328542010799520945e+00 1.000000000000000020e+30
1.000000000000000020e+30 1.000000000000000020e+30 1.000000000000000020e+30 1.000000000000000020e+30 1.000000000000000020e+30 1.000000000000000020e+30 1.000000000000000020e+30 1.000000000000000020e+30 1.000000000000000020e+30 1.000000000000000020e+30 4.328541640967299209e+00 4.328542010733294809e+00 4.328542010902495463e+00 4.328542010902665105e+00 4.328542010902667769e+00 4.328542010902667769e+00 4.328542010902667769e+00 4.328542010902667769e+00 4.328542010902667769e+00 4.328542010902667769e+00 4.328542010902667769e+00 4.328542010902667769e+00 4.328542010902667769e+00 4.328542010902667769e+00 4.328542010902667769e+00 4.328542010902667769e+00 4.328542010902667769e+00 4.328542010902667769e+00 4.328542010902667769e+00 4.328542010902667769e+00 4.328542010902667769e+00 4.328542010902667769e+00 4.328542010902667769e+00 4.328542010902667769e+00 4.328542010902667769e+00 4.328542010902667769e+00 4.328542010902667769e+00 4.328542010902667769e+00 4.328542010902665105e+00 4.328542010878352997e+00 4.328541843130347289e+00 4.327528778119624775e+00 1.548318724394474530e-02 4.327528610389398622e+00 4.328541681259320484e+00 4.328541533177655332e+00 4.327557399030948382e+00 4.326527367373989463e+00 1.548962933716974827e-02 1.548962932193692979e-02 4.326525790366459567e+00 4.327534672423475115e+00 4.328541317079388939e+00 4.328541646781010499e+00 4.328541812792942700e+00 4.328541812708955661e+00 1.000000000000000020e+30
1.000000000000000020e+30 1.000000000000000020e+30 1.000000000000000020e+30 1.000000000000000020e+30 1.000000000000000020e+30 1.000000000000000020e+30 1.000000000000000020e+30 1.000000000000000020e+30 1.000000000000000020e+30 1.548318394357539249e-02 4.326425433416573263e+00 4.328541269426014360e+00 4.328542010675816343e+00 4.328542010873872137e+00 4.328542010902648229e+00 4.328542010902665105e+00 4.328542010902665105e+00 4.328542010902665105e+00 4.328542010902667769e+00 4.328542010902667769e+00 4.328542010902667769e+00 4.328542010902667769e+00 4.328542010902667769e+00 4.328542010902667769e+00 4.328542010902667769e+00 4.328542010902667769e+00 4.328542010902667769e+00 4.328542010902667769e+00 4.328542010902667769e+00 4.328542010902667769e+00 4.328542010902667769e+00 4.328542010902667769e+00 4.328542010902667769e+00 4.328542010902667769e+00 4.328542010902667769e+00 4.328542010902667769e+00 4.328542010902667769e+00 4.328542010902667769e+00 4.328542010902665105e+00 4.328542010878203783e+00 4.328541842472085399e+00 4.327527070084918215e+00 1.548318722897130094e-02 4.327526755599725661e+00 4.327544398470941189e+00 4.326554379043360044e+00 1.548962944715285596e-02 1.548962932617817603e-02 4.326527357353980641e+00 4.327531092511058830e+00 4.328541316875718969e+00 4.328541255292886802e+00 4.327451507541757003e+00 4.327449651692357513e+00 4.327449147825796594e+00 4.327448674177786891e+00 1.000000000000000020e+30
1.000000000000000020e+30 1.000000000000000020e+30 1.000000000000000020e+30 1.000000000000000020e+30 1.000000000000000020e+30 1.000000000000000020e+30 1.000000000000000020e+30 1.000000000000000020e+30 4.328541640910548161e+00 4.326425247573027377e+00 1.548962735489784782e-02 4.326420611597456833e+00 4.328541265851923114e+00 4.328541823224948182e+00 4.328542010794187433e+00 4.328542010874055990e+00 4.328542010873800194e+00 4.328542010873960955e+00 4.328542010902648229e+00 4.328542010902667769e+00 4.328542010902667769e+00 4.328542010902667769e+00 4.328542010902667769e+00 4.328542010902667769e+00 4.328542010902667769e+00 4.328542010902667769e+00 4.328542010902667769e+00 4.328542010902667769e+00 4.328542010902667769e+00 4.328542010902667769e+00 4.328542010902667769e+00 4.328542010902667769e+00 4.328542010902667769e+00 4.328542010902667769e+00 4.328542010902667769e+00 4.328542010902667769e+00 4.328542010902667769e+00 4.328542010902667769e+00 4.328542010902650894e+00 4.328542010804251383e+00 4.328541503961845116e+00 4.326510130856235037e+00 1.548318273768643609e-02 4.325536593240998151e+00 1.548962790590042125e-02 1.548962941880113048e-02 4.326554373799924136e+00 4.327530777298891351e+00 4.328541318497014068e+00 4.328541258240829137e+00 4.327455898994248429e+00 4.326364489244196143e+00 1.548962870901959138e-02 1.548318700652299811e-02 1.548318699567412075e-02 1.548318699425327641e-02 1.000000000000000020e+30
1.000000000000000020e+30 1.000000000000000020e+30 1.000000000000000020e+30 1.000000000000000020e+30 1.000000000000000020e+30 1.000000000000000020e+30 1.000000000000000020e+30 4.328542010874134149e+00 4.328541824889731160e+00 4.327480747505761727e+00 1.548318710972057012e-02 1.548962732683793232e-02 4.326415985490394078e+00 4.327476514029024557e+00 4.328541477325279274e+00 4.328541823971333358e+00 4.328541822797885352e+00 4.328541823517935150e+00 4.328542010787885808e+00 4.328542010902620696e+00 4.328542010902665105e+00 4.328542010902667769e+00 4.328542010902667769e+00 4.328542010902667769e+00 4.328542010902667769e+00 4.328542010902667769e+00 4.328542010902667769e+00 4.328542010902667769e+00 4.328542010902667769e+00 4.328542010902667769e+00 4.328542010902667769e+00 4.328542010902667769e+00 4.328542010902667769e+00 4.328542010902667769e+00 4.328542010902667769e+00 4.328542010902667769e+00 4.328542010902667769e+00 4.328542010902665105e+00 4.328542010878007495e+00 4.328541841583050775e+00 4.327524743121752060e+00 1.548318570056937855e-02 1.547674066313909323e-02 1.548962789198968237e-02 4.326551210481311749e+00 4.327538499333376087e+00 4.328541332285047005e+00 4.328541261741447599e+00 4.327458919876726817e+00 4.326371325924716515e+00 1.548962874574869378e-02 1.548962872328857321e-02 4.326364486866071779e+00 4.327449455894655017e+00 4.327449147795214834e+00 4.327448674177793997e+00 1.000000000000000020e+30
1.000000000000000020e+30 1.000000000000000020e+30 1.000000000000000020e+30 1.000000000000000020e+30 1.000000000000000020e+30 1.000000000000000020e+30 4.328542010902536319e+00 4.328542010902628689e+00 4.328542010817395536e+00 4.328541638988729012e+00 4.327480743989135625e+00 4.326415987125047380e+00 1.548962891340368783e-02 1.548962912699450821e-02 4.326488099534680387e+00 4.327478364155546764e+00 4.327475239298816057e+00 4.327477172794610638e+00 4.328541448949243531e+00 4.328542010702154386e+00 4.328542010873925427e+00 4.328542010902648229e+00 4.328542010902667769e+00 4.328542010902667769e+00 4.328542010902667769e+00 4.328542010902667769e+00 4.328542010902667769e+00 4.328542010902667769e+00 4.328542010902667769e+00 4.328542010902667769e+00 4.328542010902667769e+00 4.328542010902667769e+00 4.328542010902667769e+00 4.328542010902667769e+00 4.328542010902667769e+00 4.328542010902667769e+00 4.328542010902667769e+00 4.328542010902665105e+00 4.328542010878058122e+00 4.328541841813775548e+00 4.327525311687550058e+00 1.548318571221408285e-02 4.326510898838708208e+00 4.327547967683384122e+00 4.328541335201121498e+00 4.328541266338167048e+00 4.327460490681265703e+00 4.326377836547526279e+00 1.548962876981228344e-02 1.548962874717685519e-02 4.326371324308420085e+00 4.327454599682837078e+00 4.328541422067378797e+00 4.328541812988486726e+00 4.328541812888820672e+00 4.328541812708974312e+00 1.000000000000000020e+30
1.000000000000000020e+30 1.000000000000000020e+30 1.000000000000000020e+30 1.000000000000000020e+30 1.000000000000000020e+30 4.328542010902555859e+00 4.328542010902616255e+00 4.328542010902554971e+00 4.328542010902641124e+00 4.328542010817503005e+00 4.328541824859605036e+00 4.328541450634222798e+00 4.327478346454622482e+00 4.326488099491614392e+00 1.548962923242704418e-02 1.548318709323560395e-02 1.548318708329878522e-02 1.548962889235004463e-02 4.326412860354676759e+00 4.328541263133384831e+00 4.328541823437880076e+00 4.328542010787810312e+00 4.328542010902621584e+00 4.328542010902667769e+00 4.328542010902667769e+00 4.328542010902667769e+00 4.328542010902667769e+00 4.328542010902667769e+00 4.328542010902667769e+00 4.328542010902667769e+00 4.328542010902667769e+00 4.328542010902667769e+00 4.328542010902667769e+00 4.328542010902667769e+00 4.328542010902667769e+00 4.328542010902667769e+00 4.328542010902667769e+00 4.328542010902665105e+00 4.328542010877601598e+00 4.328541839796843149e+00 4.327520010397694961e+00 1.548318560255771900e-02 4.326443098962442058e+00 4.327462587050554532e+00 4.327461629080596950e+00 4.326380648176580301e+00 1.548962878060466432e-02 1.548962877194832652e-02 4.326377835189727961e+00 4.327456851076589395e+00 4.328541425518359631e+00 4.328541814928737352e+00 4.328542010779953486e+00 4.328542010871579748e+00 4.328542010871516688e+00 4.328542010871442081e+00 1.000000000000000020e+30
1.000000000000000020e+30 1.000000000000000020e+30 1.000000000000000020e+30 1.000000000000000020e+30 1.000000000000000020e+30 4.328542010902568293e+00 4.328542010902577175e+00 4.328542010902652670e+00 4.328542010902667769e+00 4.328542010902650006e+00 4.328542010874254942e+00 4.328542010788372529e+00 4.328541823957110957e+00 4.328541506410997108e+00 4.327553222944786171e+00 4.327478551633650028e+00 4.327475052057009108e+00 4.326412672364592815e+00 1.549607071667451381e-02 4.326416579105297977e+00 4.327477076480487739e+00 4.328541448640145894e+00 4.328542010701562859e+00 4.328542010902603820e+00 4.328542010902667769e+00 4.328542010902667769e+00 4.328542010902667769e+00 4.328542010902667769e+00 4.328542010902667769e+00 4.328542010902667769e+00 4.328542010902667769e+00 4.328542010902667769e+00 4.328542010902667769e+00 4.328542010902667769e+00 4.328542010902667769e+00 4.328542010902667769e+00 4.328542010902663328e+00 4.328542010902648229e+00 4.328542010816586405e+00 4.328541538480936701e+00 4.326546763309716326e+00 1.548318108875011354e-02 1.547674056143090969e-02 1.548318542168418931e-02 1.548318704275151482e-02 1.548962877290836065e-02 4.326380647668534252e+00 4.327460343885960015e+00 4.328541429316866918e+00 4.328541815784106461e+00 4.328542010780915383e+00 4.328542010872031831e+00 4.328542010902643788e+00 4.328542010902649118e+00 4.328542010902598491e+00 4.328542010902565629e+00 1.000000000000000020e+30
1.000000000000000020e+30 1.000000000000000020e+30 1.000000000000000020e+30 1.000000000000000020e+30 4.328542010902569181e+00 4.328542010902593162e+00 4.328542010902610926e+00 4.328542010902667769e+00 4.328542010902667769e+00 4.328542010902667769e+00 4.328542010902665105e+00 4.328542010902648229e+00 4.328542010874052437e+00 4.328542010807221452e+00 4.328541852395932032e+00 4.328541824057529297e+00 4.328541822683495077e+00 4.328541263133059758e+00 4.326416766370216216e+00 1.548962891927871052e-02 1.548962889935407219e-02 4.326412031814529158e+00 4.328541260797681645e+00 4.328542010672539853e+00 4.328542010902596715e+00 4.328542010902667769e+00 4.328542010902667769e+00 4.328542010902667769e+00 4.328542010902667769e+00 4.328542010902667769e+00 4.328542010902667769e+00 4.328542010902667769e+00 4.328542010902667769e+00 4.328542010902667769e+00 4.328542010902667769e+00 4.328542010902644677e+00 4.328542010873211332e+00 4.328542010853059452e+00 4.328541862117911698e+00 4.327578921916808596e+00 1.548962623749205146e-02 4.324394226539775232e+00 1.548962421221049095e-02 4.326386357635620072e+00 4.327461630889249733e+00 4.327461780326205876e+00 4.328541430886952313e+00 4.328541817110589385e+00 4.328542010782063798e+00 4.328542010872221013e+00 4.328542010902643788e+00 4.328542010902663328e+00 4.328542010902667769e+00 4.328542010902652670e+00 4.328542010902605597e+00 4.328542010902567405e+00 1.000000000000000020e+30
1.000000000000000020e+30 1.000000000000000020e+30 1.000000000000000020e+30 1.000000000000000020e+30 4.328542010902568293e+00 4.328542010902589610e+00 4.328542010902652670e+00 4.328542010902667769e+00 4.328542010902667769e+00 4.328542010902667769e+00 4.328542010902667769e+00 4.328542010902667769e+00 4.328542010902665105e+00 4.328542010902651782e+00 4.328542010880426005e+00 4.328542010874083523e+00 4.328542010873758450e+00 4.328542010702815190e+00 4.328541451887043756e+00 4.327480891917450556e+00 4.326411845999414751e+00 1.549607069805240475e-02 4.326411293591084117e+00 4.328541259854093326e+00 4.328542010671950102e+00 4.328542010902596715e+00 4.328542010902665105e+00 4.328542010902667769e+00 4.328542010902667769e+00 4.328542010902667769e+00 4.328542010902667769e+00 4.328542010902667769e+00 4.328542010902667769e+00 4.328542010902667769e+00 4.328542010902620696e+00 4.328542010784900640e+00 4.328541820179362176e+00 4.328541819677931279e+00 4.328541331149158289e+00 4.326554153706276828e+00 1.548318113737079393e-02 1.548318086189586981e-02 4.326389112381320068e+00 4.328541242654412535e+00 4.328541817583700713e+00 4.328541817672708625e+00 4.328542010782519434e+00 4.328542010872507007e+00 4.328542010902643788e+00 4.328542010902663328e+00 4.328542010902667769e+00 4.328542010902667769e+00 4.328542010902667769e+00 4.328542010902655335e+00 4.328542010902605597e+00 4.328542010902567405e+00 1.000000000000000020e+30
1.000000000000000020e+30 1.000000000000000020e+30 1.000000000000000020e+30 4.328542010902555859e+00 4.328542010902592274e+00 4.328542010902610926e+00 4.328542010902667769e+00 4.328542010902667769e+00 4.328542010902667769e+00 4.328542010902667769e+00 4.328542010902667769e+00 4.328542010902667769e+00 4.328542010902667769e+00 4.328542010902667769e+00 4.328542010902665105e+00 4.328542010902665105e+00 4.328542010902665105e+00 4.328542010902621584e+00 4.328542010788863692e+00 4.328541824886431577e+00 4.328541260740959906e+00 4.326411293591075236e+00 1.549607069087655976e-02 4.326409547721437043e+00 4.328541258179876117e+00 4.328542010671290186e+00 4.328542010873637658e+00 4.328542010902644677e+00 4.328542010902663328e+00 4.328542010902667769e+00 4.328542010902667769e+00 4.328542010902667769e+00 4.328542010902667769e+00 4.328542010902601156e+00 4.328542010696648568e+00 4.328541438936961860e+00 4.327468381203795289e+00 4.327467103978985818e+00 4.326454359869591038e+00 1.548962458005752330e-02 4.324406414599103243e+00 1.548318248001022759e-02 4.327468528665594505e+00 4.328541820202864265e+00 4.328542010843148269e+00 4.328542010872583390e+00 4.328542010902582504e+00 4.328542010902629578e+00 4.328542010902610926e+00 4.328542010902652670e+00 4.328542010902667769e+00 4.328542010902667769e+00 4.328542010902672210e+00 4.328542010905285231e+00 4.328542010902605597e+00 4.328542010902567405e+00 1.000000000000000020e+30
1.000000000000000020e+30 1.000000000000000020e+30 1.000000000000000020e+30 4.328542010902590498e+00 4.328542010902562964e+00 4.328542010902652670e+00 4.328542010902667769e+00 4.328542010902667769e+00 4.328542010902667769e+00 4.328542010902667769e+00 4.328542010902667769e+00 4.328542010902667769e+00 4.328542010902667769e+00 4.328542010902667769e+00 4.328542010902667769e+00 4.328542010902667769e+00 4.328542010902667769e+00 4.328542010902667769e+00 4.328542010902648229e+00 4.328542010874246948e+00 4.328542010672524754e+00 4.328541259854093326e+00 4.326409547721437043e+00 1.549607067764937826e-02 4.326406884530686447e+00 4.328541256896912159e+00 4.328541822177119691e+00 4.328542010786670780e+00 4.328542010873583479e+00 4.328542010902644677e+00 4.328542010902667769e+00 4.328542010902667769e+00 4.328542010902601156e+00 4.328542010667334239e+00 4.328541248550044962e+00 4.326395283282619353e+00 1.548962882642690095e-02 1.548318705913949087e-02 1.548318553130542501e-02 1.547674045682406220e-02 1.547673748722224948e-02 1.547674205868129413e-02 4.327466974219648321e+00 4.328541819659196932e+00 4.328542010872991952e+00 4.328542010902559412e+00 4.328542010902582504e+00 4.328542010902559412e+00 4.328542010902608261e+00 4.328542010902589610e+00 4.328542010902610926e+00 4.328542010902655335e+00 4.328542010910545912e+00 4.328542028456396018e+00 4.328542010913130511e+00 4.328542010902556747e+00 1.000000000000000020e+30
1.000000000000000020e+30 1.000000000000000020e+30 1.000000000000000020e+30 4.328542010902545201e+00 4.328542010902634019e+00 4.328542010902652670e+00 4.328542010902667769e+00 4.328542010902667769e+00 4.328542010902667769e+00 4.328542010902667769e+00 4.328542010902667769e+00 4.328542010902667769e+00 4.328542010902667769e+00 4.328542010902667769e+00 4.328542010902667769e+00 4.328542010902667769e+00 4.328542010902667769e+00 4.328542010902667769e+00 4.328542010902667769e+00 4.328542010902665105e+00 4.328542010902596715e+00 4.328542010671950102e+00 4.328541258179876117e+00 4.326406884530695329e+00 1.549607066768795248e-02 4.326406132216211731e+00 4.327473758310053320e+00 4.328541444816709216e+00 4.328541821857546879e+00 4.328542010786412320e+00 4.328542010902626025e+00 4.328542010902620696e+00 4.328542010696824427e+00 4.328541248864666180e+00 4.326395787901340384e+00 1.549607060128196934e-02 4.326395092269773812e+00 4.327467081289078088e+00 4.327467667069273105e+00 4.326379781210692776e+00 1.547674042793265037e-02 1.000000000000000020e+30 1.000000000000000020e+30 1.000000000000000020e+30 1.000000000000000020e+30 1.000000000000000020e+30 1.000000000000000020e+30 1.000000000000000020e+30 4.328542010902569181e+00 4.328542010902568293e+00 4.328542010902593162e+00 4.328542010910457094e+00 4.328542046012747058e+00 4.328659148778901233e+00 4.328542063569031484e+00 4.328542010915738203e+00 1.000000000000000020e+30
1.000000000000000020e+30 1.000000000000000020e+30 4.328542010902569181e+00 4.328542010902608261e+00 4.328542010902610926e+00 4.328542010902667769e+00 4.328542010902667769e+00 4.328542010902667769e+00 4.328542010902667769e+00 4.328542010902667769e+00 4.328542010902667769e+00 4.328542010902667769e+00 4.328542010902667769e+00 4.328542010902667769e+00 4.328542010902667769e+00 4.328542010902667769e+00 4.328542010902667769e+00 4.328542010902667769e+00 4.328542010902667769e+00 4.328542010902667769e+00 4.328542010902667769e+00 4.328542010902596715e+00 4.328542010671302620e+00 4.328541256954841820e+00 4.326406320739021538e+00 1.548962887746092865e-02 1.548962887429070762e-02 4.326405242574154819e+00 4.327472840649847718e+00 4.328541443987046655e+00 4.328542010728236633e+00 4.328542010784983241e+00 4.328541439402027180e+00 4.326396111833044955e+00 1.549607060376850289e-02 4.326395787901327949e+00 4.328541248495334948e+00 4.328541819537170099e+00 4.328541236060652331e+00 4.326373170071576624e+00 1.547674041801800661e-02 1.000000000000000020e+30 1.000000000000000020e+30 1.000000000000000020e+30 1.000000000000000020e+30 1.000000000000000020e+30 1.000000000000000020e+30 1.000000000000000020e+30 1.000000000000000020e+30 1.000000000000000020e+30 4.328542010905185755e+00 4.328542028461594526e+00 4.328659166327341268e+00 5.110421129274134167e+00 4.328776321749828959e+00 4.328542046025812162e+00 1.000000000000000020e+30
1.000000000000000020e+30 1.000000000000000020e+30 4.328542010902568293e+00 4.328542010902589610e+00 4.328542010902652670e+00 4.328542010902667769e+00 4.328542010902667769e+00 4.328542010902667769e+00 4.328542010902667769e+00 4.328542010902667769e+00 4.328542010902667769e+00 4.328542010902667769e+00 4.328542010902667769e+00 4.328542010902667769e+00 4.328542010902667769e+00 4.328542010902667769e+00 4.328542010902667769e+00 4.328542010902667769e+00 4.328542010902667769e+00 4.328542010902667769e+00 4.328542010902667769e+00 4.328542010902667769e+00 4.328542010902602044e+00 4.328542010699949039e+00 4.328541445268264454e+00 4.327473905927593734e+00 4.326405242978593080e+00 1.548962887304647373e-02 1.548962886865138354e-02 4.326404011072266798e+00 4.328541443804406086e+00 4.328541820125373363e+00 4.327468664501557427e+00 1.548962883896680409e-02 4.326395921411740453e+00 4.328541248829049337e+00 4.328542039684217357e+00 4.328541843980069359e+00 4.327458625918743529e+00 1.548318562580864276e-02 1.000000000000000020e+30 1.000000000000000020e+30 1.000000000000000020e+30 1.000000000000000020e+30 1.000000000000000020e+30 1.000000000000000020e+30 1.000000000000000020e+30 1.000000000000000020e+30 1.000000000000000020e+30 1.000000000000000020e+30 1.000000000000000020e+30 1.000000000000000020e+30 1.000000000000000020e+30 5.565840742312900147e+03 5.110655442269772308e+00 1.000000000000000020e+30 1.000000000000000020e+30
1.000000000000000020e+30 4.328542010902569181e+00 4.328542010902593162e+00 4.328542010902610926e+00 4.328542010902667769e+00 4.328542010902667769e+00 4.328542010902667769e+00 4.328542010902667769e+00 4.328542010902667769e+00 4.328542010902667769e+00 4.328542010902667769e+00 4.328542010902667769e+00 4.328542010902667769e+00 4.328542010902667769e+00 4.328542010902667769e+00 4.328542010902667769e+00 4.328542010902667769e+00 4.328542010902667769e+00 4.328542010902667769e+00 4.328542010902667769e+00 4.328542010902667769e+00 4.328542010902667769e+00 4.328542010902667769e+00 4.328542010902620696e+00 4.328542010786788907e+00 4.328541822261987804e+00 4.328541444502063129e+00 4.327472928825073950e+00 4.326403632588619708e+00 1.548962886805746626e-02 4.327472444634925530e+00 4.328541059515988110e+00 4.326395209565339961e+00 1.548962723874087316e-02 4.327468753540819613e+00 4.328541945775076449e+00 4.328735792925931136e+00 4.328725231969645648e+00 4.326380556548410361e+00 1.563150779778009827e-02 1.000000000000000020e+30 1.000000000000000020e+30 1.000000000000000020e+30 1.000000000000000020e+30 1.000000000000000020e+30 1.000000000000000020e+30 1.000000000000000020e+30 1.000000000000000020e+30 1.000000000000000020e+30 1.000000000000000020e+30 1.000000000000000020e+30 1.000000000000000020e+30 1.000000000000000020e+30 1.000000000000000020e+30 1.000000000000000020e+30 1.000000000000000020e+30 1.000000000000000020e+30
1.000000000000000020e+30 4.328542010902568293e+00 4.328542010902589610e+00 4.328542010902652670e+00 4.328542010902667769e+00 4.328542010902667769e+00 4.328542010902667769e+00 4.328542010902667769e+00 4.328542010902667769e+00 4.328542010902667769e+00 4.328542010902667769e+00 4.328542010902667769e+00 4.328542010902667769e+00 4.328542010902667769e+00 4.328542010902667769e+00 4.328542010902667769e+00 4.328542010902667769e+00 4.328542010902667769e+00 4.328542010902667769e+00 4.328542010902667769e+00 4.328542010902667769e+00 4.328542010902667769e+00 4.328542010902667769e+00 4.328542010902667769e+00 4.328542010902644677e+00 4.328542010873668744e+00 4.328542010757315595e+00 4.328541632244565562e+00 4.327470798276397801e+00 1.548962901524058265e-02 4.326453420344111400e+00 4.326395808892105066e+00 1.548962561009849422e-02 4.325323469207035032e+00 4.328541302858917028e+00 4.329185576667867075e+00 5.621537934042240892e+00 5.553869497960517876e+00 1.563987075248914754e-02 1.000000000000000020e+30 1.000000000000000020e+30 1.000000000000000020e+30 1.000000000000000020e+30 1.000000000000000020e+30 1.000000000000000020e+30 1.000000000000000020e+30 1.000000000000000020e+30 1.000000000000000020e+30 1.000000000000000020e+30 1.000000000000000020e+30 1.000000000000000020e+30 1.000000000000000020e+30 1.000000000000000020e+30 1.000000000000000020e+30 1.000000000000000020e+30 1.000000000000000020e+30 1.000000000000000020e+30
4.328542010902555859e+00 4.328542010902592274e+00 4.328542010902610926e+00 4.328542010902667769e+00 4.328542010902667769e+00 4.328542010902667769e+00 4.328542010902667769e+00 4.328542010902667769e+00 4.328542010902667769e+00 4.328542010902667769e+00 4.328542010902667769e+00 4.328542010902667769e+00 4.328542010902667769e+00 4.328542010902667769e+00 4.328542010902667769e+00 4.328542010902667769e+00 4.328542010902667769e+00 4.328542010902667769e+00 4.328542010902667769e+00 4.328542010902667769e+00 4.328542010902667769e+00 4.328542010902667769e+00 4.328542010902667769e+00 4.328542010902667769e+00 4.328542010902667769e+00 4.328542010902665105e+00 4.328542010902626913e+00 4.328542010761279535e+00 4.328541462189804179e+00 4.326453990283007478e+00 1.548962908550701768e-02 1.548318224679360623e-02 1.547029711637879813e-02 1.548318531526457487e-02 4.328453652534648199e+00 7.330130747631020682e+00 8.632509434181716642e+03 8.294934922484213530e+03 2.615872696046984622e-02 1.000000000000000020e+30 1.000000000000000020e+30 1.000000000000000020e+30 1.000000000000000020e+30 1.000000000000000020e+30 1.000000000000000020e+30 1.000000000000000020e+30 1.000000000000000020e+30 1.000000000000000020e+30 1.000000000000000020e+30 1.000000000000000020e+30 1.000000000000000020e+30 1.000000000000000020e+30 1.000000000000000020e+30 1.000000000000000020e+30 1.000000000000000020e+30 1.000000000000000020e+30 1.000000000000000020e+30
4.328542010902575399e+00 4.328542010902562964e+00 4.328542010902652670e+00 4.328542010902667769e+00 4.328542010902667769e+00 4.328542010902667769e+00 4.328542010902667769e+00 4.328542010902667769e+00 4.328542010902667769e+00 4.328542010902667769e+00 4.328542010902667769e+00 4.328542010902667769e+00 4.328542010902667769e+00 4.328542010902667769e+00 4.328542010902667769e+00 4.328542010902667769e+00 4.328542010902667769e+00 4.328542010902667769e+00 4.328542010902667769e+00 4.328542010902667769e+00 4.328542010902667769e+00 4.328542010902667769e+00 4.328542010902667769e+00 4.328542010902667769e+00 4.328542010902667769e+00 4.328542010902667769e+00 4.328542010902667769e+00 4.328542010902626025e+00 4.328542010740989987e+00 4.328541482472591184e+00 4.327524063312756297e+00 4.325323653472302965e+00 1.548318378273268875e-02 1.549389921058667331e-02 7.890328500102325116e+00 1.140726826113349489e+04 1.713682895917747373e+04 1.630539894641319552e+04 1.810474620030430234e-02 1.000000000000000020e+30 1.000000000000000020e+30 1.000000000000000020e+30 1.000000000000000020e+30 1.000000000000000020e+30 1.000000000000000020e+30 1.000000000000000020e+30 1.000000000000000020e+30 1.000000000000000020e+30 1.000000000000000020e+30 1.000000000000000020e+30 1.000000000000000020e+30 1.000000000000000020e+30 1.000000000000000020e+30 1.000000000000000020e+30 1.000000000000000020e+30 1.000000000000000020e+30 1.000000000000000020e+30
4.328542010902555859e+00 4.328542010902605597e+00 4.328542010902652670e+00 4.328542010902667769e+00 4.328542010902667769e+00 4.328542010902667769e+00 4.328542010902667769e+00 4.328542010902667769e+00 4.328542010902667769e+00 4.328542010902667769e+00 4.328542010902667769e+00 4.328542010902667769e+00 4.328542010902667769e+00 4.328542010902667769e+00 4.328542010902667769e+00 4.328542010902667769e+00 4.328542010902667769e+00 4.328542010902667769e+00 4.328542010902667769e+00 4.328542010902667769e+00 4.328542010902667769e+00 4.328542010902669546e+00 4.328542010902669546e+00 4.328542010902669546e+00 4.328542010902669546e+00 4.328542010902667769e+00 4.328542010902667769e+00 4.328542010902658888e+00 4.328542010873259294e+00 4.328541820480883651e+00 4.327469277649684365e+00 1.548962876789707413e-02 4.327425791260262500e+00 7.977528999740160387e+00 1.237654790321170185e+04 1.937212390606714325e+04 2.022438640067249435e+04 3.277404978675346053e-02 1.000000000000000020e+30 1.000000000000000020e+30 1.000000000000000020e+30 1.000000000000000020e+30 1.000000000000000020e+30 1.000000000000000020e+30 1.000000000000000020e+30 1.000000000000000020e+30 1.000000000000000020e+30 1.000000000000000020e+30 1.000000000000000020e+30 1.000000000000000020e+30 1.000000000000000020e+30 1.000000000000000020e+30 1.000000000000000020e+30 1.000000000000000020e+30 1.000000000000000020e+30 1.000000000000000020e+30 1.000000000000000020e+30
4.328542010902567405e+00 4.328542010902605597e+00 4.328542010902652670e+00 4.328542010902667769e+00 4.328542010902667769e+00 4.328542010902667769e+00 4.328542010902667769e+00 4.328542010902667769e+00 4.328542010902667769e+00 4.328542010902667769e+00 4.328542010902667769e+00 4.328542010902667769e+00 4.328542010902667769e+00 4.328542010902667769e+00 4.328542010902667769e+00 4.328542010902667769e+00 4.328542010902667769e+00 4.328542010902667769e+00 4.328542010902669546e+00 4.328542010902669546e+00 4.328542010902672210e+00 4.328542010905459314e+00 4.328542010905401582e+00 4.328542010905250592e+00 4.328542010904694592e+00 4.328542010902666881e+00 4.328542010902644677e+00 4.328542010873718482e+00 4.328542010844577348e+00 4.328541820161467157e+00 4.327468415339231989e+00 1.548800812141842669e-02 7.551895075485559161e+00 1.198895495481195212e+04 2.004727300395135899e+04 2.286163915874713712e+04 1.836024399134528721e+04 3.206736797349431928e-02 1.000000000000000020e+30 1.000000000000000020e+30 1.000000000000000020e+30 1.000000000000000020e+30 1.000000000000000020e+30 1.000000000000000020e+30 1.000000000000000020e+30 1.000000000000000020e+30 1.000000000000000020e+30 1.000000000000000020e+30 1.000000000000000020e+30 1.000000000000000020e+30 1.000000000000000020e+30 1.000000000000000020e+30 1.000000000000000020e+30 1.000000000000000020e+30 1.000000000000000020e+30 1.000000000000000020e+30 1.000000000000000020e+30
4.328542010902567405e+00 4.328542010902605597e+00 4.328542010902652670e+00 4.328542010902667769e+00 4.328542010902667769e+00 4.328542010902667769e+00 4.328542010902667769e+00 4.328542010902667769e+00 4.328542010902667769e+00 4.328542010902667769e+00 4.328542010902667769e+00 4.328542010902667769e+00 4.328542010902667769e+00 4.328542010902667769e+00 4.328542010902667769e+00 4.328542010902667769e+00 4.328542010902667769e+00 4.328542010902672210e+00 4.328542010904722126e+00 4.328542010905318982e+00 4.328542010916642369e+00 4.328542029511496025e+00 4.328542029129578417e+00 4.328542028121671770e+00 4.328542024420502621e+00 4.328542010880858548e+00 4.328542010788245520e+00 4.328541822884369950e+00 4.328541824852197628e+00 4.328541255925443032e+00 4.326405019955071651e+00 3.726781512488325926e-02 9.537298497299134397e+03 1.745390254217417532e+04 2.268156608875266102e+04 2.181774093237871057e+04 1.291981519470289641e+04 3.161948412400248515e-02 1.000000000000000020e+30 1.000000000000000020e+30 1.000000000000000020e+30 1.000000000000000020e+30 1.000000000000000020e+30 1.000000000000000020e+30 1.000000000000000020e+30 1.000000000000000020e+30 1.000000000000000020e+30 1.000000000000000020e+30 1.000000000000000020e+30 1.000000000000000020e+30 1.000000000000000020e+30 1.000000000000000020e+30 1.000000000000000020e+30 1.000000000000000020e+30 1.000000000000000020e+30 1.000000000000000020e+30 1.000000000000000020e+30
4.328542010902567405e+00 4.328542010902605597e+00 4.328542010902652670e+00 4.328542010902667769e+00 4.328542010902667769e+00 4.328542010902667769e+00 4.328542010902667769e+00 4.328542010902667769e+00 4.328542010902667769e+00 4.328542010902667769e+00 4.328542010902667769e+00 4.328542010902667769e+00 4.328542010902667769e+00 4.328542010902667769e+00 4.328542010902665105e+00 4.328542010902665105e+00 4.328542010902665993e+00 4.328542010910868321e+00 4.328542024589311588e+00 4.328542028568627131e+00 4.328542085520544092e+00 4.328666171025560061e+00 4.328663605052144980e+00 4.328656885542897292e+00 4.328632210603946540e+00 4.328541856893544981e+00 4.328541455649533631e+00 4.327480310897009907e+00 4.327492209446686111e+00 4.326433967410774351e+00 1.163338532255983084e-02 5.267067900045601164e+03 1.028286308041648408e+04 1.507396403329860550e+04 2.079584607405123461e+04 1.724515006910595912e+04 5.861355847302371358e-02 1.000000000000000020e+30 1.000000000000000020e+30 1.000000000000000020e+30 1.000000000000000020e+30 1.000000000000000020e+30 1.000000000000000020e+30 1.000000000000000020e+30 1.000000000000000020e+30 1.000000000000000020e+30 1.000000000000000020e+30 1.000000000000000020e+30 1.000000000000000020e+30 1.000000000000000020e+30 1.000000000000000020e+30 1.000000000000000020e+30 1.000000000000000020e+30 1.000000000000000020e+30 1.000000000000000020e+30 1.000000000000000020e+30 1.000000000000000020e+30
4.328542010902567405e+00 4.328542010902605597e+00 4.328542010902652670e+00 4.328542010902667769e+00 4.328542010902667769e+00 4.328542010902667769e+00 4.328542010902667769e+00 4.328542010902667769e+00 4.328542010902667769e+00 4.328542010902667769e+00 4.328542010902669546e+00 4.328542010902669546e+00 4.328542010902669546e+00 4.328542010904046222e+00 4.328542010873690060e+00 4.328542010873784207e+00 4.328542010886846647e+00 4.328542051920399203e+00 4.328633335724876297e+00 4.328659808982568968e+00 4.328915761026348896e+00 5.157169613313707934e+00 5.139927221676582114e+00 5.095128547213416681e+00 4.930624847620888929e+00 4.327610525776768746e+00 4.326469250536561617e+00 4.879385727572903980e-02 5.584834027529983480e-02 4.741314147515357513e-02 1.562516587151537018e-02 2.299449275645230190e-02 3.696332689725528864e-02 5.727567719658003403e-02 1.634384770648389713e+04 1.601226521584593138e+04 5.766654278849232818e-02 1.000000000000000020e+30 1.000000000000000020e+30 1.000000000000000020e+30 1.000000000000000020e+30 1.000000000000000020e+30 1.000000000000000020e+30 1.000000000000000020e+30 1.000000000000000020e+30 1.000000000000000020e+30 1.000000000000000020e+30 1.000000000000000020e+30 1.000000000000000020e+30 1.000000000000000020e+30 1.000000000000000020e+30 1.000000000000000020e+30 1.000000000000000020e+30 1.000000000000000020e+30 1.000000000000000020e+30 1.000000000000000020e+30 1.000000000000000020e+30
4.328542010902567405e+00 4.328542010902605597e+00 4.328542010902652670e+00 4.328542010902667769e+00 4.328542010902667769e+00 4.328542010902667769e+00 4.328542010902667769e+00 4.328542010902667769e+00 4.328542010902669546e+00 4.328542010902672210e+00 4.328542010905591653e+00 4.328542010904931736e+00 4.328542010908225990e+00 4.328542020132676527e+00 4.328541822306911868e+00 4.328541822956855079e+00 4.328541869275708720e+00 4.328724436704996847e+00 4.938121594249281543e+00 5.114359224030687656e+00 5.994476195598628543e+00 5.591663509432621140e+03 5.564346579149960235e+03 5.281544610856506551e+03 4.169430643579380558e+03 6.085951125834730691e-02 1.038290663169390698e-01 2.311828053094889401e+04 2.826498908363526425e+04 2.252363938541439347e+04 9.882635042086494737e-02 5.763558595580645788e-02 5.222693694152046191e+03 4.820697711262533769e-02 1.674748830505488877e+04 2.009503916174967890e+04 1.201554432813538915e+04 3.364827847312707593e-02 1.000000000000000020e+30 1.000000000000000020e+30 1.000000000000000020e+30 1.000000000000000020e+30 1.000000000000000020e+30 1.000000000000000020e+30 1.000000000000000020e+30 1.000000000000000020e+30 1.000000000000000020e+30 1.000000000000000020e+30 1.000000000000000020e+30 1.000000000000000020e+30 1.000000000000000020e+30 1.000000000000000020e+30 1.000000000000000020e+30 1.000000000000000020e+30 1.000000000000000020e+30 1.000000000000000020e+30 1.000000000000000020e+30
4.328542010902567405e+00 4.328542010902605597e+00 4.328542010902652670e+00 4.328542010902667769e+00 4.328542010902667769e+00 4.328542010902667769e+00 4.328542010902667769e+00 4.328542010902672210e+00 4.328542010905800375e+00 4.328542010917618477e+00 4.328542030407373176e+00 4.328542026004347676e+00 4.328542038748428133e+00 4.328603829362195121e+00 4.327473984981234700e+00 4.327478482603276611e+00 4.327602185116707467e+00 4.937040411985380572e+00 4.266966368805085949e+03 5.605436174657886113e+03 6.099615313392946518e+03 6.319254245168657690e+03 6.583213165525053645e-02 7.366291856124167203e-02 1.195549634962095181e-01 3.045916404636600055e+04 4.337983283985895832e+04 5.500344249516716809e+04 5.763656372403416754e+04 5.130919731956918986e+04 3.680023470216080750e+04 2.371337178032218799e+04 9.840234249386696320e+03 6.034683324873280075e-02 1.997440819521599769e+04 2.518818437681015348e+04 1.753510880167053620e+04 4.192759910811810764e-02 1.000000000000000020e+30 1.000000000000000020e+30 1.000000000000000020e+30 1.000000000000000020e+30 1.000000000000000020e+30 1.000000000000000020e+30 1.000000000000000020e+30 1.000000000000000020e+30 1.000000000000000020e+30 1.000000000000000020e+30 1.000000000000000020e+30 1.000000000000000020e+30 1.000000000000000020e+30 1.000000000000000020e+30 1.000000000000000020e+30 1.000000000000000020e+30 1.000000000000000020e+30 1.000000000000000020e+30 1.000000000000000020e+30
4.328542010902555859e+00 4.328542010902605597e+00 4.328542010902652670e+00 4.328542010902667769e+00 4.328542010902667769e+00 4.328542010902669546e+00 4.328542010902673098e+00 4.328542010917463045e+00 4.328542031780870047e+00 4.328542091140299419e+00 4.328672148543678766e+00 4.328642743260606274e+00 4.328666082026175310e+00 4.742883371353938671e+00 1.548394753153465621e-02 4.668534446636627561e-02 5.761032741549387826e-02 5.884672497212681958e-02 6.414813741375922918e-02 6.544965018171849946e-02 6.454771118608711167e-02 1.038240211364861998e-01 3.417363597200194636e+04 4.805034347738897486e+04 5.647393922919718170e+04 7.040469698747956136e+04 7.979167120978629100e+04 8.604961592480135732e+04 8.571673919111432042e+04 7.782738873629842419e+04 6.154554918480510969e+04 3.755764571125253133e+04 8.672184322552206615e-02 1.061090342341134418e-01 2.753764698465849870e+04 3.273151079756488252e+04 2.251232191218395747e+04 4.939341300017036779e-02 1.000000000000000020e+30 1.000000000000000020e+30 1.000000000000000020e+30 1.000000000000000020e+30 1.000000000000000020e+30 1.000000000000000020e+30 1.000000000000000020e+30 1.000000000000000020e+30 1.000000000000000020e+30 1.000000000000000020e+30 1.000000000000000020e+30 1.000000000000000020e+30 1.000000000000000020e+30 1.000000000000000020e+30 1.000000000000000020e+30 1.000000000000000020e+30 1.000000000000000020e+30 1.000000000000000020e+30 1.000000000000000020e+30
4.328542010902575399e+00 4.328542010902562964e+00 4.328542010902652670e+00 4.328542010902669546e+00 4.328542010902675763e+00 4.328542010905605864e+00 4.328542010932867612e+00 4.328542088734653071e+00 4.328681246254628689e+00 4.328947259511102708e+00 5.197044863282543226e+00 5.000716300282897819e+00 4.743140348073654700e+00 2.780800096681424293e+03 8.429342513689405680e-02 2.353207869769083118e+04 3.468772273337125080e+04 4.089338071197561658e+04 4.747687118911370635e+04 5.107114003646544006e+04 5.391672410759452760e+04 6.877973480002568976e+04 9.444649175387392461e+04 1.105575875326274399e+05 1.189026868265825615e+05 1.226844026071680855e+05 1.244965164584633458e+05 1.212662674541313900e+05 1.155980971695637854e+05 1.055257957787484047e+05 8.587499794074454985e+04 5.550645577570716705e+04 2.562672435666017989e-01 3.278531983808776567e+04 4.702031198394490639e+04 4.527121938694313576e+04 2.935835679781084400e+04 5.966250999659414300e-02 1.000000000000000020e+30 1.000000000000000020e+30 1.000000000000000020e+30 1.000000000000000020e+30 1.000000000000000020e+30 1.000000000000000020e+30 1.000000000000000020e+30 1.000000000000000020e+30 1.000000000000000020e+30 1.000000000000000020e+30 1.000000000000000020e+30 1.000000000000000020e+30 1.000000000000000020e+30 1.000000000000000020e+30 1.000000000000000020e+30 1.000000000000000020e+30 1.000000000000000020e+30 1.000000000000000020e+30 1.000000000000000020e+30
4.328542010902555859e+00 4.328542010902592274e+00 4.328542010902610926e+00 4.328542010906526016e+00 4.328542010918821958e+00 4.328542030473807145e+00 4.328542134552742837e+00 4.328922141989889560e+00 5.257436410179566977e+00 6.164619208810584894e+00 6.090742951921323765e+03 4.936661398801452378e+03 4.463957096630639249e-02 8.329419376399728459e-02 3.170194523981805469e+04 5.931384414463008579e+04 7.714099235253182997e+04 8.699920846922667988e+04 1.158075077703722345e+05 1.393309711086932512e+05 1.647748917810173589e+05 2.371175476151895709e+05 2.692455475628332933e+05 2.838211840389794670e+05 2.811703302066606120e+05 2.365931681953512598e+05 2.229924404911436432e+05 2.154976315210904286e+05 2.153051118858751433e+05 1.504336490042337682e+05 1.206145868771738751e+05 9.516160459470447677e+04 7.312598510768747656e+04 7.368877382541981933e+04 7.207038927021813288e+04 6.155802931926309975e+04 3.922537354541734385e+04 1.127823564565515746e-01 1.000000000000000020e+30 1.000000000000000020e+30 1.000000000000000020e+30 1.000000000000000020e+30 1.000000000000000020e+30 1.000000000000000020e+30 1.000000000000000020e+30 1.000000000000000020e+30 1.000000000000000020e+30 1.000000000000000020e+30 1.000000000000000020e+30 1.000000000000000020e+30 1.000000000000000020e+30 1.000000000000000020e+30 1.000000000000000020e+30 1.000000000000000020e+30 1.000000000000000020e+30 1.000000000000000020e+30 1.000000000000000020e+30
1.000000000000000020e+30 4.328542010902571846e+00 4.328542010917989735e+00 4.328542036600435239e+00 4.328542099094419449e+00 4.328672484850291546e+00 4.328986992424184166e+00 5.936884082842507127e+00 6.408084484701210386e+03 7.633287940770412206e+03 9.259155045470224650e+03 6.570460707143842283e-02 2.818153833262814442e+04 4.684906292090856005e+04 7.529349726788263069e+04 1.242262296512003086e+05 1.723823385307697172e+05 4.426043737455317751e+05 2.458316649130370351e+05 2.510963654537957045e+05 1.000000000000000020e+30 4.075627883382082800e+05 4.217580290606952040e+05 4.322157512811108027e+05 4.348180407438948750e+05 1.000000000000000020e+30 1.000000000000000020e+30 1.000000000000000020e+30 3.638368325386446086e+05 2.708619670820606989e+05 1.649983372582662851e+05 1.330762267576743034e+05 1.155646291993267805e+05 1.063567286303943984e+05 9.559777528380163130e+04 7.924846638480169349e+04 5.556038174855288526e+04 2.554647607440927823e+04 5.394465718451613157e-02 1.000000000000000020e+30 1.000000000000000020e+30 1.000000000000000020e+30 1.000000000000000020e+30 1.000000000000000020e+30 1.000000000000000020e+30 1.000000000000000020e+30 1.000000000000000020e+30 1.000000000000000020e+30 1.000000000000000020e+30 1.000000000000000020e+30 1.000000000000000020e+30 1.000000000000000020e+30 1.000000000000000020e+30 1.000000000000000020e+30 1.000000000000000020e+30 1.000000000000000020e+30 1.000000000000000020e+30
1.000000000000000020e+30 4.328542010914122606e+00 4.328542087943733740e+00 4.328713388205606805e+00 4.328999984939355450e+00 5.198963466757368757e+00 5.690378206059209631e+00 4.805116935365302197e+03 7.641650158154962810e+03 4.325814939876027054e-02 4.850427700569928668e-02 5.964860379140266014e+04 9.468238898512348533e+04 1.517845469473077683e+05 4.422952161736889393e+05 2.625739768796856515e+05 2.828561764114471735e+05 1.000000000000000020e+30 1.000000000000000020e+30 1.000000000000000020e+30 1.000000000000000020e+30 1.000000000000000020e+30 1.000000000000000020e+30 1.000000000000000020e+30 1.000000000000000020e+30 1.000000000000000020e+30 1.000000000000000020e+30 1.000000000000000020e+30 4.570033919381888118e+05 3.939199513373722439e+05 2.744670703197542462e+05 1.643498074448005646e+05 1.437737574883105990e+05 1.301590695458935079e+05 1.142988501829763700e+05 9.386101251865446102e+04 6.780453825396172761e+04 3.619279133228331921e+04 6.991406899709710909e-02 1.000000000000000020e+30 1.000000000000000020e+30 1.000000000000000020e+30 1.000000000000000020e+30 1.000000000000000020e+30 1.000000000000000020e+30 1.000000000000000020e+30 1.000000000000000020e+30 1.000000000000000020e+30 1.000000000000000020e+30 1.000000000000000020e+30 1.000000000000000020e+30 1.000000000000000020e+30 1.000000000000000020e+30 1.000000000000000020e+30 1.000000000000000020e+30 1.000000000000000020e+30 1.000000000000000020e+30
1.000000000000000020e+30 1.000000000000000020e+30 4.328884681831908665e+00 5.471792859895922234e+00 6.514447014027888727e+00 5.876527025697878344e+03 4.885237490836594588e+03 4.955689799500612169e-02 5.415143326518423450e-02 6.672556149756282684e+04 1.043749451242825307e+05 1.452820053961300582e+05 1.000000000000000020e+30 1.000000000000000020e+30 1.000000000000000020e+30 1.000000000000000020e+30 1.000000000000000020e+30 1.000000000000000020e+30 1.000000000000000020e+30 1.000000000000000020e+30 1.000000000000000020e+30 1.000000000000000020e+30 1.000000000000000020e+30 1.000000000000000020e+30 1.000000000000000020e+30 1.000000000000000020e+30 1.000000000000000020e+30 1.000000000000000020e+30 1.000000000000000020e+30 1.000000000000000020e+30 2.897829020967322867e+05 1.987379607701076602e+05 1.643646313346577808e+05 1.461752663922234497e+05 1.271608767168696068e+05 1.036755285848101921e+05 7.518729870015692723e+04 4.099536551742492156e+04 7.711792446930369749e-02 1.000000000000000020e+30 1.000000000000000020e+30 1.000000000000000020e+30 1.000000000000000020e+30 1.000000000000000020e+30 1.000000000000000020e+30 1.000000000000000020e+30 1.000000000000000020e+30 1.000000000000000020e+30 1.000000000000000020e+30 1.000000000000000020e+30 1.000000000000000020e+30 1.000000000000000020e+30 1.000000000000000020e+30 1.000000000000000020e+30 1.000000000000000020e+30 1.000000000000000020e+30 1.000000000000000020e+30
1.000000000000000020e+30 1.000000000000000020e+30 5.471807915008566781e+00 7.870549700707507327e+03 9.799006451119475969e+03 8.476689950898073221e+03 7.806143386899969117e-02 3.855249956696984736e+04 1.162059642609635339e+05 1.616438394411586924e+05 1.000000000000000020e+30 1.000000000000000020e+30 1.000000000000000020e+30 1.000000000000000020e+30 1.000000000000000020e+30 1.000000000000000020e+30 1.000000000000000020e+30 1.000000000000000020e+30 1.000000000000000020e+30 1.000000000000000020e+30 1.000000000000000020e+30 1.000000000000000020e+30 1.000000000000000020e+30 1.000000000000000020e+30 1.000000000000000020e+30 1.000000000000000020e+30 1.000000000000000020e+30 1.000000000000000020e+30 1.000000000000000020e+30 1.000000000000000020e+30 1.000000000000000020e+30 2.392197554964138835e+05 1.838495928984285274e+05 1.571336658846740902e+05 1.340771950417461630e+05 1.080762597356972547e+05 7.785709371632382681e+04 4.217653140383715072e+04 7.888966994950732947e-02 1.000000000000000020e+30 1.000000000000000020e+30 1.000000000000000020e+30 1.000000000000000020e+30 1.000000000000000020e+30 1.000000000000000020e+30 1.000000000000000020e+30 1.000000000000000020e+30 1.000000000000000020e+30 1.000000000000000020e+30 1.000000000000000020e+30 1.000000000000000020e+30 1.000000000000000020e+30 1.000000000000000020e+30 1.000000000000000020e+30 1.000000000000000020e+30 1.000000000000000020e+30 1.000000000000000020e+30
1.000000000000000020e+30 1.000000000000000020e+30 1.000000000000000020e+30 1.168587989996528449e+04 1.133017139010680876e+04 7.960962160857382175e-02 6.028799482132928097e+04 1.521941282347432279e+05 2.152775110523126204e+05 1.000000000000000020e+30 1.000000000000000020e+30 1.000000000000000020e+30 1.000000000000000020e+30 1.000000000000000020e+30 1.000000000000000020e+30 1.000000000000000020e+30 1.000000000000000020e+30 1.000000000000000020e+30 1.000000000000000020e+30 1.000000000000000020e+30 1.000000000000000020e+30 1.000000000000000020e+30 1.000000000000000020e+30 1.000000000000000020e+30 1.000000000000000020e+30 1.000000000000000020e+30 1.000000000000000020e+30 1.000000000000000020e+30 1.000000000000000020e+30 1.000000000000000020e+30 1.000000000000000020e+30 1.000000000000000020e+30 2.253358198743505636e+05 1.720276941455754859e+05 1.375834310006045853e+05 1.062785549330354261e+05 7.557161630245773995e+04 3.942884194457437115e+04 7.476813472063613408e-02 1.000000000000000020e+30 1.000000000000000020e+30 1.000000000000000020e+30 1.000000000000000020e+30 1.000000000000000020e+30 1.000000000000000020e+30 1.000000000000000020e+30 1.000000000000000020e+30 1.000000000000000020e+30 1.000000000000000020e+30 1.000000000000000020e+30 1.000000000000000020e+30 1.000000000000000020e+30 1.000000000000000020e+30 1.000000000000000020e+30 1.000000000000000020e+30 1.000000000000000020e+30 1.000000000000000020e+30
1.000000000000000020e+30 1.000000000000000020e+30 1.000000000000000020e+30 2.621880772451665870e-02 7.325359135801129407e-02 1.139729094651049090e+05 2.086891277285756660e+05 2.585666279837167531e+05 1.000000000000000020e+30 1.000000000000000020e+30 1.000000000000000020e+30 1.000000000000000020e+30 1.000000000000000020e+30 1.000000000000000020e+30 1.000000000000000020e+30 1.000000000000000020e+30 1.000000000000000020e+30 1.000000000000000020e+30 1.000000000000000020e+30 1.000000000000000020e+30 1.000000000000000020e+30 1.000000000000000020e+30 1.000000000000000020e+30 1.000000000000000020e+30 1.000000000000000020e+30 1.000000000000000020e+30 1.000000000000000020e+30 1.000000000000000020e+30 1.000000000000000020e+30 1.000000000000000020e+30 1.000000000000000020e+30 1.000000000000000020e+30 1.000000000000000020e+30 2.115449077797715727e+05 1.489681792311203608e+05 9.908659909751091618e+04 6.830530589162262913e+04 2.954239509815764904e+04 5.993845855602812633e-02 1.000000000000000020e+30 1.000000000000000020e+30 1.000000000000000020e+30 1.000000000000000020e+30 1.000000000000000020e+30 1.000000000000000020e+30 1.000000000000000020e+30 1.000000000000000020e+30 1.000000000000000020e+30 1.000000000000000020e+30 1.000000000000000020e+30 1.000000000000000020e+30 1.000000000000000020e+30 1.000000000000000020e+30 1.000000000000000020e+30 1.000000000000000020e+30 1.000000000000000020e+30 1.000000000000000020e+30
1.000000000000000020e+30 1.000000000000000020e+30 1.000000000000000020e+30 1.000000000000000020e+30 3.889250003993036225e+05 3.101028527934132144e+05 3.375209902626172407e+05 1.000000000000000020e+30 1.000000000000000020e+30 1.000000000000000020e+30 1.000000000000000020e+30 1.000000000000000020e+30 1.000000000000000020e+30 1.000000000000000020e+30 1.000000000000000020e+30 1.000000000000000020e+30 1.000000000000000020e+30 1.000000000000000020e+30 1.000000000000000020e+30 1.000000000000000020e+30 1.000000000000000020e+30 1.000000000000000020e+30 1.000000000000000020e+30 1.000000000000000020e+30 1.000000000000000020e+30 1.000000000000000020e+30 1.000000000000000020e+30 1.000000000000000020e+30 1.000000000000000020e+30 1.000000000000000020e+30 1.000000000000000020e+30 1.000000000000000020e+30 1.000000000000000020e+30 1.000000000000000020e+30 1.663265737847280689e+05 9.360198385365678405e+04 6.126542701553072402e+04 1.518360734114532207e-01 1.562527078598582170e-02 1.000000000000000020e+30 1.000000000000000020e+30 1.000000000000000020e+30 1.000000000000000020e+30 1.000000000000000020e+30 1.000000000000000020e+30 1.000000000000000020e+30 1.000000000000000020e+30 1.000000000000000020e+30 1.000000000000000020e+30 1.000000000000000020e+30 1.000000000000000020e+30 1.000000000000000020e+30 1.000000000000000020e+30 1.000000000000000020e+30 1.000000000000000020e+30 1.000000000000000020e+30 1.000000000000000020e+30
1.000000000000000020e+30 1.000000000000000020e+30 1.000000000000000020e+30 1.000000000000000020e+30 6.753833375368101988e+05 1.000000000000000020e+30 1.000000000000000020e+30 1.000000000000000020e+30 1.000000000000000020e+30 1.000000000000000020e+30 1.000000000000000020e+30 1.000000000000000020e+30 1.000000000000000020e+30 1.000000000000000020e+30 1.000000000000000020e+30 1.000000000000000020e+30 1.000000000000000020e+30 1.000000000000000020e+30 1.000000000000000020e+30 1.000000000000000020e+30 1.000000000000000020e+30 1.000000000000000020e+30 1.000000000000000020e+30 1.000000000000000020e+30 1.000000000000000020e+30 1.000000000000000020e+30 1.000000000000000020e+30 1.000000000000000020e+30 1.000000000000000020e+30 1.000000000000000020e+30 1.000000000000000020e+30 1.000000000000000020e+30 1.000000000000000020e+30 1.000000000000000020e+30 1.000000000000000020e+30 9.595081662640141440e+04 8.090620962846206385e+04 1.000000000000000020e+30 1.000000000000000020e+30 1.000000000000000020e+30 1.000000000000000020e+30 1.000000000000000020e+30 1.000000000000000020e+30 1.000000000000000020e+30 1.000000000000000020e+30 1.000000000000000020e+30 1.000000000000000020e+30 1.000000000000000020e+30 1.000000000000000020e+30 1.000000000000000020e+30 1.000000000000000020e+30 1.000000000000000020e+30 1.000000000000000020e+30 1.000000000000000020e+30 1.000000000000000020e+30 1.000000000000000020e+30 1.000000000000000020e+30
