1.000000000000000020e+30 1.000000000000000020e+30 1.000000000000000020e+30 1.000000000000000020e+30 1.000000000000000020e+30 1.000000000000000020e+30 1.000000000000000020e+30 1.000000000000000020e+30 1.000000000000000020e+30 1.000000000000000020e+30 1.000000000000000020e+30 1.000000000000000020e+30 1.000000000000000020e+30 1.000000000000000020e+30 1.000000000000000020e+30 1.000000000000000020e+30 1.000000000000000020e+30 1.000000000000000020e+30 1.000000000000000020e+30 1.000000000000000020e+30 1.000000000000000020e+30 1.000000000000000020e+30 1.000000000000000020e+30 1.000000000000000020e+30 1.000000000000000020e+30 1.000000000000000020e+30 1.000000000000000020e+30 1.000000000000000020e+30 1.000000000000000020e+30 1.000000000000000020e+30 1.000000000000000020e+30 1.000000000000000020e+30 1.000000000000000020e+30 1.000000000000000020e+30 1.000000000000000020e+30 1.000000000000000020e+30 1.000000000000000020e+30 1.000000000000000020e+30 1.000000000000000020e+30 1.000000000000000020e+30 1.000000000000000020e+30 1.000000000000000020e+30 1.000000000000000020e+30 1.000000000000000020e+30 1.000000000000000020e+30 1.000000000000000020e+30 1.000000000000000020e+30 1.000000000000000020e+30 1.000000000000000020e+30 1.000000000000000020e+30 1.000000000000000020e+30 1.000000000000000020e+30 1.000000000000000020e+30 1.000000000000000020e+30 1.000000000000000020e+30 1.000000000000000020e+30 1.000000000000000020e+30
1.000000000000000020e+30 1.000000000000000020e+30 1.000000000000000020e+30 1.000000000000000020e+30 1.000000000000000020e+30 1.000000000000000020e+30 1.000000000000000020e+30 1.000000000000000020e+30 1.000000000000000020e+30 1.000000000000000020e+30 1.000000000000000020e+30 1.000000000000000020e+30 1.000000000000000020e+30 1.000000000000000020e+30 1.000000000000000020e+30 1.000000000000000020e+30 1.000000000000000020e+30 1.000000000000000020e+30 1.000000000000000020e+30 1.000000000000000020e+30 1.000000000000000020e+30 1.000000000000000020e+30 1.000000000000000020e+30 1.000000000000000020e+30 1.000000000000000020e+30 1.000000000000000020e+30 1.000000000000000020e+30 1.926852867745252995e+00 1.926852867655108659e+00 1.926852867736315700e+00 1.926852867736322805e+00 1.926852867736322805e+00 1.926852867736322805e+00 1.926852867736322805e+00 1.926852867736322805e+00 1.926852867736322805e+00 1.926852867736322805e+00 1.926852867736322805e+00 1.926852867736322805e+00 1.926852867736322805e+00 1.926852867736315700e+00 1.926852867655108659e+00 1.926852867745252995e+00 1.000000000000000020e+30 1.000000000000000020e+30 1.000000000000000020e+30 1.000000000000000020e+30 1.000000000000000020e+30 1.000000000000000020e+30 1.000000000000000020e+30 1.000000000000000020e+30 1.000000000000000020e+30 1.000000000000000020e+30 1.000000000000000020e+30 1.000000000000000020e+30 1.000000000000000020e+30 1.000000000000000020e+30
1.000000000000000020e+30 1.000000000000000020e+30 1.000000000000000020e+30 1.000000000000000020e+30 1.000000000000000020e+30 1.000000000000000020e+30 1.000000000000000020e+30 1.000000000000000020e+30 1.000000000000000020e+30 1.000000000000000020e+30 1.000000000000000020e+30 1.000000000000000020e+30 1.000000000000000020e+30 1.000000000000000020e+30 1.000000000000000020e+30 1.000000000000000020e+30 1.000000000000000020e+30 1.000000000000000020e+30 1.000000000000000020e+30 1.000000000000000020e+30 1.000000000000000020e+30 1.000000000000000020e+30 1.000000000000000020e+30 1.000000000000000020e+30 1.926852867745252995e+00 1.926852867655116652e+00 1.926852867817527182e+00 1.926852867727405716e+00 1.926852867889802701e+00 1.926852867889826904e+00 1.926852867889826904e+00 1.926852867889826904e+00 1.926852867889826904e+00 1.926852867889826904e+00 1.926852867889826904e+00 1.926852867889826904e+00 1.926852867889826904e+00 1.926852867889826904e+00 1.926852867889826904e+00 1.926852867889826904e+00 1.926852867889826904e+00 1.926852867889802701e+00 1.926852867727402607e+00 1.926852867799447200e+00 1.926852772293180749e+00 1.926416684784667988e+00 1.547598390639547475e-02 1.926416589468364249e+00 1.000000000000000020e+30 1.000000000000000020e+30 1.000000000000000020e+30 1.000000000000000020e+30 1.000000000000000020e+30 1.000000000000000020e+30 1.000000000000000020e+30 1.000000000000000020e+30 1.000000000000000020e+30
1.000000000000000020e+30 1.000000000000000020e+30 1.000000000000000020e+30 1.000000000000000020e+30 1.000000000000000020e+30 1.000000000000000020e+30 1.000000000000000020e+30 1.000000000000000020e+30 1.000000000000000020e+30 1.000000000000000020e+30 1.000000000000000020e+30 1.000000000000000020e+30 1.000000000000000020e+30 1.000000000000000020e+30 1.000000000000000020e+30 1.000000000000000020e+30 1.000000000000000020e+30 1.000000000000000020e+30 1.000000000000000020e+30 1.000000000000000020e+30 1.000000000000000020e+30 1.926852867745252995e+00 1.926852867655116652e+00 1.926852867817527182e+00 1.926852867727405716e+00 1.926852867889802701e+00 1.926852867889843335e+00 1.926852867971041050e+00 1.926852867971065919e+00 1.926852867971065919e+00 1.926852867971065919e+00 1.926852867971065919e+00 1.926852867971065919e+00 1.926852867971065919e+00 1.926852867971065919e+00 1.926852867971065919e+00 1.926852867971065919e+00 1.926852867971065919e+00 1.926852867971065919e+00 1.926852867971065919e+00 1.926852867971065919e+00 1.926852867971065919e+00 1.926852867971036831e+00 1.926852867871986952e+00 1.926852773090593551e+00 1.926417634613987850e+00 1.547598391652792518e-02 1.926417731950074375e+00 1.926852773066301872e+00 1.000000000000000020e+30 1.000000000000000020e+30 1.000000000000000020e+30 1.000000000000000020e+30 1.000000000000000020e+30 1.000000000000000020e+30 1.000000000000000020e+30 1.000000000000000020e+30
1.000000000000000020e+30 1.000000000000000020e+30 1.000000000000000020e+30 1.000000000000000020e+30 1.000000000000000020e+30 1.000000000000000020e+30 1.000000000000000020e+30 1.000000000000000020e+30 1.000000000000000020e+30 1.000000000000000020e+30 1.000000000000000020e+30 1.000000000000000020e+30 1.000000000000000020e+30 1.000000000000000020e+30 1.000000000000000020e+30 1.000000000000000020e+30 1.000000000000000020e+30 1.000000000000000020e+30 1.926852867745252995e+00 1.926852867655116652e+00 1.926852867817527182e+00 1.926852867727405716e+00 1.926852867889802701e+00 1.926852867889843335e+00 1.926852867971041050e+00 1.926852867971065919e+00 1.926852867971065919e+00 1.926852867971074357e+00 1.926852867971074357e+00 1.926852867971074357e+00 1.926852867971074357e+00 1.926852867971074357e+00 1.926852867971074357e+00 1.926852867971074357e+00 1.926852867971074357e+00 1.926852867971074357e+00 1.926852867971074357e+00 1.926852867971074357e+00 1.926852867971074357e+00 1.926852867971074357e+00 1.926852867971074357e+00 1.926852867971074357e+00 1.926852867971058370e+00 1.926852867896647226e+00 1.926852578124906623e+00 1.925978647241162633e+00 1.547882602639782078e-02 1.926417968350284005e+00 1.926852773033532973e+00 1.926852867808672709e+00 1.000000000000000020e+30 1.000000000000000020e+30 1.000000000000000020e+30 1.000000000000000020e+30 1.000000000000000020e+30 1.000000000000000020e+30 1.000000000000000020e+30
1.000000000000000020e+30 1.000000000000000020e+30 1.000000000000000020e+30 1.000000000000000020e+30 1.000000000000000020e+30 1.000000000000000020e+30 1.000000000000000020e+30 1.000000000000000020e+30 1.000000000000000020e+30 1.000000000000000020e+30 1.000000000000000020e+30 1.000000000000000020e+30 1.000000000000000020e+30 1.000000000000000020e+30 1.000000000000000020e+30 1.000000000000000020e+30 1.926852867745253439e+00 1.926852867736319919e+00 1.926852867727397722e+00 1.926852867889802701e+00 1.926852867889843335e+00 1.926852867971041050e+00 1.926852867971065919e+00 1.926852867971065919e+00 1.926852867971074357e+00 1.926852867971074357e+00 1.926852867971074357e+00 1.926852867971074357e+00 1.926852867971074357e+00 1.926852867971074357e+00 1.926852867971074357e+00 1.926852867971074357e+00 1.926852867971074357e+00 1.926852867971074357e+00 1.926852867971074357e+00 1.926852867971074357e+00 1.926852867971074357e+00 1.926852867971074357e+00 1.926852867971074357e+00 1.926852867971074357e+00 1.926852867971074357e+00 1.926852867971070360e+00 1.926852867952165704e+00 1.926852770259387837e+00 1.926413350945205272e+00 1.547882602378052204e-02 1.925978644093877978e+00 1.926852581163551070e+00 1.926852867898772859e+00 1.926852867727399277e+00 1.926852867736319919e+00 1.926852867745253439e+00 1.000000000000000020e+30 1.000000000000000020e+30 1.000000000000000020e+30 1.000000000000000020e+30 1.000000000000000020e+30
1.000000000000000020e+30 1.000000000000000020e+30 1.000000000000000020e+30 1.000000000000000020e+30 1.000000000000000020e+30 1.000000000000000020e+30 1.000000000000000020e+30 1.000000000000000020e+30 1.000000000000000020e+30 1.000000000000000020e+30 1.000000000000000020e+30 1.000000000000000020e+30 1.000000000000000020e+30 1.000000000000000020e+30 1.000000000000000020e+30 1.926852867826462923e+00 1.926852867646197565e+00 1.926852867889810472e+00 1.926852867971041050e+00 1.926852867971065919e+00 1.926852867971065919e+00 1.926852867971074357e+00 1.926852867971074357e+00 1.926852867971074357e+00 1.926852867971074357e+00 1.926852867971074357e+00 1.926852867971074357e+00 1.926852867971074357e+00 1.926852867971074357e+00 1.926852867971074357e+00 1.926852867971074357e+00 1.926852867971074357e+00 1.926852867971074357e+00 1.926852867971074357e+00 1.926852867971074357e+00 1.926852867971074357e+00 1.926852867971074357e+00 1.926852867971074357e+00 1.926852867971074357e+00 1.926852867971074357e+00 1.926852867971074357e+00 1.926852867971039052e+00 1.926852867838146244e+00 1.926852476196236896e+00 1.925973186523406211e+00 1.547882600701710673e-02 1.926412996408987777e+00 1.926852770042615903e+00 1.926852867952095982e+00 1.926852867971037275e+00 1.926852867889806253e+00 1.926852867646182244e+00 1.926852867807587799e+00 1.000000000000000020e+30 1.000000000000000020e+30 1.000000000000000020e+30 1.000000000000000020e+30
1.000000000000000020e+30 1.000000000000000020e+30 1.000000000000000020e+30 1.000000000000000020e+30 1.000000000000000020e+30 1.000000000000000020e+30 1.000000000000000020e+30 1.000000000000000020e+30 1.000000000000000020e+30 1.000000000000000020e+30 1.000000000000000020e+30 1.000000000000000020e+30 1.000000000000000020e+30 1.000000000000000020e+30 1.926852867826462923e+00 1.926852867646215550e+00 1.926852867971007521e+00 1.926852867971065919e+00 1.926852867971074357e+00 1.926852867971074357e+00 1.926852867971074357e+00 1.926852867971074357e+00 1.926852867971074357e+00 1.926852867971074357e+00 1.926852867971074357e+00 1.926852867971074357e+00 1.926852867971074357e+00 1.926852867971074357e+00 1.926852867971074357e+00 1.926852867971074357e+00 1.926852867971074357e+00 1.926852867971074357e+00 1.926852867971074357e+00 1.926852867971074357e+00 1.926852867971074357e+00 1.926852867971074357e+00 1.926852867971074357e+00 1.926852867971074357e+00 1.926852867971074357e+00 1.926852867971074357e+00 1.926852867971057481e+00 1.926852867895101129e+00 1.926852574098222970e+00 1.925973155621440558e+00 1.548166810687331800e-02 1.925973284102213468e+00 1.926852574271480156e+00 1.926852867895195054e+00 1.926852867971054595e+00 1.926852867971057925e+00 1.926852867952252524e+00 1.926852867895576527e+00 1.926852769998887771e+00 1.926852672369176345e+00 1.000000000000000020e+30 1.000000000000000020e+30 1.000000000000000020e+30
1.000000000000000020e+30 1.000000000000000020e+30 1.000000000000000020e+30 1.000000000000000020e+30 1.000000000000000020e+30 1.000000000000000020e+30 1.000000000000000020e+30 1.000000000000000020e+30 1.000000000000000020e+30 1.000000000000000020e+30 1.000000000000000020e+30 1.000000000000000020e+30 1.000000000000000020e+30 1.926852867826462923e+00 1.926852867646215550e+00 1.926852867971007521e+00 1.926852867971074357e+00 1.926852867971074357e+00 1.926852867971074357e+00 1.926852867971074357e+00 1.926852867971074357e+00 1.926852867971074357e+00 1.926852867971074357e+00 1.926852867971074357e+00 1.926852867971074357e+00 1.926852867971074357e+00 1.926852867971074357e+00 1.926852867971074357e+00 1.926852867971074357e+00 1.926852867971074357e+00 1.926852867971074357e+00 1.926852867971074357e+00 1.926852867971074357e+00 1.926852867971074357e+00 1.926852867971074357e+00 1.926852867971074357e+00 1.926852867971074357e+00 1.926852867971074357e+00 1.926852867971074357e+00 1.926852867971070360e+00 1.926852867952062232e+00 1.926852769952679179e+00 1.926412864053253182e+00 1.547882600643246849e-02 1.925973057618195261e+00 1.926852476195934027e+00 1.926852867838204864e+00 1.926852867971021954e+00 1.926852867952319137e+00 1.926852867895742838e+00 1.926852770505601331e+00 1.926852575245638022e+00 1.926413390359230204e+00 1.925973905366302530e+00 1.547598258642437531e-02 1.000000000000000020e+30 1.000000000000000020e+30
1.000000000000000020e+30 1.000000000000000020e+30 1.000000000000000020e+30 1.000000000000000020e+30 1.000000000000000020e+30 1.000000000000000020e+30 1.000000000000000020e+30 1.000000000000000020e+30 1.000000000000000020e+30 1.000000000000000020e+30 1.000000000000000020e+30 1.000000000000000020e+30 1.926852867826462923e+00 1.926852867646215550e+00 1.926852867971007521e+00 1.926852867971074357e+00 1.926852867971074357e+00 1.926852867971074357e+00 1.926852867971074357e+00 1.926852867971074357e+00 1.926852867971074357e+00 1.926852867971074357e+00 1.926852867971074357e+00 1.926852867971074357e+00 1.926852867971074357e+00 1.926852867971074357e+00 1.926852867971074357e+00 1.926852867971074357e+00 1.926852867971074357e+00 1.926852867971074357e+00 1.926852867971074357e+00 1.926852867971074357e+00 1.926852867971074357e+00 1.926852867971074357e+00 1.926852867971074357e+00 1.926852867971074357e+00 1.926852867971074357e+00 1.926852867971074357e+00 1.926852867971074357e+00 1.926852867971057481e+00 1.926852867894980337e+00 1.926852573836959959e+00 1.925972850727065477e+00 1.547882600544355641e-02 1.926412716245079260e+00 1.926852769834872525e+00 1.926852867933868119e+00 1.926852867895908039e+00 1.926852770672253135e+00 1.926852575331787332e+00 1.926413690411702406e+00 1.925974303492619333e+00 1.547882601081268863e-02 1.547882600839199305e-02 1.925973807827497053e+00 1.000000000000000020e+30 1.000000000000000020e+30
1.000000000000000020e+30 1.000000000000000020e+30 1.000000000000000020e+30 1.000000000000000020e+30 1.000000000000000020e+30 1.000000000000000020e+30 1.000000000000000020e+30 1.000000000000000020e+30 1.000000000000000020e+30 1.000000000000000020e+30 1.000000000000000020e+30 1.926852867826441162e+00 1.926852867646215550e+00 1.926852867971007521e+00 1.926852867971074357e+00 1.926852867971074357e+00 1.926852867971074357e+00 1.926852867971074357e+00 1.926852867971074357e+00 1.926852867971074357e+00 1.926852867971074357e+00 1.926852867971074357e+00 1.926852867971074357e+00 1.926852867971074357e+00 1.926852867971074357e+00 1.926852867971074357e+00 1.926852867971074357e+00 1.926852867971074357e+00 1.926852867971074357e+00 1.926852867971074357e+00 1.926852867971074357e+00 1.926852867971074357e+00 1.926852867971074357e+00 1.926852867971074357e+00 1.926852867971074357e+00 1.926852867971074357e+00 1.926852867971074357e+00 1.926852867971074357e+00 1.926852867971070360e+00 1.926852867952045356e+00 1.926852769905563978e+00 1.926412806325658034e+00 1.547882600126987765e-02 1.925972850606278763e+00 1.926852573804570534e+00 1.926852867821868154e+00 1.926852772370266864e+00 1.926852575637641785e+00 1.926413939469511227e+00 1.925974132353684753e+00 1.547882601074936082e-02 1.547882601095879052e-02 1.925974303163897394e+00 1.926413230977148450e+00 1.926852574607859969e+00 1.926852867666979607e+00 1.000000000000000020e+30
1.000000000000000020e+30 1.000000000000000020e+30 1.000000000000000020e+30 1.000000000000000020e+30 1.000000000000000020e+30 1.000000000000000020e+30 1.000000000000000020e+30 1.000000000000000020e+30 1.000000000000000020e+30 1.000000000000000020e+30 1.926852663705583835e+00 1.926852867523378032e+00 1.926852867970956673e+00 1.926852867971070360e+00 1.926852867971074357e+00 1.926852867971074357e+00 1.926852867971074357e+00 1.926852867971074357e+00 1.926852867971074357e+00 1.926852867971074357e+00 1.926852867971074357e+00 1.926852867971074357e+00 1.926852867971074357e+00 1.926852867971074357e+00 1.926852867971074357e+00 1.926852867971074357e+00 1.926852867971074357e+00 1.926852867971074357e+00 1.926852867971074357e+00 1.926852867971074357e+00 1.926852867971074357e+00 1.926852867971074357e+00 1.926852867971074357e+00 1.926852867971074357e+00 1.926852867971074357e+00 1.926852867971074357e+00 1.926852867971074357e+00 1.926852867971074357e+00 1.926852867971070360e+00 1.926852867952036252e+00 1.926852769869885407e+00 1.926412711411845669e+00 1.547598390146513736e-02 1.926412613334768764e+00 1.926852673084182177e+00 1.926852579693234979e+00 1.926416478058712967e+00 1.925974340401096052e+00 1.547882601174406514e-02 1.547882600973895725e-02 1.925974132030106700e+00 1.926413487758642518e+00 1.926852470430367781e+00 1.926852665129220155e+00 1.926852762700671962e+00 1.926852762499938754e+00 1.000000000000000020e+30
1.000000000000000020e+30 1.000000000000000020e+30 1.000000000000000020e+30 1.000000000000000020e+30 1.000000000000000020e+30 1.000000000000000020e+30 1.000000000000000020e+30 1.000000000000000020e+30 1.000000000000000020e+30 1.547598254855134248e-02 1.925961003045164155e+00 1.926852459468268997e+00 1.926852867806907899e+00 1.926852867950362924e+00 1.926852867971056371e+00 1.926852867971070360e+00 1.926852867971070360e+00 1.926852867971070360e+00 1.926852867971074357e+00 1.926852867971074357e+00 1.926852867971074357e+00 1.926852867971074357e+00 1.926852867971074357e+00 1.926852867971074357e+00 1.926852867971074357e+00 1.926852867971074357e+00 1.926852867971074357e+00 1.926852867971074357e+00 1.926852867971074357e+00 1.926852867971074357e+00 1.926852867971074357e+00 1.926852867971074357e+00 1.926852867971074357e+00 1.926852867971074357e+00 1.926852867971074357e+00 1.926852867971074357e+00 1.926852867971074357e+00 1.926852867971074357e+00 1.926852867971070360e+00 1.926852867951968751e+00 1.926852769677022348e+00 1.926412410569988687e+00 1.547598389611360911e-02 1.926412219316067764e+00 1.926414692515293181e+00 1.925977893858228818e+00 1.547882602621393142e-02 1.547882601029943427e-02 1.925974338064577962e+00 1.926413016804693124e+00 1.926852470340464585e+00 1.926852456083449905e+00 1.926402618214371421e+00 1.926402294727553643e+00 1.926402228269170402e+00 1.926402165940371614e+00 1.000000000000000020e+30
1.000000000000000020e+30 1.000000000000000020e+30 1.000000000000000020e+30 1.000000000000000020e+30 1.000000000000000020e+30 1.000000000000000020e+30 1.000000000000000020e+30 1.000000000000000020e+30 1.926852663664529342e+00 1.925960900837362821e+00 1.547882529034145908e-02 1.925960369225330870e+00 1.926852458612069663e+00 1.926852765226572117e+00 1.926852867890799903e+00 1.926852867950434867e+00 1.926852867950352044e+00 1.926852867950417991e+00 1.926852867971055483e+00 1.926852867971074357e+00 1.926852867971074357e+00 1.926852867971074357e+00 1.926852867971074357e+00 1.926852867971074357e+00 1.926852867971074357e+00 1.926852867971074357e+00 1.926852867971074357e+00 1.926852867971074357e+00 1.926852867971074357e+00 1.926852867971074357e+00 1.926852867971074357e+00 1.926852867971074357e+00 1.926852867971074357e+00 1.926852867971074357e+00 1.926852867971074357e+00 1.926852867971074357e+00 1.926852867971074357e+00 1.926852867971074357e+00 1.926852867971057481e+00 1.926852867894532917e+00 1.926852572948233311e+00 1.925972070477161679e+00 1.547598192917013470e-02 1.925537289674259522e+00 1.547882536543056069e-02 1.547882602248422737e-02 1.925977892642009692e+00 1.926412976359866969e+00 1.926852470716652999e+00 1.926852456752524034e+00 1.926403117300663714e+00 1.925952906433090250e+00 1.547882592615448805e-02 1.547598387020538042e-02 1.547598386585407639e-02 1.547598386382388960e-02 1.000000000000000020e+30
1.000000000000000020e+30 1.000000000000000020e+30 1.000000000000000020e+30 1.000000000000000020e+30 1.000000000000000020e+30 1.000000000000000020e+30 1.000000000000000020e+30 1.926852867805913583e+00 1.926852765315561156e+00 1.926406388580213402e+00 1.547598388694792874e-02 1.547882528653475587e-02 1.925959682645425053e+00 1.926405831672687974e+00 1.926852566759647223e+00 1.926852765387017330e+00 1.926852765155352643e+00 1.926852765350229424e+00 1.926852867888488197e+00 1.926852867971034167e+00 1.926852867971070360e+00 1.926852867971074357e+00 1.926852867971074357e+00 1.926852867971074357e+00 1.926852867971074357e+00 1.926852867971074357e+00 1.926852867971074357e+00 1.926852867971074357e+00 1.926852867971074357e+00 1.926852867971074357e+00 1.926852867971074357e+00 1.926852867971074357e+00 1.926852867971074357e+00 1.926852867971074357e+00 1.926852867971074357e+00 1.926852867971074357e+00 1.926852867971074357e+00 1.926852867971070360e+00 1.926852867951914794e+00 1.926852769538020649e+00 1.926412256397246781e+00 1.547598323477046220e-02 1.547313982743080997e-02 1.547882535750938655e-02 1.925977476733777838e+00 1.926413992238559914e+00 1.926852473912260777e+00 1.926852457564655730e+00 1.926403515022431012e+00 1.925953806059053530e+00 1.547882593391098661e-02 1.547882593095590079e-02 1.925952905880913946e+00 1.926402190198374109e+00 1.926402228247838799e+00 1.926402165940376499e+00 1.000000000000000020e+30
1.000000000000000020e+30 1.000000000000000020e+30 1.000000000000000020e+30 1.000000000000000020e+30 1.000000000000000020e+30 1.000000000000000020e+30 1.926852867826462923e+00 1.926852867646200007e+00 1.926852867909397915e+00 1.926852663391308340e+00 1.926406387765326578e+00 1.925959683038091619e+00 1.547882595597917417e-02 1.547882598407730737e-02 1.925969170862226409e+00 1.926405999391631374e+00 1.926405663417108949e+00 1.926405996063295767e+00 1.926852560225292832e+00 1.926852867826680971e+00 1.926852867950383796e+00 1.926852867971055483e+00 1.926852867971074357e+00 1.926852867971074357e+00 1.926852867971074357e+00 1.926852867971074357e+00 1.926852867971074357e+00 1.926852867971074357e+00 1.926852867971074357e+00 1.926852867971074357e+00 1.926852867971074357e+00 1.926852867971074357e+00 1.926852867971074357e+00 1.926852867971074357e+00 1.926852867971074357e+00 1.926852867971074357e+00 1.926852867971074357e+00 1.926852867971070360e+00 1.926852867951927895e+00 1.926852769564499468e+00 1.926412254901449961e+00 1.547598323900031478e-02 1.925972017161649230e+00 1.926415157982728221e+00 1.926852474559462625e+00 1.926852458630112785e+00 1.926403721943875214e+00 1.925954662730051004e+00 1.547882593707766534e-02 1.547882593409975575e-02 1.925953805697860677e+00 1.926402946671437633e+00 1.926852553952079994e+00 1.926852762837899968e+00 1.926852762776282590e+00 1.926852762581175327e+00 1.000000000000000020e+30
1.000000000000000020e+30 1.000000000000000020e+30 1.000000000000000020e+30 1.000000000000000020e+30 1.000000000000000020e+30 1.926852867745253439e+00 1.926852867646197565e+00 1.926852867971007521e+00 1.926852867971051708e+00 1.926852867909460532e+00 1.926852765619242680e+00 1.926852560574732864e+00 1.926406075509292215e+00 1.925969170867247282e+00 1.547882599502429374e-02 1.547598388163014954e-02 1.547598388031444158e-02 1.547882595039753138e-02 1.925959349865218995e+00 1.926852457982226374e+00 1.926852765275842927e+00 1.926852867888447562e+00 1.926852867971032390e+00 1.926852867971074357e+00 1.926852867971074357e+00 1.926852867971074357e+00 1.926852867971074357e+00 1.926852867971074357e+00 1.926852867971074357e+00 1.926852867971074357e+00 1.926852867971074357e+00 1.926852867971074357e+00 1.926852867971074357e+00 1.926852867971074357e+00 1.926852867971074357e+00 1.926852867971074357e+00 1.926852867971074357e+00 1.926852867971070360e+00 1.926852867951747816e+00 1.926852769058432280e+00 1.926411482979268674e+00 1.547598322445832217e-02 1.925963095966264582e+00 1.926403846060236180e+00 1.926403792901462797e+00 1.925955032693388080e+00 1.547882593849825468e-02 1.547882593735933586e-02 1.925954662428774888e+00 1.926403243138142596e+00 1.926852554752066737e+00 1.926852763316484918e+00 1.926852867885538778e+00 1.926852867949515602e+00 1.926852867868284358e+00 1.926852867714765383e+00 1.000000000000000020e+30
1.000000000000000020e+30 1.000000000000000020e+30 1.000000000000000020e+30 1.000000000000000020e+30 1.000000000000000020e+30 1.926852867736319919e+00 1.926852867889810472e+00 1.926852867971065919e+00 1.926852867971074357e+00 1.926852867971058592e+00 1.926852867950513915e+00 1.926852867888652288e+00 1.926852765412737867e+00 1.926852573514420630e+00 1.926416002210366241e+00 1.926406101992061748e+00 1.926405560871532474e+00 1.925959247132073004e+00 1.548166802518093597e-02 1.925959761233795309e+00 1.926405905696266796e+00 1.926852560139732828e+00 1.926852867826465809e+00 1.926852867971018402e+00 1.926852867971074357e+00 1.926852867971074357e+00 1.926852867971074357e+00 1.926852867971074357e+00 1.926852867971074357e+00 1.926852867971074357e+00 1.926852867971074357e+00 1.926852867971074357e+00 1.926852867971074357e+00 1.926852867971074357e+00 1.926852867971074357e+00 1.926852867971074357e+00 1.926852867971070138e+00 1.926852867971055261e+00 1.926852867899083055e+00 1.926852580935365822e+00 1.925976890453716894e+00 1.547598125444481568e-02 1.547313981404581373e-02 1.547598319772743557e-02 1.547598387485705183e-02 1.547882593456210119e-02 1.925955032603205108e+00 1.926403702798849649e+00 1.926852555632480923e+00 1.926852763514916411e+00 1.926852867885894716e+00 1.926852867949691239e+00 1.926852867971055261e+00 1.926852867971061922e+00 1.926852867889822685e+00 1.926852867736319030e+00 1.000000000000000020e+30
1.000000000000000020e+30 1.000000000000000020e+30 1.000000000000000020e+30 1.000000000000000020e+30 1.926852867745261655e+00 1.926852867727397722e+00 1.926852867971041050e+00 1.926852867971074357e+00 1.926852867971074357e+00 1.926852867971074357e+00 1.926852867971070360e+00 1.926852867971055483e+00 1.926852867950441084e+00 1.926852867895629151e+00 1.926852772042965567e+00 1.926852765448986426e+00 1.926852765072925910e+00 1.926852457982101141e+00 1.925959863784861170e+00 1.547882595686548429e-02 1.547882595424447671e-02 1.925959240852986420e+00 1.926852457468977819e+00 1.926852867805702862e+00 1.926852867971013517e+00 1.926852867971074357e+00 1.926852867971074357e+00 1.926852867971074357e+00 1.926852867971074357e+00 1.926852867971074357e+00 1.926852867971074357e+00 1.926852867971074357e+00 1.926852867971074357e+00 1.926852867971074357e+00 1.926852867971074357e+00 1.926852867971055483e+00 1.926852867950137549e+00 1.926852867932630886e+00 1.926852774243894117e+00 1.926419310872034441e+00 1.547882468521158406e-02 1.925080370965239096e+00 1.547882395792086162e-02 1.925955783428314749e+00 1.926403793400951692e+00 1.926403970327470017e+00 1.926852556010625106e+00 1.926852763822419323e+00 1.926852867886320375e+00 1.926852867949762071e+00 1.926852867971055261e+00 1.926852867971069916e+00 1.926852867971074357e+00 1.926852867971065919e+00 1.926852867889826904e+00 1.926852867736322805e+00 1.000000000000000020e+30
1.000000000000000020e+30 1.000000000000000020e+30 1.000000000000000020e+30 1.000000000000000020e+30 1.926852867736319919e+00 1.926852867889818910e+00 1.926852867971065919e+00 1.926852867971074357e+00 1.926852867971074357e+00 1.926852867971074357e+00 1.926852867971074357e+00 1.926852867971074357e+00 1.926852867971070360e+00 1.926852867971057925e+00 1.926852867952808968e+00 1.926852867950457293e+00 1.926852867950315407e+00 1.926852867826922777e+00 1.926852560892166499e+00 1.926406407518427510e+00 1.925959138637961088e+00 1.548166802284902006e-02 1.925959144171355053e+00 1.926852457250379791e+00 1.926852867805486813e+00 1.926852867971013517e+00 1.926852867971070360e+00 1.926852867971074357e+00 1.926852867971074357e+00 1.926852867971074357e+00 1.926852867971074357e+00 1.926852867971074357e+00 1.926852867971074357e+00 1.926852867971074357e+00 1.926852867971031946e+00 1.926852867887381526e+00 1.926852764576295396e+00 1.926852764378717442e+00 1.926852473719124825e+00 1.925977865050334081e+00 1.547598126692496627e-02 1.547598122763359056e-02 1.925956146135846314e+00 1.926852453207184235e+00 1.926852763889672637e+00 1.926852763995227535e+00 1.926852867886492904e+00 1.926852867949863546e+00 1.926852867971055261e+00 1.926852867971069916e+00 1.926852867971074357e+00 1.926852867971074357e+00 1.926852867971074357e+00 1.926852867971066141e+00 1.926852867889826904e+00 1.926852867736322805e+00 1.000000000000000020e+30
1.000000000000000020e+30 1.000000000000000020e+30 1.000000000000000020e+30 1.926852867745252995e+00 1.926852867727397722e+00 1.926852867971041050e+00 1.926852867971074357e+00 1.926852867971074357e+00 1.926852867971074357e+00 1.926852867971074357e+00 1.926852867971074357e+00 1.926852867971074357e+00 1.926852867971074357e+00 1.926852867971074357e+00 1.926852867971070360e+00 1.926852867971070360e+00 1.926852867971070360e+00 1.926852867971032834e+00 1.926852867888837473e+00 1.926852765611424267e+00 1.926852457427940868e+00 1.925959144171347059e+00 1.548166802202252841e-02 1.925958914464900973e+00 1.926852456862369056e+00 1.926852867805235237e+00 1.926852867950275661e+00 1.926852867971055483e+00 1.926852867971070138e+00 1.926852867971074357e+00 1.926852867971074357e+00 1.926852867971074357e+00 1.926852867971074357e+00 1.926852867971017069e+00 1.926852867824651483e+00 1.926852557904787488e+00 1.926404839022630266e+00 1.926404516340663786e+00 1.925964730783040535e+00 1.547882400632402677e-02 1.925081973634996890e+00 1.547598189513979192e-02 1.926404701161405608e+00 1.926852764415603936e+00 1.926852867847735462e+00 1.926852867868684038e+00 1.926852867889808696e+00 1.926852867889839782e+00 1.926852867971041050e+00 1.926852867971065919e+00 1.926852867971074357e+00 1.926852867971074357e+00 1.926852867971075467e+00 1.926852867973698924e+00 1.926852867889828458e+00 1.926852867736322805e+00 1.000000000000000020e+30
1.000000000000000020e+30 1.000000000000000020e+30 1.000000000000000020e+30 1.926852867655116652e+00 1.926852867889802701e+00 1.926852867971065919e+00 1.926852867971074357e+00 1.926852867971074357e+00 1.926852867971074357e+00 1.926852867971074357e+00 1.926852867971074357e+00 1.926852867971074357e+00 1.926852867971074357e+00 1.926852867971074357e+00 1.926852867971074357e+00 1.926852867971074357e+00 1.926852867971074357e+00 1.926852867971074357e+00 1.926852867971055483e+00 1.926852867950501036e+00 1.926852867805691760e+00 1.926852457250379791e+00 1.925958914464900973e+00 1.548166802028221913e-02 1.925958564065307632e+00 1.926852456536890745e+00 1.926852764983338018e+00 1.926852867888020571e+00 1.926852867950264780e+00 1.926852867971055483e+00 1.926852867971074357e+00 1.926852867971074357e+00 1.926852867971017069e+00 1.926852867803779068e+00 1.926852454630511025e+00 1.925957037225935586e+00 1.547882594172303970e-02 1.547598387701871504e-02 1.547598321225981260e-02 1.547313979723236380e-02 1.547313848197664869e-02 1.547314045899080177e-02 1.926404574660247171e+00 1.926852764192719114e+00 1.926852867715337148e+00 1.926852867736316144e+00 1.926852867736331021e+00 1.926852867817535175e+00 1.926852867727405716e+00 1.926852867889818910e+00 1.926852867971041050e+00 1.926852867971068584e+00 1.926852867978965600e+00 1.926852885543473892e+00 1.926852867900359589e+00 1.926852867736318364e+00 1.000000000000000020e+30
1.000000000000000020e+30 1.000000000000000020e+30 1.000000000000000020e+30 1.926852867817527182e+00 1.926852867889843335e+00 1.926852867971065919e+00 1.926852867971074357e+00 1.926852867971074357e+00 1.926852867971074357e+00 1.926852867971074357e+00 1.926852867971074357e+00 1.926852867971074357e+00 1.926852867971074357e+00 1.926852867971074357e+00 1.926852867971074357e+00 1.926852867971074357e+00 1.926852867971074357e+00 1.926852867971074357e+00 1.926852867971074357e+00 1.926852867971070360e+00 1.926852867971013517e+00 1.926852867805486813e+00 1.926852456862369056e+00 1.925958564065313849e+00 1.548166801885353557e-02 1.925958386596540395e+00 1.926405468722596881e+00 1.926852559225338934e+00 1.926852764923274952e+00 1.926852867887933529e+00 1.926852867971036831e+00 1.926852867971031946e+00 1.926852867824713433e+00 1.926852454703427142e+00 1.925957104066574610e+00 1.548166801011605434e-02 1.925956933792215109e+00 1.926404511053833701e+00 1.926404587449178418e+00 1.925954759675369221e+00 1.547313978422668393e-02 1.000000000000000020e+30 1.000000000000000020e+30 1.000000000000000020e+30 1.000000000000000020e+30 1.000000000000000020e+30 1.000000000000000020e+30 1.000000000000000020e+30 1.926852867745261655e+00 1.926852867736319919e+00 1.926852867727399277e+00 1.926852867897701937e+00 1.926852903037288733e+00 1.926970145805612766e+00 1.926852920612276865e+00 1.926852867668278790e+00 1.000000000000000020e+30
1.000000000000000020e+30 1.000000000000000020e+30 1.926852867745261655e+00 1.926852867727405716e+00 1.926852867971041050e+00 1.926852867971074357e+00 1.926852867971074357e+00 1.926852867971074357e+00 1.926852867971074357e+00 1.926852867971074357e+00 1.926852867971074357e+00 1.926852867971074357e+00 1.926852867971074357e+00 1.926852867971074357e+00 1.926852867971074357e+00 1.926852867971074357e+00 1.926852867971074357e+00 1.926852867971074357e+00 1.926852867971074357e+00 1.926852867971074357e+00 1.926852867971074357e+00 1.926852867971013517e+00 1.926852867805246117e+00 1.926852456578376449e+00 1.925958489439053567e+00 1.547882595136291714e-02 1.547882595082777230e-02 1.925958269062853612e+00 1.926405347950903790e+00 1.926852559061131842e+00 1.926852867846348571e+00 1.926852867887381526e+00 1.926852557998490312e+00 1.925957146239421158e+00 1.548166801044332033e-02 1.925957104066562620e+00 1.926852454592945074e+00 1.926852764289113340e+00 1.926852451621972495e+00 1.925953968807515126e+00 1.547313978296258746e-02 1.000000000000000020e+30 1.000000000000000020e+30 1.000000000000000020e+30 1.000000000000000020e+30 1.000000000000000020e+30 1.000000000000000020e+30 1.000000000000000020e+30 1.000000000000000020e+30 1.000000000000000020e+30 1.926852867747887332e+00 1.926852885232790413e+00 1.926970163219280607e+00 2.709491090522911705e+00 1.927087458447366508e+00 1.926852902905857423e+00 1.000000000000000020e+30
1.000000000000000020e+30 1.000000000000000020e+30 1.926852867736319919e+00 1.926852867889818910e+00 1.926852867971065919e+00 1.926852867971074357e+00 1.926852867971074357e+00 1.926852867971074357e+00 1.926852867971074357e+00 1.926852867971074357e+00 1.926852867971074357e+00 1.926852867971074357e+00 1.926852867971074357e+00 1.926852867971074357e+00 1.926852867971074357e+00 1.926852867971074357e+00 1.926852867971074357e+00 1.926852867971074357e+00 1.926852867971074357e+00 1.926852867971074357e+00 1.926852867971074357e+00 1.926852867971074357e+00 1.926852867971017291e+00 1.926852867825868953e+00 1.926852559358145145e+00 1.926405488110977560e+00 1.925958269156575087e+00 1.547882595066388256e-02 1.547882595008557433e-02 1.925958185105679066e+00 1.926852559005249432e+00 1.926852764451246758e+00 1.926404798107650196e+00 1.547882594629663988e-02 1.925957042956984999e+00 1.926852454684800486e+00 1.926852896849599484e+00 1.926852791221238981e+00 1.926403476288838901e+00 1.547598342408908201e-02 1.000000000000000020e+30 1.000000000000000020e+30 1.000000000000000020e+30 1.000000000000000020e+30 1.000000000000000020e+30 1.000000000000000020e+30 1.000000000000000020e+30 1.000000000000000020e+30 1.000000000000000020e+30 1.000000000000000020e+30 1.000000000000000020e+30 1.000000000000000020e+30 1.000000000000000020e+30 5.565832003039427946e+03 2.709725683572603128e+00 1.000000000000000020e+30 1.000000000000000020e+30
1.000000000000000020e+30 1.926852867745261655e+00 1.926852867727397722e+00 1.926852867971041050e+00 1.926852867971074357e+00 1.926852867971074357e+00 1.926852867971074357e+00 1.926852867971074357e+00 1.926852867971074357e+00 1.926852867971074357e+00 1.926852867971074357e+00 1.926852867971074357e+00 1.926852867971074357e+00 1.926852867971074357e+00 1.926852867971074357e+00 1.926852867971074357e+00 1.926852867971074357e+00 1.926852867971074357e+00 1.926852867971074357e+00 1.926852867971074357e+00 1.926852867971074357e+00 1.926852867971074357e+00 1.926852867971074357e+00 1.926852867971032834e+00 1.926852867888073639e+00 1.926852765016995761e+00 1.926852559152408828e+00 1.926405359464242073e+00 1.925957979087414840e+00 1.547882595001006702e-02 1.926405297591741173e+00 1.926852351571929134e+00 1.925956948813384084e+00 1.547882527786627674e-02 1.926404809863754730e+00 1.926852890121397710e+00 1.927046799214880979e+00 1.927036505998464655e+00 1.925955083633466680e+00 1.562787077779589917e-02 1.000000000000000020e+30 1.000000000000000020e+30 1.000000000000000020e+30 1.000000000000000020e+30 1.000000000000000020e+30 1.000000000000000020e+30 1.000000000000000020e+30 1.000000000000000020e+30 1.000000000000000020e+30 1.000000000000000020e+30 1.000000000000000020e+30 1.000000000000000020e+30 1.000000000000000020e+30 1.000000000000000020e+30 1.000000000000000020e+30 1.000000000000000020e+30 1.000000000000000020e+30
1.000000000000000020e+30 1.926852867736319919e+00 1.926852867889818910e+00 1.926852867971065919e+00 1.926852867971074357e+00 1.926852867971074357e+00 1.926852867971074357e+00 1.926852867971074357e+00 1.926852867971074357e+00 1.926852867971074357e+00 1.926852867971074357e+00 1.926852867971074357e+00 1.926852867971074357e+00 1.926852867971074357e+00 1.926852867971074357e+00 1.926852867971074357e+00 1.926852867971074357e+00 1.926852867971074357e+00 1.926852867971074357e+00 1.926852867971074357e+00 1.926852867971074357e+00 1.926852867971074357e+00 1.926852867971074357e+00 1.926852867971074357e+00 1.926852867971055483e+00 1.926852867950294979e+00 1.926852867867135943e+00 1.926852661828063029e+00 1.926405079146167099e+00 1.547882596925510834e-02 1.925964451382642828e+00 1.925956951140231244e+00 1.547882459657423833e-02 1.925509324718284621e+00 1.926852595526881817e+00 1.927496881234277204e+00 3.220657910054404383e+00 3.153615162273736061e+00 1.563259700284117329e-02 1.000000000000000020e+30 1.000000000000000020e+30 1.000000000000000020e+30 1.000000000000000020e+30 1.000000000000000020e+30 1.000000000000000020e+30 1.000000000000000020e+30 1.000000000000000020e+30 1.000000000000000020e+30 1.000000000000000020e+30 1.000000000000000020e+30 1.000000000000000020e+30 1.000000000000000020e+30 1.000000000000000020e+30 1.000000000000000020e+30 1.000000000000000020e+30 1.000000000000000020e+30 1.000000000000000020e+30
1.926852867745252995e+00 1.926852867727397722e+00 1.926852867971041050e+00 1.926852867971074357e+00 1.926852867971074357e+00 1.926852867971074357e+00 1.926852867971074357e+00 1.926852867971074357e+00 1.926852867971074357e+00 1.926852867971074357e+00 1.926852867971074357e+00 1.926852867971074357e+00 1.926852867971074357e+00 1.926852867971074357e+00 1.926852867971074357e+00 1.926852867971074357e+00 1.926852867971074357e+00 1.926852867971074357e+00 1.926852867971074357e+00 1.926852867971074357e+00 1.926852867971074357e+00 1.926852867971074357e+00 1.926852867971074357e+00 1.926852867971074357e+00 1.926852867971074357e+00 1.926852867971070360e+00 1.926852867971037497e+00 1.926852867868607655e+00 1.926852563279710662e+00 1.925964760937732834e+00 1.547882597522226567e-02 1.547598186446505659e-02 1.547029706848665649e-02 1.547598400676093895e-02 1.927389396309056480e+00 4.930059453542730452e+00 8.632501203922813147e+03 8.294928897272156973e+03 2.615871930404732593e-02 1.000000000000000020e+30 1.000000000000000020e+30 1.000000000000000020e+30 1.000000000000000020e+30 1.000000000000000020e+30 1.000000000000000020e+30 1.000000000000000020e+30 1.000000000000000020e+30 1.000000000000000020e+30 1.000000000000000020e+30 1.000000000000000020e+30 1.000000000000000020e+30 1.000000000000000020e+30 1.000000000000000020e+30 1.000000000000000020e+30 1.000000000000000020e+30 1.000000000000000020e+30 1.000000000000000020e+30
1.926852867655108659e+00 1.926852867889802701e+00 1.926852867971065919e+00 1.926852867971074357e+00 1.926852867971074357e+00 1.926852867971074357e+00 1.926852867971074357e+00 1.926852867971074357e+00 1.926852867971074357e+00 1.926852867971074357e+00 1.926852867971074357e+00 1.926852867971074357e+00 1.926852867971074357e+00 1.926852867971074357e+00 1.926852867971074357e+00 1.926852867971074357e+00 1.926852867971074357e+00 1.926852867971074357e+00 1.926852867971074357e+00 1.926852867971074357e+00 1.926852867971074357e+00 1.926852867971074357e+00 1.926852867971074357e+00 1.926852867971074357e+00 1.926852867971074357e+00 1.926852867971074357e+00 1.926852867971074357e+00 1.926852867971034611e+00 1.926852867851067241e+00 1.926852567938025951e+00 1.926411930565460784e+00 1.925509272356320967e+00 1.547598340695110174e-02 1.548670085351843903e-02 5.490880741574422963e+00 1.140726003350041356e+04 1.713682895204855231e+04 1.630539652799870055e+04 1.810474583250765157e-02 1.000000000000000020e+30 1.000000000000000020e+30 1.000000000000000020e+30 1.000000000000000020e+30 1.000000000000000020e+30 1.000000000000000020e+30 1.000000000000000020e+30 1.000000000000000020e+30 1.000000000000000020e+30 1.000000000000000020e+30 1.000000000000000020e+30 1.000000000000000020e+30 1.000000000000000020e+30 1.000000000000000020e+30 1.000000000000000020e+30 1.000000000000000020e+30 1.000000000000000020e+30 1.000000000000000020e+30
1.926852867736315700e+00 1.926852867889826904e+00 1.926852867971065919e+00 1.926852867971074357e+00 1.926852867971074357e+00 1.926852867971074357e+00 1.926852867971074357e+00 1.926852867971074357e+00 1.926852867971074357e+00 1.926852867971074357e+00 1.926852867971074357e+00 1.926852867971074357e+00 1.926852867971074357e+00 1.926852867971074357e+00 1.926852867971074357e+00 1.926852867971074357e+00 1.926852867971074357e+00 1.926852867971074357e+00 1.926852867971074357e+00 1.926852867971074357e+00 1.926852867971074357e+00 1.926852867971074801e+00 1.926852867971074801e+00 1.926852867971074801e+00 1.926852867971074801e+00 1.926852867971074357e+00 1.926852867971074357e+00 1.926852867971066585e+00 1.926852867950135995e+00 1.926852764591817868e+00 1.926404880875093539e+00 1.547882681163255045e-02 1.926987752071432691e+00 5.578081328803468075e+00 1.237653967616699447e+04 1.937212390025722925e+04 2.022438510669052994e+04 3.277404808894638505e-02 1.000000000000000020e+30 1.000000000000000020e+30 1.000000000000000020e+30 1.000000000000000020e+30 1.000000000000000020e+30 1.000000000000000020e+30 1.000000000000000020e+30 1.000000000000000020e+30 1.000000000000000020e+30 1.000000000000000020e+30 1.000000000000000020e+30 1.000000000000000020e+30 1.000000000000000020e+30 1.000000000000000020e+30 1.000000000000000020e+30 1.000000000000000020e+30 1.000000000000000020e+30 1.000000000000000020e+30 1.000000000000000020e+30
1.926852867736322805e+00 1.926852867889826904e+00 1.926852867971065919e+00 1.926852867971074357e+00 1.926852867971074357e+00 1.926852867971074357e+00 1.926852867971074357e+00 1.926852867971074357e+00 1.926852867971074357e+00 1.926852867971074357e+00 1.926852867971074357e+00 1.926852867971074357e+00 1.926852867971074357e+00 1.926852867971074357e+00 1.926852867971074357e+00 1.926852867971074357e+00 1.926852867971074357e+00 1.926852867971074357e+00 1.926852867971074801e+00 1.926852867971074801e+00 1.926852867971076799e+00 1.926852867973865679e+00 1.926852867973809280e+00 1.926852867973657846e+00 1.926852867973102734e+00 1.926852867971071914e+00 1.926852867971055261e+00 1.926852867950428427e+00 1.926852867929708779e+00 1.926852764488439229e+00 1.926404688270963117e+00 1.548080735549186605e-02 5.152449202930765360e+00 1.198894672790456934e+04 2.004727299883439264e+04 2.286163915802100018e+04 1.836024204125402684e+04 3.206736622710060214e-02 1.000000000000000020e+30 1.000000000000000020e+30 1.000000000000000020e+30 1.000000000000000020e+30 1.000000000000000020e+30 1.000000000000000020e+30 1.000000000000000020e+30 1.000000000000000020e+30 1.000000000000000020e+30 1.000000000000000020e+30 1.000000000000000020e+30 1.000000000000000020e+30 1.000000000000000020e+30 1.000000000000000020e+30 1.000000000000000020e+30 1.000000000000000020e+30 1.000000000000000020e+30 1.000000000000000020e+30 1.000000000000000020e+30
1.926852867736322805e+00 1.926852867889826904e+00 1.926852867971065919e+00 1.926852867971074357e+00 1.926852867971074357e+00 1.926852867971074357e+00 1.926852867971074357e+00 1.926852867971074357e+00 1.926852867971074357e+00 1.926852867971074357e+00 1.926852867971074357e+00 1.926852867971074357e+00 1.926852867971074357e+00 1.926852867971074357e+00 1.926852867971074357e+00 1.926852867971074357e+00 1.926852867971074357e+00 1.926852867971075467e+00 1.926852867973128713e+00 1.926852867973726902e+00 1.926852867985058060e+00 1.926852886599597081e+00 1.926852886217365279e+00 1.926852885209372701e+00 1.926852881508105630e+00 1.926852867957278503e+00 1.926852867889533805e+00 1.926852765962395742e+00 1.926852767073859996e+00 1.926852459650920890e+00 1.925963610403215620e+00 3.726419488539035180e-02 9.537292089971073437e+03 1.745390253640688752e+04 2.268156608874916128e+04 2.181774092930868937e+04 1.291981026177877357e+04 3.161947801709542871e-02 1.000000000000000020e+30 1.000000000000000020e+30 1.000000000000000020e+30 1.000000000000000020e+30 1.000000000000000020e+30 1.000000000000000020e+30 1.000000000000000020e+30 1.000000000000000020e+30 1.000000000000000020e+30 1.000000000000000020e+30 1.000000000000000020e+30 1.000000000000000020e+30 1.000000000000000020e+30 1.000000000000000020e+30 1.000000000000000020e+30 1.000000000000000020e+30 1.000000000000000020e+30 1.000000000000000020e+30 1.000000000000000020e+30
1.926852867736322805e+00 1.926852867889826904e+00 1.926852867971065919e+00 1.926852867971074357e+00 1.926852867971074357e+00 1.926852867971074357e+00 1.926852867971074357e+00 1.926852867971074357e+00 1.926852867971074357e+00 1.926852867971074357e+00 1.926852867971074357e+00 1.926852867971074357e+00 1.926852867971074357e+00 1.926852867971074357e+00 1.926852867971070360e+00 1.926852867971070360e+00 1.926852867971073247e+00 1.926852867979282236e+00 1.926852881676705209e+00 1.926852885655678360e+00 1.926852942666260837e+00 1.926977175761238614e+00 1.926974607459481126e+00 1.926967887291443526e+00 1.926943211629729369e+00 1.926852796925957456e+00 1.926852567284383255e+00 1.926411694347610171e+00 1.926417213722595667e+00 1.925976164222384268e+00 1.162979766061480839e-02 5.267060947948572903e+03 1.028286072520098060e+04 1.507396162302337143e+04 2.079584607089705241e+04 1.724514756968955044e+04 5.861354799736577526e-02 1.000000000000000020e+30 1.000000000000000020e+30 1.000000000000000020e+30 1.000000000000000020e+30 1.000000000000000020e+30 1.000000000000000020e+30 1.000000000000000020e+30 1.000000000000000020e+30 1.000000000000000020e+30 1.000000000000000020e+30 1.000000000000000020e+30 1.000000000000000020e+30 1.000000000000000020e+30 1.000000000000000020e+30 1.000000000000000020e+30 1.000000000000000020e+30 1.000000000000000020e+30 1.000000000000000020e+30 1.000000000000000020e+30 1.000000000000000020e+30
1.926852867736322805e+00 1.926852867889826904e+00 1.926852867971065919e+00 1.926852867971074357e+00 1.926852867971074357e+00 1.926852867971074357e+00 1.926852867971074357e+00 1.926852867971074357e+00 1.926852867971074357e+00 1.926852867971074357e+00 1.926852867971074801e+00 1.926852867971074801e+00 1.926852867971075245e+00 1.926852867972458139e+00 1.926852867950319181e+00 1.926852867950414216e+00 1.926852867963338989e+00 1.926852909053371921e+00 1.926944335171810296e+00 1.926970805811036636e+00 1.927227050170707390e+00 2.756281317452500268e+00 2.739026349920231418e+00 2.694224103355788547e+00 2.529716437169358567e+00 1.926519689262780277e+00 1.925996252033442602e+00 4.878659875923088002e-02 5.584474983399870252e-02 4.740958874698938952e-02 1.562516586138844310e-02 2.299448302931073052e-02 3.696331376846408862e-02 5.727567077938851975e-02 1.634384527686811634e+04 1.601226276127817073e+04 5.766653178065719171e-02 1.000000000000000020e+30 1.000000000000000020e+30 1.000000000000000020e+30 1.000000000000000020e+30 1.000000000000000020e+30 1.000000000000000020e+30 1.000000000000000020e+30 1.000000000000000020e+30 1.000000000000000020e+30 1.000000000000000020e+30 1.000000000000000020e+30 1.000000000000000020e+30 1.000000000000000020e+30 1.000000000000000020e+30 1.000000000000000020e+30 1.000000000000000020e+30 1.000000000000000020e+30 1.000000000000000020e+30 1.000000000000000020e+30 1.000000000000000020e+30
1.926852867736322805e+00 1.926852867889826904e+00 1.926852867971065919e+00 1.926852867971074357e+00 1.926852867971074357e+00 1.926852867971074357e+00 1.926852867971074357e+00 1.926852867971074357e+00 1.926852867971074801e+00 1.926852867971076799e+00 1.926852867974000461e+00 1.926852867973341654e+00 1.926852867976644124e+00 1.926852877245622153e+00 1.926852765071774387e+00 1.926852765738079620e+00 1.926852810044664910e+00 1.927035657298102000e+00 2.537204523043707916e+00 2.713427934248242579e+00 3.594329793211743063e+00 5.591655194465590284e+03 5.564340264963653681e+03 5.281538255797360762e+03 4.169421954112923231e+03 6.085600105334043608e-02 1.038255798176632438e-01 2.311827583289940594e+04 2.826498671445891887e+04 2.252363465960497706e+04 9.882634046881179357e-02 5.763557235216897057e-02 5.222686602932710230e+03 4.820696313937898603e-02 1.674748589662656377e+04 2.009503915763263649e+04 1.201553944416712511e+04 3.364827114713938444e-02 1.000000000000000020e+30 1.000000000000000020e+30 1.000000000000000020e+30 1.000000000000000020e+30 1.000000000000000020e+30 1.000000000000000020e+30 1.000000000000000020e+30 1.000000000000000020e+30 1.000000000000000020e+30 1.000000000000000020e+30 1.000000000000000020e+30 1.000000000000000020e+30 1.000000000000000020e+30 1.000000000000000020e+30 1.000000000000000020e+30 1.000000000000000020e+30 1.000000000000000020e+30 1.000000000000000020e+30 1.000000000000000020e+30
1.926852867736322805e+00 1.926852867889826904e+00 1.926852867971065919e+00 1.926852867971074357e+00 1.926852867971074357e+00 1.926852867971074357e+00 1.926852867971074357e+00 1.926852867971076799e+00 1.926852867974208738e+00 1.926852867986034612e+00 1.926852887494728606e+00 1.926852883090866220e+00 1.926852895908316432e+00 1.926915006806010799e+00 1.926405584957030070e+00 1.926410167351342739e+00 1.926516593955441170e+00 2.536691844954919173e+00 4.266955689888660345e+03 5.605429725884191612e+03 6.099608798474209834e+03 6.319249930650144961e+03 6.583211323309344498e-02 7.366290764747591979e-02 1.195549437746840776e-01 3.045915928926414563e+04 4.337983040086693654e+04 5.500344249208852125e+04 5.763656372300621297e+04 5.130919731652561313e+04 3.680023232255627954e+04 2.371336944750151815e+04 9.840229396031372744e+03 6.034682232858772089e-02 1.997440576848208366e+04 2.518818437474708844e+04 1.753510634577327801e+04 4.192759542426788277e-02 1.000000000000000020e+30 1.000000000000000020e+30 1.000000000000000020e+30 1.000000000000000020e+30 1.000000000000000020e+30 1.000000000000000020e+30 1.000000000000000020e+30 1.000000000000000020e+30 1.000000000000000020e+30 1.000000000000000020e+30 1.000000000000000020e+30 1.000000000000000020e+30 1.000000000000000020e+30 1.000000000000000020e+30 1.000000000000000020e+30 1.000000000000000020e+30 1.000000000000000020e+30 1.000000000000000020e+30 1.000000000000000020e+30
1.926852867736315700e+00 1.926852867889826904e+00 1.926852867971065919e+00 1.926852867971074357e+00 1.926852867971074357e+00 1.926852867971074801e+00 1.926852867971080352e+00 1.926852867985881179e+00 1.926852888868543445e+00 1.926852948282379074e+00 1.926983147681690989e+00 1.926953736080230684e+00 1.926977397342753084e+00 2.342622868177823836e+00 1.547674555831250048e-02 4.668173620387802703e-02 5.760680087057256510e-02 5.884340685864675874e-02 6.414812176025821988e-02 6.544964020082177925e-02 6.454770159421753528e-02 1.038240097074799445e-01 3.417363103428202157e+04 4.805034092832436727e+04 5.647393671373053803e+04 7.040469698427137337e+04 7.979167120868994971e+04 8.604961592480020772e+04 8.571673919111430587e+04 7.782738873629739101e+04 6.154554918274595548e+04 3.755764328450181347e+04 8.672183230535090992e-02 1.061090233214172229e-01 2.753764455894075581e+04 3.273151079551365183e+04 2.251231948252414077e+04 4.939340935567336499e-02 1.000000000000000020e+30 1.000000000000000020e+30 1.000000000000000020e+30 1.000000000000000020e+30 1.000000000000000020e+30 1.000000000000000020e+30 1.000000000000000020e+30 1.000000000000000020e+30 1.000000000000000020e+30 1.000000000000000020e+30 1.000000000000000020e+30 1.000000000000000020e+30 1.000000000000000020e+30 1.000000000000000020e+30 1.000000000000000020e+30 1.000000000000000020e+30 1.000000000000000020e+30 1.000000000000000020e+30 1.000000000000000020e+30
1.926852867655108659e+00 1.926852867889802701e+00 1.926852867971065919e+00 1.926852867971074801e+00 1.926852867971078354e+00 1.926852867974013783e+00 1.926852868001296404e+00 1.926852945879623746e+00 1.926992247767201683e+00 1.927258526944666261e+00 2.796126214025349110e+00 2.599763203509153353e+00 2.342796923064218717e+00 2.780787793203909587e+03 8.429339547996066162e-02 2.353207367614300529e+04 3.468772009548505594e+04 4.089337802989221382e+04 4.747686844906305487e+04 5.107113724292881670e+04 5.391672125282857451e+04 6.877973187601224345e+04 9.444649174984682759e+04 1.105575875311934360e+05 1.189026868251379055e+05 1.226844026071664412e+05 1.244965164584625018e+05 1.212662674541310989e+05 1.155980971695637854e+05 1.055257957787482155e+05 8.587499793961335672e+04 5.550645330664451467e+04 2.562672290176668533e-01 3.278531498870632640e+04 4.702031198087146913e+04 4.527121938588994817e+04 2.935835430712365996e+04 5.966250626054487444e-02 1.000000000000000020e+30 1.000000000000000020e+30 1.000000000000000020e+30 1.000000000000000020e+30 1.000000000000000020e+30 1.000000000000000020e+30 1.000000000000000020e+30 1.000000000000000020e+30 1.000000000000000020e+30 1.000000000000000020e+30 1.000000000000000020e+30 1.000000000000000020e+30 1.000000000000000020e+30 1.000000000000000020e+30 1.000000000000000020e+30 1.000000000000000020e+30 1.000000000000000020e+30 1.000000000000000020e+30 1.000000000000000020e+30
1.926852867745252995e+00 1.926852867727397722e+00 1.926852867971043715e+00 1.926852867974930827e+00 1.926852867987238094e+00 1.926852887561914640e+00 1.926852991753853939e+00 1.927233428741802923e+00 2.856530476770742677e+00 3.764385440820473772e+00 6.090734328073530378e+03 4.936653011941628392e+03 4.463642516889863160e-02 8.329417159359871203e-02 3.170194002861045010e+04 5.931384413962270628e+04 7.714099235111589951e+04 8.699920846772030927e+04 1.158075077687277953e+05 1.393309711068723118e+05 1.647748917789383559e+05 2.371175476130897878e+05 2.692455475628311979e+05 2.838211840389784775e+05 2.811703302066600299e+05 2.365931681953512016e+05 2.229924404911430611e+05 2.154976315210904286e+05 2.153051118858751433e+05 1.504336490042337682e+05 1.206145868771729583e+05 9.516160459243666264e+04 7.312598268288940017e+04 7.368877382234693505e+04 7.207038927021644486e+04 6.155802931818908837e+04 3.922537100370906410e+04 1.127823450174794684e-01 1.000000000000000020e+30 1.000000000000000020e+30 1.000000000000000020e+30 1.000000000000000020e+30 1.000000000000000020e+30 1.000000000000000020e+30 1.000000000000000020e+30 1.000000000000000020e+30 1.000000000000000020e+30 1.000000000000000020e+30 1.000000000000000020e+30 1.000000000000000020e+30 1.000000000000000020e+30 1.000000000000000020e+30 1.000000000000000020e+30 1.000000000000000020e+30 1.000000000000000020e+30 1.000000000000000020e+30 1.000000000000000020e+30
1.000000000000000020e+30 1.926852867736324360e+00 1.926852867905227029e+00 1.926852893688152601e+00 1.926852956239698544e+00 1.926983489564696450e+00 1.927298414874565768e+00 3.536742229498754053e+00 6.408075989572786057e+03 7.633281550571127809e+03 9.259151719542767751e+03 6.570459110205101316e-02 2.818153292343144494e+04 4.684905992037380929e+04 7.529349726356993779e+04 1.242262296511974127e+05 1.723823385307684948e+05 4.426043737455322407e+05 2.458316649130361038e+05 2.510963654537955590e+05 1.000000000000000020e+30 4.075627883382079890e+05 4.217580290606953204e+05 4.322157512811106863e+05 4.348180407438948750e+05 1.000000000000000020e+30 1.000000000000000020e+30 1.000000000000000020e+30 3.638368325386446086e+05 2.708619670820606407e+05 1.649983372582662851e+05 1.330762267576735176e+05 1.155646291983025294e+05 1.063567286303934088e+05 9.559777528380161675e+04 7.924846638480018009e+04 5.556038174533120764e+04 2.554647099009001977e+04 5.394464955800053196e-02 1.000000000000000020e+30 1.000000000000000020e+30 1.000000000000000020e+30 1.000000000000000020e+30 1.000000000000000020e+30 1.000000000000000020e+30 1.000000000000000020e+30 1.000000000000000020e+30 1.000000000000000020e+30 1.000000000000000020e+30 1.000000000000000020e+30 1.000000000000000020e+30 1.000000000000000020e+30 1.000000000000000020e+30 1.000000000000000020e+30 1.000000000000000020e+30 1.000000000000000020e+30 1.000000000000000020e+30
1.000000000000000020e+30 1.926852867756819299e+00 1.926852944826422220e+00 1.927024389986963682e+00 1.927311270858159675e+00 2.798074788943461844e+00 3.290208103431130571e+00 4.805106376284681573e+03 7.641646744085476712e+03 4.325814009799725662e-02 4.850427372118294722e-02 5.964859758388090995e+04 9.468238897828721383e+04 1.517845469450930250e+05 4.422952161736880080e+05 2.625739768796857097e+05 2.828561764114471152e+05 1.000000000000000020e+30 1.000000000000000020e+30 1.000000000000000020e+30 1.000000000000000020e+30 1.000000000000000020e+30 1.000000000000000020e+30 1.000000000000000020e+30 1.000000000000000020e+30 1.000000000000000020e+30 1.000000000000000020e+30 1.000000000000000020e+30 4.570033919381875894e+05 3.939199513373722439e+05 2.744670703197542462e+05 1.643498074448005354e+05 1.437737574883099587e+05 1.301590695458944974e+05 1.142988501829763700e+05 9.386101251865370432e+04 6.780453825287317159e+04 3.619278875707541738e+04 6.991406513428069514e-02 1.000000000000000020e+30 1.000000000000000020e+30 1.000000000000000020e+30 1.000000000000000020e+30 1.000000000000000020e+30 1.000000000000000020e+30 1.000000000000000020e+30 1.000000000000000020e+30 1.000000000000000020e+30 1.000000000000000020e+30 1.000000000000000020e+30 1.000000000000000020e+30 1.000000000000000020e+30 1.000000000000000020e+30 1.000000000000000020e+30 1.000000000000000020e+30 1.000000000000000020e+30 1.000000000000000020e+30
1.000000000000000020e+30 1.000000000000000020e+30 1.927195828016889267e+00 3.070888374254302278e+00 4.114283627464871529e+00 5.876518704915342823e+03 4.885229422767100914e+03 4.955687401585790602e-02 5.415142859471695769e-02 6.672555417966196546e+04 1.043749417566883785e+05 1.452820053911618306e+05 1.000000000000000020e+30 1.000000000000000020e+30 1.000000000000000020e+30 1.000000000000000020e+30 1.000000000000000020e+30 1.000000000000000020e+30 1.000000000000000020e+30 1.000000000000000020e+30 1.000000000000000020e+30 1.000000000000000020e+30 1.000000000000000020e+30 1.000000000000000020e+30 1.000000000000000020e+30 1.000000000000000020e+30 1.000000000000000020e+30 1.000000000000000020e+30 1.000000000000000020e+30 1.000000000000000020e+30 2.897829020967322867e+05 1.987379607701076311e+05 1.643646313346577808e+05 1.461752663922234497e+05 1.271608767168698978e+05 1.036755285848096246e+05 7.518729869906231761e+04 4.099536292730689456e+04 7.711792058411875983e-02 1.000000000000000020e+30 1.000000000000000020e+30 1.000000000000000020e+30 1.000000000000000020e+30 1.000000000000000020e+30 1.000000000000000020e+30 1.000000000000000020e+30 1.000000000000000020e+30 1.000000000000000020e+30 1.000000000000000020e+30 1.000000000000000020e+30 1.000000000000000020e+30 1.000000000000000020e+30 1.000000000000000020e+30 1.000000000000000020e+30 1.000000000000000020e+30 1.000000000000000020e+30 1.000000000000000020e+30
1.000000000000000020e+30 1.000000000000000020e+30 3.070903437417423554e+00 7.870541220929323572e+03 9.799001905154165797e+03 8.476686233592256031e+03 7.806141599804311548e-02 3.855249349563970463e+04 1.162059602996185276e+05 1.616438394358736114e+05 1.000000000000000020e+30 1.000000000000000020e+30 1.000000000000000020e+30 1.000000000000000020e+30 1.000000000000000020e+30 1.000000000000000020e+30 1.000000000000000020e+30 1.000000000000000020e+30 1.000000000000000020e+30 1.000000000000000020e+30 1.000000000000000020e+30 1.000000000000000020e+30 1.000000000000000020e+30 1.000000000000000020e+30 1.000000000000000020e+30 1.000000000000000020e+30 1.000000000000000020e+30 1.000000000000000020e+30 1.000000000000000020e+30 1.000000000000000020e+30 1.000000000000000020e+30 2.392197554964138253e+05 1.838495928984285274e+05 1.571336658846740902e+05 1.340771950417458720e+05 1.080762597356969200e+05 7.785709371523186564e+04 4.217652881946226989e+04 7.888966607293715350e-02 1.000000000000000020e+30 1.000000000000000020e+30 1.000000000000000020e+30 1.000000000000000020e+30 1.000000000000000020e+30 1.000000000000000020e+30 1.000000000000000020e+30 1.000000000000000020e+30 1.000000000000000020e+30 1.000000000000000020e+30 1.000000000000000020e+30 1.000000000000000020e+30 1.000000000000000020e+30 1.000000000000000020e+30 1.000000000000000020e+30 1.000000000000000020e+30 1.000000000000000020e+30 1.000000000000000020e+30
1.000000000000000020e+30 1.000000000000000020e+30 1.000000000000000020e+30 1.168587775735920150e+04 1.133016768691978359e+04 7.960961202878211185e-02 6.028798850956555543e+04 1.521941282264812035e+05 2.152775110507329227e+05 1.000000000000000020e+30 1.000000000000000020e+30 1.000000000000000020e+30 1.000000000000000020e+30 1.000000000000000020e+30 1.000000000000000020e+30 1.000000000000000020e+30 1.000000000000000020e+30 1.000000000000000020e+30 1.000000000000000020e+30 1.000000000000000020e+30 1.000000000000000020e+30 1.000000000000000020e+30 1.000000000000000020e+30 1.000000000000000020e+30 1.000000000000000020e+30 1.000000000000000020e+30 1.000000000000000020e+30 1.000000000000000020e+30 1.000000000000000020e+30 1.000000000000000020e+30 1.000000000000000020e+30 1.000000000000000020e+30 2.253358198743505636e+05 1.720276941455754859e+05 1.375834310006045853e+05 1.062785549330353679e+05 7.557161630136460008e+04 3.942883935814855067e+04 7.476813084099388773e-02 1.000000000000000020e+30 1.000000000000000020e+30 1.000000000000000020e+30 1.000000000000000020e+30 1.000000000000000020e+30 1.000000000000000020e+30 1.000000000000000020e+30 1.000000000000000020e+30 1.000000000000000020e+30 1.000000000000000020e+30 1.000000000000000020e+30 1.000000000000000020e+30 1.000000000000000020e+30 1.000000000000000020e+30 1.000000000000000020e+30 1.000000000000000020e+30 1.000000000000000020e+30 1.000000000000000020e+30
1.000000000000000020e+30 1.000000000000000020e+30 1.000000000000000020e+30 2.621880578215304847e-02 7.325358722769503839e-02 1.139729017850946402e+05 2.086891277207592502e+05 2.585666279837128823e+05 1.000000000000000020e+30 1.000000000000000020e+30 1.000000000000000020e+30 1.000000000000000020e+30 1.000000000000000020e+30 1.000000000000000020e+30 1.000000000000000020e+30 1.000000000000000020e+30 1.000000000000000020e+30 1.000000000000000020e+30 1.000000000000000020e+30 1.000000000000000020e+30 1.000000000000000020e+30 1.000000000000000020e+30 1.000000000000000020e+30 1.000000000000000020e+30 1.000000000000000020e+30 1.000000000000000020e+30 1.000000000000000020e+30 1.000000000000000020e+30 1.000000000000000020e+30 1.000000000000000020e+30 1.000000000000000020e+30 1.000000000000000020e+30 1.000000000000000020e+30 2.115449077797715727e+05 1.489681792311203317e+05 9.908659909750973748e+04 6.830530588769901078e+04 2.954238916439387685e+04 5.993844965535242292e-02 1.000000000000000020e+30 1.000000000000000020e+30 1.000000000000000020e+30 1.000000000000000020e+30 1.000000000000000020e+30 1.000000000000000020e+30 1.000000000000000020e+30 1.000000000000000020e+30 1.000000000000000020e+30 1.000000000000000020e+30 1.000000000000000020e+30 1.000000000000000020e+30 1.000000000000000020e+30 1.000000000000000020e+30 1.000000000000000020e+30 1.000000000000000020e+30 1.000000000000000020e+30 1.000000000000000020e+30
1.000000000000000020e+30 1.000000000000000020e+30 1.000000000000000020e+30 1.000000000000000020e+30 3.889249956569366041e+05 3.101028527885573567e+05 3.375209902626140974e+05 1.000000000000000020e+30 1.000000000000000020e+30 1.000000000000000020e+30 1.000000000000000020e+30 1.000000000000000020e+30 1.000000000000000020e+30 1.000000000000000020e+30 1.000000000000000020e+30 1.000000000000000020e+30 1.000000000000000020e+30 1.000000000000000020e+30 1.000000000000000020e+30 1.000000000000000020e+30 1.000000000000000020e+30 1.000000000000000020e+30 1.000000000000000020e+30 1.000000000000000020e+30 1.000000000000000020e+30 1.000000000000000020e+30 1.000000000000000020e+30 1.000000000000000020e+30 1.000000000000000020e+30 1.000000000000000020e+30 1.000000000000000020e+30 1.000000000000000020e+30 1.000000000000000020e+30 1.000000000000000020e+30 1.663265737847272831e+05 9.360198385188152315e+04 6.126542366149399459e+04 1.518360594797110441e-01 1.562527078595307012e-02 1.000000000000000020e+30 1.000000000000000020e+30 1.000000000000000020e+30 1.000000000000000020e+30 1.000000000000000020e+30 1.000000000000000020e+30 1.000000000000000020e+30 1.000000000000000020e+30 1.000000000000000020e+30 1.000000000000000020e+30 1.000000000000000020e+30 1.000000000000000020e+30 1.000000000000000020e+30 1.000000000000000020e+30 1.000000000000000020e+30 1.000000000000000020e+30 1.000000000000000020e+30 1.000000000000000020e+30
1.000000000000000020e+30 1.000000000000000020e+30 1.000000000000000020e+30 1.000000000000000020e+30 6.753833375357140321e+05 1.000000000000000020e+30 1.000000000000000020e+30 1.000000000000000020e+30 1.000000000000000020e+30 1.000000000000000020e+30 1.000000000000000020e+30 1.000000000000000020e+30 1.000000000000000020e+30 1.000000000000000020e+30 1.000000000000000020e+30 1.000000000000000020e+30 1.000000000000000020e+30 1.000000000000000020e+30 1.000000000000000020e+30 1.000000000000000020e+30 1.000000000000000020e+30 1.000000000000000020e+30 1.000000000000000020e+30 1.000000000000000020e+30 1.000000000000000020e+30 1.000000000000000020e+30 1.000000000000000020e+30 1.000000000000000020e+30 1.000000000000000020e+30 1.000000000000000020e+30 1.000000000000000020e+30 1.000000000000000020e+30 1.000000000000000020e+30 1.000000000000000020e+30 1.000000000000000020e+30 9.595081662640035211e+04 8.090620962704444537e+04 1.000000000000000020e+30 1.000000000000000020e+30 1.000000000000000020e+30 1.000000000000000020e+30 1.000000000000000020e+30 1.000000000000000020e+30 1.000000000000000020e+30 1.000000000000000020e+30 1.000000000000000020e+30 1.000000000000000020e+30 1.000000000000000020e+30 1.000000000000000020e+30 1.000000000000000020e+30 1.000000000000000020e+30 1.000000000000000020e+30 1.000000000000000020e+30 1.000000000000000020e+30 1.000000000000000020e+30 1.000000000000000020e+30 1.000000000000000020e+30
