1.000000000000000020e+30 1.000000000000000020e+30 1.000000000000000020e+30 1.000000000000000020e+30 1.000000000000000020e+30 1.000000000000000020e+30 1.000000000000000020e+30 1.000000000000000020e+30 1.000000000000000020e+30 1.000000000000000020e+30 1.000000000000000020e+30 1.000000000000000020e+30 1.000000000000000020e+30 1.000000000000000020e+30 1.000000000000000020e+30 1.000000000000000020e+30 1.000000000000000020e+30 1.000000000000000020e+30 1.000000000000000020e+30 1.000000000000000020e+30 1.000000000000000020e+30 1.000000000000000020e+30 1.000000000000000020e+30 1.000000000000000020e+30 1.000000000000000020e+30 1.000000000000000020e+30 1.000000000000000020e+30 1.000000000000000020e+30 1.000000000000000020e+30 1.000000000000000020e+30 1.000000000000000020e+30 1.000000000000000020e+30 1.000000000000000020e+30 1.000000000000000020e+30 1.000000000000000020e+30 1.000000000000000020e+30 1.000000000000000020e+30 1.000000000000000020e+30 1.000000000000000020e+30 1.000000000000000020e+30 1.000000000000000020e+30 1.000000000000000020e+30 1.000000000000000020e+30 1.000000000000000020e+30 1.000000000000000020e+30 1.000000000000000020e+30 1.000000000000000020e+30 1.000000000000000020e+30 1.000000000000000020e+30 1.000000000000000020e+30 1.000000000000000020e+30 1.000000000000000020e+30 1.000000000000000020e+30 1.000000000000000020e+30 1.000000000000000020e+30 1.000000000000000020e+30 1.000000000000000020e+30
1.000000000000000020e+30 1.000000000000000020e+30 1.000000000000000020e+30 1.000000000000000020e+30 1.000000000000000020e+30 1.000000000000000020e+30 1.000000000000000020e+30 1.000000000000000020e+30 1.000000000000000020e+30 1.000000000000000020e+30 1.000000000000000020e+30 1.000000000000000020e+30 1.000000000000000020e+30 1.000000000000000020e+30 1.000000000000000020e+30 1.000000000000000020e+30 1.000000000000000020e+30 1.000000000000000020e+30 1.000000000000000020e+30 1.000000000000000020e+30 1.000000000000000020e+30 1.000000000000000020e+30 1.000000000000000020e+30 1.000000000000000020e+30 1.000000000000000020e+30 1.000000000000000020e+30 1.000000000000000020e+30 1.374289774544297771e+01 1.367797637767975161e+01 1.357398137944235117e+01 1.344822241960117459e+01 1.332212708802822476e+01 1.313877319729062165e+01 1.290977488862173672e+01 1.272336410909247029e+01 1.253639945009011747e+01 1.236696918696984504e+01 1.229626724057774823e+01 1.222103544843078460e+01 1.213336140063251634e+01 1.203076312862228292e+01 1.191851403668134246e+01 1.182056835655917837e+01 1.000000000000000020e+30 1.000000000000000020e+30 1.000000000000000020e+30 1.000000000000000020e+30 1.000000000000000020e+30 1.000000000000000020e+30 1.000000000000000020e+30 1.000000000000000020e+30 1.000000000000000020e+30 1.000000000000000020e+30 1.000000000000000020e+30 1.000000000000000020e+30 1.000000000000000020e+30 1.000000000000000020e+30
1.000000000000000020e+30 1.000000000000000020e+30 1.000000000000000020e+30 1.000000000000000020e+30 1.000000000000000020e+30 1.000000000000000020e+30 1.000000000000000020e+30 1.000000000000000020e+30 1.000000000000000020e+30 1.000000000000000020e+30 1.000000000000000020e+30 1.000000000000000020e+30 1.000000000000000020e+30 1.000000000000000020e+30 1.000000000000000020e+30 1.000000000000000020e+30 1.000000000000000020e+30 1.000000000000000020e+30 1.000000000000000020e+30 1.000000000000000020e+30 1.000000000000000020e+30 1.000000000000000020e+30 1.000000000000000020e+30 1.000000000000000020e+30 1.397332397532665915e+01 1.392793653799403941e+01 1.385855903749916251e+01 1.377052257072268127e+01 1.367801253566229924e+01 1.355391897762613773e+01 1.340335991634016111e+01 1.323569701445643254e+01 1.292050013441414080e+01 1.267900388209607954e+01 1.251996220825655826e+01 1.238697543051674010e+01 1.228193624798391781e+01 1.222471037512463532e+01 1.215537340688822887e+01 1.206782926346519069e+01 1.195720052556276691e+01 1.181795943222561185e+01 1.163365467869186354e+01 1.132883980160970872e+01 1.103374345963594294e+01 1.071340505232641860e+01 1.028845588292900004e+01 1.053702666347878036e+01 1.000000000000000020e+30 1.000000000000000020e+30 1.000000000000000020e+30 1.000000000000000020e+30 1.000000000000000020e+30 1.000000000000000020e+30 1.000000000000000020e+30 1.000000000000000020e+30 1.000000000000000020e+30
1.000000000000000020e+30 1.000000000000000020e+30 1.000000000000000020e+30 1.000000000000000020e+30 1.000000000000000020e+30 1.000000000000000020e+30 1.000000000000000020e+30 1.000000000000000020e+30 1.000000000000000020e+30 1.000000000000000020e+30 1.000000000000000020e+30 1.000000000000000020e+30 1.000000000000000020e+30 1.000000000000000020e+30 1.000000000000000020e+30 1.000000000000000020e+30 1.000000000000000020e+30 1.000000000000000020e+30 1.000000000000000020e+30 1.000000000000000020e+30 1.000000000000000020e+30 1.436261969011800055e+01 1.427993196541327237e+01 1.413162603919531080e+01 1.398759300313914089e+01 1.391959125010581211e+01 1.384302253643683756e+01 1.376606517790169626e+01 1.366260220638798195e+01 1.347919982623735358e+01 1.324927129891281297e+01 1.291719225639756097e+01 1.249728096757987927e+01 1.233599273621036296e+01 1.222324811843781589e+01 1.215302363972287836e+01 1.212710451506522347e+01 1.208725906374629488e+01 1.202805323656739489e+01 1.194316612500584007e+01 1.182705077904897450e+01 1.167343263990527724e+01 1.147271465549204450e+01 1.121357367921187631e+01 1.093524463524892809e+01 1.065607229513092236e+01 1.039429123669336441e+01 1.061048022316066231e+01 1.074314716229645228e+01 1.000000000000000020e+30 1.000000000000000020e+30 1.000000000000000020e+30 1.000000000000000020e+30 1.000000000000000020e+30 1.000000000000000020e+30 1.000000000000000020e+30 1.000000000000000020e+30
1.000000000000000020e+30 1.000000000000000020e+30 1.000000000000000020e+30 1.000000000000000020e+30 1.000000000000000020e+30 1.000000000000000020e+30 1.000000000000000020e+30 1.000000000000000020e+30 1.000000000000000020e+30 1.000000000000000020e+30 1.000000000000000020e+30 1.000000000000000020e+30 1.000000000000000020e+30 1.000000000000000020e+30 1.000000000000000020e+30 1.000000000000000020e+30 1.000000000000000020e+30 1.000000000000000020e+30 1.486438828707010984e+01 1.469687477488401051e+01 1.446645123403142819e+01 1.438005305757695318e+01 1.427329915946277872e+01 1.411726470374860298e+01 1.396980710468218767e+01 1.388725372603141750e+01 1.379326259552058431e+01 1.369777012139135586e+01 1.354098467180312504e+01 1.327224451644786107e+01 1.295794487046494403e+01 1.255156260063042595e+01 1.218208656105133159e+01 1.204734113797911910e+01 1.195987880983515161e+01 1.191619264670841005e+01 1.190557606514201439e+01 1.188747659107956345e+01 1.184313424126140468e+01 1.176416899934193516e+01 1.164569494059569443e+01 1.148300565517821603e+01 1.127100880699799212e+01 1.100803098991941376e+01 1.070925273529020672e+01 1.041531644692281233e+01 1.036857528038822274e+01 1.060338218270120159e+01 1.074311331021855409e+01 1.080789027461139362e+01 1.000000000000000020e+30 1.000000000000000020e+30 1.000000000000000020e+30 1.000000000000000020e+30 1.000000000000000020e+30 1.000000000000000020e+30 1.000000000000000020e+30
1.000000000000000020e+30 1.000000000000000020e+30 1.000000000000000020e+30 1.000000000000000020e+30 1.000000000000000020e+30 1.000000000000000020e+30 1.000000000000000020e+30 1.000000000000000020e+30 1.000000000000000020e+30 1.000000000000000020e+30 1.000000000000000020e+30 1.000000000000000020e+30 1.000000000000000020e+30 1.000000000000000020e+30 1.000000000000000020e+30 1.000000000000000020e+30 1.501712705211672727e+01 1.497586821002096436e+01 1.487712790884837233e+01 1.468004421395322368e+01 1.443721246144720638e+01 1.435406281329978206e+01 1.424313451302671041e+01 1.408479877387951440e+01 1.393239266622543049e+01 1.383292754085824150e+01 1.370905750712116600e+01 1.357093414848607260e+01 1.331521929535491111e+01 1.295333415728204507e+01 1.257459221723079601e+01 1.212218463234495580e+01 1.174466350790340030e+01 1.162864142626360575e+01 1.156762248772855983e+01 1.156001008296184018e+01 1.160496590136182071e+01 1.162688752337827580e+01 1.160459709144029894e+01 1.153430738885898776e+01 1.141492908243869309e+01 1.124355083252361709e+01 1.101482379235110898e+01 1.072056913922336641e+01 1.033705210991442591e+01 9.744300382982183706e+00 1.024726523798547362e+01 1.053417250629980018e+01 1.068950293531822027e+01 1.075383584327429176e+01 1.074330882045501134e+01 1.071855435818418201e+01 1.000000000000000020e+30 1.000000000000000020e+30 1.000000000000000020e+30 1.000000000000000020e+30 1.000000000000000020e+30
1.000000000000000020e+30 1.000000000000000020e+30 1.000000000000000020e+30 1.000000000000000020e+30 1.000000000000000020e+30 1.000000000000000020e+30 1.000000000000000020e+30 1.000000000000000020e+30 1.000000000000000020e+30 1.000000000000000020e+30 1.000000000000000020e+30 1.000000000000000020e+30 1.000000000000000020e+30 1.000000000000000020e+30 1.000000000000000020e+30 1.500948023564085076e+01 1.499134742732188386e+01 1.494261146254630646e+01 1.484075353077209947e+01 1.462877454725583171e+01 1.436982627868253637e+01 1.428987281809745724e+01 1.418501270178472673e+01 1.403669551685225869e+01 1.388887663207989576e+01 1.376812319993920042e+01 1.360090138754030065e+01 1.338713852954958661e+01 1.290910271720998104e+01 1.246678238101438296e+01 1.204835960631065817e+01 1.155891421125852148e+01 1.115067128419270048e+01 1.106092584874104645e+01 1.102630652925935983e+01 1.105540335236070071e+01 1.123275616631795337e+01 1.131646895096403505e+01 1.131941234674952845e+01 1.125696070845431862e+01 1.113619532386217514e+01 1.095607280734335376e+01 1.070967081334794635e+01 1.039042800367768038e+01 1.000659694001316780e+01 9.584064388513976240e+00 1.015607981112668945e+01 1.045195877981633892e+01 1.060148924998700259e+01 1.065560678159238961e+01 1.063935176664219284e+01 1.057501721320126720e+01 1.045580479224692105e+01 1.000000000000000020e+30 1.000000000000000020e+30 1.000000000000000020e+30 1.000000000000000020e+30
1.000000000000000020e+30 1.000000000000000020e+30 1.000000000000000020e+30 1.000000000000000020e+30 1.000000000000000020e+30 1.000000000000000020e+30 1.000000000000000020e+30 1.000000000000000020e+30 1.000000000000000020e+30 1.000000000000000020e+30 1.000000000000000020e+30 1.000000000000000020e+30 1.000000000000000020e+30 1.000000000000000020e+30 1.497145323451985277e+01 1.495618212933890945e+01 1.491432415734495542e+01 1.485263496733619526e+01 1.474614913215767764e+01 1.452681484103485410e+01 1.425125636461787160e+01 1.417917979666067652e+01 1.409006558798528985e+01 1.397193701581870684e+01 1.383217776583008884e+01 1.365393581565040826e+01 1.338747358509571939e+01 1.294182267299577305e+01 1.233095784646795323e+01 1.198208533324034697e+01 1.157671861597066609e+01 1.107478296171799848e+01 1.070628673595292568e+01 1.065805410815412202e+01 1.063270810425596480e+01 1.063591769110826668e+01 1.084952689411323590e+01 1.098443192560552184e+01 1.099728899640241586e+01 1.093379758138345359e+01 1.080894709774321605e+01 1.062025627825450336e+01 1.034992210814569269e+01 9.972951045326196251e+00 9.523626300223538621e+00 9.849493979550535627e+00 1.016914972890483249e+01 1.037781671724588506e+01 1.048378849179893990e+01 1.050650905537621504e+01 1.046198079263524683e+01 1.036242196547801520e+01 1.020784984065443446e+01 1.000430296239801642e+01 1.000000000000000020e+30 1.000000000000000020e+30 1.000000000000000020e+30
1.000000000000000020e+30 1.000000000000000020e+30 1.000000000000000020e+30 1.000000000000000020e+30 1.000000000000000020e+30 1.000000000000000020e+30 1.000000000000000020e+30 1.000000000000000020e+30 1.000000000000000020e+30 1.000000000000000020e+30 1.000000000000000020e+30 1.000000000000000020e+30 1.000000000000000020e+30 1.490902688652259123e+01 1.489345017276463956e+01 1.482742478347628712e+01 1.473104204602946687e+01 1.464592962078834937e+01 1.454170020787314677e+01 1.433719804411576426e+01 1.405932813722221297e+01 1.400474870865831001e+01 1.393581679571477849e+01 1.383049732437743273e+01 1.367441319099208741e+01 1.344351855522836559e+01 1.309476084554059661e+01 1.256212087658925292e+01 1.203242201322678007e+01 1.172078839570654907e+01 1.135089302383090626e+01 1.090060518934524758e+01 1.059417828225284453e+01 1.054952318652233956e+01 1.052012270099585933e+01 1.051138912470083575e+01 1.060450474836594026e+01 1.066304921701681252e+01 1.064037125364010983e+01 1.055879729877175244e+01 1.042773738229137059e+01 1.023872862591430000e+01 9.948541765608375442e+00 9.439762656944980179e+00 9.682040985913680231e+00 9.929690722415331905e+00 1.013989447474849115e+01 1.027226589121657163e+01 1.032222425697781709e+01 1.029850427952225900e+01 1.021075967372782500e+01 1.007018894058648328e+01 9.864027717427083175e+00 9.642190310221810279e+00 9.258198443294757496e+00 1.000000000000000020e+30 1.000000000000000020e+30
1.000000000000000020e+30 1.000000000000000020e+30 1.000000000000000020e+30 1.000000000000000020e+30 1.000000000000000020e+30 1.000000000000000020e+30 1.000000000000000020e+30 1.000000000000000020e+30 1.000000000000000020e+30 1.000000000000000020e+30 1.000000000000000020e+30 1.000000000000000020e+30 1.476988274090399855e+01 1.479547083460913015e+01 1.472781557545174991e+01 1.455301858099870493e+01 1.430511969736494393e+01 1.417808128587378214e+01 1.409739278757298209e+01 1.396986712639936457e+01 1.375971139105929275e+01 1.374913536727441787e+01 1.371658823735755206e+01 1.362954328302318174e+01 1.346797318053193848e+01 1.320794170022964664e+01 1.281339825531928156e+01 1.223664067717854742e+01 1.170742194497140076e+01 1.142623050580247224e+01 1.110399138998183055e+01 1.071935632961167073e+01 1.045850119587074012e+01 1.041330734065758712e+01 1.037434109745087518e+01 1.034856661078368312e+01 1.034816427953762386e+01 1.030244810230091801e+01 1.022088486973457222e+01 1.010864121739667709e+01 9.973590351326647507e+00 9.813725785183448735e+00 9.588473071332527908e+00 9.273263341860721098e+00 9.634750458899430825e+00 9.882544561824413876e+00 1.004487535180853364e+01 1.011445904964380915e+01 1.010112942446284556e+01 1.001798502540412983e+01 9.867331957049298552e+00 9.685657214739833876e+00 9.354968435121035597e+00 9.236640896208847096e+00 9.219715996965758720e+00 1.000000000000000020e+30 1.000000000000000020e+30
1.000000000000000020e+30 1.000000000000000020e+30 1.000000000000000020e+30 1.000000000000000020e+30 1.000000000000000020e+30 1.000000000000000020e+30 1.000000000000000020e+30 1.000000000000000020e+30 1.000000000000000020e+30 1.000000000000000020e+30 1.000000000000000020e+30 1.433549074061481221e+01 1.453523546336096750e+01 1.458079716803037051e+01 1.443609954740197665e+01 1.401808515639246977e+01 1.328231056860982129e+01 1.311488390118823233e+01 1.310457460955512410e+01 1.317275771072968382e+01 1.330043900904190579e+01 1.339833031998372270e+01 1.343194073340125883e+01 1.337583231534896200e+01 1.321904144511181123e+01 1.294392156566140173e+01 1.251791090546556084e+01 1.189299510147127492e+01 1.131703069036934117e+01 1.107329438239640318e+01 1.081137338371570245e+01 1.050888682096252857e+01 1.030771010267044652e+01 1.025801509939836187e+01 1.020236950595613123e+01 1.014693650400549707e+01 1.000680092914820918e+01 9.845688918813278789e+00 9.696203366572023086e+00 9.539526222764784791e+00 9.393607438362360895e+00 9.286815363536044643e+00 9.115691810038958565e+00 9.196808480355791460e+00 9.512732618702065324e+00 9.764153392317862057e+00 9.898375878590174537e+00 9.897133294687682437e+00 9.801665001238351493e+00 9.645734162593758043e+00 9.374683130974691636e+00 9.248891473324615475e+00 9.158312904136563404e+00 9.042484409091283482e+00 8.941318183976456169e+00 8.785486795994842169e+00 1.000000000000000020e+30
1.000000000000000020e+30 1.000000000000000020e+30 1.000000000000000020e+30 1.000000000000000020e+30 1.000000000000000020e+30 1.000000000000000020e+30 1.000000000000000020e+30 1.000000000000000020e+30 1.000000000000000020e+30 1.000000000000000020e+30 1.289918993507048306e+01 1.367716387369414477e+01 1.411092719587243494e+01 1.423871014700757875e+01 1.401691119513387918e+01 1.316000844160139138e+01 1.189297502902201131e+01 1.186929807784235358e+01 1.193387858829933279e+01 1.208526499311889424e+01 1.262093276359213689e+01 1.296496080553577634e+01 1.309301055169388128e+01 1.307405467548558775e+01 1.292642295891771020e+01 1.264549761278335538e+01 1.219998781658894416e+01 1.152494102385198183e+01 1.093163020491984128e+01 1.074835552695477858e+01 1.054179649435418931e+01 1.030977676785158614e+01 1.015674068182011425e+01 1.009532752487967855e+01 1.001659339191906462e+01 9.901592908016692007e+00 9.688593616061615066e+00 9.504512186348989644e+00 9.322545334553003826e+00 9.124586066186363809e+00 8.981055454430416418e+00 8.945529852215670985e+00 8.924596673949922732e+00 8.923765245334802643e+00 9.272989698064010966e+00 9.603199991496271792e+00 9.731553612554064259e+00 9.611028073862385668e+00 9.380547816313178799e+00 9.186276679473069251e+00 9.108571604519013931e+00 8.946960466783691501e+00 8.769350291973033507e+00 8.628120720836529145e+00 8.525896623211549397e+00 8.449611907103198760e+00 1.000000000000000020e+30
1.000000000000000020e+30 1.000000000000000020e+30 1.000000000000000020e+30 1.000000000000000020e+30 1.000000000000000020e+30 1.000000000000000020e+30 1.000000000000000020e+30 1.000000000000000020e+30 1.000000000000000020e+30 7.615205607466822180e+00 1.083371166429087928e+01 1.252615348382797755e+01 1.340502218215163488e+01 1.373203220485908105e+01 1.359124918880581312e+01 1.273223615728026559e+01 1.159269871086707937e+01 1.158230798025747355e+01 1.165679052061199350e+01 1.180007100977615409e+01 1.219829393163009179e+01 1.256405521009058468e+01 1.272840668426266930e+01 1.272666963744779167e+01 1.258032322468091913e+01 1.230111314799962408e+01 1.186336021751541381e+01 1.121074361272695263e+01 1.066557357066011669e+01 1.051072218754870669e+01 1.033881116640953124e+01 1.014252713705129949e+01 9.999184563530878478e+00 9.936077162847270827e+00 9.852806586849551351e+00 9.739336787020546282e+00 9.585456286311693219e+00 9.422642936427202187e+00 9.251231379618028328e+00 9.065846518179066393e+00 8.943177851623216768e+00 8.911469017297745765e+00 8.892967290682561199e+00 8.891457554662034468e+00 9.185676795249944959e+00 9.465005231106012218e+00 9.627588061326653346e+00 9.231100670324750013e+00 9.139159908439166813e+00 8.934996451189640254e+00 8.706608526880948773e+00 8.450192861889352258e+00 8.141142957741079655e+00 7.975087813417051308e+00 7.887876251731347210e+00 7.842793424345580355e+00 1.000000000000000020e+30
1.000000000000000020e+30 1.000000000000000020e+30 1.000000000000000020e+30 1.000000000000000020e+30 1.000000000000000020e+30 1.000000000000000020e+30 1.000000000000000020e+30 1.000000000000000020e+30 1.278003999845906336e+01 1.068387252612378191e+01 7.626983191437818554e+00 1.068328632831525304e+01 1.225770712892583880e+01 1.288790070786569331e+01 1.299772907300048175e+01 1.224308023747675200e+01 1.110565843276482667e+01 1.111474217354227179e+01 1.121739580946077375e+01 1.137697741955425634e+01 1.176624972059661367e+01 1.214712061464913972e+01 1.232636183164603771e+01 1.232021765077773878e+01 1.215102797535844381e+01 1.187558733895209961e+01 1.146487094882813018e+01 1.086231343607309441e+01 1.035865408898955309e+01 1.023245785369037719e+01 1.010024695521923555e+01 9.951952550110997109e+00 9.839688962892843449e+00 9.782579290934044991e+00 9.704351722343909969e+00 9.601928068393922544e+00 9.474646337572643517e+00 9.331449494450346549e+00 9.174336648731015842e+00 9.001960736346637404e+00 8.888492952949190951e+00 8.859189423992381407e+00 8.842086193889448609e+00 8.840057031359000561e+00 9.174597771330871510e+00 9.229493998297680690e+00 9.217632650362691749e+00 9.021397498841986717e+00 8.790566025576884712e+00 8.496104193899641999e+00 8.125572480778957996e+00 7.792717968073363366e+00 7.140509195298638367e+00 7.007222640426572724e+00 6.969893334300131471e+00 6.952569222485633915e+00 1.000000000000000020e+30
1.000000000000000020e+30 1.000000000000000020e+30 1.000000000000000020e+30 1.000000000000000020e+30 1.000000000000000020e+30 1.000000000000000020e+30 1.000000000000000020e+30 1.406068077758930102e+01 1.352020878651589442e+01 1.195805799858427321e+01 7.615444125073909554e+00 7.570175219832195879e+00 1.039497397553670943e+01 1.127199282948766523e+01 1.204154589140383536e+01 1.151046017659169607e+01 1.039731536440766568e+01 1.044350169473261403e+01 1.061471700047187028e+01 1.082475031686488443e+01 1.125933275336797301e+01 1.167908254439521265e+01 1.187215366180785914e+01 1.183874386068078444e+01 1.157560070376420214e+01 1.130964795959603997e+01 1.094777605423362488e+01 1.042780938421968528e+01 9.988981760101328433e+00 9.898960470750816754e+00 9.814717368689212407e+00 9.732353275594951114e+00 9.682797352069146157e+00 9.635278287636195316e+00 9.564693959895997466e+00 9.473275550708843085e+00 9.362662464935452178e+00 9.235792362394382948e+00 9.092709121873475908e+00 8.930409520757770281e+00 8.817794907134043569e+00 8.789635783846856398e+00 8.771205389599714408e+00 8.767269088817815970e+00 8.833303785161199073e+00 8.827481232143211898e+00 8.768979330095463709e+00 8.632184818364919465e+00 8.299188528202797954e+00 7.920098223342631805e+00 7.273336059037733392e+00 7.199330344128219927e+00 7.628205609711963042e+00 7.735139796026616388e+00 7.767705059883319940e+00 7.776875031809097116e+00 1.000000000000000020e+30
1.000000000000000020e+30 1.000000000000000020e+30 1.000000000000000020e+30 1.000000000000000020e+30 1.000000000000000020e+30 1.000000000000000020e+30 1.429060865582376749e+01 1.410865298275065705e+01 1.376761977275185345e+01 1.317950587566589071e+01 1.233547654474826061e+01 1.165575419749296415e+01 7.561147115821500009e+00 7.443330691958584211e+00 1.060386841527689583e+01 1.028171358581933070e+01 9.404878214309910334e+00 9.511490160638322422e+00 9.846423504576987895e+00 1.015523300722407640e+01 1.066363307696606810e+01 1.114529893137706651e+01 1.136843749448603980e+01 1.130819623763606252e+01 1.100031750283632093e+01 1.078710098799422212e+01 1.047814758293885973e+01 1.004061634052882468e+01 9.711236383744678236e+00 9.652728852041503771e+00 9.599256237125850078e+00 9.556670684356891599e+00 9.540696752043787754e+00 9.495619096344928067e+00 9.429959140378308291e+00 9.347202732408883108e+00 9.249353307594196494e+00 9.137495769305134630e+00 9.009849539541839647e+00 8.859440157234290680e+00 8.755463936910089728e+00 8.731036562739197038e+00 8.703463763175493639e+00 8.674544565806286300e+00 8.605830748282285114e+00 8.529176365219299782e+00 8.464235645275639541e+00 8.418688423885125616e+00 7.621865502114377300e+00 7.359475652684278835e+00 7.800416562030237699e+00 7.973200539373427098e+00 8.179775480050588854e+00 8.293082173490654796e+00 8.348362122745362157e+00 8.370680393761109173e+00 1.000000000000000020e+30
1.000000000000000020e+30 1.000000000000000020e+30 1.000000000000000020e+30 1.000000000000000020e+30 1.000000000000000020e+30 1.451964447527109670e+01 1.440121583830909913e+01 1.422894272523061332e+01 1.396238495218439724e+01 1.358082842521724487e+01 1.312309118190257706e+01 1.273972773921365587e+01 1.184078765714041204e+01 1.111146562226952561e+01 9.848127073019583122e+00 7.481452373627115016e+00 8.034628537176251584e+00 8.165807666305390455e+00 8.943096942506379321e+00 9.407155409299758020e+00 9.975058158639017236e+00 1.053196909712436558e+01 1.082942488329049091e+01 1.086127575134338841e+01 1.067763515202527458e+01 1.051477329795960358e+01 1.025577633147881329e+01 9.878296209960856444e+00 9.596153531776508316e+00 9.545222762021262852e+00 9.496621717588876521e+00 9.452229887772769956e+00 9.412111968827824526e+00 9.360614117281309987e+00 9.295883133249061459e+00 9.219073106567517328e+00 9.131945095473987806e+00 9.035634759202737953e+00 8.928839052505150420e+00 8.805850984356471400e+00 8.723295368904576463e+00 8.695984362451731897e+00 8.662356487452356646e+00 8.629133601653812491e+00 8.570871556821611392e+00 8.499396960167340254e+00 8.426460224782612585e+00 8.392455823679519256e+00 8.269901390190492307e+00 8.195835895556690787e+00 8.343837355441671377e+00 8.482090299647710552e+00 8.615347352232802791e+00 8.709884125617106676e+00 8.766393981115321310e+00 8.792300528139797677e+00 1.000000000000000020e+30
1.000000000000000020e+30 1.000000000000000020e+30 1.000000000000000020e+30 1.000000000000000020e+30 1.000000000000000020e+30 1.458610502753265159e+01 1.450367862994513324e+01 1.436694828843202032e+01 1.417298325680177662e+01 1.392648439905219959e+01 1.366344982385641948e+01 1.346342168548321006e+01 1.329044248778848392e+01 1.280502022988231481e+01 1.194307215514818488e+01 1.031976733581357841e+01 8.840321847308805658e+00 8.635186539380159232e+00 8.136774599742480518e+00 8.670230596687401814e+00 9.135187906983382788e+00 9.785192956811767928e+00 1.019114749269962594e+01 1.036343617525890437e+01 1.030987816964318071e+01 1.021467354771402292e+01 1.002094122035382995e+01 9.709593115747724212e+00 9.465345258816975971e+00 9.420040460514188752e+00 9.374222691627181803e+00 9.327721826862731547e+00 9.278830471599063046e+00 9.222369522731591829e+00 9.156867169324337752e+00 9.083512491660359345e+00 9.005020722123042276e+00 8.924357278391296333e+00 8.842645834559997198e+00 8.757497538658020275e+00 8.702429142150286623e+00 8.667257917401681055e+00 8.618609776927874222e+00 8.582861198901477806e+00 8.520106900160444141e+00 8.465665604024669832e+00 8.451099923119874902e+00 8.437073950834552249e+00 8.510338999234294377e+00 8.583953133782515010e+00 8.692593097002525582e+00 8.804497379680336522e+00 8.907848002967543977e+00 8.988136792414742615e+00 9.040823465301054185e+00 9.066526363081816697e+00 1.000000000000000020e+30
1.000000000000000020e+30 1.000000000000000020e+30 1.000000000000000020e+30 1.000000000000000020e+30 1.476297176251996213e+01 1.468864728732398284e+01 1.460712632795089938e+01 1.449729994470755479e+01 1.435480993996771204e+01 1.418647310173178511e+01 1.401614241358426405e+01 1.388971284846580723e+01 1.386306627104093536e+01 1.353165788233957123e+01 1.286584794441620438e+01 1.145561360923458416e+01 9.504432153838079600e+00 9.167447526355699594e+00 8.671735292060066769e+00 8.012980641489548361e+00 7.757521249145329811e+00 8.807496003120824923e+00 9.362596023112681465e+00 9.713992175927193884e+00 9.881808042697363348e+00 9.880991290123352755e+00 9.766337014632352265e+00 9.526782297790964193e+00 9.319627679989871183e+00 9.279550894297543095e+00 9.236467688334389692e+00 9.189297097549173898e+00 9.136468823193753863e+00 9.076062388106826972e+00 9.008003448123362844e+00 8.934627002116862116e+00 8.860859914537449811e+00 8.793577456103557566e+00 8.738005453137557055e+00 8.701564588738104788e+00 8.705312286136077660e+00 8.660271417502487523e+00 8.606021738381995689e+00 8.582809068154874765e+00 8.539796345852552761e+00 8.493565135291081702e+00 8.469756076488758723e+00 8.459117496993910024e+00 8.598716932424181891e+00 8.742289646137589187e+00 8.857207371212235003e+00 8.961886520021725033e+00 9.054622167785579379e+00 9.128176846545926537e+00 9.178100987711509617e+00 9.203076253932687578e+00 1.000000000000000020e+30
1.000000000000000020e+30 1.000000000000000020e+30 1.000000000000000020e+30 1.000000000000000020e+30 1.480591665939091861e+01 1.476071767505605514e+01 1.469431338805742548e+01 1.460645639704669918e+01 1.449656775622495708e+01 1.436829331602181981e+01 1.423034495017985002e+01 1.409111584977970644e+01 1.393626428880022594e+01 1.361232245327231993e+01 1.307370584253802903e+01 1.221645106783221912e+01 1.087106833538627804e+01 1.021140211674759968e+01 9.646393201061682632e+00 9.038901868647162274e+00 8.663369977805334798e+00 8.057982873752838060e+00 8.601769168144892674e+00 9.038355573651625008e+00 9.392395755093708942e+00 9.519411921797487963e+00 9.492034361330068393e+00 9.328520666361335145e+00 9.159954781725103246e+00 9.125655637756002747e+00 9.086156386065908919e+00 9.039587386475313124e+00 8.984346843274055416e+00 8.919548916173944519e+00 8.845933337731754165e+00 8.766791417850388513e+00 8.689915550799755195e+00 8.629717767164088116e+00 8.591722439517029741e+00 8.578681856169946940e+00 1.030785860833535494e+01 6.898501856548740818e+00 1.498031935042701157e+01 1.503803178472275803e+01 1.503781131201518839e+01 1.503711871645399789e+01 1.503674363579352402e+01 1.503657952088106953e+01 1.503824737108495846e+01 1.504014879364648216e+01 1.504178616360699472e+01 1.504330935578042983e+01 1.504466542973031373e+01 1.504574281347296960e+01 1.504647466387357646e+01 1.504684094121579285e+01 1.000000000000000020e+30
1.000000000000000020e+30 1.000000000000000020e+30 1.000000000000000020e+30 1.490776509558971519e+01 1.486631462614435328e+01 1.482242303795787741e+01 1.476576418389421441e+01 1.469302170223483905e+01 1.460279060384991645e+01 1.449501288466351134e+01 1.436938060008687401e+01 1.421991253137870714e+01 1.402282067826930323e+01 1.371896834223400674e+01 1.327135526971986934e+01 1.265241449351038661e+01 1.189160563673465809e+01 1.126913876567805772e+01 1.066333902363980002e+01 9.947222702598189414e+00 9.299599609159933777e+00 8.791054206620113831e+00 8.116111594568707233e+00 8.607907478841429594e+00 8.966991558438577314e+00 9.158377181458119409e+00 9.200765496031683810e+00 9.113894266004123779e+00 8.986857647420283257e+00 8.959812490245033345e+00 8.925527520708579132e+00 8.880835441408798658e+00 8.823618617081406157e+00 8.753091383674590276e+00 8.669870680897131976e+00 8.576266042500439113e+00 8.480865045748593900e+00 8.421221747119940204e+00 8.397124676787322883e+00 8.418654094099546015e+00 1.488692918884262895e+01 7.000533032238826614e+00 1.507384523172358470e+01 1.513269169774939726e+01 1.513312169103790872e+01 1.513311977973699385e+01 1.513311702371436596e+01 1.513311589549703129e+01 1.513312810193081148e+01 1.513314211146225396e+01 1.513315421588160881e+01 1.513316546829258513e+01 1.513317548914597310e+01 1.513318365908717666e+01 1.513318885539347214e+01 1.513319156836663737e+01 1.000000000000000020e+30
1.000000000000000020e+30 1.000000000000000020e+30 1.000000000000000020e+30 1.493008728316193512e+01 1.490651818773052817e+01 1.487054634908329831e+01 1.482215523890311459e+01 1.475977734160421839e+01 1.468162714051784690e+01 1.458553477224638151e+01 1.446756970370124940e+01 1.431900373853584618e+01 1.412213195245662334e+01 1.384965924588589203e+01 1.348273622250538573e+01 1.302020123304445498e+01 1.249874588829201372e+01 1.198152171583076964e+01 1.140691182982175000e+01 1.066324760650060455e+01 9.951953954012813242e+00 9.471507755138107498e+00 8.856141559284342435e+00 8.087016085822382294e+00 8.521273958550189320e+00 8.776551421175492251e+00 8.874494448929951318e+00 8.875339088498263251e+00 8.799733155474010360e+00 8.783146116798096870e+00 8.757013689626681696e+00 8.715974973212206933e+00 8.657067989092755766e+00 8.579513680326000369e+00 8.483513939293251482e+00 8.365833268401923206e+00 8.213241612601695607e+00 8.153401599511862941e+00 8.132344958393243672e+00 8.133438746195798430e+00 6.930792954049077359e+00 6.941554826316330029e+00 1.507410185089523402e+01 1.513338792022212509e+01 1.513382589000160117e+01 1.513382908849349739e+01 1.513382909168515944e+01 1.513382908437417385e+01 1.513382919836091212e+01 1.513382930196464216e+01 1.513382939158565854e+01 1.513382948419162410e+01 1.513383020565106385e+01 1.513385961589962392e+01 1.513383052443133714e+01 1.513382969619189389e+01 1.000000000000000020e+30
1.000000000000000020e+30 1.000000000000000020e+30 1.000000000000000020e+30 1.495873901447872534e+01 1.493989067714468000e+01 1.490881142483780053e+01 1.486616108557627314e+01 1.481065537480671779e+01 1.474014350764043080e+01 1.465153645380420322e+01 1.453998548901654608e+01 1.439745599209370219e+01 1.421144155356337180e+01 1.396614327475597328e+01 1.365002512576389648e+01 1.326806148672603136e+01 1.287864134951056805e+01 1.248440984121682895e+01 1.200343633702856394e+01 1.133227448733968501e+01 1.059385753524853868e+01 1.011233051690198081e+01 9.533754798886310056e+00 8.845873528249873274e+00 8.028960087025842185e+00 8.356868904168516465e+00 8.462600890348365823e+00 8.594275977886390194e+00 8.596321901871620597e+00 8.596830470181091144e+00 8.584032095186667988e+00 8.549281097315770239e+00 8.488931820046191845e+00 8.403400225329901829e+00 8.296905003326131123e+00 8.167234635298987300e+00 8.195396907809177733e+00 8.180703489530865014e+00 8.167660545414239692e+00 8.163755153791040442e+00 6.563427101525355134e+00 1.000000000000000020e+30 1.000000000000000020e+30 1.000000000000000020e+30 1.000000000000000020e+30 1.000000000000000020e+30 1.000000000000000020e+30 1.000000000000000020e+30 1.513383440756790677e+01 1.513383439412828402e+01 1.513383438721390384e+01 1.513383504161396331e+01 1.513389459833786610e+01 1.513795380594209838e+01 1.513392481355510810e+01 1.513383551032572250e+01 1.000000000000000020e+30
1.000000000000000020e+30 1.000000000000000020e+30 1.501383712436082973e+01 1.499142381581840233e+01 1.496908398463789069e+01 1.493960776008725944e+01 1.490037373272483912e+01 1.484919458282756288e+01 1.478344399093556127e+01 1.469967377997792646e+01 1.459313293059178562e+01 1.445708648473568125e+01 1.428198910510012887e+01 1.405464600686178400e+01 1.375761088337511850e+01 1.336551043872802502e+01 1.300630601133781283e+01 1.272503410374659971e+01 1.234695370976809592e+01 1.185653086010784740e+01 1.123683556216899149e+01 1.070666503761682620e+01 1.014809762584791031e+01 9.517264697989523015e+00 8.789229780167188366e+00 7.923985055166958169e+00 7.806073347245466643e+00 8.238700135173706585e+00 8.372191979270480644e+00 8.403261657724579337e+00 8.412378690815391025e+00 8.387291521800749550e+00 8.324553778497607581e+00 8.226051871223070577e+00 8.110321729988362094e+00 8.139770148844652553e+00 1.493348310038694926e+01 1.503174621694916979e+01 1.503101364389373096e+01 1.491156944816767194e+01 6.673652176516035261e+00 1.000000000000000020e+30 1.000000000000000020e+30 1.000000000000000020e+30 1.000000000000000020e+30 1.000000000000000020e+30 1.000000000000000020e+30 1.000000000000000020e+30 1.000000000000000020e+30 1.000000000000000020e+30 1.513383467110770475e+01 1.513386487099430866e+01 1.513798341114480728e+01 1.569938913742516640e+01 1.514213218020944574e+01 1.513389576795178293e+01 1.000000000000000020e+30
1.000000000000000020e+30 1.000000000000000020e+30 1.502609717238694564e+01 1.501198542464927144e+01 1.499147371236063009e+01 1.496372778245966906e+01 1.492677771605270287e+01 1.487822116169516740e+01 1.481511684632673465e+01 1.473384659028405430e+01 1.463003612669975517e+01 1.449850675832682789e+01 1.433270570233761987e+01 1.412152800483701931e+01 1.384381644291246438e+01 1.346676651365603483e+01 1.311909396622096935e+01 1.287305836355414357e+01 1.254987084180068102e+01 1.215006144651126441e+01 1.168481548907279155e+01 1.120762196627517504e+01 1.069219400385938457e+01 1.011267417571482596e+01 9.467530129300394393e+00 8.830010193884117342e+00 8.378683538764025940e+00 7.834983255593546581e+00 8.118959020451590902e+00 8.209537793380588866e+00 8.252950423053466267e+00 8.240809795453451159e+00 8.173300371390105568e+00 8.042527003771178684e+00 8.088978458947281069e+00 8.117202618469152142e+00 1.503063339987071068e+01 1.513186294731190884e+01 1.507131088248155137e+01 6.756467724380652129e+00 1.000000000000000020e+30 1.000000000000000020e+30 1.000000000000000020e+30 1.000000000000000020e+30 1.000000000000000020e+30 1.000000000000000020e+30 1.000000000000000020e+30 1.000000000000000020e+30 1.000000000000000020e+30 1.000000000000000020e+30 1.000000000000000020e+30 1.000000000000000020e+30 1.000000000000000020e+30 9.785367083342426042e+01 1.570768977402033606e+01 1.000000000000000020e+30 1.000000000000000020e+30
1.000000000000000020e+30 1.505651790608678020e+01 1.504335309806429066e+01 1.502863708368460571e+01 1.500905211624197833e+01 1.498265862154258521e+01 1.494726846715789748e+01 1.490016745626127914e+01 1.483798837846231500e+01 1.475671599430315162e+01 1.465203095553372847e+01 1.452044231083763215e+01 1.436101354323182555e+01 1.416929011893804713e+01 1.392020887477306523e+01 1.357793431014535734e+01 1.325656548056232431e+01 1.303761323734165067e+01 1.276011371627556201e+01 1.242896368186103651e+01 1.205199115237956775e+01 1.164060200468010109e+01 1.117834480470087399e+01 1.063083593278037675e+01 9.966476345326222841e+00 9.342742287394610656e+00 8.809383085980234895e+00 8.311961127844792685e+00 8.101962950634364447e+00 8.039325652119606147e+00 8.125787824895418510e+00 8.126375445540967135e+00 8.061540353609435883e+00 7.973873726010326735e+00 8.061439857556296218e+00 8.098277419838705526e+00 1.503020502591589391e+01 1.513088474814675699e+01 1.501272502164738221e+01 7.001968995618908842e+00 1.000000000000000020e+30 1.000000000000000020e+30 1.000000000000000020e+30 1.000000000000000020e+30 1.000000000000000020e+30 1.000000000000000020e+30 1.000000000000000020e+30 1.000000000000000020e+30 1.000000000000000020e+30 1.000000000000000020e+30 1.000000000000000020e+30 1.000000000000000020e+30 1.000000000000000020e+30 1.000000000000000020e+30 1.000000000000000020e+30 1.000000000000000020e+30 1.000000000000000020e+30
1.000000000000000020e+30 1.506314082758674289e+01 1.505450450063649726e+01 1.504125679502197599e+01 1.502288077467474103e+01 1.499779453242408955e+01 1.496368411008504928e+01 1.491742072453995682e+01 1.485492122844488350e+01 1.477108956074898849e+01 1.466016324860557418e+01 1.451831766935629808e+01 1.435622585962859432e+01 1.419279755712883961e+01 1.398710688484177567e+01 1.370324762005690111e+01 1.340798311488770445e+01 1.320450763012747153e+01 1.296035598664298227e+01 1.268114531171501724e+01 1.237087933941018036e+01 1.203053166787863582e+01 1.164284595451669091e+01 1.114261986293590390e+01 1.027988909209197743e+01 9.596312534575893949e+00 9.010027387532707266e+00 8.443753751006795483e+00 8.084656083560144424e+00 7.976743771557041285e+00 8.060178496553000116e+00 8.053111444146253461e+00 7.948001826231918088e+00 8.002297629598555062e+00 8.060059257043855396e+00 8.091595646542485198e+00 1.491772424292197208e+01 1.495545005043737241e+01 6.681653886944556753e+00 1.000000000000000020e+30 1.000000000000000020e+30 1.000000000000000020e+30 1.000000000000000020e+30 1.000000000000000020e+30 1.000000000000000020e+30 1.000000000000000020e+30 1.000000000000000020e+30 1.000000000000000020e+30 1.000000000000000020e+30 1.000000000000000020e+30 1.000000000000000020e+30 1.000000000000000020e+30 1.000000000000000020e+30 1.000000000000000020e+30 1.000000000000000020e+30 1.000000000000000020e+30 1.000000000000000020e+30
1.507979921109093269e+01 1.507241863717006147e+01 1.506355514165414178e+01 1.505117169027175983e+01 1.503403138990273114e+01 1.501044367952756886e+01 1.497785572078877969e+01 1.493259887350036230e+01 1.486958704087868099e+01 1.478186554026622979e+01 1.465913685001648581e+01 1.448435922278870613e+01 1.431063045475002582e+01 1.418367562548778160e+01 1.401873848081383755e+01 1.381441546080134586e+01 1.357449391082693246e+01 1.336034594185816360e+01 1.313737774492222243e+01 1.289861303287410799e+01 1.264574836620713683e+01 1.238452734820530310e+01 1.212606567921264222e+01 1.190918844622687978e+01 1.501702563053017236e+01 1.505231473768039940e+01 1.504408564701500062e+01 1.503597632796669892e+01 1.503070227509949319e+01 1.498577223744651832e+01 8.864373239379926162e+00 7.026967892482063327e+00 7.007423816085327495e+00 7.032766448525343606e+00 1.498005873448985703e+01 1.520516656843572889e+01 7.247279868537450653e+00 7.134853503576151112e+00 6.831967427554780592e+00 1.000000000000000020e+30 1.000000000000000020e+30 1.000000000000000020e+30 1.000000000000000020e+30 1.000000000000000020e+30 1.000000000000000020e+30 1.000000000000000020e+30 1.000000000000000020e+30 1.000000000000000020e+30 1.000000000000000020e+30 1.000000000000000020e+30 1.000000000000000020e+30 1.000000000000000020e+30 1.000000000000000020e+30 1.000000000000000020e+30 1.000000000000000020e+30 1.000000000000000020e+30 1.000000000000000020e+30
1.508260781222716496e+01 1.507798303211911062e+01 1.507017946896296579e+01 1.505884908043257830e+01 1.504318458810367432e+01 1.502165238681134696e+01 1.499149832163182516e+01 1.494850505815568731e+01 1.488660427090438709e+01 1.479786834993468325e+01 1.466999470086277846e+01 1.448451446384535046e+01 1.430995478730028481e+01 1.419179033263808876e+01 1.404344827026971210e+01 1.386813895050316248e+01 1.367341975647222085e+01 1.347745098147796305e+01 1.327666371461399208e+01 1.307024551328184359e+01 1.286225569357245924e+01 1.266203199551539527e+01 1.248700924261613920e+01 1.237105338190771953e+01 1.509278326457559771e+01 1.513293506780924780e+01 1.513316904805171781e+01 1.513311140905747898e+01 1.513306778933452001e+01 1.513240854255807122e+01 1.508725963440015327e+01 1.495834261809206645e+01 6.973826688522118289e+00 7.059075501632559480e+00 1.586740962539109567e+01 5.507364868611634989e+01 7.326778432704855071e+00 7.315762884785852016e+00 8.776412567210318372e+00 1.000000000000000020e+30 1.000000000000000020e+30 1.000000000000000020e+30 1.000000000000000020e+30 1.000000000000000020e+30 1.000000000000000020e+30 1.000000000000000020e+30 1.000000000000000020e+30 1.000000000000000020e+30 1.000000000000000020e+30 1.000000000000000020e+30 1.000000000000000020e+30 1.000000000000000020e+30 1.000000000000000020e+30 1.000000000000000020e+30 1.000000000000000020e+30 1.000000000000000020e+30 1.000000000000000020e+30
1.508570691368626804e+01 1.508200070955162886e+01 1.507494488487031781e+01 1.506451576409926041e+01 1.505053511255464116e+01 1.503199064181031730e+01 1.500593656069971971e+01 1.496763771181634262e+01 1.490953831000933327e+01 1.482458267420388509e+01 1.469921335880220603e+01 1.450935598442873697e+01 1.432133949731336742e+01 1.420482295962346520e+01 1.406588810686624313e+01 1.390733456196825912e+01 1.373443637989318233e+01 1.355496106626664599e+01 1.337178322452410661e+01 1.318811714381371125e+01 1.301008687446061707e+01 1.284805522337331496e+01 1.271790745046213900e+01 1.264177097225179480e+01 1.509726385865552345e+01 1.513355968634824045e+01 1.513382751857583841e+01 1.513382901502063049e+01 1.513382551707750423e+01 1.513339062450009109e+01 1.507476294924721394e+01 7.018958926248468622e+00 1.502312367629593837e+01 1.586608835161919728e+01 8.409350990115470381e+01 7.653161447675093143e+01 7.354105147334902171e+00 7.020479625692406245e+00 1.000000000000000020e+30 1.000000000000000020e+30 1.000000000000000020e+30 1.000000000000000020e+30 1.000000000000000020e+30 1.000000000000000020e+30 1.000000000000000020e+30 1.000000000000000020e+30 1.000000000000000020e+30 1.000000000000000020e+30 1.000000000000000020e+30 1.000000000000000020e+30 1.000000000000000020e+30 1.000000000000000020e+30 1.000000000000000020e+30 1.000000000000000020e+30 1.000000000000000020e+30 1.000000000000000020e+30 1.000000000000000020e+30
1.508844019639268552e+01 1.508498247899079381e+01 1.507810111027343680e+01 1.506786861174259151e+01 1.505540095297575043e+01 1.504122089017425168e+01 1.502179770138442372e+01 1.499250882908058458e+01 1.494035082718262686e+01 1.486554484982696600e+01 1.475614656169720895e+01 1.457704567572696064e+01 1.433696537369047697e+01 1.421536364077938330e+01 1.407931106785057551e+01 1.392798795618956653e+01 1.376450732360882157e+01 1.359383848486640112e+01 1.342014404277103345e+01 1.324818114278666314e+01 1.308497378568506164e+01 1.294090392727078331e+01 1.283001312110222436e+01 1.276854075479299055e+01 1.509937449853918245e+01 1.513358142186199018e+01 1.513383241334859264e+01 1.513383122948987669e+01 1.513382786030493499e+01 1.513338365164287858e+01 1.507408385143204121e+01 6.996618543031810411e+00 1.525388163873748404e+01 5.484912459222736203e+01 7.350763743738217215e+01 5.829064059552031551e+01 7.460147108141764072e+00 7.309026627230655215e+00 1.000000000000000020e+30 1.000000000000000020e+30 1.000000000000000020e+30 1.000000000000000020e+30 1.000000000000000020e+30 1.000000000000000020e+30 1.000000000000000020e+30 1.000000000000000020e+30 1.000000000000000020e+30 1.000000000000000020e+30 1.000000000000000020e+30 1.000000000000000020e+30 1.000000000000000020e+30 1.000000000000000020e+30 1.000000000000000020e+30 1.000000000000000020e+30 1.000000000000000020e+30 1.000000000000000020e+30 1.000000000000000020e+30
1.509079047816041808e+01 1.508725471345166902e+01 1.507989308922795857e+01 1.506787487495225797e+01 1.505536226645884668e+01 1.504559080204143662e+01 1.503249567022680289e+01 1.501607013223597065e+01 1.497744085851976692e+01 1.491839936320596571e+01 1.485082591922246742e+01 1.478313747366972741e+01 1.511724429911035372e+01 1.512032524342859574e+01 1.511836493726060660e+01 1.511614595544811657e+01 1.511374858495469553e+01 1.511124569414176122e+01 1.510869864517629679e+01 1.510617714603592177e+01 1.510378526443258806e+01 1.510170394894896617e+01 1.510008036075746141e+01 1.509942326427712089e+01 1.513335442105822182e+01 1.513382626816111554e+01 1.513382220811003265e+01 1.513341050555927936e+01 1.513339669403939070e+01 1.513212071831441996e+01 1.501565657510964691e+01 7.058823221299843631e+00 7.671642520112271768e+00 7.695814335217376012e+00 7.709178291820033557e+00 7.679381603839533277e+00 7.586072623014988636e+00 7.530904099948532604e+00 1.000000000000000020e+30 1.000000000000000020e+30 1.000000000000000020e+30 1.000000000000000020e+30 1.000000000000000020e+30 1.000000000000000020e+30 1.000000000000000020e+30 1.000000000000000020e+30 1.000000000000000020e+30 1.000000000000000020e+30 1.000000000000000020e+30 1.000000000000000020e+30 1.000000000000000020e+30 1.000000000000000020e+30 1.000000000000000020e+30 1.000000000000000020e+30 1.000000000000000020e+30 1.000000000000000020e+30 1.000000000000000020e+30
1.509303473143988050e+01 1.508941197638628573e+01 1.508177801400793072e+01 1.506928463917491534e+01 1.505698857292550130e+01 1.504865132214183099e+01 1.503825760978437032e+01 1.502641848901561517e+01 1.500167366664383906e+01 1.496155793319569050e+01 1.492167451979442561e+01 1.489144417620129346e+01 1.513019167308033097e+01 1.513370853986967290e+01 1.513371987774078953e+01 1.513370367365877556e+01 1.513368597585591324e+01 1.513366813483865059e+01 1.513367170141851936e+01 1.513366140481076272e+01 1.513373744382707287e+01 1.513791683747178141e+01 1.513779653441657125e+01 1.513751080729952392e+01 1.513679404391118588e+01 1.513346038738089838e+01 1.513259166936824407e+01 1.507606153470640109e+01 1.507585577696960399e+01 1.501752772306287476e+01 6.806704934085205494e+00 3.963381646666550040e+01 7.603364899916243758e+00 7.647144503246126490e+00 7.686845374832580902e+00 7.676821974213972943e+00 7.605052173700137530e+00 1.000000000000000020e+30 1.000000000000000020e+30 1.000000000000000020e+30 1.000000000000000020e+30 1.000000000000000020e+30 1.000000000000000020e+30 1.000000000000000020e+30 1.000000000000000020e+30 1.000000000000000020e+30 1.000000000000000020e+30 1.000000000000000020e+30 1.000000000000000020e+30 1.000000000000000020e+30 1.000000000000000020e+30 1.000000000000000020e+30 1.000000000000000020e+30 1.000000000000000020e+30 1.000000000000000020e+30 1.000000000000000020e+30 1.000000000000000020e+30
1.509544994047659117e+01 1.509182231073323521e+01 1.508411842095712707e+01 1.507141312654972864e+01 1.505897345160057021e+01 1.505148410446760998e+01 1.504290225116535851e+01 1.503395705128960991e+01 1.501726043238314112e+01 1.498990792392977234e+01 1.496491873590494492e+01 1.494870859447007483e+01 1.513111622738116502e+01 1.513381359272847249e+01 1.513383032472312273e+01 1.513383030522497741e+01 1.513383122184361440e+01 1.513389807714714230e+01 1.513696307410054409e+01 1.513799090032754435e+01 1.514665637731244807e+01 1.572275333649416673e+01 1.570396160221620008e+01 1.566621589747386700e+01 1.553746862151460029e+01 1.508075006062848900e+01 1.502129655273684428e+01 7.132878693634211231e+00 7.135389803441589684e+00 7.127996019843579667e+00 6.871798629848596462e+00 7.434912274578237223e+00 7.410872781477452875e+00 7.538858512646866572e+00 7.667349574574782167e+00 7.694751705377598228e+00 7.661508449618873229e+00 1.000000000000000020e+30 1.000000000000000020e+30 1.000000000000000020e+30 1.000000000000000020e+30 1.000000000000000020e+30 1.000000000000000020e+30 1.000000000000000020e+30 1.000000000000000020e+30 1.000000000000000020e+30 1.000000000000000020e+30 1.000000000000000020e+30 1.000000000000000020e+30 1.000000000000000020e+30 1.000000000000000020e+30 1.000000000000000020e+30 1.000000000000000020e+30 1.000000000000000020e+30 1.000000000000000020e+30 1.000000000000000020e+30 1.000000000000000020e+30
1.509824534152143372e+01 1.509475472636093940e+01 1.508725434704478552e+01 1.507444658477809973e+01 1.506045308001301031e+01 1.505320111790197402e+01 1.504547201083487629e+01 1.503790831690130325e+01 1.502497942857694824e+01 1.500371697810586546e+01 1.498509157146117943e+01 1.497386760281681006e+01 1.513150332758313965e+01 1.513382256622547928e+01 1.513341176375454467e+01 1.513340764159574725e+01 1.513348438591636302e+01 1.513961777524612806e+01 1.555944701599440450e+01 1.568888159924721748e+01 1.630174221045734839e+01 9.625609896236645113e+01 9.437494016529926455e+01 8.953923630484756302e+01 7.207577218199119784e+01 7.138465012132196641e+00 7.166576614430901770e+00 3.229978968443028293e+02 3.845361350104766984e+02 2.990053999865903620e+02 7.409628295440151113e+00 7.377082361612234074e+00 7.547673660401270190e+00 7.541188118151519681e+00 7.682592488146876342e+00 7.726933600811293879e+00 7.700380432967731892e+00 7.620262609030545420e+00 1.000000000000000020e+30 1.000000000000000020e+30 1.000000000000000020e+30 1.000000000000000020e+30 1.000000000000000020e+30 1.000000000000000020e+30 1.000000000000000020e+30 1.000000000000000020e+30 1.000000000000000020e+30 1.000000000000000020e+30 1.000000000000000020e+30 1.000000000000000020e+30 1.000000000000000020e+30 1.000000000000000020e+30 1.000000000000000020e+30 1.000000000000000020e+30 1.000000000000000020e+30 1.000000000000000020e+30 1.000000000000000020e+30
1.511099966673511830e+01 1.510891487249710963e+01 1.510478926034403280e+01 1.509957430362702624e+01 1.513228128159071417e+01 1.513264819236063019e+01 1.513253831619098300e+01 1.513242682087873270e+01 1.513223780711888544e+01 1.513192817881138019e+01 1.513168749207517649e+01 1.513153230020538764e+01 1.513383261722876405e+01 1.513498133960438707e+01 1.507622325449200140e+01 1.507599122124608115e+01 1.508040121362235020e+01 1.550274961179489530e+01 7.576441590004124294e+01 9.483042876626289797e+01 1.017743133250504002e+02 1.035429376719260688e+02 7.134852770328515170e+00 7.140689097807613628e+00 7.173512285862227777e+00 4.403623323145404242e+02 6.124559048675927215e+02 7.543319182530245826e+02 7.617206780927044747e+02 6.396296272014543547e+02 4.037532916313630267e+02 1.686068095998864180e+02 7.822900734615651608e+00 7.538789557930480889e+00 7.951293952859742831e+00 8.052898256168710134e+00 7.956607430413511040e+00 7.664080258950414226e+00 1.000000000000000020e+30 1.000000000000000020e+30 1.000000000000000020e+30 1.000000000000000020e+30 1.000000000000000020e+30 1.000000000000000020e+30 1.000000000000000020e+30 1.000000000000000020e+30 1.000000000000000020e+30 1.000000000000000020e+30 1.000000000000000020e+30 1.000000000000000020e+30 1.000000000000000020e+30 1.000000000000000020e+30 1.000000000000000020e+30 1.000000000000000020e+30 1.000000000000000020e+30 1.000000000000000020e+30 1.000000000000000020e+30
1.512220273923231950e+01 1.512132760756131411e+01 1.511976464096420969e+01 1.511820255410353298e+01 1.513359723855736050e+01 1.513382397934206836e+01 1.513382485501097641e+01 1.513382524606492474e+01 1.513385991232622807e+01 1.513395585079472383e+01 1.513835312220511398e+01 1.513725914465533684e+01 1.513707337947778520e+01 1.534895239460115768e+01 7.169861766276528492e+00 7.192339503899644271e+00 7.137842429437165848e+00 7.133180613083400345e+00 7.131368445109620424e+00 7.130232134947729783e+00 7.127445706142513160e+00 7.154116381692084303e+00 5.098408288866186808e+02 7.107911495584709201e+02 8.266927655368244814e+02 1.013106258697927160e+03 1.122377566584508713e+03 1.172220170653939704e+03 1.114391053264215088e+03 9.379893508726028131e+02 6.439836966497084632e+02 2.620846095879100517e+02 7.541102367046918609e+00 7.543741638406630479e+00 8.380000900000339925e+00 8.522710966336067173e+00 8.271159132826205962e+00 7.612765082584960652e+00 1.000000000000000020e+30 1.000000000000000020e+30 1.000000000000000020e+30 1.000000000000000020e+30 1.000000000000000020e+30 1.000000000000000020e+30 1.000000000000000020e+30 1.000000000000000020e+30 1.000000000000000020e+30 1.000000000000000020e+30 1.000000000000000020e+30 1.000000000000000020e+30 1.000000000000000020e+30 1.000000000000000020e+30 1.000000000000000020e+30 1.000000000000000020e+30 1.000000000000000020e+30 1.000000000000000020e+30 1.000000000000000020e+30
1.512759949550484961e+01 1.512724407843476726e+01 1.512665727268962534e+01 1.512615739329547360e+01 1.513372167575581173e+01 1.513383379257025929e+01 1.513383681057448626e+01 1.513396646786779165e+01 1.513881998552751007e+01 1.514787322609596742e+01 1.575300512778560602e+01 1.559870913134657577e+01 1.536009542679704509e+01 5.256051676466407230e+01 7.155496080280163262e+00 3.554484957390764635e+02 5.205207357008486042e+02 6.123260985407655426e+02 7.096810565236478396e+02 7.626790628853734688e+02 8.042661742076164728e+02 1.022805201902712156e+03 1.398843133303803597e+03 1.630372104519460663e+03 1.740878441781344918e+03 1.772148291980162412e+03 1.758252764352383110e+03 1.651817758219984171e+03 1.489449034251775174e+03 1.235472080816373364e+03 8.429757765334932174e+02 3.397737013569803821e+02 7.557092058269901713e+00 8.743001763827773942e+00 9.147305057566352815e+00 9.075178685932243638e+00 8.659467367564932516e+00 7.802400863977017487e+00 1.000000000000000020e+30 1.000000000000000020e+30 1.000000000000000020e+30 1.000000000000000020e+30 1.000000000000000020e+30 1.000000000000000020e+30 1.000000000000000020e+30 1.000000000000000020e+30 1.000000000000000020e+30 1.000000000000000020e+30 1.000000000000000020e+30 1.000000000000000020e+30 1.000000000000000020e+30 1.000000000000000020e+30 1.000000000000000020e+30 1.000000000000000020e+30 1.000000000000000020e+30 1.000000000000000020e+30 1.000000000000000020e+30
1.512977020322971811e+01 1.512960631145686463e+01 1.512934025650413794e+01 1.512913765709383007e+01 1.513376730200263509e+01 1.513386931084959741e+01 1.513404114828302305e+01 1.514699049012487286e+01 1.580432395519204114e+01 1.643755649928196405e+01 1.038933120300918489e+02 8.436021893838200469e+01 7.118131375886604495e+00 7.141620201535055834e+00 4.763542173182007673e+02 8.850005927287651275e+02 1.148811846769139493e+03 1.294650428644610656e+03 1.720868370157324989e+03 2.068677234486925499e+03 2.443979879408754186e+03 3.511353591966591921e+03 3.982308856387940068e+03 4.190181407448204482e+03 4.136501583143354765e+03 3.445750079130725680e+03 3.193402044170839872e+03 2.994268910591294571e+03 2.821797046252636846e+03 1.724306403721167726e+03 1.101976169255937748e+03 4.731219769836357045e+02 1.069818372564298770e+01 1.032660677038793295e+01 1.007809267683645338e+01 9.661200865902360491e+00 9.156643180973158991e+00 7.998006861564357806e+00 1.000000000000000020e+30 1.000000000000000020e+30 1.000000000000000020e+30 1.000000000000000020e+30 1.000000000000000020e+30 1.000000000000000020e+30 1.000000000000000020e+30 1.000000000000000020e+30 1.000000000000000020e+30 1.000000000000000020e+30 1.000000000000000020e+30 1.000000000000000020e+30 1.000000000000000020e+30 1.000000000000000020e+30 1.000000000000000020e+30 1.000000000000000020e+30 1.000000000000000020e+30 1.000000000000000020e+30 1.000000000000000020e+30
1.000000000000000020e+30 1.513377263885304025e+01 1.513377005045308898e+01 1.513381176216903157e+01 1.513398364526319995e+01 1.513848737791535548e+01 1.514903203131163778e+01 1.626977711081565303e+01 1.088917445026088160e+02 1.257059406290615016e+02 1.480064028185892937e+02 7.115806107902435507e+00 4.242362796100014748e+02 7.005229204854148293e+02 1.121497852096827728e+03 1.845688196154719890e+03 2.558362148377786525e+03 6.556925545770506687e+03 3.645106117679600175e+03 3.722878675631030092e+03 1.000000000000000020e+30 6.030405010935896826e+03 6.236956437075624308e+03 6.385655451691301096e+03 6.417328514118940802e+03 1.000000000000000020e+30 1.000000000000000020e+30 1.000000000000000020e+30 4.818162655462157090e+03 3.328849337428945546e+03 1.565920410883776412e+03 8.808060028686159058e+02 4.265532468877923407e+02 2.974161396266272277e+02 2.077713585806265257e+02 1.006902900854878169e+02 1.044831383689138349e+01 9.219343656896306527e+00 7.962936497696865068e+00 1.000000000000000020e+30 1.000000000000000020e+30 1.000000000000000020e+30 1.000000000000000020e+30 1.000000000000000020e+30 1.000000000000000020e+30 1.000000000000000020e+30 1.000000000000000020e+30 1.000000000000000020e+30 1.000000000000000020e+30 1.000000000000000020e+30 1.000000000000000020e+30 1.000000000000000020e+30 1.000000000000000020e+30 1.000000000000000020e+30 1.000000000000000020e+30 1.000000000000000020e+30 1.000000000000000020e+30
1.000000000000000020e+30 1.513383496949271567e+01 1.513396698646638860e+01 1.513997088050605022e+01 1.514976509076281452e+01 1.575746051001027048e+01 1.608017584032826619e+01 8.406013473680695824e+01 1.241388172712965456e+02 7.093772338887455398e+00 7.082912921907071890e+00 8.899265552579795440e+02 1.408414561759338540e+03 2.253496305347141060e+03 6.552483372356532527e+03 3.893186918430796595e+03 4.193356368025563825e+03 1.000000000000000020e+30 1.000000000000000020e+30 1.000000000000000020e+30 1.000000000000000020e+30 1.000000000000000020e+30 1.000000000000000020e+30 1.000000000000000020e+30 1.000000000000000020e+30 1.000000000000000020e+30 1.000000000000000020e+30 1.000000000000000020e+30 6.097663863219185259e+03 5.064665067182138046e+03 3.067434494469882793e+03 1.264560576387300898e+03 8.861097844694876358e+02 6.767884601868894379e+02 4.656373147648793633e+02 2.008464734812127972e+02 1.199965172863988627e+01 1.019362264606865232e+01 8.067460327401079212e+00 1.000000000000000020e+30 1.000000000000000020e+30 1.000000000000000020e+30 1.000000000000000020e+30 1.000000000000000020e+30 1.000000000000000020e+30 1.000000000000000020e+30 1.000000000000000020e+30 1.000000000000000020e+30 1.000000000000000020e+30 1.000000000000000020e+30 1.000000000000000020e+30 1.000000000000000020e+30 1.000000000000000020e+30 1.000000000000000020e+30 1.000000000000000020e+30 1.000000000000000020e+30 1.000000000000000020e+30
1.000000000000000020e+30 1.000000000000000020e+30 1.514596788120885407e+01 1.596053595551752657e+01 1.669173878712615888e+01 1.007418291898136147e+02 8.383393275518747600e+01 7.112620991906933199e+00 7.098451862972193993e+00 9.946476864858177578e+02 1.551837511088013116e+03 2.157265089588806859e+03 1.000000000000000020e+30 1.000000000000000020e+30 1.000000000000000020e+30 1.000000000000000020e+30 1.000000000000000020e+30 1.000000000000000020e+30 1.000000000000000020e+30 1.000000000000000020e+30 1.000000000000000020e+30 1.000000000000000020e+30 1.000000000000000020e+30 1.000000000000000020e+30 1.000000000000000020e+30 1.000000000000000020e+30 1.000000000000000020e+30 1.000000000000000020e+30 1.000000000000000020e+30 1.000000000000000020e+30 3.158034747934360894e+03 1.741215459915074234e+03 1.191395920852987274e+03 9.097428009719493502e+02 6.229762978960808368e+02 2.581186019221720471e+02 1.307205424260327931e+01 1.079779398219278086e+01 8.126523120920698062e+00 1.000000000000000020e+30 1.000000000000000020e+30 1.000000000000000020e+30 1.000000000000000020e+30 1.000000000000000020e+30 1.000000000000000020e+30 1.000000000000000020e+30 1.000000000000000020e+30 1.000000000000000020e+30 1.000000000000000020e+30 1.000000000000000020e+30 1.000000000000000020e+30 1.000000000000000020e+30 1.000000000000000020e+30 1.000000000000000020e+30 1.000000000000000020e+30 1.000000000000000020e+30 1.000000000000000020e+30
1.000000000000000020e+30 1.000000000000000020e+30 1.596119644295385420e+01 1.305771950580209193e+02 1.582507514544889773e+02 1.363284731173866362e+02 7.128765457232777436e+00 5.777296309156670304e+02 1.726939988454198556e+03 2.399422086370151646e+03 1.000000000000000020e+30 1.000000000000000020e+30 1.000000000000000020e+30 1.000000000000000020e+30 1.000000000000000020e+30 1.000000000000000020e+30 1.000000000000000020e+30 1.000000000000000020e+30 1.000000000000000020e+30 1.000000000000000020e+30 1.000000000000000020e+30 1.000000000000000020e+30 1.000000000000000020e+30 1.000000000000000020e+30 1.000000000000000020e+30 1.000000000000000020e+30 1.000000000000000020e+30 1.000000000000000020e+30 1.000000000000000020e+30 1.000000000000000020e+30 1.000000000000000020e+30 2.314206567005096076e+03 1.470030529387492834e+03 1.061184509848721746e+03 7.042398059622256596e+02 2.843571237275540398e+02 1.365164445377856950e+01 1.110944049599971883e+01 8.115595186904846159e+00 1.000000000000000020e+30 1.000000000000000020e+30 1.000000000000000020e+30 1.000000000000000020e+30 1.000000000000000020e+30 1.000000000000000020e+30 1.000000000000000020e+30 1.000000000000000020e+30 1.000000000000000020e+30 1.000000000000000020e+30 1.000000000000000020e+30 1.000000000000000020e+30 1.000000000000000020e+30 1.000000000000000020e+30 1.000000000000000020e+30 1.000000000000000020e+30 1.000000000000000020e+30 1.000000000000000020e+30
1.000000000000000020e+30 1.000000000000000020e+30 1.000000000000000020e+30 1.840944778570138851e+02 1.780395010347490086e+02 7.119385249174534636e+00 8.994416762597570596e+02 2.259608893188158163e+03 3.193225556790575865e+03 1.000000000000000020e+30 1.000000000000000020e+30 1.000000000000000020e+30 1.000000000000000020e+30 1.000000000000000020e+30 1.000000000000000020e+30 1.000000000000000020e+30 1.000000000000000020e+30 1.000000000000000020e+30 1.000000000000000020e+30 1.000000000000000020e+30 1.000000000000000020e+30 1.000000000000000020e+30 1.000000000000000020e+30 1.000000000000000020e+30 1.000000000000000020e+30 1.000000000000000020e+30 1.000000000000000020e+30 1.000000000000000020e+30 1.000000000000000020e+30 1.000000000000000020e+30 1.000000000000000020e+30 1.000000000000000020e+30 2.075043648414553900e+03 1.277027641189919450e+03 7.568193184894638534e+02 2.756347844987399753e+02 1.378623185986601207e+01 1.118319590312886547e+01 8.118313016752077615e+00 1.000000000000000020e+30 1.000000000000000020e+30 1.000000000000000020e+30 1.000000000000000020e+30 1.000000000000000020e+30 1.000000000000000020e+30 1.000000000000000020e+30 1.000000000000000020e+30 1.000000000000000020e+30 1.000000000000000020e+30 1.000000000000000020e+30 1.000000000000000020e+30 1.000000000000000020e+30 1.000000000000000020e+30 1.000000000000000020e+30 1.000000000000000020e+30 1.000000000000000020e+30 1.000000000000000020e+30
1.000000000000000020e+30 1.000000000000000020e+30 1.000000000000000020e+30 7.932418740640756916e+00 7.921966404385197613e+00 1.694274015053095582e+03 3.095882861255577154e+03 3.833995864439234992e+03 1.000000000000000020e+30 1.000000000000000020e+30 1.000000000000000020e+30 1.000000000000000020e+30 1.000000000000000020e+30 1.000000000000000020e+30 1.000000000000000020e+30 1.000000000000000020e+30 1.000000000000000020e+30 1.000000000000000020e+30 1.000000000000000020e+30 1.000000000000000020e+30 1.000000000000000020e+30 1.000000000000000020e+30 1.000000000000000020e+30 1.000000000000000020e+30 1.000000000000000020e+30 1.000000000000000020e+30 1.000000000000000020e+30 1.000000000000000020e+30 1.000000000000000020e+30 1.000000000000000020e+30 1.000000000000000020e+30 1.000000000000000020e+30 1.000000000000000020e+30 1.874311957002654708e+03 9.621407795035098616e+02 2.464327996065211437e+02 1.361261052783349079e+01 1.102873979415080719e+01 8.104871813169737038e+00 1.000000000000000020e+30 1.000000000000000020e+30 1.000000000000000020e+30 1.000000000000000020e+30 1.000000000000000020e+30 1.000000000000000020e+30 1.000000000000000020e+30 1.000000000000000020e+30 1.000000000000000020e+30 1.000000000000000020e+30 1.000000000000000020e+30 1.000000000000000020e+30 1.000000000000000020e+30 1.000000000000000020e+30 1.000000000000000020e+30 1.000000000000000020e+30 1.000000000000000020e+30 1.000000000000000020e+30
1.000000000000000020e+30 1.000000000000000020e+30 1.000000000000000020e+30 1.000000000000000020e+30 5.763701033402102439e+03 4.597005052755354882e+03 5.002693954433130784e+03 1.000000000000000020e+30 1.000000000000000020e+30 1.000000000000000020e+30 1.000000000000000020e+30 1.000000000000000020e+30 1.000000000000000020e+30 1.000000000000000020e+30 1.000000000000000020e+30 1.000000000000000020e+30 1.000000000000000020e+30 1.000000000000000020e+30 1.000000000000000020e+30 1.000000000000000020e+30 1.000000000000000020e+30 1.000000000000000020e+30 1.000000000000000020e+30 1.000000000000000020e+30 1.000000000000000020e+30 1.000000000000000020e+30 1.000000000000000020e+30 1.000000000000000020e+30 1.000000000000000020e+30 1.000000000000000020e+30 1.000000000000000020e+30 1.000000000000000020e+30 1.000000000000000020e+30 1.000000000000000020e+30 1.271906203433190967e+03 2.387202758751205067e+02 1.367636069103577867e+01 1.050132984380356405e+01 8.133116863706568722e+00 1.000000000000000020e+30 1.000000000000000020e+30 1.000000000000000020e+30 1.000000000000000020e+30 1.000000000000000020e+30 1.000000000000000020e+30 1.000000000000000020e+30 1.000000000000000020e+30 1.000000000000000020e+30 1.000000000000000020e+30 1.000000000000000020e+30 1.000000000000000020e+30 1.000000000000000020e+30 1.000000000000000020e+30 1.000000000000000020e+30 1.000000000000000020e+30 1.000000000000000020e+30 1.000000000000000020e+30
1.000000000000000020e+30 1.000000000000000020e+30 1.000000000000000020e+30 1.000000000000000020e+30 1.000339260601472415e+04 1.000000000000000020e+30 1.000000000000000020e+30 1.000000000000000020e+30 1.000000000000000020e+30 1.000000000000000020e+30 1.000000000000000020e+30 1.000000000000000020e+30 1.000000000000000020e+30 1.000000000000000020e+30 1.000000000000000020e+30 1.000000000000000020e+30 1.000000000000000020e+30 1.000000000000000020e+30 1.000000000000000020e+30 1.000000000000000020e+30 1.000000000000000020e+30 1.000000000000000020e+30 1.000000000000000020e+30 1.000000000000000020e+30 1.000000000000000020e+30 1.000000000000000020e+30 1.000000000000000020e+30 1.000000000000000020e+30 1.000000000000000020e+30 1.000000000000000020e+30 1.000000000000000020e+30 1.000000000000000020e+30 1.000000000000000020e+30 1.000000000000000020e+30 1.000000000000000020e+30 2.076423315111713066e+02 1.507324049332923366e+01 1.000000000000000020e+30 1.000000000000000020e+30 1.000000000000000020e+30 1.000000000000000020e+30 1.000000000000000020e+30 1.000000000000000020e+30 1.000000000000000020e+30 1.000000000000000020e+30 1.000000000000000020e+30 1.000000000000000020e+30 1.000000000000000020e+30 1.000000000000000020e+30 1.000000000000000020e+30 1.000000000000000020e+30 1.000000000000000020e+30 1.000000000000000020e+30 1.000000000000000020e+30 1.000000000000000020e+30 1.000000000000000020e+30 1.000000000000000020e+30
