1.000000000000000020e+30 1.000000000000000020e+30 1.000000000000000020e+30 1.000000000000000020e+30 1.000000000000000020e+30 1.000000000000000020e+30 1.000000000000000020e+30 1.000000000000000020e+30 1.000000000000000020e+30 1.000000000000000020e+30 1.000000000000000020e+30 1.000000000000000020e+30 1.000000000000000020e+30 1.000000000000000020e+30 1.000000000000000020e+30 1.000000000000000020e+30 1.000000000000000020e+30 1.000000000000000020e+30 1.000000000000000020e+30 1.000000000000000020e+30 1.000000000000000020e+30 1.000000000000000020e+30 1.000000000000000020e+30 1.000000000000000020e+30 1.000000000000000020e+30 1.000000000000000020e+30 1.000000000000000020e+30 1.000000000000000020e+30 1.000000000000000020e+30 1.000000000000000020e+30 1.000000000000000020e+30 1.000000000000000020e+30 1.000000000000000020e+30 1.000000000000000020e+30 1.000000000000000020e+30 1.000000000000000020e+30 1.000000000000000020e+30 1.000000000000000020e+30 1.000000000000000020e+30 1.000000000000000020e+30 1.000000000000000020e+30 1.000000000000000020e+30 1.000000000000000020e+30 1.000000000000000020e+30 1.000000000000000020e+30 1.000000000000000020e+30 1.000000000000000020e+30 1.000000000000000020e+30 1.000000000000000020e+30 1.000000000000000020e+30 1.000000000000000020e+30 1.000000000000000020e+30 1.000000000000000020e+30 1.000000000000000020e+30 1.000000000000000020e+30 1.000000000000000020e+30 1.000000000000000020e+30
1.000000000000000020e+30 1.000000000000000020e+30 1.000000000000000020e+30 1.000000000000000020e+30 1.000000000000000020e+30 1.000000000000000020e+30 1.000000000000000020e+30 1.000000000000000020e+30 1.000000000000000020e+30 1.000000000000000020e+30 1.000000000000000020e+30 1.000000000000000020e+30 1.000000000000000020e+30 1.000000000000000020e+30 1.000000000000000020e+30 1.000000000000000020e+30 1.000000000000000020e+30 1.000000000000000020e+30 1.000000000000000020e+30 1.000000000000000020e+30 1.000000000000000020e+30 1.000000000000000020e+30 1.000000000000000020e+30 1.000000000000000020e+30 1.000000000000000020e+30 1.000000000000000020e+30 1.000000000000000020e+30 1.419777508833420576e+01 1.415706626535560808e+01 1.409138691673850907e+01 1.401194098016179623e+01 1.393302353115258896e+01 1.382342188887974288e+01 1.369385904210750660e+01 1.360221653858775426e+01 1.352600030716801172e+01 1.346024123200166933e+01 1.345149061541675195e+01 1.345311585720695646e+01 1.345798289320948449e+01 1.346191740261279435e+01 1.346263759454492615e+01 1.346003371206269783e+01 1.000000000000000020e+30 1.000000000000000020e+30 1.000000000000000020e+30 1.000000000000000020e+30 1.000000000000000020e+30 1.000000000000000020e+30 1.000000000000000020e+30 1.000000000000000020e+30 1.000000000000000020e+30 1.000000000000000020e+30 1.000000000000000020e+30 1.000000000000000020e+30 1.000000000000000020e+30 1.000000000000000020e+30
1.000000000000000020e+30 1.000000000000000020e+30 1.000000000000000020e+30 1.000000000000000020e+30 1.000000000000000020e+30 1.000000000000000020e+30 1.000000000000000020e+30 1.000000000000000020e+30 1.000000000000000020e+30 1.000000000000000020e+30 1.000000000000000020e+30 1.000000000000000020e+30 1.000000000000000020e+30 1.000000000000000020e+30 1.000000000000000020e+30 1.000000000000000020e+30 1.000000000000000020e+30 1.000000000000000020e+30 1.000000000000000020e+30 1.000000000000000020e+30 1.000000000000000020e+30 1.000000000000000020e+30 1.000000000000000020e+30 1.000000000000000020e+30 1.434148443681338492e+01 1.431220323371262104e+01 1.426800089873209743e+01 1.421305893084212180e+01 1.415552030509552495e+01 1.407687599736429718e+01 1.398100481155327479e+01 1.387433170863190846e+01 1.367462487934468918e+01 1.353306881673702300e+01 1.345616584993100417e+01 1.341257990181314064e+01 1.339214110338203234e+01 1.339567816701402236e+01 1.340448099651245606e+01 1.341365283240563677e+01 1.341997462268185792e+01 1.342082389304749768e+01 1.341222221860044606e+01 1.338236253276621746e+01 1.336091459166540574e+01 1.334085121878150026e+01 1.332009734442770288e+01 1.330192741088850994e+01 1.000000000000000020e+30 1.000000000000000020e+30 1.000000000000000020e+30 1.000000000000000020e+30 1.000000000000000020e+30 1.000000000000000020e+30 1.000000000000000020e+30 1.000000000000000020e+30 1.000000000000000020e+30
1.000000000000000020e+30 1.000000000000000020e+30 1.000000000000000020e+30 1.000000000000000020e+30 1.000000000000000020e+30 1.000000000000000020e+30 1.000000000000000020e+30 1.000000000000000020e+30 1.000000000000000020e+30 1.000000000000000020e+30 1.000000000000000020e+30 1.000000000000000020e+30 1.000000000000000020e+30 1.000000000000000020e+30 1.000000000000000020e+30 1.000000000000000020e+30 1.000000000000000020e+30 1.000000000000000020e+30 1.000000000000000020e+30 1.000000000000000020e+30 1.000000000000000020e+30 1.459650676007879966e+01 1.454209434933821221e+01 1.444435519639673693e+01 1.434919353786858309e+01 1.430476732518825322e+01 1.425519866194706431e+01 1.420592476584800501e+01 1.414098068945265929e+01 1.402295729706795591e+01 1.387426703189298216e+01 1.365960047554497159e+01 1.338817589445164913e+01 1.329476378152110705e+01 1.324391468758300583e+01 1.323306325315836141e+01 1.326363938741538817e+01 1.328766708853671474e+01 1.330878017025663240e+01 1.332572169042180477e+01 1.333722271596713149e+01 1.334220224846547964e+01 1.333917924296440027e+01 1.332666061290092330e+01 1.331166453271046990e+01 1.329313800118490896e+01 1.326855303110101580e+01 1.323430985699298645e+01 1.317994069579417094e+01 1.000000000000000020e+30 1.000000000000000020e+30 1.000000000000000020e+30 1.000000000000000020e+30 1.000000000000000020e+30 1.000000000000000020e+30 1.000000000000000020e+30 1.000000000000000020e+30
1.000000000000000020e+30 1.000000000000000020e+30 1.000000000000000020e+30 1.000000000000000020e+30 1.000000000000000020e+30 1.000000000000000020e+30 1.000000000000000020e+30 1.000000000000000020e+30 1.000000000000000020e+30 1.000000000000000020e+30 1.000000000000000020e+30 1.000000000000000020e+30 1.000000000000000020e+30 1.000000000000000020e+30 1.000000000000000020e+30 1.000000000000000020e+30 1.000000000000000020e+30 1.000000000000000020e+30 1.494691199796719516e+01 1.482660673272722285e+01 1.466151692250948102e+01 1.460442263107171001e+01 1.453432100845870956e+01 1.443177083495474733e+01 1.433416400085728881e+01 1.427991779725230259e+01 1.421821676496218778e+01 1.415556745377221226e+01 1.405325750012393371e+01 1.387671639043947636e+01 1.367053622761193488e+01 1.340526760145014684e+01 1.316595821848768999e+01 1.308786943541886494e+01 1.305076161961945225e+01 1.305394408474297308e+01 1.309121300431838897e+01 1.313274171235097043e+01 1.316798791457466677e+01 1.319442213771644568e+01 1.321249172627512003e+01 1.322321616266408562e+01 1.322718394107188544e+01 1.322465248722830644e+01 1.321675895812028578e+01 1.320180022255919816e+01 1.317632446440594407e+01 1.313555760944734452e+01 1.307285304543033355e+01 1.298305908480808846e+01 1.000000000000000020e+30 1.000000000000000020e+30 1.000000000000000020e+30 1.000000000000000020e+30 1.000000000000000020e+30 1.000000000000000020e+30 1.000000000000000020e+30
1.000000000000000020e+30 1.000000000000000020e+30 1.000000000000000020e+30 1.000000000000000020e+30 1.000000000000000020e+30 1.000000000000000020e+30 1.000000000000000020e+30 1.000000000000000020e+30 1.000000000000000020e+30 1.000000000000000020e+30 1.000000000000000020e+30 1.000000000000000020e+30 1.000000000000000020e+30 1.000000000000000020e+30 1.000000000000000020e+30 1.000000000000000020e+30 1.505273411001423334e+01 1.502318743463595219e+01 1.495283735533390512e+01 1.481060457282854514e+01 1.463522375458630620e+01 1.457952000400475079e+01 1.450723996864106802e+01 1.440444140370463089e+01 1.430463616041710218e+01 1.423930076144300649e+01 1.415730646322003672e+01 1.406524453914154371e+01 1.389423750612073505e+01 1.365271769049513750e+01 1.340105113105264145e+01 1.310182082925475555e+01 1.285356068764730253e+01 1.278480736289286845e+01 1.276113653950132054e+01 1.278464224529443882e+01 1.285943020878702292e+01 1.293011573016311111e+01 1.298296938777355258e+01 1.301915753757002037e+01 1.304326062903620453e+01 1.305942910803389267e+01 1.307023674279110104e+01 1.307648742958323673e+01 1.307718777102948238e+01 1.306884730926208071e+01 1.304657157120991151e+01 1.300483446163510415e+01 1.293726490116716654e+01 1.283526755749449855e+01 1.267907059372395828e+01 1.258364590279193784e+01 1.000000000000000020e+30 1.000000000000000020e+30 1.000000000000000020e+30 1.000000000000000020e+30 1.000000000000000020e+30
1.000000000000000020e+30 1.000000000000000020e+30 1.000000000000000020e+30 1.000000000000000020e+30 1.000000000000000020e+30 1.000000000000000020e+30 1.000000000000000020e+30 1.000000000000000020e+30 1.000000000000000020e+30 1.000000000000000020e+30 1.000000000000000020e+30 1.000000000000000020e+30 1.000000000000000020e+30 1.000000000000000020e+30 1.000000000000000020e+30 1.504078975119713490e+01 1.502868656427119731e+01 1.499342467097582166e+01 1.491967079807704977e+01 1.476542248334375529e+01 1.457638011350259788e+01 1.452326089044842661e+01 1.445662989864830728e+01 1.436314472031539502e+01 1.426984928524270479e+01 1.419103100792248107e+01 1.407995357558790950e+01 1.393618392845997711e+01 1.361111186793424999e+01 1.331251490936465842e+01 1.303148454684615132e+01 1.270321590125680622e+01 1.242896171845861808e+01 1.237334758885061881e+01 1.236038458121227102e+01 1.240073826744204588e+01 1.257043731439999412e+01 1.268590490528772641e+01 1.275661665202005324e+01 1.279894821175437158e+01 1.282558034782764267e+01 1.284505257115571908e+01 1.286218605065716858e+01 1.287838004567579020e+01 1.289118369919473750e+01 1.289413235177980432e+01 1.287998536866804855e+01 1.284252997512810524e+01 1.277687897914978343e+01 1.267971516324205261e+01 1.255214938494474808e+01 1.241951299489569216e+01 1.226122215804422666e+01 1.000000000000000020e+30 1.000000000000000020e+30 1.000000000000000020e+30 1.000000000000000020e+30
1.000000000000000020e+30 1.000000000000000020e+30 1.000000000000000020e+30 1.000000000000000020e+30 1.000000000000000020e+30 1.000000000000000020e+30 1.000000000000000020e+30 1.000000000000000020e+30 1.000000000000000020e+30 1.000000000000000020e+30 1.000000000000000020e+30 1.000000000000000020e+30 1.000000000000000020e+30 1.000000000000000020e+30 1.500301849148810618e+01 1.499243770301695911e+01 1.496039046937261396e+01 1.491449197807839511e+01 1.483697221399659938e+01 1.467690659962803856e+01 1.447391443534296229e+01 1.442782027983441928e+01 1.437454379542669258e+01 1.430381277871741474e+01 1.421922857816849906e+01 1.410456077577668310e+01 1.392776640738566662e+01 1.362697386276375866e+01 1.321071308658148524e+01 1.297479124834250541e+01 1.270143962455360409e+01 1.236275964192961041e+01 1.211322277178743079e+01 1.208257340369437038e+01 1.206944024609286359e+01 1.207782710117363756e+01 1.226660916681573177e+01 1.242048294446890822e+01 1.249457260546594917e+01 1.253150009451351288e+01 1.255283402129182946e+01 1.257130995945525420e+01 1.259382939673355040e+01 1.262285305441770333e+01 1.265457084760758910e+01 1.267613000952819036e+01 1.267594580153548911e+01 1.264665517546015572e+01 1.258447966644146732e+01 1.248843295880953441e+01 1.236074517817273666e+01 1.220791993458448843e+01 1.202556020802449588e+01 1.180892597780913356e+01 1.000000000000000020e+30 1.000000000000000020e+30 1.000000000000000020e+30
1.000000000000000020e+30 1.000000000000000020e+30 1.000000000000000020e+30 1.000000000000000020e+30 1.000000000000000020e+30 1.000000000000000020e+30 1.000000000000000020e+30 1.000000000000000020e+30 1.000000000000000020e+30 1.000000000000000020e+30 1.000000000000000020e+30 1.000000000000000020e+30 1.000000000000000020e+30 1.494407628545865663e+01 1.493144767739036283e+01 1.487732284891018253e+01 1.479930809807149039e+01 1.473417848054506862e+01 1.465928943617089075e+01 1.451271191604355160e+01 1.430854955492452341e+01 1.427879296550287158e+01 1.424463598035407230e+01 1.418707360301699261e+01 1.409401684868262983e+01 1.394724427108310039e+01 1.371755691200816329e+01 1.336023136586828208e+01 1.300169670348805617e+01 1.279146087419869460e+01 1.254237217912103830e+01 1.223910596403710294e+01 1.203252266243408641e+01 1.200372666846599223e+01 1.198652164964727440e+01 1.198454570568777555e+01 1.207477764833071454e+01 1.216175031447247790e+01 1.219857727210142428e+01 1.220951077686897612e+01 1.221337087007954914e+01 1.222443779843956868e+01 1.225048535982017839e+01 1.229693526150103366e+01 1.236129193306128826e+01 1.241363716503168568e+01 1.243477832306039765e+01 1.241664667193451699e+01 1.235726577531860393e+01 1.225752913398670785e+01 1.211978490935895714e+01 1.194704357475849399e+01 1.174038389248052816e+01 1.150250292839886512e+01 1.123796906544639640e+01 1.000000000000000020e+30 1.000000000000000020e+30
1.000000000000000020e+30 1.000000000000000020e+30 1.000000000000000020e+30 1.000000000000000020e+30 1.000000000000000020e+30 1.000000000000000020e+30 1.000000000000000020e+30 1.000000000000000020e+30 1.000000000000000020e+30 1.000000000000000020e+30 1.000000000000000020e+30 1.000000000000000020e+30 1.482981456908898643e+01 1.484069602894342310e+01 1.477811022444812572e+01 1.463174500760781527e+01 1.442617494805907263e+01 1.432704754687083337e+01 1.427370133415332454e+01 1.419405024041196839e+01 1.404965528842233979e+01 1.406078709957226280e+01 1.406186484489138344e+01 1.402468984473045843e+01 1.393350828359580618e+01 1.377141108668533853e+01 1.351411982780813403e+01 1.312957574493912638e+01 1.277286158754555601e+01 1.258384827595780209e+01 1.236766533491711328e+01 1.210967687751650956e+01 1.193451826974397889e+01 1.190481466760895124e+01 1.187984983350797386e+01 1.186428745900442294e+01 1.187754252769548735e+01 1.187307540888681423e+01 1.184933050082517703e+01 1.181567228681973880e+01 1.178780848549750004e+01 1.178395160438860678e+01 1.180879708260822447e+01 1.187646056249229076e+01 1.200524225280891599e+01 1.210904738150785143e+01 1.216017498683702414e+01 1.215469851830830628e+01 1.209562614501663269e+01 1.198716952687878567e+01 1.183263112421318830e+01 1.163413536187020902e+01 1.139453247514197187e+01 1.112342734476878015e+01 1.086508845305206528e+01 1.000000000000000020e+30 1.000000000000000020e+30
1.000000000000000020e+30 1.000000000000000020e+30 1.000000000000000020e+30 1.000000000000000020e+30 1.000000000000000020e+30 1.000000000000000020e+30 1.000000000000000020e+30 1.000000000000000020e+30 1.000000000000000020e+30 1.000000000000000020e+30 1.000000000000000020e+30 1.452707784743804531e+01 1.463729065238611682e+01 1.463539108968653757e+01 1.449721005258954420e+01 1.414995556527181186e+01 1.353309868166862451e+01 1.340369564581291151e+01 1.341333632795339703e+01 1.350061587171316901e+01 1.364978446899044506e+01 1.376101018867940162e+01 1.382561275419726066e+01 1.382143361884254951e+01 1.374132125412583427e+01 1.357446249706531383e+01 1.329985622812886703e+01 1.288550702026577177e+01 1.249772519435175688e+01 1.233470267050079450e+01 1.216025948817823377e+01 1.195914856733879184e+01 1.182558259700039827e+01 1.179241395722983832e+01 1.175495005878496002e+01 1.171717277671781154e+01 1.162097115709983797e+01 1.151554822901169217e+01 1.142097096622928376e+01 1.132572684063640267e+01 1.124678474462752575e+01 1.122302489940629044e+01 1.123317521682604259e+01 1.130577472005842488e+01 1.158938179275391711e+01 1.177553720609402532e+01 1.186206869735885583e+01 1.186611795562916427e+01 1.180155628311775651e+01 1.167813714691313010e+01 1.150039648749439003e+01 1.126745103620259769e+01 1.097723218534270906e+01 1.061716610437164654e+01 1.010493895760321514e+01 9.342007871925886775e+00 1.000000000000000020e+30
1.000000000000000020e+30 1.000000000000000020e+30 1.000000000000000020e+30 1.000000000000000020e+30 1.000000000000000020e+30 1.000000000000000020e+30 1.000000000000000020e+30 1.000000000000000020e+30 1.000000000000000020e+30 1.000000000000000020e+30 1.359719372386764213e+01 1.406132550341183496e+01 1.426464789628973406e+01 1.427304529276779732e+01 1.405268777643030731e+01 1.336560156286802936e+01 1.232564370945135579e+01 1.232387275311013752e+01 1.240154007990953744e+01 1.255265650635869967e+01 1.305038934181603061e+01 1.339066633011744578e+01 1.354641865302320447e+01 1.358203337213318029e+01 1.351702489151747066e+01 1.335228746045542891e+01 1.306912662998547603e+01 1.262475122091050217e+01 1.222690994231203021e+01 1.210537750266806256e+01 1.196923810975608049e+01 1.181675843764771550e+01 1.171646914133915196e+01 1.167524067080453776e+01 1.162117596641856387e+01 1.154052667017254308e+01 1.138901364733294308e+01 1.125828910518186809e+01 1.112900513316310480e+01 1.098815320871546497e+01 1.088538214115563996e+01 1.086165420897685152e+01 1.084973531794935475e+01 1.085026457619334650e+01 1.117322426601515239e+01 1.145064668327494850e+01 1.155820737885695593e+01 1.155810310106635619e+01 1.147655366370708840e+01 1.133020952921619262e+01 1.112488984869578168e+01 1.085151767720626026e+01 1.050998196716746769e+01 1.011946814094266323e+01 9.405867369743816653e+00 9.623615648586152815e+00 1.000000000000000020e+30
1.000000000000000020e+30 1.000000000000000020e+30 1.000000000000000020e+30 1.000000000000000020e+30 1.000000000000000020e+30 1.000000000000000020e+30 1.000000000000000020e+30 1.000000000000000020e+30 1.000000000000000020e+30 9.117220599346911314e+00 1.224165581321612173e+01 1.323324263697667824e+01 1.358062451393606196e+01 1.363797304829510892e+01 1.344683446191598541e+01 1.285839287206321302e+01 1.205091152079626582e+01 1.207218287289844305e+01 1.216411623545505094e+01 1.231006519175676139e+01 1.268929434977579795e+01 1.305632022868639375e+01 1.325201500998099391e+01 1.331092267131544205e+01 1.325462332221473183e+01 1.309676291321832053e+01 1.282387978408794282e+01 1.239981174710015388e+01 1.203802804522513270e+01 1.193654111002094353e+01 1.182473458914794229e+01 1.169728944577620133e+01 1.160367364927433087e+01 1.156149938586589165e+01 1.150439898062356114e+01 1.142486899173286474e+01 1.131545446749224482e+01 1.119889766630166861e+01 1.107562853343353559e+01 1.094221852590832356e+01 1.085439463483014855e+01 1.083161309555888074e+01 1.081809735925341798e+01 1.081482505237166158e+01 1.099801807064985404e+01 1.119474118198761303e+01 1.126515985431789346e+01 1.123484842213680146e+01 1.111739341669763981e+01 1.093800977889787696e+01 1.070721524698476124e+01 1.038105853817886626e+01 9.945580387426064206e+00 9.759177374002558025e+00 9.816695323848827925e+00 9.909687950332406459e+00 1.000000000000000020e+30
1.000000000000000020e+30 1.000000000000000020e+30 1.000000000000000020e+30 1.000000000000000020e+30 1.000000000000000020e+30 1.000000000000000020e+30 1.000000000000000020e+30 1.000000000000000020e+30 1.205477282581173348e+01 9.028068539613814281e+00 1.125181639750403306e+01 1.194723948051208318e+01 1.228570219102267558e+01 1.238341887881882464e+01 1.226051215716693399e+01 1.198889325845905596e+01 1.159790260290038333e+01 1.166620048847527435e+01 1.179208576610840886e+01 1.195455929864175282e+01 1.232913152097560072e+01 1.271648173175250918e+01 1.293414057725208899e+01 1.299974582675156576e+01 1.293374607688210887e+01 1.278286745746839514e+01 1.253333462317571723e+01 1.214910179345230468e+01 1.181898701935695684e+01 1.173800663218777096e+01 1.165444022960151038e+01 1.156125467899721038e+01 1.149019338641880772e+01 1.145295050375001011e+01 1.140011425435337067e+01 1.132885601223709138e+01 1.123835200474723806e+01 1.113498926302618131e+01 1.102049106177056004e+01 1.089456518623540759e+01 1.081208994576998528e+01 1.078937707892024633e+01 1.077326170238190173e+01 1.076537328654783465e+01 1.086411120289179877e+01 1.095577054452617460e+01 1.096654042847922028e+01 1.089165904235181870e+01 1.070953773329519265e+01 1.048077497316396389e+01 1.025868164678256278e+01 9.872522094331822373e+00 8.940789520283322744e+00 9.702790921424311321e+00 9.997016085073152425e+00 1.012017917319771421e+01 1.000000000000000020e+30
1.000000000000000020e+30 1.000000000000000020e+30 1.000000000000000020e+30 1.000000000000000020e+30 1.000000000000000020e+30 1.000000000000000020e+30 1.000000000000000020e+30 1.366737841762361327e+01 1.320866333398091896e+01 1.194053705076071381e+01 9.363150162944396726e+00 9.081816174578758449e+00 9.490523703995437543e+00 9.664622758007265446e+00 9.467437142388593685e+00 9.681903004135623547e+00 1.093715917575068808e+01 1.110386415999853860e+01 1.129057637343676213e+01 1.149422678646321572e+01 1.191153652563283316e+01 1.234071731078175027e+01 1.258116284133925511e+01 1.263857108907900795e+01 1.251056050966741395e+01 1.236767278728798480e+01 1.215642062249476396e+01 1.183601429845303699e+01 1.155465237377321053e+01 1.149953108166566729e+01 1.145017128392943739e+01 1.140406449971703218e+01 1.137878449601642394e+01 1.134994147100621475e+01 1.130399596992052302e+01 1.124153963546496726e+01 1.116314990334676693e+01 1.107072455100284536e+01 1.096460254333211104e+01 1.084357398016173235e+01 1.076022985457944081e+01 1.073754122221426677e+01 1.071716529647038207e+01 1.070079175328386789e+01 1.070376258457216956e+01 1.067653638262103222e+01 1.063300887753562840e+01 1.053247704805442098e+01 1.021856049332494365e+01 9.878584108176111656e+00 9.823531514616027138e+00 9.726040284996033236e+00 9.404834131801379726e+00 9.912029365174284123e+00 1.018634343781411644e+01 1.030828072986028765e+01 1.000000000000000020e+30
1.000000000000000020e+30 1.000000000000000020e+30 1.000000000000000020e+30 1.000000000000000020e+30 1.000000000000000020e+30 1.000000000000000020e+30 1.371092129084090949e+01 1.366003812686597740e+01 1.349820057896897474e+01 1.319994923907222706e+01 1.282094797325755131e+01 1.264773058566216868e+01 1.241352260529945539e+01 1.227637634457719251e+01 1.194863086368742344e+01 1.121751753430784859e+01 1.007149518057487292e+01 1.039275166708592302e+01 1.065688739760246406e+01 1.093279767614020415e+01 1.142199558740141718e+01 1.191607373430044703e+01 1.219418285180415751e+01 1.225065073797799187e+01 1.209487689145373146e+01 1.198450847027162958e+01 1.181354211130087961e+01 1.155733265566181700e+01 1.135620551234490172e+01 1.132328443874463986e+01 1.129585214379679847e+01 1.127719014004633991e+01 1.127698428049452239e+01 1.125366777143132602e+01 1.121382860772052936e+01 1.115931360720215615e+01 1.109074553633829296e+01 1.100838640828418136e+01 1.091114170347837842e+01 1.079521432420575167e+01 1.071624772744461040e+01 1.069682652374141618e+01 1.067218845819950523e+01 1.064086781097520706e+01 1.056566133637645954e+01 1.046768812701852447e+01 1.041529850533354917e+01 1.037889906618389979e+01 9.583891641209904222e+00 8.807093538141486988e+00 9.238627728098352421e+00 9.591541443050990878e+00 9.868042314811670934e+00 1.017404004763771930e+01 1.038234393730934357e+01 1.048414587099390793e+01 1.000000000000000020e+30
1.000000000000000020e+30 1.000000000000000020e+30 1.000000000000000020e+30 1.000000000000000020e+30 1.000000000000000020e+30 1.359225311086655630e+01 1.364037503631551651e+01 1.363790341445766785e+01 1.356931155413685630e+01 1.343675345474476934e+01 1.328592673770153887e+01 1.321675901633299155e+01 1.339614093449503862e+01 1.333232495607625800e+01 1.289640955868942918e+01 1.173672420440375852e+01 1.016951233552238421e+01 9.554075306557814784e+00 9.851572505972557181e+00 1.027822221529871349e+01 1.085463482665702983e+01 1.143292206380302822e+01 1.177896756241367093e+01 1.191077308022731351e+01 1.184838639549455763e+01 1.177591012292259975e+01 1.164436398045351950e+01 1.143606912902745520e+01 1.127160746251539081e+01 1.124477571121719244e+01 1.122176701897649131e+01 1.120310424736007704e+01 1.118772554878688830e+01 1.116323869340897090e+01 1.112747262488910671e+01 1.108000083764625998e+01 1.102060610320481615e+01 1.094887722233892902e+01 1.086358308655057847e+01 1.076188239284258152e+01 1.069501133979149898e+01 1.067651914559637127e+01 1.065079254228490946e+01 1.061723199133781748e+01 1.054856360980517849e+01 1.047027698491283410e+01 1.044144550875942379e+01 1.041893773706380344e+01 1.014869827062547891e+01 9.777954547301700217e+00 9.748443824438346894e+00 9.606297577027131496e+00 1.009972475422920191e+01 1.037903308151577519e+01 1.055093031622356392e+01 1.063493699523773373e+01 1.000000000000000020e+30
1.000000000000000020e+30 1.000000000000000020e+30 1.000000000000000020e+30 1.000000000000000020e+30 1.000000000000000020e+30 1.341266113687049355e+01 1.349302443743148849e+01 1.355427934138464785e+01 1.357094185488059601e+01 1.354684708682201943e+01 1.350979033565075582e+01 1.350502245831173376e+01 1.374804852098661456e+01 1.371682151981374886e+01 1.327319549879404903e+01 1.207636022491670502e+01 1.054879199656464372e+01 1.025634146197435825e+01 1.007102045434712601e+01 9.586678851838671633e+00 1.018166607866256257e+01 1.086263307423926605e+01 1.129238871085675733e+01 1.152356275506001460e+01 1.155584638761023974e+01 1.153596202410793303e+01 1.145795375677094619e+01 1.130552111046618968e+01 1.117325272925632085e+01 1.115178609037098312e+01 1.113260072940130030e+01 1.111492813072519859e+01 1.109669506385557192e+01 1.107308795923933964e+01 1.104163507632933339e+01 1.100115398122826527e+01 1.095096672890988820e+01 1.089058152106318111e+01 1.081937490421170267e+01 1.073540120743578896e+01 1.067973923811041459e+01 1.066208921940385146e+01 1.063584949342179975e+01 1.059941242402682704e+01 1.050971705132523581e+01 1.047813194294989714e+01 1.045751989375037283e+01 1.044415508911855461e+01 1.037284234670637773e+01 1.021462212337088538e+01 1.016446872627733988e+01 1.017595546925748984e+01 1.037143584220868675e+01 1.055191806753772354e+01 1.068117877413542161e+01 1.074796493014476972e+01 1.000000000000000020e+30
1.000000000000000020e+30 1.000000000000000020e+30 1.000000000000000020e+30 1.000000000000000020e+30 1.268633095674804245e+01 1.300602682040483060e+01 1.322491473895355796e+01 1.338056474258815598e+01 1.348005304166905916e+01 1.353455862793779829e+01 1.356275247166172271e+01 1.358707751802372599e+01 1.375175626603996548e+01 1.369273019568611538e+01 1.332717110321905629e+01 1.235855237483967350e+01 1.093768030565650839e+01 1.068016294851378944e+01 1.039623046067637979e+01 1.000993507940877691e+01 9.192521435568776766e+00 1.015718500186652484e+01 1.067315909456168654e+01 1.101057046673775375e+01 1.120197390155084172e+01 1.125706391958761365e+01 1.124684514584784267e+01 1.115918973719900009e+01 1.106129179873325796e+01 1.104550510821620435e+01 1.103084083904523993e+01 1.101615977243889866e+01 1.099979802166833842e+01 1.097941491170702299e+01 1.095327093385944828e+01 1.092019309327313081e+01 1.087933842649249172e+01 1.083042531318721657e+01 1.077459624030059970e+01 1.071276225846534835e+01 1.067145234400262233e+01 1.065488094497067451e+01 1.062971119227197292e+01 1.059701049970794884e+01 1.053551947102977238e+01 1.047137315167700677e+01 1.046264321336159675e+01 1.045530780353367284e+01 1.045708538493517814e+01 1.039170959662018312e+01 1.036391357756041920e+01 1.039796300479005176e+01 1.051608319307668182e+01 1.064832593449378528e+01 1.075300513142184577e+01 1.080954146098334689e+01 1.000000000000000020e+30
1.000000000000000020e+30 1.000000000000000020e+30 1.000000000000000020e+30 1.000000000000000020e+30 1.215734530660969881e+01 1.251889230464323077e+01 1.285746198799736817e+01 1.311362807117012075e+01 1.329318353159553645e+01 1.341222846295087479e+01 1.348560682763003626e+01 1.351925171484151811e+01 1.349298720877320079e+01 1.337586879426897823e+01 1.310471202128030299e+01 1.260131363313182185e+01 1.176725375270176777e+01 1.133845146652670088e+01 1.096886881610825704e+01 1.051352155129652566e+01 1.007612490336301292e+01 9.632271282382216526e+00 1.010807600422960384e+01 1.046410509282237555e+01 1.077665406988524133e+01 1.093785762716374954e+01 1.100787962303566125e+01 1.099475103354701133e+01 1.093584850260643293e+01 1.092662964103156931e+01 1.091756479509868072e+01 1.090747365314033601e+01 1.089523639469370053e+01 1.087968891463630428e+01 1.085984058003407249e+01 1.083474575186149913e+01 1.080314527260395430e+01 1.076408918079110144e+01 1.072214224228774881e+01 1.068962209586939061e+01 1.501694768387142709e+01 1.503945372165344807e+01 9.475231458598338818e+00 9.581176564878322921e+00 9.114531771722393927e+00 1.503549325530351055e+01 1.507741774052234618e+01 1.507760712532830816e+01 1.507741178355299994e+01 1.507635231941094389e+01 1.507593229655075007e+01 1.507644557800523444e+01 1.507814655324681929e+01 1.508006788154475863e+01 1.508159651253070699e+01 1.508242378408936446e+01 1.000000000000000020e+30
1.000000000000000020e+30 1.000000000000000020e+30 1.000000000000000020e+30 9.715349992942680757e+00 1.100059151187924478e+01 1.182994094849235900e+01 1.237846971174358579e+01 1.275130562522714506e+01 1.301004747776478432e+01 1.318886271353450645e+01 1.330770097012139885e+01 1.337368853664002799e+01 1.337752604172699300e+01 1.329876501093337282e+01 1.310709847412574369e+01 1.277880070219034714e+01 1.233307471411839984e+01 1.195062240830151268e+01 1.155685550667622152e+01 1.104789008714074861e+01 1.054910121499824704e+01 1.019965573179929486e+01 9.766283649262001987e+00 1.009366341813145063e+01 1.037298828324820832e+01 1.059136298179348934e+01 1.073856179839909153e+01 1.080995092888712605e+01 1.079685031431147202e+01 1.079551776254955264e+01 1.079318974693145705e+01 1.078875853491785186e+01 1.078173179972819540e+01 1.077188694248162903e+01 1.075909471246747096e+01 1.074297805057895161e+01 1.072121752776442882e+01 1.068697743772879605e+01 1.064607027032988817e+01 1.061918510536019511e+01 1.507797950346911797e+01 1.505152427455040609e+01 9.568188813542830573e+00 1.506607746547442339e+01 1.510227753084698854e+01 1.514490921815854030e+01 1.514552489325619433e+01 1.514553074459143645e+01 1.514552928962505440e+01 1.514552153427137071e+01 1.514551844614129017e+01 1.514552225344033687e+01 1.514553477554017924e+01 1.514554915135863844e+01 1.514556021953686482e+01 1.514556632472980446e+01 1.000000000000000020e+30
1.000000000000000020e+30 1.000000000000000020e+30 1.000000000000000020e+30 9.613701765315735059e+00 9.822285843627579283e+00 1.112189913068514358e+01 1.183884080663596272e+01 1.230022944174450927e+01 1.262608139980648403e+01 1.285986774323284543e+01 1.302709724263069901e+01 1.314031207550635827e+01 1.319502535727310821e+01 1.317826462066996207e+01 1.307359525966924885e+01 1.287339705538845358e+01 1.259740194308760408e+01 1.230319909647354137e+01 1.195440469037598774e+01 1.147099622387981022e+01 1.098576841863197195e+01 1.066694182307494820e+01 1.023863020714282257e+01 9.579498564109664827e+00 9.863317229902428096e+00 1.017492050251169644e+01 1.041869743128360426e+01 1.059781112814443915e+01 1.064392968364589720e+01 1.065250422358317373e+01 1.065801173885165731e+01 1.065971164336416876e+01 1.065805785714168685e+01 1.065392933637926554e+01 1.064838834089725239e+01 1.064330836471160424e+01 1.063784989909939860e+01 1.060205949295710148e+01 1.054087315118781554e+01 1.050617070240470596e+01 1.497568101079213143e+01 7.712138511190597789e+00 1.505210266910540540e+01 1.514475875357608281e+01 1.514570607773042354e+01 1.514602571998757519e+01 1.514603258118078699e+01 1.514603267455066948e+01 1.514603268461312169e+01 1.514603262809800732e+01 1.514603260552171982e+01 1.514603264322800591e+01 1.514603338283386336e+01 1.514606283872049453e+01 1.514603379052551801e+01 1.514603297986763408e+01 1.000000000000000020e+30
1.000000000000000020e+30 1.000000000000000020e+30 1.000000000000000020e+30 9.592103832313226164e+00 9.679607616800314673e+00 1.058080625853093970e+01 1.126577292101387684e+01 1.174254874902836576e+01 1.212072947746886875e+01 1.240392229495373222e+01 1.262117710646921154e+01 1.279571574207304785e+01 1.291891528923744481e+01 1.297917425591728247e+01 1.296026650806757807e+01 1.285149523111619096e+01 1.266427721023120512e+01 1.246977711395631694e+01 1.221614823368620684e+01 1.183275205243292305e+01 1.138770058990028211e+01 1.110165202460986222e+01 1.075844345383084999e+01 1.037748899881764864e+01 1.014909315420074165e+01 9.641181643442262583e+00 1.001383054956949259e+01 1.034551774049148598e+01 1.047683855837036226e+01 1.049857259781379959e+01 1.051270860831816201e+01 1.052011118116717547e+01 1.052291781522517766e+01 1.052333820249934249e+01 1.052300048138213384e+01 1.052956668156342168e+01 1.057005150618667955e+01 1.052706527276807869e+01 1.039273777657962050e+01 1.034125078282285948e+01 8.100992817129061052e+00 1.000000000000000020e+30 1.000000000000000020e+30 1.000000000000000020e+30 1.000000000000000020e+30 1.000000000000000020e+30 1.000000000000000020e+30 1.000000000000000020e+30 1.514603641846487392e+01 1.514603641127439992e+01 1.514603641088986130e+01 1.514603706488397350e+01 1.514609662173994131e+01 1.515015582962923446e+01 1.514612683761117751e+01 1.514603752707704842e+01 1.000000000000000020e+30
1.000000000000000020e+30 1.000000000000000020e+30 9.580915240235146513e+00 9.583218712929452821e+00 9.600950255440681147e+00 9.736023083235817666e+00 1.054600445782479845e+01 1.098631241245160517e+01 1.145212155799251974e+01 1.178101179336937143e+01 1.204372556902660918e+01 1.230341607040971397e+01 1.251724608394235538e+01 1.267589511145226666e+01 1.275185633772180083e+01 1.271389323272826033e+01 1.257483882775021833e+01 1.246928655513821482e+01 1.231065169980031548e+01 1.207826116227432856e+01 1.175802332060636957e+01 1.147764332106285501e+01 1.117949149145209908e+01 1.085619790548579644e+01 1.052452133890425934e+01 1.007259376429269793e+01 9.460518749560735685e+00 1.002932873682709491e+01 1.029641694407296804e+01 1.033683310025163848e+01 1.035888427257968836e+01 1.036994383875708792e+01 1.037500033053789217e+01 1.037824216007243550e+01 1.037527007996738426e+01 1.036631017001579025e+01 1.493390778363687410e+01 9.582004546158524150e+00 1.503800143658572175e+01 1.508020063274402744e+01 1.509425685458573163e+01 1.000000000000000020e+30 1.000000000000000020e+30 1.000000000000000020e+30 1.000000000000000020e+30 1.000000000000000020e+30 1.000000000000000020e+30 1.000000000000000020e+30 1.000000000000000020e+30 1.000000000000000020e+30 1.514603667112578655e+01 1.514606687843990862e+01 1.515018541854055734e+01 1.571159029593588663e+01 1.515433419498832990e+01 1.514609776791910178e+01 1.000000000000000020e+30
1.000000000000000020e+30 1.000000000000000020e+30 9.580732215825751297e+00 9.581135808167042356e+00 9.583882815402230193e+00 9.600409628740850465e+00 9.673035700220456334e+00 9.777286424632126938e+00 1.058748343259677860e+01 1.092983746342194351e+01 1.119940274359745302e+01 1.161435187933304647e+01 1.194756120321577697e+01 1.224613610050798229e+01 1.245476903007765834e+01 1.254371965705653658e+01 1.250147623637347749e+01 1.245035645315485517e+01 1.235384548602888977e+01 1.220188953842644608e+01 1.199695679734296050e+01 1.177095962062268342e+01 1.151379115204609604e+01 1.121597308825227124e+01 1.087292505613853955e+01 1.047738990212789822e+01 1.003815874992963764e+01 9.604342619448685170e+00 1.010677787650014281e+01 1.017630672933655411e+01 1.019917199484766357e+01 1.020906729241425737e+01 1.021221546253193679e+01 1.022257118647134533e+01 1.021649662613534382e+01 1.017659733300674141e+01 9.581953243700558787e+00 1.506662188386663281e+01 1.515491630415394830e+01 1.571618243981959040e+01 1.000000000000000020e+30 1.000000000000000020e+30 1.000000000000000020e+30 1.000000000000000020e+30 1.000000000000000020e+30 1.000000000000000020e+30 1.000000000000000020e+30 1.000000000000000020e+30 1.000000000000000020e+30 1.000000000000000020e+30 1.000000000000000020e+30 1.000000000000000020e+30 1.000000000000000020e+30 9.785404780563770544e+01 1.571989091750535650e+01 1.000000000000000020e+30 1.000000000000000020e+30
1.000000000000000020e+30 9.580671072264987487e+00 9.580681069577043019e+00 9.580744226718396206e+00 9.581118611703420385e+00 9.583006693378360197e+00 9.589971927470058333e+00 9.604055858440990079e+00 9.671442643745292500e+00 9.711501456137684229e+00 9.805672853610756690e+00 1.068837070639804310e+01 1.113335652495146633e+01 1.165914042293657715e+01 1.204937571575279875e+01 1.230642821250670416e+01 1.238798481333955515e+01 1.240453280279739978e+01 1.237760842421945817e+01 1.229951682044943340e+01 1.217235844385404597e+01 1.200444383217209143e+01 1.178993075167603521e+01 1.151209393270310599e+01 1.115090663990858211e+01 1.077918949996108111e+01 1.042356795771641842e+01 1.013628929265700229e+01 1.009190553843031068e+01 1.004340978319376809e+01 1.003370133372203199e+01 1.003643112632826018e+01 1.002376389166940562e+01 1.006477912757491922e+01 1.007266623956146390e+01 1.011868859030285428e+01 1.503358175593882606e+01 1.515231637992122060e+01 1.598281323344384042e+01 9.293904343159728398e+01 1.000000000000000020e+30 1.000000000000000020e+30 1.000000000000000020e+30 1.000000000000000020e+30 1.000000000000000020e+30 1.000000000000000020e+30 1.000000000000000020e+30 1.000000000000000020e+30 1.000000000000000020e+30 1.000000000000000020e+30 1.000000000000000020e+30 1.000000000000000020e+30 1.000000000000000020e+30 1.000000000000000020e+30 1.000000000000000020e+30 1.000000000000000020e+30 1.000000000000000020e+30
1.000000000000000020e+30 9.580670245044331068e+00 9.580671775182992178e+00 9.580680778199637260e+00 9.580728235153895156e+00 9.580937917164066064e+00 9.581635808033070134e+00 9.583266688239618247e+00 9.589063079506303211e+00 9.593874316132833258e+00 9.608301004974816095e+00 9.690396005638543642e+00 9.824563117315534555e+00 1.089699406431822304e+01 1.151263921040370519e+01 1.196169118520454511e+01 1.222319731207754501e+01 1.232865738285143564e+01 1.237830184744341366e+01 1.236987651875097960e+01 1.230874790786606354e+01 1.220017894507536482e+01 1.203907404715386598e+01 1.179319220273469426e+01 1.132961879553354301e+01 1.093993685357410506e+01 1.059310610278964759e+01 1.028078194589741834e+01 1.009753707325991101e+01 1.004979856398368376e+01 9.987849790659931060e+00 9.858805813443213495e+00 9.761243357932226417e+00 9.919788676028195695e+00 1.003335193588642227e+01 1.008645174921560006e+01 1.502447781992475839e+01 1.536354753239294091e+01 5.226752342873608370e+01 1.000000000000000020e+30 1.000000000000000020e+30 1.000000000000000020e+30 1.000000000000000020e+30 1.000000000000000020e+30 1.000000000000000020e+30 1.000000000000000020e+30 1.000000000000000020e+30 1.000000000000000020e+30 1.000000000000000020e+30 1.000000000000000020e+30 1.000000000000000020e+30 1.000000000000000020e+30 1.000000000000000020e+30 1.000000000000000020e+30 1.000000000000000020e+30 1.000000000000000020e+30 1.000000000000000020e+30
9.580670003768863907e+00 9.580670036029648173e+00 9.580670253707669559e+00 9.580671457547715875e+00 9.580677203789361940e+00 9.580700167409428758e+00 9.580771837972015703e+00 9.580949647821855208e+00 9.581478349480727630e+00 9.582175082710344682e+00 9.585470824430174730e+00 9.610968471141978497e+00 9.761765031788144142e+00 1.039738616073835864e+01 1.105452124911622036e+01 1.158920898696362478e+01 1.200015724009337070e+01 1.223298502693156564e+01 1.236283802460006065e+01 1.241849620871990467e+01 1.241649249151892143e+01 1.236943805192257173e+01 1.228961019607659111e+01 1.220182223098947105e+01 1.504828381881090849e+01 1.508405614234167125e+01 1.507930855494905309e+01 1.507487800880085693e+01 1.507244598941180413e+01 1.507180653543476545e+01 1.507063028168078311e+01 1.502293501629061723e+01 8.655620882966477581e+00 1.498508934966807793e+01 1.507847644441355150e+01 1.532616732891649036e+01 1.165328128394798846e+01 1.169441638722610222e+01 1.175889235939829724e+01 1.000000000000000020e+30 1.000000000000000020e+30 1.000000000000000020e+30 1.000000000000000020e+30 1.000000000000000020e+30 1.000000000000000020e+30 1.000000000000000020e+30 1.000000000000000020e+30 1.000000000000000020e+30 1.000000000000000020e+30 1.000000000000000020e+30 1.000000000000000020e+30 1.000000000000000020e+30 1.000000000000000020e+30 1.000000000000000020e+30 1.000000000000000020e+30 1.000000000000000020e+30 1.000000000000000020e+30
9.580669995280127083e+00 9.580670000232201389e+00 9.580670025374079302e+00 9.580670178692203720e+00 9.580670853360921058e+00 9.580673351339417110e+00 9.580680855921981376e+00 9.580700365688528564e+00 9.580758357689276750e+00 9.580931004159621622e+00 9.582268525803760539e+00 9.594922317697276881e+00 9.677958321926221075e+00 9.935957024790674552e+00 1.082233360944306177e+01 1.143186614842921678e+01 1.186954407050789762e+01 1.216192910759179391e+01 1.234689940026064292e+01 1.245163534995701049e+01 1.249609616822417557e+01 1.249701519029667374e+01 1.247150164805547945e+01 1.244253765509846588e+01 1.510597332515347979e+01 1.514528774348458384e+01 1.514554123164713850e+01 1.514551070901343799e+01 1.514549266949737572e+01 1.514547766918938265e+01 1.514443012695926605e+01 1.504967768317334276e+01 8.481524046172552289e+00 9.581920415412715997e+00 1.592402511762991324e+01 5.736008274397972428e+01 1.156262496068954704e+01 1.160672611199430015e+01 1.181608270996787979e+01 1.000000000000000020e+30 1.000000000000000020e+30 1.000000000000000020e+30 1.000000000000000020e+30 1.000000000000000020e+30 1.000000000000000020e+30 1.000000000000000020e+30 1.000000000000000020e+30 1.000000000000000020e+30 1.000000000000000020e+30 1.000000000000000020e+30 1.000000000000000020e+30 1.000000000000000020e+30 1.000000000000000020e+30 1.000000000000000020e+30 1.000000000000000020e+30 1.000000000000000020e+30 1.000000000000000020e+30
9.580669994232337672e+00 9.580669994674659407e+00 9.580669993089635739e+00 9.580670011704208733e+00 9.580670089389791144e+00 9.580670363740484419e+00 9.580671202101521899e+00 9.580673836230468865e+00 9.580685930985874066e+00 9.580771726406208444e+00 9.581610121299670269e+00 9.590168750990279989e+00 9.648443342925721922e+00 9.844257020897547505e+00 1.070896576782061160e+01 1.133586202752061034e+01 1.179401296791319176e+01 1.211783203444800172e+01 1.233606630489603972e+01 1.247279125581795434e+01 1.254818476619892920e+01 1.257999356961614623e+01 1.258512694650031349e+01 1.258072208198222164e+01 1.510839986747837393e+01 1.514575494241253750e+01 1.514603075177315361e+01 1.514603291657537731e+01 1.514603023331802767e+01 1.514567429350944039e+01 1.509773064291367994e+01 8.495264843441789893e+00 1.505747185430605484e+01 1.591527782633649934e+01 8.531639461439424110e+01 7.937416484596285216e+01 1.132901537448667106e+01 1.134102453696259083e+01 1.000000000000000020e+30 1.000000000000000020e+30 1.000000000000000020e+30 1.000000000000000020e+30 1.000000000000000020e+30 1.000000000000000020e+30 1.000000000000000020e+30 1.000000000000000020e+30 1.000000000000000020e+30 1.000000000000000020e+30 1.000000000000000020e+30 1.000000000000000020e+30 1.000000000000000020e+30 1.000000000000000020e+30 1.000000000000000020e+30 1.000000000000000020e+30 1.000000000000000020e+30 1.000000000000000020e+30 1.000000000000000020e+30
9.580669994078427010e+00 9.580669993861864242e+00 9.580669988698213402e+00 9.580669990372001621e+00 9.580669996892458684e+00 9.580670028142826311e+00 9.580670150789059036e+00 9.580670823578604001e+00 9.580676594793313683e+00 9.580734706344763651e+00 9.581362997876786025e+00 9.588322439751898685e+00 9.640239005039829223e+00 9.823187321999592214e+00 1.066586599352265807e+01 1.129341593780687703e+01 1.176005909770083768e+01 1.209757570347050226e+01 1.233130470542443646e+01 1.248358469287119377e+01 1.257419766556224161e+01 1.262084152423405214e+01 1.263962231676174675e+01 1.264469867486139343e+01 1.510960208426736529e+01 1.514576935293973037e+01 1.514603645612821126e+01 1.514609115221748858e+01 1.514609446546486460e+01 1.514516542054346360e+01 1.506141359979508110e+01 9.131624376960626677e+00 1.532248860513158739e+01 5.617978270583636657e+01 7.555983508586990638e+01 6.117202803444460812e+01 1.099967038264374430e+01 1.102298043832860408e+01 1.000000000000000020e+30 1.000000000000000020e+30 1.000000000000000020e+30 1.000000000000000020e+30 1.000000000000000020e+30 1.000000000000000020e+30 1.000000000000000020e+30 1.000000000000000020e+30 1.000000000000000020e+30 1.000000000000000020e+30 1.000000000000000020e+30 1.000000000000000020e+30 1.000000000000000020e+30 1.000000000000000020e+30 1.000000000000000020e+30 1.000000000000000020e+30 1.000000000000000020e+30 1.000000000000000020e+30 1.000000000000000020e+30
9.580669994053153005e+00 9.580669993716224297e+00 9.580669987714776070e+00 9.580669984213885826e+00 9.580669961313084571e+00 9.580669961891111086e+00 9.580670028150064965e+00 9.580670206696819236e+00 9.580671565933315037e+00 9.580684204810857807e+00 9.580780418675463039e+00 9.581341092046411489e+00 9.580678610474354429e+00 9.581103955337621159e+00 1.500222245172541058e+01 1.508872064891439457e+01 1.509636197949320291e+01 1.510131301052998509e+01 1.510474211783864895e+01 1.510697749299984238e+01 1.510830915109887229e+01 1.510901917842623199e+01 1.510931032266829988e+01 1.510964202672840173e+01 1.514554040742353358e+01 1.514607328400513531e+01 1.514625768806029704e+01 1.515349670310409280e+01 1.515482875267744234e+01 1.511132043407166137e+01 9.381377853298067393e+00 1.518029447901215967e+01 9.836639020184083648e+00 9.947491066035675900e+00 1.014103418695534486e+01 1.036770081945292787e+01 1.065114100183135903e+01 1.083293672314382761e+01 1.000000000000000020e+30 1.000000000000000020e+30 1.000000000000000020e+30 1.000000000000000020e+30 1.000000000000000020e+30 1.000000000000000020e+30 1.000000000000000020e+30 1.000000000000000020e+30 1.000000000000000020e+30 1.000000000000000020e+30 1.000000000000000020e+30 1.000000000000000020e+30 1.000000000000000020e+30 1.000000000000000020e+30 1.000000000000000020e+30 1.000000000000000020e+30 1.000000000000000020e+30 1.000000000000000020e+30 1.000000000000000020e+30
9.580669994029268111e+00 9.580669993453398092e+00 9.580669983504126463e+00 9.580669956611416183e+00 9.580669849264664251e+00 9.580669845780146687e+00 9.580669932577468018e+00 9.580670018411183264e+00 9.580670229188671172e+00 9.580672247424615762e+00 9.580683803530339659e+00 9.580729410094564358e+00 9.580669838973367547e+00 9.580669955202978372e+00 9.581475681816570500e+00 1.510526691236152352e+01 1.514536701607392999e+01 1.514570396807251029e+01 1.514574588185505633e+01 1.514574705481259365e+01 1.514582895556003983e+01 1.514915961494915742e+01 1.515083883859358060e+01 1.515038426089672718e+01 1.515070751420389072e+01 1.515163919168582218e+01 1.516892502051312874e+01 1.616151236193219276e+01 1.638070517027651007e+01 1.603175071916740535e+01 8.455425773281939783e+00 4.277138444047205468e+01 9.668636551010353131e+00 9.794758198986579956e+00 1.004686940378389259e+01 1.027446675049376879e+01 1.043406450374470751e+01 1.000000000000000020e+30 1.000000000000000020e+30 1.000000000000000020e+30 1.000000000000000020e+30 1.000000000000000020e+30 1.000000000000000020e+30 1.000000000000000020e+30 1.000000000000000020e+30 1.000000000000000020e+30 1.000000000000000020e+30 1.000000000000000020e+30 1.000000000000000020e+30 1.000000000000000020e+30 1.000000000000000020e+30 1.000000000000000020e+30 1.000000000000000020e+30 1.000000000000000020e+30 1.000000000000000020e+30 1.000000000000000020e+30 1.000000000000000020e+30
9.580669993887564573e+00 9.580669993294179676e+00 9.580669983175518212e+00 9.580669953345410050e+00 9.580669827353139212e+00 9.580669821396424979e+00 9.580669902438762264e+00 9.580669956653801833e+00 9.580669966660922299e+00 9.580670275602754415e+00 9.580671547314327796e+00 9.580675244694099035e+00 9.580669830307790846e+00 9.580669893508275692e+00 9.581073741775957942e+00 1.506619614875534374e+01 1.514487158655557941e+01 1.514606132460370880e+01 1.514805026188109061e+01 1.514585215909958649e+01 1.515243637165444746e+01 1.560737619347866811e+01 1.583482232920345467e+01 1.577005947223928928e+01 1.577807744739580720e+01 1.588788585750290139e+01 1.726810377377252337e+01 1.537772201644356471e+02 1.851195541340315742e+02 1.452772460642398187e+02 8.531519678892927061e+00 9.086247145544707138e+00 9.270522356349873760e+00 9.434621520604853373e+00 9.914574483838791252e+00 1.020121024657912301e+01 1.035531465110550187e+01 1.000000000000000020e+30 1.000000000000000020e+30 1.000000000000000020e+30 1.000000000000000020e+30 1.000000000000000020e+30 1.000000000000000020e+30 1.000000000000000020e+30 1.000000000000000020e+30 1.000000000000000020e+30 1.000000000000000020e+30 1.000000000000000020e+30 1.000000000000000020e+30 1.000000000000000020e+30 1.000000000000000020e+30 1.000000000000000020e+30 1.000000000000000020e+30 1.000000000000000020e+30 1.000000000000000020e+30 1.000000000000000020e+30 1.000000000000000020e+30
9.580669991494508153e+00 9.580669990949326476e+00 9.580669984272724093e+00 9.580669949346397374e+00 9.580669786466456728e+00 9.580669782958961989e+00 9.580669852485621973e+00 9.580669903740934856e+00 9.580669931256377225e+00 9.580669972065809503e+00 9.580670115610569582e+00 9.580670393385275929e+00 9.580669829599345988e+00 9.580669863692405031e+00 9.580669953128300165e+00 9.581477524712273208e+00 1.506651712491247608e+01 1.514893839553445964e+01 1.542305260879513362e+01 1.511259730053273564e+01 1.556400636945099691e+01 7.844578976038364715e+01 1.111404478227828037e+02 1.021593373704682648e+02 1.036507390199832770e+02 1.183090953436133645e+02 1.744172101440788936e+02 2.460971219353833419e+02 2.709430663942616206e+02 2.114343550811264834e+02 9.080258001325438144e+00 9.032610837645435709e+00 9.419530131797477779e+00 9.401914077461064778e+00 9.885090697226091905e+00 1.020324657284395720e+01 1.039702879261043655e+01 1.050940865765186416e+01 1.000000000000000020e+30 1.000000000000000020e+30 1.000000000000000020e+30 1.000000000000000020e+30 1.000000000000000020e+30 1.000000000000000020e+30 1.000000000000000020e+30 1.000000000000000020e+30 1.000000000000000020e+30 1.000000000000000020e+30 1.000000000000000020e+30 1.000000000000000020e+30 1.000000000000000020e+30 1.000000000000000020e+30 1.000000000000000020e+30 1.000000000000000020e+30 1.000000000000000020e+30 1.000000000000000020e+30 1.000000000000000020e+30
9.580669850894899753e+00 9.580669839745269201e+00 9.580669838065929866e+00 9.580669698527298550e+00 9.580669795616209683e+00 9.580669829508202895e+00 9.580669829496201828e+00 9.580669829490464195e+00 9.580669829517924896e+00 9.580669829523403180e+00 9.580669829543394300e+00 9.580669829599267828e+00 9.580669863685338683e+00 9.580669863448692425e+00 9.580669863466681591e+00 9.580669983797051259e+00 9.581495240901237054e+00 1.534701988192471234e+01 5.501706467431089465e+01 9.393561872245802746e+00 9.295256832147314796e+00 9.415746403996946512e+00 8.629515642195259773e+01 8.701994068368803070e+00 8.855396503500660543e+00 9.442466593203725722e+00 1.535620067380901048e+02 2.201183736154342228e+02 2.769118864542139136e+02 2.565455348336444104e+02 1.683490422189665310e+02 8.766775752146858736e+01 9.647437209801358549e+00 9.290681261619258891e+00 1.020382575966721639e+01 1.066192788715127371e+01 1.088727905832802634e+01 1.095197124270097078e+01 1.000000000000000020e+30 1.000000000000000020e+30 1.000000000000000020e+30 1.000000000000000020e+30 1.000000000000000020e+30 1.000000000000000020e+30 1.000000000000000020e+30 1.000000000000000020e+30 1.000000000000000020e+30 1.000000000000000020e+30 1.000000000000000020e+30 1.000000000000000020e+30 1.000000000000000020e+30 1.000000000000000020e+30 1.000000000000000020e+30 1.000000000000000020e+30 1.000000000000000020e+30 1.000000000000000020e+30 1.000000000000000020e+30
9.580669985695166702e+00 9.580669972757160480e+00 9.580669972048539762e+00 9.580669917377557354e+00 9.580669829769330903e+00 9.580669863685402632e+00 9.580669863683606735e+00 9.580669863683604959e+00 9.580669863683572984e+00 9.580669863683525023e+00 9.580669863452831336e+00 9.580669863455568702e+00 9.580669862991571861e+00 9.580666774559736254e+00 9.580666708579032687e+00 9.580663530142338402e+00 9.536980286970635490e+00 9.531920179709111096e+00 8.997154395823324435e+00 3.563129311321718546e+02 4.646296116536346972e+02 4.104290284621898195e+02 9.376863799520219089e+00 9.571874193555904853e+00 3.568459843611292399e+02 3.284637582119660237e+02 9.572700591820643368e+00 9.568055078909454281e+00 1.813077935648798586e+02 2.012122117096658940e+02 1.590136682341712628e+02 8.585839298297364053e+01 9.553456719254239005e+00 9.424361469516700396e+00 1.080725455310288474e+01 1.140881704556475640e+01 1.162861643043780369e+01 1.151022099980291813e+01 1.000000000000000020e+30 1.000000000000000020e+30 1.000000000000000020e+30 1.000000000000000020e+30 1.000000000000000020e+30 1.000000000000000020e+30 1.000000000000000020e+30 1.000000000000000020e+30 1.000000000000000020e+30 1.000000000000000020e+30 1.000000000000000020e+30 1.000000000000000020e+30 1.000000000000000020e+30 1.000000000000000020e+30 1.000000000000000020e+30 1.000000000000000020e+30 1.000000000000000020e+30 1.000000000000000020e+30 1.000000000000000020e+30
9.580669987119694753e+00 9.580669973605298040e+00 9.580669972902226661e+00 9.580669919158177450e+00 9.580669829767582968e+00 9.580669863683569432e+00 9.580669863681778864e+00 9.580669863681713139e+00 9.580669863450108181e+00 9.580669862997799768e+00 9.580666710694750066e+00 9.580666671897684949e+00 9.580663563528547755e+00 9.540003315269405704e+00 9.535214078477711297e+00 9.529665396200732275e+00 9.542780399516539447e+00 9.561896524009965148e+00 5.281030474783825639e+02 8.829901457359389951e+02 1.043012056268518791e+03 1.153238205841813851e+03 1.090626893385195217e+03 1.093382549172062681e+03 1.164729552776614810e+03 1.009918189294693661e+03 7.075908447048601602e+02 4.153255271683187289e+02 9.554565853487073213e+00 9.559800046889321834e+00 9.566011786415360874e+00 9.561282893581662279e+00 9.686400284617979750e+00 1.099112812875912759e+01 1.178892822259236262e+01 1.222509542970937524e+01 1.239745311921254256e+01 1.214598906865508177e+01 1.000000000000000020e+30 1.000000000000000020e+30 1.000000000000000020e+30 1.000000000000000020e+30 1.000000000000000020e+30 1.000000000000000020e+30 1.000000000000000020e+30 1.000000000000000020e+30 1.000000000000000020e+30 1.000000000000000020e+30 1.000000000000000020e+30 1.000000000000000020e+30 1.000000000000000020e+30 1.000000000000000020e+30 1.000000000000000020e+30 1.000000000000000020e+30 1.000000000000000020e+30 1.000000000000000020e+30 1.000000000000000020e+30
9.580669986564736007e+00 9.580669920467462575e+00 9.580669919186702188e+00 9.580669865455643475e+00 9.580669829771665036e+00 9.580669863683556997e+00 9.580669863681663401e+00 9.580669862988260732e+00 9.580666728979828406e+00 9.580663497907035975e+00 9.535349849328277116e+00 9.531228659009245874e+00 9.526885081337844952e+00 9.522311238857533056e+00 9.532661752843882397e+00 9.551484553648389664e+00 5.022553428851125545e+02 7.608451665891003586e+02 1.455435272055060750e+03 2.029989919933941792e+03 2.526108005770481213e+03 3.485016794440137346e+03 3.707341893645417713e+03 3.727374420399665269e+03 3.558891803971053832e+03 2.668510133169862911e+03 2.191854515215559786e+03 1.849365131596837728e+03 1.691695976682788569e+03 8.155811601408120168e+02 5.344281499309272476e+02 2.730227194047910757e+02 1.250902205551331292e+01 1.257583913222076610e+01 1.281378516640363330e+01 1.299604280986677551e+01 1.327942621802163359e+01 1.289422555130054349e+01 1.000000000000000020e+30 1.000000000000000020e+30 1.000000000000000020e+30 1.000000000000000020e+30 1.000000000000000020e+30 1.000000000000000020e+30 1.000000000000000020e+30 1.000000000000000020e+30 1.000000000000000020e+30 1.000000000000000020e+30 1.000000000000000020e+30 1.000000000000000020e+30 1.000000000000000020e+30 1.000000000000000020e+30 1.000000000000000020e+30 1.000000000000000020e+30 1.000000000000000020e+30 1.000000000000000020e+30 1.000000000000000020e+30
1.000000000000000020e+30 9.580669863968015676e+00 9.580669829765758649e+00 9.580669829771650825e+00 9.580669863685299603e+00 9.580669863449054802e+00 9.580669862760007760e+00 9.580663568977513478e+00 9.536869788046598018e+00 9.525360794442013557e+00 9.513180741559169817e+00 9.509169361566437217e+00 9.514201408956338923e+00 9.524682181000319048e+00 5.107615372759121328e+02 1.108710211905841106e+03 1.874733346357325900e+03 6.072345989413243842e+03 3.419452019319450756e+03 3.604663389799737161e+03 1.000000000000000020e+30 5.877050883618243461e+03 5.956584977261419226e+03 5.972862147950630970e+03 5.922126976939207452e+03 1.000000000000000020e+30 1.000000000000000020e+30 1.000000000000000020e+30 3.976744508417785255e+03 2.657917643891703392e+03 1.179796085970451941e+03 7.238897394039584015e+02 3.898424003813353806e+02 2.864837014021106825e+02 2.057795019109184693e+02 1.033200039172979814e+02 1.523320055733778666e+01 1.435618538244336584e+01 1.339608964086700382e+01 1.000000000000000020e+30 1.000000000000000020e+30 1.000000000000000020e+30 1.000000000000000020e+30 1.000000000000000020e+30 1.000000000000000020e+30 1.000000000000000020e+30 1.000000000000000020e+30 1.000000000000000020e+30 1.000000000000000020e+30 1.000000000000000020e+30 1.000000000000000020e+30 1.000000000000000020e+30 1.000000000000000020e+30 1.000000000000000020e+30 1.000000000000000020e+30 1.000000000000000020e+30 1.000000000000000020e+30
1.000000000000000020e+30 9.580669932102807707e+00 9.580669863678053844e+00 9.580669863451806378e+00 9.580669862989568131e+00 9.580666758395853577e+00 9.580663530238979320e+00 9.534656216076326629e+00 9.520178378944841313e+00 9.503421761724773376e+00 9.494744698724606025e+00 9.500676329495098216e+00 7.881851472798622353e+02 1.592446542591472507e+03 5.890637590224492669e+03 3.175397484400142730e+03 3.494415206895703705e+03 1.000000000000000020e+30 1.000000000000000020e+30 1.000000000000000020e+30 1.000000000000000020e+30 1.000000000000000020e+30 1.000000000000000020e+30 1.000000000000000020e+30 1.000000000000000020e+30 1.000000000000000020e+30 1.000000000000000020e+30 1.000000000000000020e+30 5.389815280038323181e+03 4.490386051401033001e+03 2.778803989164887753e+03 1.162451126526568714e+03 8.413537911962902172e+02 6.563828599157642429e+02 4.585282676121867667e+02 2.023986254523422303e+02 1.735777300096406961e+01 1.576654218581168188e+01 1.393453509607503449e+01 1.000000000000000020e+30 1.000000000000000020e+30 1.000000000000000020e+30 1.000000000000000020e+30 1.000000000000000020e+30 1.000000000000000020e+30 1.000000000000000020e+30 1.000000000000000020e+30 1.000000000000000020e+30 1.000000000000000020e+30 1.000000000000000020e+30 1.000000000000000020e+30 1.000000000000000020e+30 1.000000000000000020e+30 1.000000000000000020e+30 1.000000000000000020e+30 1.000000000000000020e+30 1.000000000000000020e+30
1.000000000000000020e+30 1.000000000000000020e+30 9.580669897423689463e+00 9.580666731254567026e+00 9.580663559531684470e+00 9.538974566691528878e+00 9.533452470150656666e+00 9.517948125269922954e+00 9.509925947597562157e+00 9.498094693655330545e+00 1.031387742567512987e+03 1.430301371721995793e+03 1.000000000000000020e+30 1.000000000000000020e+30 1.000000000000000020e+30 1.000000000000000020e+30 1.000000000000000020e+30 1.000000000000000020e+30 1.000000000000000020e+30 1.000000000000000020e+30 1.000000000000000020e+30 1.000000000000000020e+30 1.000000000000000020e+30 1.000000000000000020e+30 1.000000000000000020e+30 1.000000000000000020e+30 1.000000000000000020e+30 1.000000000000000020e+30 1.000000000000000020e+30 1.000000000000000020e+30 3.010745326496779853e+03 1.665995278045375244e+03 1.153703631902008738e+03 8.902293253765296868e+02 6.153854154639760736e+02 2.596751307448743091e+02 1.882186250008523487e+01 1.675140122136434329e+01 1.444884453434296923e+01 1.000000000000000020e+30 1.000000000000000020e+30 1.000000000000000020e+30 1.000000000000000020e+30 1.000000000000000020e+30 1.000000000000000020e+30 1.000000000000000020e+30 1.000000000000000020e+30 1.000000000000000020e+30 1.000000000000000020e+30 1.000000000000000020e+30 1.000000000000000020e+30 1.000000000000000020e+30 1.000000000000000020e+30 1.000000000000000020e+30 1.000000000000000020e+30 1.000000000000000020e+30 1.000000000000000020e+30
1.000000000000000020e+30 1.000000000000000020e+30 9.580666799672030720e+00 9.537044294141631795e+00 9.529973435379357483e+00 9.522232117249023631e+00 9.513068372645372861e+00 9.518552913903617352e+00 1.308984673815740507e+03 1.664015192871884437e+03 1.000000000000000020e+30 1.000000000000000020e+30 1.000000000000000020e+30 1.000000000000000020e+30 1.000000000000000020e+30 1.000000000000000020e+30 1.000000000000000020e+30 1.000000000000000020e+30 1.000000000000000020e+30 1.000000000000000020e+30 1.000000000000000020e+30 1.000000000000000020e+30 1.000000000000000020e+30 1.000000000000000020e+30 1.000000000000000020e+30 1.000000000000000020e+30 1.000000000000000020e+30 1.000000000000000020e+30 1.000000000000000020e+30 1.000000000000000020e+30 1.000000000000000020e+30 2.263348464324060842e+03 1.442273871660643408e+03 1.046605559199562322e+03 6.989422708016511478e+02 2.867148797940880058e+02 1.962587237699582943e+01 1.730212043160005564e+01 1.476389610756860016e+01 1.000000000000000020e+30 1.000000000000000020e+30 1.000000000000000020e+30 1.000000000000000020e+30 1.000000000000000020e+30 1.000000000000000020e+30 1.000000000000000020e+30 1.000000000000000020e+30 1.000000000000000020e+30 1.000000000000000020e+30 1.000000000000000020e+30 1.000000000000000020e+30 1.000000000000000020e+30 1.000000000000000020e+30 1.000000000000000020e+30 1.000000000000000020e+30 1.000000000000000020e+30 1.000000000000000020e+30
1.000000000000000020e+30 1.000000000000000020e+30 1.000000000000000020e+30 9.525054864672704014e+00 9.514110748513770588e+00 9.519420356783960813e+00 9.520994281240820811e+00 1.596099955447979255e+03 2.648721854974867256e+03 1.000000000000000020e+30 1.000000000000000020e+30 1.000000000000000020e+30 1.000000000000000020e+30 1.000000000000000020e+30 1.000000000000000020e+30 1.000000000000000020e+30 1.000000000000000020e+30 1.000000000000000020e+30 1.000000000000000020e+30 1.000000000000000020e+30 1.000000000000000020e+30 1.000000000000000020e+30 1.000000000000000020e+30 1.000000000000000020e+30 1.000000000000000020e+30 1.000000000000000020e+30 1.000000000000000020e+30 1.000000000000000020e+30 1.000000000000000020e+30 1.000000000000000020e+30 1.000000000000000020e+30 1.000000000000000020e+30 2.056552428560919907e+03 1.267975559997878918e+03 7.547267940159458703e+02 2.792471634647956193e+02 1.979801011652219245e+01 1.740107690316434486e+01 1.482499237574694284e+01 1.000000000000000020e+30 1.000000000000000020e+30 1.000000000000000020e+30 1.000000000000000020e+30 1.000000000000000020e+30 1.000000000000000020e+30 1.000000000000000020e+30 1.000000000000000020e+30 1.000000000000000020e+30 1.000000000000000020e+30 1.000000000000000020e+30 1.000000000000000020e+30 1.000000000000000020e+30 1.000000000000000020e+30 1.000000000000000020e+30 1.000000000000000020e+30 1.000000000000000020e+30 1.000000000000000020e+30
1.000000000000000020e+30 1.000000000000000020e+30 1.000000000000000020e+30 9.511274893796137775e+00 9.532158056434868243e+00 1.567474927359363846e+03 2.569468514763214444e+03 3.239034253541607995e+03 1.000000000000000020e+30 1.000000000000000020e+30 1.000000000000000020e+30 1.000000000000000020e+30 1.000000000000000020e+30 1.000000000000000020e+30 1.000000000000000020e+30 1.000000000000000020e+30 1.000000000000000020e+30 1.000000000000000020e+30 1.000000000000000020e+30 1.000000000000000020e+30 1.000000000000000020e+30 1.000000000000000020e+30 1.000000000000000020e+30 1.000000000000000020e+30 1.000000000000000020e+30 1.000000000000000020e+30 1.000000000000000020e+30 1.000000000000000020e+30 1.000000000000000020e+30 1.000000000000000020e+30 1.000000000000000020e+30 1.000000000000000020e+30 1.000000000000000020e+30 1.869981134661221631e+03 9.630697366073039802e+02 2.511879445581365360e+02 1.947700006130641270e+01 1.701292050182857807e+01 1.462936666217397708e+01 1.000000000000000020e+30 1.000000000000000020e+30 1.000000000000000020e+30 1.000000000000000020e+30 1.000000000000000020e+30 1.000000000000000020e+30 1.000000000000000020e+30 1.000000000000000020e+30 1.000000000000000020e+30 1.000000000000000020e+30 1.000000000000000020e+30 1.000000000000000020e+30 1.000000000000000020e+30 1.000000000000000020e+30 1.000000000000000020e+30 1.000000000000000020e+30 1.000000000000000020e+30 1.000000000000000020e+30
1.000000000000000020e+30 1.000000000000000020e+30 1.000000000000000020e+30 1.000000000000000020e+30 5.672681672380873351e+03 4.388295947818152854e+03 4.635132238737287480e+03 1.000000000000000020e+30 1.000000000000000020e+30 1.000000000000000020e+30 1.000000000000000020e+30 1.000000000000000020e+30 1.000000000000000020e+30 1.000000000000000020e+30 1.000000000000000020e+30 1.000000000000000020e+30 1.000000000000000020e+30 1.000000000000000020e+30 1.000000000000000020e+30 1.000000000000000020e+30 1.000000000000000020e+30 1.000000000000000020e+30 1.000000000000000020e+30 1.000000000000000020e+30 1.000000000000000020e+30 1.000000000000000020e+30 1.000000000000000020e+30 1.000000000000000020e+30 1.000000000000000020e+30 1.000000000000000020e+30 1.000000000000000020e+30 1.000000000000000020e+30 1.000000000000000020e+30 1.000000000000000020e+30 1.275211103418668017e+03 2.439530081971135758e+02 1.928316435752936187e+01 1.587605579664130850e+01 1.425712086918619548e+01 1.000000000000000020e+30 1.000000000000000020e+30 1.000000000000000020e+30 1.000000000000000020e+30 1.000000000000000020e+30 1.000000000000000020e+30 1.000000000000000020e+30 1.000000000000000020e+30 1.000000000000000020e+30 1.000000000000000020e+30 1.000000000000000020e+30 1.000000000000000020e+30 1.000000000000000020e+30 1.000000000000000020e+30 1.000000000000000020e+30 1.000000000000000020e+30 1.000000000000000020e+30 1.000000000000000020e+30
1.000000000000000020e+30 1.000000000000000020e+30 1.000000000000000020e+30 1.000000000000000020e+30 9.912364961502253209e+03 1.000000000000000020e+30 1.000000000000000020e+30 1.000000000000000020e+30 1.000000000000000020e+30 1.000000000000000020e+30 1.000000000000000020e+30 1.000000000000000020e+30 1.000000000000000020e+30 1.000000000000000020e+30 1.000000000000000020e+30 1.000000000000000020e+30 1.000000000000000020e+30 1.000000000000000020e+30 1.000000000000000020e+30 1.000000000000000020e+30 1.000000000000000020e+30 1.000000000000000020e+30 1.000000000000000020e+30 1.000000000000000020e+30 1.000000000000000020e+30 1.000000000000000020e+30 1.000000000000000020e+30 1.000000000000000020e+30 1.000000000000000020e+30 1.000000000000000020e+30 1.000000000000000020e+30 1.000000000000000020e+30 1.000000000000000020e+30 1.000000000000000020e+30 1.000000000000000020e+30 2.131121765676047062e+02 2.067898270000448235e+01 1.000000000000000020e+30 1.000000000000000020e+30 1.000000000000000020e+30 1.000000000000000020e+30 1.000000000000000020e+30 1.000000000000000020e+30 1.000000000000000020e+30 1.000000000000000020e+30 1.000000000000000020e+30 1.000000000000000020e+30 1.000000000000000020e+30 1.000000000000000020e+30 1.000000000000000020e+30 1.000000000000000020e+30 1.000000000000000020e+30 1.000000000000000020e+30 1.000000000000000020e+30 1.000000000000000020e+30 1.000000000000000020e+30 1.000000000000000020e+30
