1 1 26 8.220000 42.123946
1 1 27 8.220000 42.636977
1 2 25 8.220000 41.341896
1 3 23 8.220000 38.774453
1 3 24 8.220000 39.636731
1 4 22 8.220000 35.580468
1 5 22 8.220000 33.248760
1 6 21 8.220000 29.139826
1 7 21 8.220000 26.503136
1 8 21 8.220000 23.866445
1 9 20 8.220000 18.537579
1 10 20 8.220000 15.595905
1 11 19 8.220000 10.826190
1 18 5 8.220000 3.074429
1 18 6 8.220000 3.160680
1 19 3 8.220000 2.259831
1 19 4 8.220000 2.326916
1 19 5 8.220000 2.394000
1 19 6 8.220000 2.461085
1 19 7 8.220000 2.528169
1 19 8 8.220000 2.595254
1 19 9 8.220000 2.662338
1 20 1 8.220000 1.521901
1 20 2 8.220000 1.569819
1 20 10 8.220000 1.912733
1 20 11 8.220000 1.879798
1 20 12 8.220000 1.846864
1 20 13 8.220000 1.813929
1 21 1 8.220000 0.918141
1 21 14 8.220000 1.073596
1 22 15 8.220000 0.359612
1 23 15 8.220000 0.012500
1 24 16 8.220000 0.012500
1 24 17 8.220000 0.012500
1 24 18 8.220000 0.012500
1 24 23 8.220000 1.865846
1 25 19 8.220000 0.012500
1 25 20 8.220000 0.246115
1 25 21 8.220000 0.713345
1 25 22 8.220000 1.180575
