1.000000000000000020e+30 1.000000000000000020e+30 1.000000000000000020e+30 1.000000000000000020e+30 1.000000000000000020e+30 1.000000000000000020e+30 1.000000000000000020e+30 1.000000000000000020e+30 1.000000000000000020e+30 1.000000000000000020e+30 1.000000000000000020e+30 1.000000000000000020e+30 1.000000000000000020e+30 1.000000000000000020e+30 1.000000000000000020e+30 1.000000000000000020e+30 1.000000000000000020e+30 1.000000000000000020e+30 1.000000000000000020e+30 1.000000000000000020e+30 1.000000000000000020e+30 1.000000000000000020e+30 1.000000000000000020e+30 1.000000000000000020e+30 1.000000000000000020e+30 1.000000000000000020e+30 1.000000000000000020e+30 1.000000000000000020e+30 1.000000000000000020e+30 1.000000000000000020e+30 1.000000000000000020e+30 1.000000000000000020e+30 1.000000000000000020e+30 1.000000000000000020e+30 1.000000000000000020e+30 1.000000000000000020e+30 1.000000000000000020e+30 1.000000000000000020e+30 1.000000000000000020e+30 1.000000000000000020e+30 1.000000000000000020e+30 1.000000000000000020e+30 1.000000000000000020e+30 1.000000000000000020e+30 1.000000000000000020e+30 1.000000000000000020e+30 1.000000000000000020e+30 1.000000000000000020e+30 1.000000000000000020e+30 1.000000000000000020e+30 1.000000000000000020e+30 1.000000000000000020e+30 1.000000000000000020e+30 1.000000000000000020e+30 1.000000000000000020e+30 1.000000000000000020e+30 1.000000000000000020e+30
1.000000000000000020e+30 1.000000000000000020e+30 1.000000000000000020e+30 1.000000000000000020e+30 1.000000000000000020e+30 1.000000000000000020e+30 1.000000000000000020e+30 1.000000000000000020e+30 1.000000000000000020e+30 1.000000000000000020e+30 1.000000000000000020e+30 1.000000000000000020e+30 1.000000000000000020e+30 1.000000000000000020e+30 1.000000000000000020e+30 1.000000000000000020e+30 1.000000000000000020e+30 1.000000000000000020e+30 1.000000000000000020e+30 1.000000000000000020e+30 1.000000000000000020e+30 1.000000000000000020e+30 1.000000000000000020e+30 1.000000000000000020e+30 1.000000000000000020e+30 1.000000000000000020e+30 1.000000000000000020e+30 1.197924913591618612e+01 1.198306156322169436e+01 1.198704609484903827e+01 1.199124147455340150e+01 1.199647312795911525e+01 1.200190425461479471e+01 1.200742757458700360e+01 1.200663678413745394e+01 1.196246737745219590e+01 1.192879254202627770e+01 1.190281091881539055e+01 1.188435206249043397e+01 1.188585791610292830e+01 1.188763113062916865e+01 1.188942514390103788e+01 1.188965251142690782e+01 1.000000000000000020e+30 1.000000000000000020e+30 1.000000000000000020e+30 1.000000000000000020e+30 1.000000000000000020e+30 1.000000000000000020e+30 1.000000000000000020e+30 1.000000000000000020e+30 1.000000000000000020e+30 1.000000000000000020e+30 1.000000000000000020e+30 1.000000000000000020e+30 1.000000000000000020e+30 1.000000000000000020e+30
1.000000000000000020e+30 1.000000000000000020e+30 1.000000000000000020e+30 1.000000000000000020e+30 1.000000000000000020e+30 1.000000000000000020e+30 1.000000000000000020e+30 1.000000000000000020e+30 1.000000000000000020e+30 1.000000000000000020e+30 1.000000000000000020e+30 1.000000000000000020e+30 1.000000000000000020e+30 1.000000000000000020e+30 1.000000000000000020e+30 1.000000000000000020e+30 1.000000000000000020e+30 1.000000000000000020e+30 1.000000000000000020e+30 1.000000000000000020e+30 1.000000000000000020e+30 1.000000000000000020e+30 1.000000000000000020e+30 1.000000000000000020e+30 1.205616558308161146e+01 1.201315240522187722e+01 1.197752909411814315e+01 1.198741139310045334e+01 1.199963368931626206e+01 1.201292741034249190e+01 1.202498815142875443e+01 1.201873450752998629e+01 1.201242149870136622e+01 1.200627703430776805e+01 1.199495402547836420e+01 1.194951703032428014e+01 1.191569267069007054e+01 1.188999303299602417e+01 1.187222104166532155e+01 1.187649820167752956e+01 1.188126640395072364e+01 1.188628570637852810e+01 1.188946346873616200e+01 1.187635308624581576e+01 1.186478975553272264e+01 1.185467281598310940e+01 1.184718609653208965e+01 1.184887855149891323e+01 1.000000000000000020e+30 1.000000000000000020e+30 1.000000000000000020e+30 1.000000000000000020e+30 1.000000000000000020e+30 1.000000000000000020e+30 1.000000000000000020e+30 1.000000000000000020e+30 1.000000000000000020e+30
1.000000000000000020e+30 1.000000000000000020e+30 1.000000000000000020e+30 1.000000000000000020e+30 1.000000000000000020e+30 1.000000000000000020e+30 1.000000000000000020e+30 1.000000000000000020e+30 1.000000000000000020e+30 1.000000000000000020e+30 1.000000000000000020e+30 1.000000000000000020e+30 1.000000000000000020e+30 1.000000000000000020e+30 1.000000000000000020e+30 1.000000000000000020e+30 1.000000000000000020e+30 1.000000000000000020e+30 1.000000000000000020e+30 1.000000000000000020e+30 1.000000000000000020e+30 1.229128846816000831e+01 1.220340246208993307e+01 1.212253981513183554e+01 1.205897457541445661e+01 1.201135223351904990e+01 1.197838072862959535e+01 1.199629764905060014e+01 1.201858449704476328e+01 1.204434069836543131e+01 1.206789441083119740e+01 1.204489936455279242e+01 1.202382376764037453e+01 1.200507117783043398e+01 1.198388445904515009e+01 1.193756802181229482e+01 1.190383567570120960e+01 1.187855706268344846e+01 1.186147320023414942e+01 1.186795391194619853e+01 1.187526637537905394e+01 1.188322540450331921e+01 1.188938926799377072e+01 1.187635517206757108e+01 1.186479218749735765e+01 1.185466854820890070e+01 1.184679804709985262e+01 1.184425067956933297e+01 1.184216558921313656e+01 1.000000000000000020e+30 1.000000000000000020e+30 1.000000000000000020e+30 1.000000000000000020e+30 1.000000000000000020e+30 1.000000000000000020e+30 1.000000000000000020e+30 1.000000000000000020e+30
1.000000000000000020e+30 1.000000000000000020e+30 1.000000000000000020e+30 1.000000000000000020e+30 1.000000000000000020e+30 1.000000000000000020e+30 1.000000000000000020e+30 1.000000000000000020e+30 1.000000000000000020e+30 1.000000000000000020e+30 1.000000000000000020e+30 1.000000000000000020e+30 1.000000000000000020e+30 1.000000000000000020e+30 1.000000000000000020e+30 1.000000000000000020e+30 1.000000000000000020e+30 1.000000000000000020e+30 1.311892708183721901e+01 1.281261386947538305e+01 1.252139526916754519e+01 1.231456929474708950e+01 1.219182954781209105e+01 1.211217756771303833e+01 1.205374913102284928e+01 1.200945591070163765e+01 1.197945363731633783e+01 1.200573663960326520e+01 1.203967358882552396e+01 1.208153997909432142e+01 1.212053108242027477e+01 1.207088836838882884e+01 1.203160313418097971e+01 1.199996483953461635e+01 1.197032131616208517e+01 1.192455529790493074e+01 1.189191659384588640e+01 1.186782867055143953e+01 1.185200762973278721e+01 1.186021519156292392e+01 1.186963517765135556e+01 1.188019611433489331e+01 1.188916879416948191e+01 1.187625326070935827e+01 1.186470668473993761e+01 1.185425049135066189e+01 1.184315193660859222e+01 1.183978838335814920e+01 1.183424165845841358e+01 1.182905905330130913e+01 1.000000000000000020e+30 1.000000000000000020e+30 1.000000000000000020e+30 1.000000000000000020e+30 1.000000000000000020e+30 1.000000000000000020e+30 1.000000000000000020e+30
1.000000000000000020e+30 1.000000000000000020e+30 1.000000000000000020e+30 1.000000000000000020e+30 1.000000000000000020e+30 1.000000000000000020e+30 1.000000000000000020e+30 1.000000000000000020e+30 1.000000000000000020e+30 1.000000000000000020e+30 1.000000000000000020e+30 1.000000000000000020e+30 1.000000000000000020e+30 1.000000000000000020e+30 1.000000000000000020e+30 1.000000000000000020e+30 1.338894923552870964e+01 1.333411014487563762e+01 1.315515755183920987e+01 1.279425545877603199e+01 1.249557524206401560e+01 1.229527933697601938e+01 1.217372523037450627e+01 1.210392496485427039e+01 1.205442299218892721e+01 1.201618969862971831e+01 1.198925420291830157e+01 1.201449417146365306e+01 1.204660211023042393e+01 1.208459645606144761e+01 1.207615990375558113e+01 1.187937601085614325e+01 1.181662836368803404e+01 1.178671625448538052e+01 1.177152371654994845e+01 1.178193766771963169e+01 1.179630824302632597e+01 1.181720273305236546e+01 1.184693768794245017e+01 1.185525610742861602e+01 1.186405386770526427e+01 1.187382353276702140e+01 1.188192745967654673e+01 1.187019729113079691e+01 1.185901644124849419e+01 1.182327923157964022e+01 1.184092189878777290e+01 1.183106331927923094e+01 1.182224174247832771e+01 1.181454873803937922e+01 1.180853745562221668e+01 1.181035311207847371e+01 1.000000000000000020e+30 1.000000000000000020e+30 1.000000000000000020e+30 1.000000000000000020e+30 1.000000000000000020e+30
1.000000000000000020e+30 1.000000000000000020e+30 1.000000000000000020e+30 1.000000000000000020e+30 1.000000000000000020e+30 1.000000000000000020e+30 1.000000000000000020e+30 1.000000000000000020e+30 1.000000000000000020e+30 1.000000000000000020e+30 1.000000000000000020e+30 1.000000000000000020e+30 1.000000000000000020e+30 1.000000000000000020e+30 1.000000000000000020e+30 1.339269696477128235e+01 1.337513137098701144e+01 1.331229639077539773e+01 1.313110754054419793e+01 1.275785657840223308e+01 1.246206198236438389e+01 1.226957949261680625e+01 1.215610082131078862e+01 1.209937565389693148e+01 1.206155866052953129e+01 1.203223548866591663e+01 1.200961669374284391e+01 1.202242206971828686e+01 1.203772250121996379e+01 1.205267016179892181e+01 1.198194528691232108e+01 1.178590747841620789e+01 1.175040193401418520e+01 1.173592627809447642e+01 1.172923678084826804e+01 1.173662026118554813e+01 1.174928457531918014e+01 1.177604726980582406e+01 1.184489999516591396e+01 1.185252184480846793e+01 1.185856464160420032e+01 1.186492350823857045e+01 1.186947886719056733e+01 1.185922229171492859e+01 1.184765672111973167e+01 1.179922141837661442e+01 1.183270244076681266e+01 1.181955666607397148e+01 1.180841239179346402e+01 1.179919402286947694e+01 1.179259552085386709e+01 1.179667478854099194e+01 1.180112006655253865e+01 1.000000000000000020e+30 1.000000000000000020e+30 1.000000000000000020e+30 1.000000000000000020e+30
1.000000000000000020e+30 1.000000000000000020e+30 1.000000000000000020e+30 1.000000000000000020e+30 1.000000000000000020e+30 1.000000000000000020e+30 1.000000000000000020e+30 1.000000000000000020e+30 1.000000000000000020e+30 1.000000000000000020e+30 1.000000000000000020e+30 1.000000000000000020e+30 1.000000000000000020e+30 1.000000000000000020e+30 1.337329068812994315e+01 1.336362198082503205e+01 1.333126150117042208e+01 1.325647405078947649e+01 1.306979826363586383e+01 1.270299135753862885e+01 1.242129457460265129e+01 1.224149845770193856e+01 1.213853696738120291e+01 1.209467462221657819e+01 1.206885847642446130e+01 1.204981713845990399e+01 1.203315784023277146e+01 1.203067461687090578e+01 1.202889726992506425e+01 1.202508630508813958e+01 1.192458162820194012e+01 1.175656016326448317e+01 1.173238000843720030e+01 1.172291900977889867e+01 1.171864074182676063e+01 1.172379826175415118e+01 1.173327731290178733e+01 1.175675496793058805e+01 1.184240406885479935e+01 1.184945513793953609e+01 1.185303233407843848e+01 1.185644506957105548e+01 1.185777885500315953e+01 1.184345696193295971e+01 1.178389577032842972e+01 1.183206233573546484e+01 1.182600822402608109e+01 1.180990172483337730e+01 1.179739664913835284e+01 1.178748334182176727e+01 1.178070681548503273e+01 1.178597445218888140e+01 1.179208058291338546e+01 1.179905063731650117e+01 1.000000000000000020e+30 1.000000000000000020e+30 1.000000000000000020e+30
1.000000000000000020e+30 1.000000000000000020e+30 1.000000000000000020e+30 1.000000000000000020e+30 1.000000000000000020e+30 1.000000000000000020e+30 1.000000000000000020e+30 1.000000000000000020e+30 1.000000000000000020e+30 1.000000000000000020e+30 1.000000000000000020e+30 1.000000000000000020e+30 1.000000000000000020e+30 1.334926051808118430e+01 1.333606455090395926e+01 1.328851976988124228e+01 1.322071427580353564e+01 1.312286682225497536e+01 1.293777187440031540e+01 1.260887446720927052e+01 1.236326422097567601e+01 1.220729460329890692e+01 1.211898871744812212e+01 1.208720967122244083e+01 1.207253631014243034e+01 1.206484708606793177e+01 1.205834544560228494e+01 1.203524973344491578e+01 1.201616988458601298e+01 1.199754042237519869e+01 1.188539259729336273e+01 1.174229078706327023e+01 1.172400270188603066e+01 1.171697459193356217e+01 1.171382756156777027e+01 1.171776841037983452e+01 1.172523733602213447e+01 1.174529405911887814e+01 1.183421722420914790e+01 1.184004249923057195e+01 1.184129952904500804e+01 1.184195505661787706e+01 1.183700612316896894e+01 1.173861887987439978e+01 1.182564336901494606e+01 1.182603709744476816e+01 1.181954708353787709e+01 1.180170900998879802e+01 1.178844896704789136e+01 1.177828875921926866e+01 1.177156960816358477e+01 1.177744785649454151e+01 1.178448808434769646e+01 1.179295330011524889e+01 1.180138065782027113e+01 1.000000000000000020e+30 1.000000000000000020e+30
1.000000000000000020e+30 1.000000000000000020e+30 1.000000000000000020e+30 1.000000000000000020e+30 1.000000000000000020e+30 1.000000000000000020e+30 1.000000000000000020e+30 1.000000000000000020e+30 1.000000000000000020e+30 1.000000000000000020e+30 1.000000000000000020e+30 1.000000000000000020e+30 1.330763510607482658e+01 1.331177011942324739e+01 1.325470274772642654e+01 1.309533167960695543e+01 1.292994331932719554e+01 1.277673430885165651e+01 1.261074664691327030e+01 1.240800028252501264e+01 1.225592398777417635e+01 1.215391481354144076e+01 1.209246062317645531e+01 1.206876386370174536e+01 1.205653403663520962e+01 1.204833463350644784e+01 1.201354215405546277e+01 1.187245582380534614e+01 1.181815545885265983e+01 1.179004512316659614e+01 1.176491016943178991e+01 1.172969355171426997e+01 1.171947512203252550e+01 1.171462368847356750e+01 1.171222792472024388e+01 1.171482781780832028e+01 1.171900082894879169e+01 1.172685277329688702e+01 1.174353778180920216e+01 1.174262242230198972e+01 1.174134844224871621e+01 1.174011925862749628e+01 1.173845056601650505e+01 1.169563408646634528e+01 1.175739643232659049e+01 1.177861001604198421e+01 1.181291773981592996e+01 1.179671275571832290e+01 1.178392670999610559e+01 1.177416503757673460e+01 1.176783018206261033e+01 1.177403448103354222e+01 1.178059414353201184e+01 1.178872431609770466e+01 1.180244632650874337e+01 1.000000000000000020e+30 1.000000000000000020e+30
1.000000000000000020e+30 1.000000000000000020e+30 1.000000000000000020e+30 1.000000000000000020e+30 1.000000000000000020e+30 1.000000000000000020e+30 1.000000000000000020e+30 1.000000000000000020e+30 1.000000000000000020e+30 1.000000000000000020e+30 1.000000000000000020e+30 1.317803074749894954e+01 1.324653435184847261e+01 1.325597064255480895e+01 1.314678762919376886e+01 1.283262906416717897e+01 1.256555511244825851e+01 1.237779839465314602e+01 1.224998938596851872e+01 1.217946505743122287e+01 1.212833667945121796e+01 1.209000151263801115e+01 1.206207563480107581e+01 1.204112583924605495e+01 1.202346965568860959e+01 1.200613125760916589e+01 1.193899981482933370e+01 1.178639766214845075e+01 1.175245184404833232e+01 1.173789521258086488e+01 1.172921902464350552e+01 1.172115093341392900e+01 1.171667170148691639e+01 1.171382010637424997e+01 1.171211580611242731e+01 1.171321553491755907e+01 1.171456369963135735e+01 1.171626748274207230e+01 1.171820120848868285e+01 1.171751618268089601e+01 1.171685919178631075e+01 1.171610039192572650e+01 1.169837514993694683e+01 1.171971352294379543e+01 1.172811904688089690e+01 1.174639621142468826e+01 1.180639206517393980e+01 1.179401726904769276e+01 1.178249481593815062e+01 1.177354875851338001e+01 1.176851168775685075e+01 1.177104514072920161e+01 1.178311988015943079e+01 1.179394534930896654e+01 1.180650769912744558e+01 1.180774146414541725e+01 1.000000000000000020e+30
1.000000000000000020e+30 1.000000000000000020e+30 1.000000000000000020e+30 1.000000000000000020e+30 1.000000000000000020e+30 1.000000000000000020e+30 1.000000000000000020e+30 1.000000000000000020e+30 1.000000000000000020e+30 1.000000000000000020e+30 1.276464298678141951e+01 1.300273704618221515e+01 1.314822282716259849e+01 1.318867875862090600e+01 1.304951099738508269e+01 1.261432420371671093e+01 1.230562463436815079e+01 1.212980580955537135e+01 1.203866235383810590e+01 1.203047466953776024e+01 1.203286785179311025e+01 1.203687443432580295e+01 1.203686385738728859e+01 1.201488455477446671e+01 1.199201790796999134e+01 1.196963656779041685e+01 1.189238757030141969e+01 1.175767594242664593e+01 1.173392317840089483e+01 1.172425323015859711e+01 1.171908825257314923e+01 1.171653024816694177e+01 1.171460727413103697e+01 1.171310730950493806e+01 1.171200795094940439e+01 1.171194268844564590e+01 1.171188122721833658e+01 1.171182424449693826e+01 1.171172873673904569e+01 1.171126665271507505e+01 1.171084001965706101e+01 1.171037255120452691e+01 1.169715861160112169e+01 1.171311370112371009e+01 1.171865418092596656e+01 1.173316463013639499e+01 1.180041050131309532e+01 1.179007594716795282e+01 1.177672095282878750e+01 1.176728982382772948e+01 1.176794051790660056e+01 1.177517844221655174e+01 1.178458608366613092e+01 1.179668413575977759e+01 1.181087846171577382e+01 1.180983870193770358e+01 1.000000000000000020e+30
1.000000000000000020e+30 1.000000000000000020e+30 1.000000000000000020e+30 1.000000000000000020e+30 1.000000000000000020e+30 1.000000000000000020e+30 1.000000000000000020e+30 1.000000000000000020e+30 1.000000000000000020e+30 1.151963322825521985e+01 1.224309089452667898e+01 1.271970537152991554e+01 1.299246875631284048e+01 1.309904013348499952e+01 1.296889282448716152e+01 1.245539672419999633e+01 1.214749731818317713e+01 1.200018319931085742e+01 1.193385347281599884e+01 1.194674126363761779e+01 1.196916473184728602e+01 1.199605042513758768e+01 1.201882513885782267e+01 1.199147262749945142e+01 1.196464761627676410e+01 1.194034990336676572e+01 1.186094663035744645e+01 1.174344334298681325e+01 1.172522366499828905e+01 1.171798266597632754e+01 1.171430921975461814e+01 1.171363201237710960e+01 1.171302272345132778e+01 1.171246941306622702e+01 1.171190228735165206e+01 1.171091043664583786e+01 1.171008510985854123e+01 1.170938736244415068e+01 1.170880975713007643e+01 1.170846203467409019e+01 1.170814413772123963e+01 1.170780615929766277e+01 1.169696960058602819e+01 1.170985945338728662e+01 1.171407751272515085e+01 1.172578956438419873e+01 1.179037823863190226e+01 1.175951816678634998e+01 1.177695716105476897e+01 1.177169191834757456e+01 1.176824909878414260e+01 1.177591030194463251e+01 1.178462212300330592e+01 1.179922753716488693e+01 1.181540659875545174e+01 1.181181881682386781e+01 1.000000000000000020e+30
1.000000000000000020e+30 1.000000000000000020e+30 1.000000000000000020e+30 1.000000000000000020e+30 1.000000000000000020e+30 1.000000000000000020e+30 1.000000000000000020e+30 1.000000000000000020e+30 1.225048509152266973e+01 1.199860350902301320e+01 1.144194185332420233e+01 1.228216244318990213e+01 1.272261191458352236e+01 1.293895475106261372e+01 1.289550199960538102e+01 1.237182448972522941e+01 1.208194269988624292e+01 1.195428298708335291e+01 1.189848002675915062e+01 1.191407806268740899e+01 1.193741992518063277e+01 1.196657084790020953e+01 1.199503719073415198e+01 1.196452543797778745e+01 1.193836600521498248e+01 1.191573983499466038e+01 1.184279554434614745e+01 1.173813545055675256e+01 1.172216222193388369e+01 1.171582313446241130e+01 1.171264442303903763e+01 1.171236125625437197e+01 1.171209361159246676e+01 1.171183805809872425e+01 1.171147576413923019e+01 1.171024927502167756e+01 1.170927902310367941e+01 1.170849226770316776e+01 1.170781950828154194e+01 1.170709912616330683e+01 1.170651503539746940e+01 1.170598642602830175e+01 1.169734598514264867e+01 1.170699429978757244e+01 1.170961706215206632e+01 1.171186723345078562e+01 1.172730043575893433e+01 1.173203189008358294e+01 1.173995896154569962e+01 1.175228483112949007e+01 1.176983788586320223e+01 1.177910372740263156e+01 1.173386867389670840e+01 1.178774025012402760e+01 1.180021966850803850e+01 1.179101272422543900e+01 1.000000000000000020e+30
1.000000000000000020e+30 1.000000000000000020e+30 1.000000000000000020e+30 1.000000000000000020e+30 1.000000000000000020e+30 1.000000000000000020e+30 1.000000000000000020e+30 1.223419803683377793e+01 1.224492177867767673e+01 1.211338016412649310e+01 1.152072529757239749e+01 1.175636642313746805e+01 1.234093441359576637e+01 1.266340381498052636e+01 1.280398091134330762e+01 1.233636910955790889e+01 1.206881602023889322e+01 1.194921101985946166e+01 1.189528827453475124e+01 1.190768229313648696e+01 1.192517175301805565e+01 1.194585749195308466e+01 1.196413157597431898e+01 1.193716056221049193e+01 1.191441879436275286e+01 1.189482201381766302e+01 1.183236897005694743e+01 1.173705693762029689e+01 1.172171343524431819e+01 1.171555209408222886e+01 1.171243154350855598e+01 1.171199641070417030e+01 1.171159503331772278e+01 1.171122163123157911e+01 1.171079956927794008e+01 1.170984772359072679e+01 1.170906291145527156e+01 1.170840479820983404e+01 1.170771765591165625e+01 1.170634247055794930e+01 1.170541375255017869e+01 1.169937942618010496e+01 1.169697552749081915e+01 1.170471054772945152e+01 1.170617427407795397e+01 1.170798352301681255e+01 1.171145234904173194e+01 1.171456664288495553e+01 1.171974569087293538e+01 1.173197106326563244e+01 1.167857352196303644e+01 1.172934795704619582e+01 1.181132189856425363e+01 1.183237764382797153e+01 1.184878783743710962e+01 1.183882953980369201e+01 1.000000000000000020e+30
1.000000000000000020e+30 1.000000000000000020e+30 1.000000000000000020e+30 1.000000000000000020e+30 1.000000000000000020e+30 1.000000000000000020e+30 1.217745935735983309e+01 1.220715948831200315e+01 1.222814507881219903e+01 1.220942277514812169e+01 1.211668053985126114e+01 1.211790481265320807e+01 1.173753569217236858e+01 1.209488899304839826e+01 1.267060173482717467e+01 1.227201338704847267e+01 1.205034692224173121e+01 1.194513887537645580e+01 1.189390081058455273e+01 1.190296112166162601e+01 1.191499545091905965e+01 1.192850328920617109e+01 1.193895113826796717e+01 1.191498677351210844e+01 1.189493605544549659e+01 1.187766934094543636e+01 1.182344432198547324e+01 1.173605384584276656e+01 1.172128733395464195e+01 1.171529266244501422e+01 1.171222730869702211e+01 1.171165478819740180e+01 1.171113946516975624e+01 1.171067135778875468e+01 1.171020520168580781e+01 1.170947970099066815e+01 1.170885903555727126e+01 1.170832170508329106e+01 1.170762217094985758e+01 1.170575264746846500e+01 1.170467553133271466e+01 1.169531360900412231e+01 1.170360204642663682e+01 1.170410154360907207e+01 1.170476875973091424e+01 1.170579113863726839e+01 1.170734957191982772e+01 1.170923497164410065e+01 1.167786996867484639e+01 1.170388808251856538e+01 1.181374284875970737e+01 1.183567772165920395e+01 1.185390391987258596e+01 1.186977089863029455e+01 1.188220984549984038e+01 1.186543007168295993e+01 1.000000000000000020e+30
1.000000000000000020e+30 1.000000000000000020e+30 1.000000000000000020e+30 1.000000000000000020e+30 1.000000000000000020e+30 1.214998269037437417e+01 1.216704103044418694e+01 1.218212441167649907e+01 1.219466757708930693e+01 1.220026375788494732e+01 1.220587721329033570e+01 1.227063304379498021e+01 1.232565571286414396e+01 1.254559795162345992e+01 1.269658073750435712e+01 1.190787735650850365e+01 1.188438216840309636e+01 1.188333609571832739e+01 1.189163128751644649e+01 1.189860365661900055e+01 1.190585128528076098e+01 1.191358892484942444e+01 1.191829273661587507e+01 1.189679148439520162e+01 1.187888146543585144e+01 1.186345963479479160e+01 1.181572990315856053e+01 1.173510898751791842e+01 1.172087875474423946e+01 1.171504241167175486e+01 1.171203027182736278e+01 1.171133401011370090e+01 1.171072203171452308e+01 1.171017821356513089e+01 1.170968013478737824e+01 1.170914185215195502e+01 1.170866573479112560e+01 1.170824069609263773e+01 1.170753005108827693e+01 1.170528057926500054e+01 1.170415958382685062e+01 1.169769524765925084e+01 1.170312795729148014e+01 1.170348405148200399e+01 1.170394752492452106e+01 1.170452448948361557e+01 1.168902243532482998e+01 1.169954530956439420e+01 1.171015418667123598e+01 1.172175020689255831e+01 1.188096192269261486e+01 1.190822336218730726e+01 1.192015820601836040e+01 1.192981541389319133e+01 1.193218760673853751e+01 1.190310593500785963e+01 1.000000000000000020e+30
1.000000000000000020e+30 1.000000000000000020e+30 1.000000000000000020e+30 1.000000000000000020e+30 1.000000000000000020e+30 1.214073259722524689e+01 1.215337461653881945e+01 1.216359422763463805e+01 1.217380711389395209e+01 1.218498132917355825e+01 1.220817004637163805e+01 1.228853860863900671e+01 1.240661671313108094e+01 1.258721716936249280e+01 1.269684860274951710e+01 1.225144405817290405e+01 1.205115100400809425e+01 1.195345608775111756e+01 1.188174960858860274e+01 1.190506424919983886e+01 1.190950697932751012e+01 1.191400432783827590e+01 1.191534509858519364e+01 1.189434197313405939e+01 1.187685753155356139e+01 1.186178406327030288e+01 1.181460638251153306e+01 1.173483112004287676e+01 1.172071949855751605e+01 1.171493027272528309e+01 1.171194588147756299e+01 1.171127816262180055e+01 1.171068986280849877e+01 1.171016501568341894e+01 1.170968076722521545e+01 1.170914226125699287e+01 1.170866592751971602e+01 1.170824082772616137e+01 1.170755364031056445e+01 1.170539354440333035e+01 1.170427966015829035e+01 1.169683571196473260e+01 1.169723610640757094e+01 1.170039408513726009e+01 1.169973755149912975e+01 1.169490027295196910e+01 1.170558090118530536e+01 1.170730498052148860e+01 1.171068693546721207e+01 1.172365954141288391e+01 1.197111121973799541e+01 1.200904446735579967e+01 1.201532024982856406e+01 1.201586142933910395e+01 1.200469540711262262e+01 1.195428205809518118e+01 1.000000000000000020e+30
1.000000000000000020e+30 1.000000000000000020e+30 1.000000000000000020e+30 1.000000000000000020e+30 1.212080978924152497e+01 1.212705758234221776e+01 1.213540655389548739e+01 1.215168050368952457e+01 1.217105106659982106e+01 1.219335422286170001e+01 1.222406139262625047e+01 1.228450154794293070e+01 1.236590245208247296e+01 1.246526631286528541e+01 1.250606330756729889e+01 1.223079952436275164e+01 1.206589844472142303e+01 1.197601912278748415e+01 1.192534822805953887e+01 1.188514753507207544e+01 1.190499196585705555e+01 1.192925939465761864e+01 1.192873067111537999e+01 1.190649830933526587e+01 1.188794017924669078e+01 1.187189853074522183e+01 1.181972476598977551e+01 1.173517965716273004e+01 1.172079713845352877e+01 1.171494955849361475e+01 1.171196930313445783e+01 1.171147804240480816e+01 1.171103427033598798e+01 1.171062621417012117e+01 1.171020553436011369e+01 1.170948052220677837e+01 1.170885947959347462e+01 1.170832215752298389e+01 1.170769572844518258e+01 1.170619758197389970e+01 1.170569438462253942e+01 1.170454837441060469e+01 1.170040431501855593e+01 1.170464010192847759e+01 1.170529106949922671e+01 1.170618383437604137e+01 1.170764425071601167e+01 1.170991505513751108e+01 1.171457160100866268e+01 1.173279777219306830e+01 1.208637869242668650e+01 1.213917427639430535e+01 1.214589789820423604e+01 1.214379196950819839e+01 1.212031724934756838e+01 1.202748399117656675e+01 1.000000000000000020e+30
1.000000000000000020e+30 1.000000000000000020e+30 1.000000000000000020e+30 1.000000000000000020e+30 1.211833126791347581e+01 1.211506534382540501e+01 1.211780801003404839e+01 1.214151440618131872e+01 1.217192866396386997e+01 1.220660160851519116e+01 1.224286442048022927e+01 1.227361805919280613e+01 1.230650381709120822e+01 1.233914770120104443e+01 1.233627578376129819e+01 1.218010730081389426e+01 1.207026788009848595e+01 1.200003368909363566e+01 1.195581998929695722e+01 1.195252159037771733e+01 1.195012605408046902e+01 1.191088465483377767e+01 1.194278323800780939e+01 1.192047097244561549e+01 1.190072546410162779e+01 1.188356913282389904e+01 1.182544282616504638e+01 1.173553071714335694e+01 1.172087582815756512e+01 1.171496920973847544e+01 1.171199346761947346e+01 1.171168616684310138e+01 1.171140475631508515e+01 1.171113732200844026e+01 1.171079880901881332e+01 1.170984927298225209e+01 1.170906343166686625e+01 1.170840554026121438e+01 1.170784503079302930e+01 1.170733269717584690e+01 1.170553120099010336e+01 1.170233388760949289e+01 1.170631801145607298e+01 1.170713716641742685e+01 1.170822252590900447e+01 1.170976952620907419e+01 1.171213221527730397e+01 1.171592681999287855e+01 1.172371472204097564e+01 1.175395187310959599e+01 1.232289722696847534e+01 1.239798527214340318e+01 1.240529563947994873e+01 1.239997085446676728e+01 1.234956638367692605e+01 1.215190730990068957e+01 1.000000000000000020e+30
1.000000000000000020e+30 1.000000000000000020e+30 1.000000000000000020e+30 1.213104573264106278e+01 1.211550327830862273e+01 1.210350810840722424e+01 1.210162204749139114e+01 1.213242124515349118e+01 1.217342615530636607e+01 1.222061843053511687e+01 1.226302179542461168e+01 1.226366873872458463e+01 1.225564042376633545e+01 1.224391773962784313e+01 1.221791407798929896e+01 1.213806205541347261e+01 1.207483517796100081e+01 1.202793069187154806e+01 1.199412055740868333e+01 1.198564174343889377e+01 1.197809717267306162e+01 1.196940274898154399e+01 1.191071636739969897e+01 1.193498669731526363e+01 1.191526246447011239e+01 1.189690097121487966e+01 1.183180364629753001e+01 1.173590734953527637e+01 1.172096944224705695e+01 1.171499910185687199e+01 1.171202616838621857e+01 1.171191005097348103e+01 1.171181031243835058e+01 1.171171154331757869e+01 1.171147835164488349e+01 1.171025533221849813e+01 1.170920714077246494e+01 1.170844526622449955e+01 1.170791319463201141e+01 1.170261440145665155e+01 1.171075234857911518e+01 1.170805020120723405e+01 1.171741051772870534e+01 1.171981940119492904e+01 1.172300090946056450e+01 1.172749620758521871e+01 1.173429229558323428e+01 1.174555316524728532e+01 1.176851688631841775e+01 1.185022494942638183e+01 1.298828694248690852e+01 1.307293645732575271e+01 1.307421989825642683e+01 1.306270728606576093e+01 1.293270369321862923e+01 1.239265203761460477e+01 1.000000000000000020e+30
1.000000000000000020e+30 1.000000000000000020e+30 1.000000000000000020e+30 1.210478940614399157e+01 1.209608005290834321e+01 1.208927168846751599e+01 1.209139513785361153e+01 1.212706698993672205e+01 1.217428136847421527e+01 1.222949360398265917e+01 1.227754678081972628e+01 1.226302167123615661e+01 1.223779869301272605e+01 1.221110664841797622e+01 1.217937022591867446e+01 1.212343564304378773e+01 1.207708108454172091e+01 1.204021928576320910e+01 1.201187671837549331e+01 1.200114704840406965e+01 1.199150323247986805e+01 1.198236015254393116e+01 1.196998823079376351e+01 1.190897894202944407e+01 1.192439993559543154e+01 1.190736698517987868e+01 1.184138006009635546e+01 1.173972193738552861e+01 1.172326500609957023e+01 1.171664086302740060e+01 1.171334748624028421e+01 1.171332538472041129e+01 1.171332451815201026e+01 1.171332223879552359e+01 1.171313817819006076e+01 1.171146209165993035e+01 1.169457043556663756e+01 1.169768902585899539e+01 1.168970352780572952e+01 1.170382429811882474e+01 1.170696306308382084e+01 1.173333427373983895e+01 1.435386895719766187e+01 1.474308919036048060e+01 1.513777759498650610e+01 1.586848173997237410e+01 1.881067774971027973e+01 1.947637253347537722e+01 1.979930375948410415e+01 1.983752315692606771e+01 1.984821849237645353e+01 1.983049610791881534e+01 1.968385749733494450e+01 1.858900093851465840e+01 1.387389845185094472e+01 1.269717725391779695e+01 1.000000000000000020e+30
1.000000000000000020e+30 1.000000000000000020e+30 1.000000000000000020e+30 1.205432265173811857e+01 1.206311934366247840e+01 1.207273254502151083e+01 1.208746274401241472e+01 1.212557944328408333e+01 1.217420675718673451e+01 1.223186806122144965e+01 1.228436256041810815e+01 1.227188750170845033e+01 1.225046889500494807e+01 1.222844509533024571e+01 1.219946359333828134e+01 1.213159915196420435e+01 1.207629501571014430e+01 1.203303705268816159e+01 1.200099370104980245e+01 1.199347485429090376e+01 1.198682727841304363e+01 1.198043329336707963e+01 1.197216068744028483e+01 1.194842537166163510e+01 1.187420952689155307e+01 1.191203337907849935e+01 1.185507853751589735e+01 1.174972601790766191e+01 1.172967316632867885e+01 1.172134571868637565e+01 1.171714782033224722e+01 1.171711020934030500e+01 1.171710862442620460e+01 1.171709059654454066e+01 1.171640454737377901e+01 1.169525768807616473e+01 1.171377235431366337e+01 1.171285235399410141e+01 1.171228657049995370e+01 1.171615348571434012e+01 1.168889712963472860e+01 1.000000000000000020e+30 1.000000000000000020e+30 1.000000000000000020e+30 1.000000000000000020e+30 1.000000000000000020e+30 1.000000000000000020e+30 1.000000000000000020e+30 2.172975088288111678e+01 2.174122436831831351e+01 2.178528794742400265e+01 2.175750443447404692e+01 2.152779226791431810e+01 1.996683884811328014e+01 1.397005733717431930e+01 1.291897920236919006e+01 1.000000000000000020e+30
1.000000000000000020e+30 1.000000000000000020e+30 1.199272228327141221e+01 1.201236298459862262e+01 1.203341085101001973e+01 1.205708710919967963e+01 1.208511988218944921e+01 1.212483737209474199e+01 1.217384365172314631e+01 1.223278342950498931e+01 1.228986430614972747e+01 1.228259816406972327e+01 1.226863940820225807e+01 1.225396635958733071e+01 1.222805356023541457e+01 1.214186323767059505e+01 1.207533143441423107e+01 1.202553958781409627e+01 1.199043492319856163e+01 1.198582555581917575e+01 1.198199771938355873e+01 1.197823886915445968e+01 1.197258556322813483e+01 1.195329198101258328e+01 1.193423795432134327e+01 1.185662037589978901e+01 1.184156960722545016e+01 1.176573527471211023e+01 1.174009911286426977e+01 1.173009506275109715e+01 1.172439310999446604e+01 1.172431582307044629e+01 1.172427805025470171e+01 1.172318237006369657e+01 1.168945564745605914e+01 1.172218583657924462e+01 1.172157582541042942e+01 1.172046976260312157e+01 1.172002329550304189e+01 1.172638771140667835e+01 1.170478155555434441e+01 1.000000000000000020e+30 1.000000000000000020e+30 1.000000000000000020e+30 1.000000000000000020e+30 1.000000000000000020e+30 1.000000000000000020e+30 1.000000000000000020e+30 1.000000000000000020e+30 1.000000000000000020e+30 2.210719984088597201e+01 2.208369844101188662e+01 2.194305525551891023e+01 2.118830326587075419e+01 1.411116994047264583e+01 1.321423258136571377e+01 1.000000000000000020e+30
1.000000000000000020e+30 1.000000000000000020e+30 1.195568189755162791e+01 1.197924148507104114e+01 1.200780133607293898e+01 1.204244676855498675e+01 1.208376018304049815e+01 1.212415506452156677e+01 1.217292728400994051e+01 1.223230467036436231e+01 1.229365726187433339e+01 1.229234214860619190e+01 1.228715445933378980e+01 1.228122979965564276e+01 1.225950825570039093e+01 1.215223953956224001e+01 1.207457837491349295e+01 1.201884449300886182e+01 1.198117386351793812e+01 1.197918732394762209e+01 1.197798772679759693e+01 1.197677395307171189e+01 1.197367447103995808e+01 1.195733986443484653e+01 1.194249056489579175e+01 1.192773303074329050e+01 1.189354634472388206e+01 1.174790247413252509e+01 1.167905577081332780e+01 1.174671895070907013e+01 1.174270413325663043e+01 1.174267201569750618e+01 1.174142023603308083e+01 1.169438096974083408e+01 1.174107245981418046e+01 1.174610077992890034e+01 1.174995748693681286e+01 1.175454482511763921e+01 1.175952890693291764e+01 1.173951231326409506e+01 1.000000000000000020e+30 1.000000000000000020e+30 1.000000000000000020e+30 1.000000000000000020e+30 1.000000000000000020e+30 1.000000000000000020e+30 1.000000000000000020e+30 1.000000000000000020e+30 1.000000000000000020e+30 1.000000000000000020e+30 1.000000000000000020e+30 1.000000000000000020e+30 1.000000000000000020e+30 3.062016740259169367e+01 1.457551875932462870e+01 1.000000000000000020e+30 1.000000000000000020e+30
1.000000000000000020e+30 1.192088686434079392e+01 1.193959425357873982e+01 1.196479996728806761e+01 1.199595089913019841e+01 1.203515727317062378e+01 1.208290935766603980e+01 1.211796919809632911e+01 1.215899012219340669e+01 1.220787231806009565e+01 1.225883864841465787e+01 1.226033331711859375e+01 1.226010915069977436e+01 1.225938638661382285e+01 1.224531795179255056e+01 1.215428808024115170e+01 1.208595631320155128e+01 1.203494358976777434e+01 1.199986317906369671e+01 1.200119078467414724e+01 1.200342014992524575e+01 1.200566611954084451e+01 1.200590864226553478e+01 1.199184019589014483e+01 1.197861920496363730e+01 1.196611026509054909e+01 1.194011473657033662e+01 1.185510413389197915e+01 1.180665746567638053e+01 1.164865231379766541e+01 1.177303228161476767e+01 1.177713559792957732e+01 1.177101690187076777e+01 1.167004700074317114e+01 1.177671137339472374e+01 1.180721241166039448e+01 1.186019505686249431e+01 1.198672708019322819e+01 1.216822693864994598e+01 1.113675095536551574e+01 1.000000000000000020e+30 1.000000000000000020e+30 1.000000000000000020e+30 1.000000000000000020e+30 1.000000000000000020e+30 1.000000000000000020e+30 1.000000000000000020e+30 1.000000000000000020e+30 1.000000000000000020e+30 1.000000000000000020e+30 1.000000000000000020e+30 1.000000000000000020e+30 1.000000000000000020e+30 1.000000000000000020e+30 1.000000000000000020e+30 1.000000000000000020e+30 1.000000000000000020e+30
1.000000000000000020e+30 1.192518514547350783e+01 1.193937926587289589e+01 1.196451838502997589e+01 1.199570638377844745e+01 1.203499100461367988e+01 1.208176500383789786e+01 1.210643390586350066e+01 1.213358965164178116e+01 1.216425588294914917e+01 1.219464548123915826e+01 1.219560013273289556e+01 1.219561091278443321e+01 1.219540793379794863e+01 1.218955926935001166e+01 1.214806822478498027e+01 1.211197026844895497e+01 1.208132132669894432e+01 1.205894135756319585e+01 1.206733900407598981e+01 1.207712524179132885e+01 1.208743136811208707e+01 1.209581219737730962e+01 1.208722365609405713e+01 1.207838087628324963e+01 1.206915376896392189e+01 1.203895381829343769e+01 1.192456203041672325e+01 1.186046609102515426e+01 1.171276352574500201e+01 1.180430675042514643e+01 1.179516345292617707e+01 1.174010446488474280e+01 1.178396170520164077e+01 1.181333894526271244e+01 1.184972954931275346e+01 1.189016277894051044e+01 1.175705810331900736e+01 1.007087338123473330e+01 1.000000000000000020e+30 1.000000000000000020e+30 1.000000000000000020e+30 1.000000000000000020e+30 1.000000000000000020e+30 1.000000000000000020e+30 1.000000000000000020e+30 1.000000000000000020e+30 1.000000000000000020e+30 1.000000000000000020e+30 1.000000000000000020e+30 1.000000000000000020e+30 1.000000000000000020e+30 1.000000000000000020e+30 1.000000000000000020e+30 1.000000000000000020e+30 1.000000000000000020e+30 1.000000000000000020e+30
1.192220614667253464e+01 1.192963418117981789e+01 1.193945127173707910e+01 1.196453150164567347e+01 1.199572707449446085e+01 1.203499529925824696e+01 1.208060295481632274e+01 1.209543720252049503e+01 1.211055085973389644e+01 1.212675596147099633e+01 1.214204674763100300e+01 1.214251266035452126e+01 1.214252824322647051e+01 1.214252793118964391e+01 1.214246457955414016e+01 1.214215955477815001e+01 1.214221569556520741e+01 1.214278649259311749e+01 1.214651118133765983e+01 1.216984530568520384e+01 1.219640222582303046e+01 1.222592363346423028e+01 1.225589470990418306e+01 1.226871107400353900e+01 1.228107979628905611e+01 1.229187293816903903e+01 1.226535617334576500e+01 1.209078471609189265e+01 1.199438260782115684e+01 1.192297988277619503e+01 1.185147139838042385e+01 1.164247670697896808e+01 1.163163738200114317e+01 1.152700832345505155e+01 1.186146341405217086e+01 1.191483214510284050e+01 1.184635119188261854e+01 1.110823024457331876e+01 8.682974842952759786e+00 1.000000000000000020e+30 1.000000000000000020e+30 1.000000000000000020e+30 1.000000000000000020e+30 1.000000000000000020e+30 1.000000000000000020e+30 1.000000000000000020e+30 1.000000000000000020e+30 1.000000000000000020e+30 1.000000000000000020e+30 1.000000000000000020e+30 1.000000000000000020e+30 1.000000000000000020e+30 1.000000000000000020e+30 1.000000000000000020e+30 1.000000000000000020e+30 1.000000000000000020e+30 1.000000000000000020e+30
1.193187543851775523e+01 1.193461444011780337e+01 1.193970840849841331e+01 1.196468973749570175e+01 1.199579993153276014e+01 1.203486606605497045e+01 1.207906628505432423e+01 1.208505942338601713e+01 1.209028024332845241e+01 1.209566243903964278e+01 1.210058590387587607e+01 1.210088660430235485e+01 1.210105221399655662e+01 1.210133558471490467e+01 1.210547168766313497e+01 1.213891706805263659e+01 1.217904454780580714e+01 1.222663795861018343e+01 1.228215474214780656e+01 1.233712858331923812e+01 1.240117978105175212e+01 1.247673732140978053e+01 1.256399306118098735e+01 1.265245538858597207e+01 1.275278617185692376e+01 1.285728148001333970e+01 1.288744928667857081e+01 1.259948905706982991e+01 1.240422266346129732e+01 1.225116618297582960e+01 1.210671787081616202e+01 1.192694197242787624e+01 1.163924409996522158e+01 1.136746314408037861e+01 1.198392928972196536e+01 1.197404778059515706e+01 1.163809425061016256e+01 1.062642642819172245e+01 8.979223176038708232e+00 1.000000000000000020e+30 1.000000000000000020e+30 1.000000000000000020e+30 1.000000000000000020e+30 1.000000000000000020e+30 1.000000000000000020e+30 1.000000000000000020e+30 1.000000000000000020e+30 1.000000000000000020e+30 1.000000000000000020e+30 1.000000000000000020e+30 1.000000000000000020e+30 1.000000000000000020e+30 1.000000000000000020e+30 1.000000000000000020e+30 1.000000000000000020e+30 1.000000000000000020e+30 1.000000000000000020e+30
1.195073159278184427e+01 1.194981577275273033e+01 1.195124098208661323e+01 1.197260876730089052e+01 1.199826261228284885e+01 1.202904433942411977e+01 1.206317360295480512e+01 1.207680481864379374e+01 1.209096479418416337e+01 1.210630881648316048e+01 1.212145387901037807e+01 1.212602771638947807e+01 1.213037117610118187e+01 1.213501653650060952e+01 1.214544555141284832e+01 1.219964799836557212e+01 1.226875639121025507e+01 1.235634335821741203e+01 1.246274055700574301e+01 1.255079556034432819e+01 1.265390042505974755e+01 1.277753739824111356e+01 1.292566198778723674e+01 1.310195618941187767e+01 1.329616656997916735e+01 1.345071741235904383e+01 1.341665739803535295e+01 1.311150790800796884e+01 1.284601178920146580e+01 1.255100822750270773e+01 1.214837876261517202e+01 1.146212443658881952e+01 1.199838423426554712e+01 1.210109285353514252e+01 1.209795335718911780e+01 1.171278179552095722e+01 1.075375918808395426e+01 7.935286505016319936e+00 1.000000000000000020e+30 1.000000000000000020e+30 1.000000000000000020e+30 1.000000000000000020e+30 1.000000000000000020e+30 1.000000000000000020e+30 1.000000000000000020e+30 1.000000000000000020e+30 1.000000000000000020e+30 1.000000000000000020e+30 1.000000000000000020e+30 1.000000000000000020e+30 1.000000000000000020e+30 1.000000000000000020e+30 1.000000000000000020e+30 1.000000000000000020e+30 1.000000000000000020e+30 1.000000000000000020e+30 1.000000000000000020e+30
1.198319033113932441e+01 1.197950354944799045e+01 1.197759585512296709e+01 1.198974093661151130e+01 1.200324979734594422e+01 1.201813435618623949e+01 1.203626636830001928e+01 1.207055335761090653e+01 1.211286959436259458e+01 1.216552146689906522e+01 1.222534299619182718e+01 1.224539802582893522e+01 1.226520051195311822e+01 1.228664502410031645e+01 1.231496316984725858e+01 1.238338045438649182e+01 1.246770123166328226e+01 1.257063234034159294e+01 1.269026604304907302e+01 1.278501830881495138e+01 1.289127643539568169e+01 1.301253178544747513e+01 1.314785232811061988e+01 1.328749826060031936e+01 1.338888035489189043e+01 1.334046369671558274e+01 1.301048822397343763e+01 1.263994529037422154e+01 1.235587226555033169e+01 1.203678798778644143e+01 1.157764066536761760e+01 1.076947004729867352e+01 1.177832707963429648e+01 1.197110931109536658e+01 1.173884736893556635e+01 1.107701475338775055e+01 9.918571649917716115e+00 7.981988696870085498e+00 1.000000000000000020e+30 1.000000000000000020e+30 1.000000000000000020e+30 1.000000000000000020e+30 1.000000000000000020e+30 1.000000000000000020e+30 1.000000000000000020e+30 1.000000000000000020e+30 1.000000000000000020e+30 1.000000000000000020e+30 1.000000000000000020e+30 1.000000000000000020e+30 1.000000000000000020e+30 1.000000000000000020e+30 1.000000000000000020e+30 1.000000000000000020e+30 1.000000000000000020e+30 1.000000000000000020e+30 1.000000000000000020e+30
1.202531887617938011e+01 1.201731778186058364e+01 1.201031397409451351e+01 1.200934411404072222e+01 1.200850910496200363e+01 1.200786079411859575e+01 1.201282060963977827e+01 1.206478795242074753e+01 1.213833899466756705e+01 1.224543246871007085e+01 1.239014363652842832e+01 1.244582236705745437e+01 1.250406909180485293e+01 1.257072201226185015e+01 1.264688697876940893e+01 1.272926189640753059e+01 1.282295895190602053e+01 1.293006580454249210e+01 1.304590652189815536e+01 1.313070014007551833e+01 1.321747331170286799e+01 1.330414567199542297e+01 1.337890573780319947e+01 1.340984616558607634e+01 1.332379912541778033e+01 1.299918538947756197e+01 1.239403422549649392e+01 1.188672074975406723e+01 1.152903036993850883e+01 1.117331962388742639e+01 1.075038089492243643e+01 1.020889845868892465e+01 1.131691451075645816e+01 1.145244506067754209e+01 1.100341622182021872e+01 1.029328685696878232e+01 9.256802735034639795e+00 8.101988691037179890e+00 1.000000000000000020e+30 1.000000000000000020e+30 1.000000000000000020e+30 1.000000000000000020e+30 1.000000000000000020e+30 1.000000000000000020e+30 1.000000000000000020e+30 1.000000000000000020e+30 1.000000000000000020e+30 1.000000000000000020e+30 1.000000000000000020e+30 1.000000000000000020e+30 1.000000000000000020e+30 1.000000000000000020e+30 1.000000000000000020e+30 1.000000000000000020e+30 1.000000000000000020e+30 1.000000000000000020e+30 1.000000000000000020e+30
1.208189927180452017e+01 1.206695134264838565e+01 1.205198060142801353e+01 1.203246992460588061e+01 1.201494066742555766e+01 1.199940385337606052e+01 1.199377116651847786e+01 1.206103778483680244e+01 1.216916692608510253e+01 1.235480430988043921e+01 1.265771651244394747e+01 1.279239396005058360e+01 1.294341169656475010e+01 1.312949470917678241e+01 1.333672083874757597e+01 1.341658507918084453e+01 1.348743762734204310e+01 1.355669664165636412e+01 1.361853952714628591e+01 1.364674788233958047e+01 1.365470467528324505e+01 1.362848430196633309e+01 1.354076113313974261e+01 1.334694841847857560e+01 1.298036091617952792e+01 1.237219041426420141e+01 1.158453131018630344e+01 1.085482554878418249e+01 1.036495634211586214e+01 9.834713757458313665e+00 9.098333814955934074e+00 9.608416919632681186e+00 1.006534250326562940e+01 1.015000599083735722e+01 9.985459256869258837e+00 9.450221235113616558e+00 8.485813114412145808e+00 1.000000000000000020e+30 1.000000000000000020e+30 1.000000000000000020e+30 1.000000000000000020e+30 1.000000000000000020e+30 1.000000000000000020e+30 1.000000000000000020e+30 1.000000000000000020e+30 1.000000000000000020e+30 1.000000000000000020e+30 1.000000000000000020e+30 1.000000000000000020e+30 1.000000000000000020e+30 1.000000000000000020e+30 1.000000000000000020e+30 1.000000000000000020e+30 1.000000000000000020e+30 1.000000000000000020e+30 1.000000000000000020e+30 1.000000000000000020e+30
1.217379642916313820e+01 1.215227425764357605e+01 1.212979161041755738e+01 1.209447489845850932e+01 1.206413520169947695e+01 1.203832585260077792e+01 1.202684872378272729e+01 1.211082685686511340e+01 1.225211995266292142e+01 1.250798304469412159e+01 1.295069256814438852e+01 1.315473640195674143e+01 1.339192685488441725e+01 1.370156502756082517e+01 1.406091105985648859e+01 1.412716441281629010e+01 1.415102928818454231e+01 1.414820933276779158e+01 1.411424191344838874e+01 1.403799796374689812e+01 1.390386572679987864e+01 1.368240802005395551e+01 1.334263501281577469e+01 1.289684286711903738e+01 1.229080503566437521e+01 1.147119253546610906e+01 1.059931503954903320e+01 9.279863778564683585e+00 8.695634608411710431e+00 7.898338733267814327e+00 7.926606190271605179e+00 8.198906864337626388e+00 8.341817933407593699e+00 8.481833105748595614e+00 9.018903978961533952e+00 8.844035990133059855e+00 8.222170281220398280e+00 1.000000000000000020e+30 1.000000000000000020e+30 1.000000000000000020e+30 1.000000000000000020e+30 1.000000000000000020e+30 1.000000000000000020e+30 1.000000000000000020e+30 1.000000000000000020e+30 1.000000000000000020e+30 1.000000000000000020e+30 1.000000000000000020e+30 1.000000000000000020e+30 1.000000000000000020e+30 1.000000000000000020e+30 1.000000000000000020e+30 1.000000000000000020e+30 1.000000000000000020e+30 1.000000000000000020e+30 1.000000000000000020e+30 1.000000000000000020e+30
1.233831838552027804e+01 1.231443733755507886e+01 1.228848721399227628e+01 1.224458268512315406e+01 1.220594263262072943e+01 1.217251960817663026e+01 1.215785869671129760e+01 1.226797690430410270e+01 1.244286685500605216e+01 1.273081773215982615e+01 1.317559130438166726e+01 1.336112868288486055e+01 1.357543025292779859e+01 1.386258379134965857e+01 1.421110799748753095e+01 1.429259877033823933e+01 1.431984841169209410e+01 1.429910415335571017e+01 1.422351640229573988e+01 1.408115147759190577e+01 1.384464753594922648e+01 1.345169795169636906e+01 1.283144433389932537e+01 1.222296725764197589e+01 1.145429718977158196e+01 1.025342156163164020e+01 9.783029501736262290e+00 9.450104658686260706e+00 8.961709304066639348e+00 8.376068839533770571e+00 7.915587891603551363e+00 7.889464300958913157e+00 8.146321060603344932e+00 8.054740130305686918e+00 8.521301554131385458e+00 8.512405923718029399e+00 8.207739336997180501e+00 7.838587249385954969e+00 1.000000000000000020e+30 1.000000000000000020e+30 1.000000000000000020e+30 1.000000000000000020e+30 1.000000000000000020e+30 1.000000000000000020e+30 1.000000000000000020e+30 1.000000000000000020e+30 1.000000000000000020e+30 1.000000000000000020e+30 1.000000000000000020e+30 1.000000000000000020e+30 1.000000000000000020e+30 1.000000000000000020e+30 1.000000000000000020e+30 1.000000000000000020e+30 1.000000000000000020e+30 1.000000000000000020e+30 1.000000000000000020e+30
1.263538623839988340e+01 1.261505799117311177e+01 1.259100286499213972e+01 1.254201457342230519e+01 1.249710700857266943e+01 1.245713408948762257e+01 1.244075749530096431e+01 1.258338003510216296e+01 1.278691233174101427e+01 1.307681120801519548e+01 1.345922867746491391e+01 1.360514572927222865e+01 1.378163261531985739e+01 1.403547345625298881e+01 1.432674901239901821e+01 1.442928378921759247e+01 1.446915493507282946e+01 1.443002668545857503e+01 1.430967579423649561e+01 1.409240714826756857e+01 1.375615701541419966e+01 1.313563061425541001e+01 1.170977790832933607e+01 1.116286141801738019e+01 1.059521880536216365e+01 1.057453057578347178e+01 1.025694824617419521e+01 9.896599789129490787e+00 9.422732992310429267e+00 8.869523870451930136e+00 8.385832303859492853e+00 8.139271235999286702e+00 8.073161170705393630e+00 7.929665710959439728e+00 8.304023998940058604e+00 8.343508241593315944e+00 8.162091395112785364e+00 7.855368988845728317e+00 1.000000000000000020e+30 1.000000000000000020e+30 1.000000000000000020e+30 1.000000000000000020e+30 1.000000000000000020e+30 1.000000000000000020e+30 1.000000000000000020e+30 1.000000000000000020e+30 1.000000000000000020e+30 1.000000000000000020e+30 1.000000000000000020e+30 1.000000000000000020e+30 1.000000000000000020e+30 1.000000000000000020e+30 1.000000000000000020e+30 1.000000000000000020e+30 1.000000000000000020e+30 1.000000000000000020e+30 1.000000000000000020e+30
1.321809148826216429e+01 1.322976816937721978e+01 1.323902990170202543e+01 1.322058768683761798e+01 1.320544629507011258e+01 1.319686206425170916e+01 1.321144325571164480e+01 1.335934438736848762e+01 1.353461286618536441e+01 1.372941745291188731e+01 1.388528524265031372e+01 1.399713596884092048e+01 1.417850814960127259e+01 1.450934020294230464e+01 1.442497504528477137e+01 1.460640384957730653e+01 1.471605712048000569e+01 1.461738350698555600e+01 1.431555349240163189e+01 1.388802353380364885e+01 1.355902514930001246e+01 1.338563624010347297e+01 1.349313874451820539e+01 1.300387839079133023e+01 1.237068882722426721e+01 1.191169808620484538e+01 1.142172854583507124e+01 1.097585856670118432e+01 1.041208445602356392e+01 9.679717817851624773e+00 8.960520614318552290e+00 8.353786493451936579e+00 7.963722988436424899e+00 7.953666007440838293e+00 8.277603771045356496e+00 8.315030958042310516e+00 8.165282600512007605e+00 7.859222793455520772e+00 1.000000000000000020e+30 1.000000000000000020e+30 1.000000000000000020e+30 1.000000000000000020e+30 1.000000000000000020e+30 1.000000000000000020e+30 1.000000000000000020e+30 1.000000000000000020e+30 1.000000000000000020e+30 1.000000000000000020e+30 1.000000000000000020e+30 1.000000000000000020e+30 1.000000000000000020e+30 1.000000000000000020e+30 1.000000000000000020e+30 1.000000000000000020e+30 1.000000000000000020e+30 1.000000000000000020e+30 1.000000000000000020e+30
1.379755564668986523e+01 1.387399191138776899e+01 1.396758013835956369e+01 1.406495292889866811e+01 1.420403807751075220e+01 1.441076668878201694e+01 1.468272762212635030e+01 1.495100470747014931e+01 1.528846407013106656e+01 1.576609506314082942e+01 2.376397967467125838e+01 3.120865769774362164e+01 3.838659623998928083e+01 6.864694030526196400e+01 8.201519478439428212e+01 9.216908783070914524e+01 9.816035668857782071e+01 1.018175697207678496e+02 1.122037119351591485e+02 1.162123084072288037e+02 1.155177318721324013e+02 1.374798038885010669e+02 1.552367522210311108e+02 1.602692681571997468e+02 1.550455354143022930e+02 1.358357601249130369e+02 1.169785928765084151e+02 8.962126759513893148e+01 6.844365845217166111e+01 4.234861014071756813e+01 1.238203388902722679e+01 8.991538974202558876e+00 8.298618702399434000e+00 8.434052926595835942e+00 8.503726686707395288e+00 8.457166972100351288e+00 8.285306491065254519e+00 7.996203742197909747e+00 1.000000000000000020e+30 1.000000000000000020e+30 1.000000000000000020e+30 1.000000000000000020e+30 1.000000000000000020e+30 1.000000000000000020e+30 1.000000000000000020e+30 1.000000000000000020e+30 1.000000000000000020e+30 1.000000000000000020e+30 1.000000000000000020e+30 1.000000000000000020e+30 1.000000000000000020e+30 1.000000000000000020e+30 1.000000000000000020e+30 1.000000000000000020e+30 1.000000000000000020e+30 1.000000000000000020e+30 1.000000000000000020e+30
1.391893746593427750e+01 1.405048837708757503e+01 1.419185576183702402e+01 1.435258055738464300e+01 1.458650628221881540e+01 1.494964343663190043e+01 1.546388122973495349e+01 1.604621205588293620e+01 1.686789933671610342e+01 1.831782751607389770e+01 5.932504096207752298e+01 1.097934726376871879e+02 1.449560412663166744e+02 1.795276406391202499e+02 2.106149203378651293e+02 2.428952172978135309e+02 2.622223182906319607e+02 2.667144519966003600e+02 3.438049172446190482e+02 4.087587727830897961e+02 4.722572072971630064e+02 6.707935407404282842e+02 7.300688950228213798e+02 7.379335244381124994e+02 6.968805914408002309e+02 5.140860348714211341e+02 4.406579374526315291e+02 3.884227828848217996e+02 3.447820840241469114e+02 1.175989008888651739e+02 1.963869843377217350e+01 1.032175306344719523e+01 9.383828648839415365e+00 9.073172263277307081e+00 8.894113994148360902e+00 8.725753604526467200e+00 8.496865726141708208e+00 8.188611577774350891e+00 1.000000000000000020e+30 1.000000000000000020e+30 1.000000000000000020e+30 1.000000000000000020e+30 1.000000000000000020e+30 1.000000000000000020e+30 1.000000000000000020e+30 1.000000000000000020e+30 1.000000000000000020e+30 1.000000000000000020e+30 1.000000000000000020e+30 1.000000000000000020e+30 1.000000000000000020e+30 1.000000000000000020e+30 1.000000000000000020e+30 1.000000000000000020e+30 1.000000000000000020e+30 1.000000000000000020e+30 1.000000000000000020e+30
1.000000000000000020e+30 1.437424023075585744e+01 1.460441031172423898e+01 1.485264251538571223e+01 1.517855343152040604e+01 1.566978151923507667e+01 1.641598286847838750e+01 1.745485645893250748e+01 1.908428332566607821e+01 2.257275303510011000e+01 1.013986019878143168e+02 1.965437791898305306e+02 2.585382115123289282e+02 3.110801644371902626e+02 3.615283174513432414e+02 4.770591748949441353e+02 6.034793298299567823e+02 1.445015123373561892e+03 7.695602883817439306e+02 7.801963504504479943e+02 1.000000000000000020e+30 1.205043212548477186e+03 1.226792917608160678e+03 1.232766676578313991e+03 1.221073618697383836e+03 1.000000000000000020e+30 1.000000000000000020e+30 1.000000000000000020e+30 7.192634169538747528e+02 3.832013100547673048e+02 3.558264277884308058e+01 1.226345897832188570e+01 1.052004404253301217e+01 9.810383487728431717e+00 9.376354476625534673e+00 9.066731923030241447e+00 8.766988846303247485e+00 8.461131828930289700e+00 8.196076583777275104e+00 1.000000000000000020e+30 1.000000000000000020e+30 1.000000000000000020e+30 1.000000000000000020e+30 1.000000000000000020e+30 1.000000000000000020e+30 1.000000000000000020e+30 1.000000000000000020e+30 1.000000000000000020e+30 1.000000000000000020e+30 1.000000000000000020e+30 1.000000000000000020e+30 1.000000000000000020e+30 1.000000000000000020e+30 1.000000000000000020e+30 1.000000000000000020e+30 1.000000000000000020e+30 1.000000000000000020e+30
1.000000000000000020e+30 1.483506251363151485e+01 1.546042732978014556e+01 1.589062880218330953e+01 1.636805271279992269e+01 1.703152023317135999e+01 1.810048794164033836e+01 2.051374484573650392e+01 2.468837678779050648e+01 3.520206316067967123e+01 2.083192257002759789e+02 3.877651780811970639e+02 4.842133085164826980e+02 6.585875521793612961e+02 1.562872582030092644e+03 9.265593692695150594e+02 9.780248854165831744e+02 1.000000000000000020e+30 1.000000000000000020e+30 1.000000000000000020e+30 1.000000000000000020e+30 1.000000000000000020e+30 1.000000000000000020e+30 1.000000000000000020e+30 1.000000000000000020e+30 1.000000000000000020e+30 1.000000000000000020e+30 1.000000000000000020e+30 9.372625458270657646e+02 6.427616628409510895e+02 2.104221489655577102e+02 1.702983836183674526e+01 1.262224463699758381e+01 1.101092119833425009e+01 1.011270786799713406e+01 9.494470926876978467e+00 9.058989413109943101e+00 8.666528878397704361e+00 8.289748973548736188e+00 1.000000000000000020e+30 1.000000000000000020e+30 1.000000000000000020e+30 1.000000000000000020e+30 1.000000000000000020e+30 1.000000000000000020e+30 1.000000000000000020e+30 1.000000000000000020e+30 1.000000000000000020e+30 1.000000000000000020e+30 1.000000000000000020e+30 1.000000000000000020e+30 1.000000000000000020e+30 1.000000000000000020e+30 1.000000000000000020e+30 1.000000000000000020e+30 1.000000000000000020e+30 1.000000000000000020e+30
1.000000000000000020e+30 1.000000000000000020e+30 1.707455982371141090e+01 1.768342559249052925e+01 1.856550510121914499e+01 2.019121518538103999e+01 4.679446728650676590e+01 8.378544120997507605e+01 1.291510696907527915e+02 2.948344327903097906e+02 4.986762946896644735e+02 6.533570461036676988e+02 1.000000000000000020e+30 1.000000000000000020e+30 1.000000000000000020e+30 1.000000000000000020e+30 1.000000000000000020e+30 1.000000000000000020e+30 1.000000000000000020e+30 1.000000000000000020e+30 1.000000000000000020e+30 1.000000000000000020e+30 1.000000000000000020e+30 1.000000000000000020e+30 1.000000000000000020e+30 1.000000000000000020e+30 1.000000000000000020e+30 1.000000000000000020e+30 1.000000000000000020e+30 1.000000000000000020e+30 3.415112534580606507e+02 1.223400247501653553e+02 6.058878216455592991e+01 3.347113624129545428e+01 1.314213875777461737e+01 1.003825303078743758e+01 9.379174258246472107e+00 8.860103489464661308e+00 8.382256161262272798e+00 1.000000000000000020e+30 1.000000000000000020e+30 1.000000000000000020e+30 1.000000000000000020e+30 1.000000000000000020e+30 1.000000000000000020e+30 1.000000000000000020e+30 1.000000000000000020e+30 1.000000000000000020e+30 1.000000000000000020e+30 1.000000000000000020e+30 1.000000000000000020e+30 1.000000000000000020e+30 1.000000000000000020e+30 1.000000000000000020e+30 1.000000000000000020e+30 1.000000000000000020e+30 1.000000000000000020e+30
1.000000000000000020e+30 1.000000000000000020e+30 1.835367076151105792e+01 1.994257516100843830e+01 2.183269839485458874e+01 2.578877143045287212e+01 9.629622849053038181e+01 2.091102487443115763e+02 4.731164573927523520e+02 6.131879054851228830e+02 1.000000000000000020e+30 1.000000000000000020e+30 1.000000000000000020e+30 1.000000000000000020e+30 1.000000000000000020e+30 1.000000000000000020e+30 1.000000000000000020e+30 1.000000000000000020e+30 1.000000000000000020e+30 1.000000000000000020e+30 1.000000000000000020e+30 1.000000000000000020e+30 1.000000000000000020e+30 1.000000000000000020e+30 1.000000000000000020e+30 1.000000000000000020e+30 1.000000000000000020e+30 1.000000000000000020e+30 1.000000000000000020e+30 1.000000000000000020e+30 1.000000000000000020e+30 2.858800288510364567e+02 1.336227914960309704e+02 6.121156836109089738e+01 1.638557325340534021e+01 1.064182486873123601e+01 9.712743017579008153e+00 9.050838922339876191e+00 8.451535143602221467e+00 1.000000000000000020e+30 1.000000000000000020e+30 1.000000000000000020e+30 1.000000000000000020e+30 1.000000000000000020e+30 1.000000000000000020e+30 1.000000000000000020e+30 1.000000000000000020e+30 1.000000000000000020e+30 1.000000000000000020e+30 1.000000000000000020e+30 1.000000000000000020e+30 1.000000000000000020e+30 1.000000000000000020e+30 1.000000000000000020e+30 1.000000000000000020e+30 1.000000000000000020e+30 1.000000000000000020e+30
1.000000000000000020e+30 1.000000000000000020e+30 1.000000000000000020e+30 2.407485447936372225e+01 2.738905690246834723e+01 3.665946845216708283e+01 1.994306517562290821e+02 5.209643514545683729e+02 7.619037326077149146e+02 1.000000000000000020e+30 1.000000000000000020e+30 1.000000000000000020e+30 1.000000000000000020e+30 1.000000000000000020e+30 1.000000000000000020e+30 1.000000000000000020e+30 1.000000000000000020e+30 1.000000000000000020e+30 1.000000000000000020e+30 1.000000000000000020e+30 1.000000000000000020e+30 1.000000000000000020e+30 1.000000000000000020e+30 1.000000000000000020e+30 1.000000000000000020e+30 1.000000000000000020e+30 1.000000000000000020e+30 1.000000000000000020e+30 1.000000000000000020e+30 1.000000000000000020e+30 1.000000000000000020e+30 1.000000000000000020e+30 2.733497164410455866e+02 1.024136142790137853e+02 1.944305676626220603e+01 1.102218646116719647e+01 9.999562144069722436e+00 9.242740182485029266e+00 8.525812167292105670e+00 1.000000000000000020e+30 1.000000000000000020e+30 1.000000000000000020e+30 1.000000000000000020e+30 1.000000000000000020e+30 1.000000000000000020e+30 1.000000000000000020e+30 1.000000000000000020e+30 1.000000000000000020e+30 1.000000000000000020e+30 1.000000000000000020e+30 1.000000000000000020e+30 1.000000000000000020e+30 1.000000000000000020e+30 1.000000000000000020e+30 1.000000000000000020e+30 1.000000000000000020e+30 1.000000000000000020e+30
1.000000000000000020e+30 1.000000000000000020e+30 1.000000000000000020e+30 2.968344662501673170e+01 4.336913607028659357e+01 1.249533321369209062e+02 5.004214904404985873e+02 7.669428760048917866e+02 1.000000000000000020e+30 1.000000000000000020e+30 1.000000000000000020e+30 1.000000000000000020e+30 1.000000000000000020e+30 1.000000000000000020e+30 1.000000000000000020e+30 1.000000000000000020e+30 1.000000000000000020e+30 1.000000000000000020e+30 1.000000000000000020e+30 1.000000000000000020e+30 1.000000000000000020e+30 1.000000000000000020e+30 1.000000000000000020e+30 1.000000000000000020e+30 1.000000000000000020e+30 1.000000000000000020e+30 1.000000000000000020e+30 1.000000000000000020e+30 1.000000000000000020e+30 1.000000000000000020e+30 1.000000000000000020e+30 1.000000000000000020e+30 1.000000000000000020e+30 2.077617937442905998e+02 2.898657533443867962e+01 1.124680302635302986e+01 1.026686007670498668e+01 9.481801712921031466e+00 8.612664614232514282e+00 1.000000000000000020e+30 1.000000000000000020e+30 1.000000000000000020e+30 1.000000000000000020e+30 1.000000000000000020e+30 1.000000000000000020e+30 1.000000000000000020e+30 1.000000000000000020e+30 1.000000000000000020e+30 1.000000000000000020e+30 1.000000000000000020e+30 1.000000000000000020e+30 1.000000000000000020e+30 1.000000000000000020e+30 1.000000000000000020e+30 1.000000000000000020e+30 1.000000000000000020e+30 1.000000000000000020e+30
1.000000000000000020e+30 1.000000000000000020e+30 1.000000000000000020e+30 1.000000000000000020e+30 1.098099782108057980e+03 6.574343461763102141e+02 8.351779056604889320e+02 1.000000000000000020e+30 1.000000000000000020e+30 1.000000000000000020e+30 1.000000000000000020e+30 1.000000000000000020e+30 1.000000000000000020e+30 1.000000000000000020e+30 1.000000000000000020e+30 1.000000000000000020e+30 1.000000000000000020e+30 1.000000000000000020e+30 1.000000000000000020e+30 1.000000000000000020e+30 1.000000000000000020e+30 1.000000000000000020e+30 1.000000000000000020e+30 1.000000000000000020e+30 1.000000000000000020e+30 1.000000000000000020e+30 1.000000000000000020e+30 1.000000000000000020e+30 1.000000000000000020e+30 1.000000000000000020e+30 1.000000000000000020e+30 1.000000000000000020e+30 1.000000000000000020e+30 1.000000000000000020e+30 4.077662152774136217e+01 1.153120738910260989e+01 1.062309728592445346e+01 9.900441944863125343e+00 8.729756724373952892e+00 1.000000000000000020e+30 1.000000000000000020e+30 1.000000000000000020e+30 1.000000000000000020e+30 1.000000000000000020e+30 1.000000000000000020e+30 1.000000000000000020e+30 1.000000000000000020e+30 1.000000000000000020e+30 1.000000000000000020e+30 1.000000000000000020e+30 1.000000000000000020e+30 1.000000000000000020e+30 1.000000000000000020e+30 1.000000000000000020e+30 1.000000000000000020e+30 1.000000000000000020e+30 1.000000000000000020e+30
1.000000000000000020e+30 1.000000000000000020e+30 1.000000000000000020e+30 1.000000000000000020e+30 2.037882865213814739e+03 1.000000000000000020e+30 1.000000000000000020e+30 1.000000000000000020e+30 1.000000000000000020e+30 1.000000000000000020e+30 1.000000000000000020e+30 1.000000000000000020e+30 1.000000000000000020e+30 1.000000000000000020e+30 1.000000000000000020e+30 1.000000000000000020e+30 1.000000000000000020e+30 1.000000000000000020e+30 1.000000000000000020e+30 1.000000000000000020e+30 1.000000000000000020e+30 1.000000000000000020e+30 1.000000000000000020e+30 1.000000000000000020e+30 1.000000000000000020e+30 1.000000000000000020e+30 1.000000000000000020e+30 1.000000000000000020e+30 1.000000000000000020e+30 1.000000000000000020e+30 1.000000000000000020e+30 1.000000000000000020e+30 1.000000000000000020e+30 1.000000000000000020e+30 1.000000000000000020e+30 1.172076089092898243e+01 1.112970681646791959e+01 1.000000000000000020e+30 1.000000000000000020e+30 1.000000000000000020e+30 1.000000000000000020e+30 1.000000000000000020e+30 1.000000000000000020e+30 1.000000000000000020e+30 1.000000000000000020e+30 1.000000000000000020e+30 1.000000000000000020e+30 1.000000000000000020e+30 1.000000000000000020e+30 1.000000000000000020e+30 1.000000000000000020e+30 1.000000000000000020e+30 1.000000000000000020e+30 1.000000000000000020e+30 1.000000000000000020e+30 1.000000000000000020e+30 1.000000000000000020e+30
