1.000000000000000020e+30 1.000000000000000020e+30 1.000000000000000020e+30 1.000000000000000020e+30 1.000000000000000020e+30 1.000000000000000020e+30 1.000000000000000020e+30 1.000000000000000020e+30 1.000000000000000020e+30 1.000000000000000020e+30 1.000000000000000020e+30 1.000000000000000020e+30 1.000000000000000020e+30 1.000000000000000020e+30 1.000000000000000020e+30 1.000000000000000020e+30 1.000000000000000020e+30 1.000000000000000020e+30 1.000000000000000020e+30 1.000000000000000020e+30 1.000000000000000020e+30 1.000000000000000020e+30 1.000000000000000020e+30 1.000000000000000020e+30 1.000000000000000020e+30 1.000000000000000020e+30 1.000000000000000020e+30 1.000000000000000020e+30 1.000000000000000020e+30 1.000000000000000020e+30 1.000000000000000020e+30 1.000000000000000020e+30 1.000000000000000020e+30 1.000000000000000020e+30 1.000000000000000020e+30 1.000000000000000020e+30 1.000000000000000020e+30 1.000000000000000020e+30 1.000000000000000020e+30 1.000000000000000020e+30 1.000000000000000020e+30 1.000000000000000020e+30 1.000000000000000020e+30 1.000000000000000020e+30 1.000000000000000020e+30 1.000000000000000020e+30 1.000000000000000020e+30 1.000000000000000020e+30 1.000000000000000020e+30 1.000000000000000020e+30 1.000000000000000020e+30 1.000000000000000020e+30 1.000000000000000020e+30 1.000000000000000020e+30 1.000000000000000020e+30 1.000000000000000020e+30 1.000000000000000020e+30
1.000000000000000020e+30 1.000000000000000020e+30 1.000000000000000020e+30 1.000000000000000020e+30 1.000000000000000020e+30 1.000000000000000020e+30 1.000000000000000020e+30 1.000000000000000020e+30 1.000000000000000020e+30 1.000000000000000020e+30 1.000000000000000020e+30 1.000000000000000020e+30 1.000000000000000020e+30 1.000000000000000020e+30 1.000000000000000020e+30 1.000000000000000020e+30 1.000000000000000020e+30 1.000000000000000020e+30 1.000000000000000020e+30 1.000000000000000020e+30 1.000000000000000020e+30 1.000000000000000020e+30 1.000000000000000020e+30 1.000000000000000020e+30 1.000000000000000020e+30 1.000000000000000020e+30 1.000000000000000020e+30 1.314833629362484224e+01 1.314987108600705490e+01 1.315147547700196995e+01 1.315316490721446208e+01 1.315527114482883952e+01 1.315745799550397876e+01 1.315968209729918392e+01 1.315936236019509842e+01 1.314158284827914613e+01 1.312803541137594010e+01 1.311758353240301922e+01 1.311015575842059988e+01 1.311076196581681153e+01 1.311147554405690663e+01 1.311219747711635897e+01 1.311228893233904280e+01 1.000000000000000020e+30 1.000000000000000020e+30 1.000000000000000020e+30 1.000000000000000020e+30 1.000000000000000020e+30 1.000000000000000020e+30 1.000000000000000020e+30 1.000000000000000020e+30 1.000000000000000020e+30 1.000000000000000020e+30 1.000000000000000020e+30 1.000000000000000020e+30 1.000000000000000020e+30 1.000000000000000020e+30
1.000000000000000020e+30 1.000000000000000020e+30 1.000000000000000020e+30 1.000000000000000020e+30 1.000000000000000020e+30 1.000000000000000020e+30 1.000000000000000020e+30 1.000000000000000020e+30 1.000000000000000020e+30 1.000000000000000020e+30 1.000000000000000020e+30 1.000000000000000020e+30 1.000000000000000020e+30 1.000000000000000020e+30 1.000000000000000020e+30 1.000000000000000020e+30 1.000000000000000020e+30 1.000000000000000020e+30 1.000000000000000020e+30 1.000000000000000020e+30 1.000000000000000020e+30 1.000000000000000020e+30 1.000000000000000020e+30 1.000000000000000020e+30 1.317933464270787702e+01 1.316199738878709091e+01 1.314764628919426492e+01 1.315162199305890667e+01 1.315654353354180017e+01 1.316189889894250342e+01 1.316675918350015451e+01 1.316423873181725845e+01 1.316169447392061542e+01 1.315921874865320973e+01 1.315465810489222243e+01 1.313637260542828678e+01 1.312276580219295674e+01 1.311242592530310525e+01 1.310527246673288637e+01 1.310699460847925657e+01 1.310891391728357647e+01 1.311093405279985369e+01 1.311221302063554717e+01 1.310693618286351203e+01 1.310228052445921421e+01 1.309820492524502988e+01 1.309505264435453853e+01 1.309587048121325381e+01 1.000000000000000020e+30 1.000000000000000020e+30 1.000000000000000020e+30 1.000000000000000020e+30 1.000000000000000020e+30 1.000000000000000020e+30 1.000000000000000020e+30 1.000000000000000020e+30 1.000000000000000020e+30
1.000000000000000020e+30 1.000000000000000020e+30 1.000000000000000020e+30 1.000000000000000020e+30 1.000000000000000020e+30 1.000000000000000020e+30 1.000000000000000020e+30 1.000000000000000020e+30 1.000000000000000020e+30 1.000000000000000020e+30 1.000000000000000020e+30 1.000000000000000020e+30 1.000000000000000020e+30 1.000000000000000020e+30 1.000000000000000020e+30 1.000000000000000020e+30 1.000000000000000020e+30 1.000000000000000020e+30 1.000000000000000020e+30 1.000000000000000020e+30 1.000000000000000020e+30 1.327501793505661531e+01 1.323916453490478062e+01 1.320627423758104513e+01 1.318050856896632261e+01 1.316127855907234689e+01 1.314798956471842395e+01 1.315520024455317305e+01 1.316417856624420679e+01 1.317456410202645856e+01 1.318406930211006767e+01 1.317478891807608932e+01 1.316628952365676497e+01 1.315873310726085244e+01 1.315020173271621928e+01 1.313156566829248639e+01 1.311799578202529659e+01 1.310782330905166582e+01 1.310094456037519173e+01 1.310355466179306383e+01 1.310649873057749382e+01 1.310970240775408335e+01 1.311218322351501442e+01 1.310693702317095699e+01 1.310228156570414981e+01 1.309820445809128486e+01 1.309487242902169335e+01 1.309400523237972003e+01 1.309316569149747522e+01 1.000000000000000020e+30 1.000000000000000020e+30 1.000000000000000020e+30 1.000000000000000020e+30 1.000000000000000020e+30 1.000000000000000020e+30 1.000000000000000020e+30 1.000000000000000020e+30
1.000000000000000020e+30 1.000000000000000020e+30 1.000000000000000020e+30 1.000000000000000020e+30 1.000000000000000020e+30 1.000000000000000020e+30 1.000000000000000020e+30 1.000000000000000020e+30 1.000000000000000020e+30 1.000000000000000020e+30 1.000000000000000020e+30 1.000000000000000020e+30 1.000000000000000020e+30 1.000000000000000020e+30 1.000000000000000020e+30 1.000000000000000020e+30 1.000000000000000020e+30 1.000000000000000020e+30 1.362187607206339202e+01 1.349311607620128584e+01 1.337113809347986049e+01 1.328508203478805250e+01 1.323461200941274107e+01 1.320211282807843567e+01 1.317841153785174058e+01 1.316051716872746269e+01 1.314842206624919996e+01 1.315900226975781351e+01 1.317268076187974302e+01 1.318958132719113685e+01 1.320534234452979661e+01 1.318527576073280017e+01 1.316942518517163130e+01 1.315667733533733319e+01 1.314474403206263986e+01 1.312633211612322448e+01 1.311320094239911072e+01 1.310350473577750563e+01 1.309713155596136858e+01 1.310043816602110844e+01 1.310423163667445934e+01 1.310848321903656633e+01 1.311209470675126099e+01 1.310689626953901943e+01 1.310225154035606110e+01 1.309818032953922895e+01 1.309467239915493586e+01 1.309221819168682011e+01 1.308997108811717958e+01 1.308788088041043629e+01 1.000000000000000020e+30 1.000000000000000020e+30 1.000000000000000020e+30 1.000000000000000020e+30 1.000000000000000020e+30 1.000000000000000020e+30 1.000000000000000020e+30
1.000000000000000020e+30 1.000000000000000020e+30 1.000000000000000020e+30 1.000000000000000020e+30 1.000000000000000020e+30 1.000000000000000020e+30 1.000000000000000020e+30 1.000000000000000020e+30 1.000000000000000020e+30 1.000000000000000020e+30 1.000000000000000020e+30 1.000000000000000020e+30 1.000000000000000020e+30 1.000000000000000020e+30 1.000000000000000020e+30 1.000000000000000020e+30 1.373981445458869821e+01 1.371556713544531547e+01 1.363812799180136359e+01 1.348570678908292741e+01 1.336053135776727707e+01 1.327732166140808090e+01 1.322731287609756379e+01 1.319878568996364621e+01 1.317868571687121282e+01 1.316323168018822720e+01 1.315236799997486727e+01 1.316253045664382526e+01 1.317547516330472313e+01 1.319081211120907859e+01 1.318740489409616146e+01 1.310815555226070295e+01 1.308286229168463599e+01 1.307077767384968503e+01 1.306463241929467678e+01 1.306884597170042639e+01 1.307465652066624351e+01 1.308309618571857058e+01 1.309508938322440130e+01 1.309844063113611412e+01 1.310198425445266501e+01 1.310591818727757030e+01 1.310918143424245130e+01 1.310446474315223142e+01 1.310013923960148752e+01 1.309632338397780948e+01 1.309280117260199461e+01 1.308869059339596141e+01 1.308513042623383171e+01 1.308202546223422758e+01 1.307959838592108603e+01 1.308033165368524742e+01 1.000000000000000020e+30 1.000000000000000020e+30 1.000000000000000020e+30 1.000000000000000020e+30 1.000000000000000020e+30
1.000000000000000020e+30 1.000000000000000020e+30 1.000000000000000020e+30 1.000000000000000020e+30 1.000000000000000020e+30 1.000000000000000020e+30 1.000000000000000020e+30 1.000000000000000020e+30 1.000000000000000020e+30 1.000000000000000020e+30 1.000000000000000020e+30 1.000000000000000020e+30 1.000000000000000020e+30 1.000000000000000020e+30 1.000000000000000020e+30 1.374222707898744389e+01 1.373402290306289686e+01 1.370613211884282023e+01 1.362796034068982287e+01 1.347042959256300065e+01 1.334663130047149515e+01 1.326680882375302950e+01 1.322015841541036352e+01 1.319694211289089480e+01 1.318156286663455212e+01 1.316969885986664579e+01 1.316056854438694579e+01 1.316572488956190767e+01 1.317189331611864844e+01 1.317792034228259901e+01 1.314942779241743409e+01 1.307045009142277792e+01 1.305608375237034835e+01 1.305022163148420233e+01 1.304751234467745036e+01 1.305050268629180543e+01 1.305563126448619293e+01 1.306646278510361370e+01 1.309426929495473679e+01 1.309733931913675598e+01 1.309977365179102549e+01 1.310233620666840082e+01 1.310418514520357114e+01 1.310015950008702923e+01 1.309635314037233300e+01 1.309295923695884412e+01 1.308956418142619604e+01 1.308404873381717159e+01 1.307954775567760386e+01 1.307582392803388771e+01 1.307315712815243458e+01 1.307480595744087459e+01 1.307660231738977963e+01 1.000000000000000020e+30 1.000000000000000020e+30 1.000000000000000020e+30 1.000000000000000020e+30
1.000000000000000020e+30 1.000000000000000020e+30 1.000000000000000020e+30 1.000000000000000020e+30 1.000000000000000020e+30 1.000000000000000020e+30 1.000000000000000020e+30 1.000000000000000020e+30 1.000000000000000020e+30 1.000000000000000020e+30 1.000000000000000020e+30 1.000000000000000020e+30 1.000000000000000020e+30 1.000000000000000020e+30 1.373476960868713803e+01 1.372985482121244871e+01 1.371499648248588699e+01 1.368184041423387498e+01 1.360152952713077390e+01 1.344715921567613570e+01 1.332961325535780439e+01 1.325525305188136116e+01 1.321299698874573636e+01 1.319502523007451167e+01 1.318450189806986295e+01 1.317678574676821590e+01 1.317005537033787022e+01 1.316905103348927675e+01 1.316833418532931788e+01 1.316679642751783064e+01 1.312634407399122516e+01 1.305857617107488267e+01 1.304878540252201269e+01 1.304495356428692432e+01 1.304322079075903140e+01 1.304530967561733412e+01 1.304914878095885911e+01 1.305865426592790968e+01 1.309326423075436985e+01 1.309610461786188829e+01 1.309754696386649009e+01 1.309894000855471674e+01 1.309969729533083616e+01 1.309625905435933824e+01 1.309293477473501355e+01 1.308992486607562356e+01 1.308666319006002965e+01 1.308014927832694596e+01 1.307509763283475657e+01 1.307109040807535649e+01 1.306834983150445417e+01 1.307048030986240761e+01 1.307294909568467567e+01 1.307576622672347888e+01 1.000000000000000020e+30 1.000000000000000020e+30 1.000000000000000020e+30
1.000000000000000020e+30 1.000000000000000020e+30 1.000000000000000020e+30 1.000000000000000020e+30 1.000000000000000020e+30 1.000000000000000020e+30 1.000000000000000020e+30 1.000000000000000020e+30 1.000000000000000020e+30 1.000000000000000020e+30 1.000000000000000020e+30 1.000000000000000020e+30 1.000000000000000020e+30 1.372670419760827798e+01 1.371929501192633083e+01 1.369755740609276096e+01 1.366734529262365427e+01 1.362447944604798700e+01 1.354528860023257586e+01 1.340749354709569197e+01 1.330543866036306788e+01 1.324116230094622715e+01 1.320500929038188431e+01 1.319198041745169014e+01 1.318597287221302139e+01 1.318283890744837805e+01 1.318020888568212357e+01 1.317089370630442069e+01 1.316320485975009724e+01 1.315570130065031940e+01 1.311057542393417563e+01 1.305279859163901612e+01 1.304539247656698286e+01 1.304254597048025488e+01 1.304127136707272605e+01 1.304286748093633008e+01 1.304589250313603621e+01 1.305401379192200473e+01 1.308996484211838229e+01 1.309231289270260312e+01 1.309282634707945547e+01 1.309321188311188955e+01 1.309321834221447922e+01 1.309099323223981770e+01 1.308879682357969365e+01 1.308674020049933162e+01 1.308404433335851813e+01 1.307684005307743469e+01 1.307148083490484680e+01 1.306737173012562891e+01 1.306465308591841534e+01 1.306703174953913127e+01 1.306988291239878031e+01 1.307331178864761334e+01 1.307720805908211226e+01 1.000000000000000020e+30 1.000000000000000020e+30
1.000000000000000020e+30 1.000000000000000020e+30 1.000000000000000020e+30 1.000000000000000020e+30 1.000000000000000020e+30 1.000000000000000020e+30 1.000000000000000020e+30 1.000000000000000020e+30 1.000000000000000020e+30 1.000000000000000020e+30 1.000000000000000020e+30 1.000000000000000020e+30 1.371667606751633706e+01 1.371283862569562650e+01 1.368475171711987848e+01 1.361517957871622819e+01 1.354412570451917652e+01 1.347880923965587563e+01 1.340866331403857181e+01 1.332410392639317287e+01 1.326116969262127832e+01 1.321927545559964301e+01 1.319418270162564255e+01 1.318449518638959184e+01 1.317950516411395689e+01 1.317617601938695948e+01 1.316214874777679000e+01 1.310536739130195372e+01 1.308347826614934739e+01 1.307212319417436674e+01 1.306195678382907666e+01 1.304769734869279141e+01 1.304355872955921924e+01 1.304159381267421303e+01 1.304062348560865736e+01 1.304167648869038487e+01 1.304336663169933352e+01 1.304654674101558776e+01 1.305330237918774827e+01 1.305293141312958305e+01 1.305241593155609081e+01 1.305193305602714382e+01 1.305180843975222515e+01 1.305476607755635499e+01 1.305941674130012586e+01 1.306751297223031827e+01 1.308136854203078414e+01 1.307482163361724758e+01 1.306965317281783712e+01 1.306570423704817685e+01 1.306313738386825207e+01 1.306567279381348001e+01 1.306880665879560866e+01 1.307268081972153873e+01 1.307714852702615893e+01 1.000000000000000020e+30 1.000000000000000020e+30
1.000000000000000020e+30 1.000000000000000020e+30 1.000000000000000020e+30 1.000000000000000020e+30 1.000000000000000020e+30 1.000000000000000020e+30 1.000000000000000020e+30 1.000000000000000020e+30 1.000000000000000020e+30 1.000000000000000020e+30 1.000000000000000020e+30 1.368791396785623604e+01 1.369933345842687444e+01 1.369110055317313090e+01 1.363808804108574613e+01 1.350352249153085893e+01 1.339096325668141674e+01 1.331252017722810344e+01 1.325939935052658392e+01 1.323006167574569325e+01 1.320892616268108632e+01 1.319319878842867055e+01 1.318181417163786406e+01 1.317330849976109342e+01 1.316616558072730392e+01 1.315916941505135540e+01 1.313214576492573293e+01 1.307064829808773254e+01 1.305691374925380366e+01 1.305101903472779767e+01 1.304750516084682488e+01 1.304423746271581663e+01 1.304242329446335447e+01 1.304126834758768716e+01 1.304057807557206239e+01 1.304102348536032174e+01 1.304156951611171777e+01 1.304225957787525836e+01 1.304304274798037255e+01 1.304276530400558620e+01 1.304249979120361047e+01 1.304225587769274242e+01 1.304219660184721619e+01 1.304392760195586298e+01 1.304706847792679625e+01 1.305446145775681188e+01 1.307873614519478700e+01 1.307375167802947935e+01 1.306912992930624462e+01 1.306551227503544332e+01 1.306318749258263168e+01 1.306590042056967427e+01 1.306935521376033194e+01 1.307371103782599242e+01 1.307874322125350197e+01 1.307679556389121345e+01 1.000000000000000020e+30
1.000000000000000020e+30 1.000000000000000020e+30 1.000000000000000020e+30 1.000000000000000020e+30 1.000000000000000020e+30 1.000000000000000020e+30 1.000000000000000020e+30 1.000000000000000020e+30 1.000000000000000020e+30 1.000000000000000020e+30 1.359615809899517913e+01 1.364500835189171468e+01 1.366834768161535152e+01 1.366223894904142355e+01 1.359310389455368018e+01 1.341000055136272451e+01 1.328222064978072048e+01 1.320997491189988260e+01 1.317270334604735460e+01 1.316921347356624494e+01 1.317007172628552425e+01 1.317162133272709568e+01 1.317157931127233716e+01 1.316270539007122764e+01 1.315348680880752852e+01 1.314447266826395833e+01 1.311339011305722124e+01 1.305902803425618686e+01 1.304941039883767750e+01 1.304549394626845427e+01 1.304340204058268604e+01 1.304236600334816210e+01 1.304158716457343026e+01 1.304097965213729360e+01 1.304053439230665390e+01 1.304050795982819899e+01 1.304048306693440651e+01 1.304045998791023386e+01 1.304042130541932387e+01 1.304023415423316479e+01 1.304006154359936254e+01 1.303990324608342988e+01 1.303986370878056533e+01 1.304102323371922623e+01 1.304322670771592030e+01 1.304910389892885725e+01 1.307636954664278051e+01 1.307268053309689115e+01 1.306860135078833629e+01 1.306532128904829548e+01 1.306324896568397165e+01 1.306614495576212853e+01 1.306992208971620073e+01 1.307468151021565461e+01 1.307768006077578704e+01 1.308008780164682427e+01 1.000000000000000020e+30
1.000000000000000020e+30 1.000000000000000020e+30 1.000000000000000020e+30 1.000000000000000020e+30 1.000000000000000020e+30 1.000000000000000020e+30 1.000000000000000020e+30 1.000000000000000020e+30 1.000000000000000020e+30 1.322758643553943259e+01 1.347661393833633703e+01 1.357186804127438862e+01 1.361226437008317625e+01 1.361628433252598747e+01 1.354691721075453437e+01 1.333910942430133240e+01 1.321615111323778713e+01 1.315689533330703753e+01 1.313012645382045029e+01 1.313529161035920545e+01 1.314430376957574431e+01 1.315511688543581847e+01 1.316427795418080215e+01 1.315326255667740085e+01 1.314246321374942461e+01 1.313268634076864672e+01 1.310073172875456748e+01 1.305326543810195972e+01 1.304588698693669180e+01 1.304295425840563993e+01 1.304146644723276438e+01 1.304119216616275878e+01 1.304094539327629931e+01 1.304072129269759728e+01 1.304049159666428537e+01 1.304008987943307574e+01 1.303975560736205175e+01 1.303947300721480396e+01 1.303923906676340216e+01 1.303909823332180906e+01 1.303896956177580790e+01 1.303885169859102611e+01 1.303882137282566767e+01 1.303968960254367104e+01 1.304137150889623697e+01 1.304613797677041731e+01 1.307283255224818141e+01 1.307052198979744517e+01 1.306736581590964086e+01 1.306480816079299423e+01 1.306338269429950216e+01 1.306646615139993273e+01 1.307012004632016655e+01 1.306917207320994301e+01 1.308239337467692565e+01 1.308103971177035874e+01 1.000000000000000020e+30
1.000000000000000020e+30 1.000000000000000020e+30 1.000000000000000020e+30 1.000000000000000020e+30 1.000000000000000020e+30 1.000000000000000020e+30 1.000000000000000020e+30 1.000000000000000020e+30 1.327925216116385876e+01 1.323101466427372941e+01 1.338047285514204532e+01 1.345325251714439219e+01 1.349898000807061926e+01 1.352327236824632095e+01 1.348197023040607156e+01 1.329043167990692709e+01 1.318724119652072169e+01 1.313810603392186138e+01 1.311583280037098120e+01 1.312211840581617572e+01 1.313150848795622494e+01 1.314323604805571577e+01 1.315469117364470186e+01 1.314241187620709717e+01 1.313188693922747596e+01 1.312278561987453074e+01 1.309341844245944486e+01 1.305111601964369683e+01 1.304464705129086077e+01 1.304207960968983926e+01 1.304079217485923081e+01 1.304067748725898035e+01 1.304056908639546108e+01 1.304046558267089218e+01 1.304031884715343992e+01 1.303982209718127017e+01 1.303942912784979136e+01 1.303911047788361444e+01 1.303883799832566126e+01 1.303854623110796673e+01 1.303830975129008074e+01 1.303811454983738649e+01 1.303800715962380963e+01 1.303851841846285886e+01 1.303939939119216085e+01 1.304128341502171473e+01 1.304675716978053401e+01 1.304886086151104863e+01 1.305187997215637807e+01 1.305693778705551544e+01 1.306581555289447394e+01 1.306923403760658964e+01 1.306071340928850155e+01 1.307967828165200608e+01 1.308710807619085514e+01 1.308457819779307485e+01 1.000000000000000020e+30
1.000000000000000020e+30 1.000000000000000020e+30 1.000000000000000020e+30 1.000000000000000020e+30 1.000000000000000020e+30 1.000000000000000020e+30 1.000000000000000020e+30 1.325537141889492609e+01 1.327197074481667727e+01 1.327125518903367940e+01 1.323891410718804273e+01 1.326778049429240625e+01 1.331119013186718547e+01 1.335506753419532977e+01 1.335478730107887202e+01 1.321837108761086377e+01 1.317518543631633143e+01 1.313563644831548238e+01 1.311452847557355561e+01 1.311954246857551709e+01 1.312657903812731419e+01 1.313490022950012559e+01 1.314225194264156293e+01 1.313140173132619282e+01 1.312225339902910193e+01 1.311436982213760061e+01 1.308921487831108976e+01 1.305067930864271197e+01 1.304446528508367109e+01 1.304196983350358430e+01 1.304070595485101158e+01 1.304052971830142127e+01 1.304036715329865004e+01 1.304021591879196329e+01 1.304004497617127001e+01 1.303965946168949408e+01 1.303934159877828947e+01 1.303907505117949484e+01 1.303879674637479980e+01 1.303823979273352585e+01 1.303787012357965480e+01 1.303760760208369973e+01 1.303745301971152948e+01 1.303773800866947674e+01 1.303817155972158304e+01 1.303889460841335790e+01 1.304027811838100526e+01 1.304153344969199146e+01 1.304383872741750672e+01 1.304958791645740845e+01 1.307145413522158428e+01 1.307572861970323430e+01 1.306405485656005006e+01 1.308869112400043200e+01 1.309611893887863054e+01 1.309209768139565355e+01 1.000000000000000020e+30
1.000000000000000020e+30 1.000000000000000020e+30 1.000000000000000020e+30 1.000000000000000020e+30 1.000000000000000020e+30 1.000000000000000020e+30 1.322889010990841641e+01 1.324233876932248855e+01 1.325620526229640106e+01 1.326719907781146368e+01 1.327804452403865731e+01 1.331632100153384357e+01 1.337537236652189598e+01 1.344760048157043109e+01 1.347108933325428737e+01 1.327773351833266702e+01 1.315277321997207061e+01 1.313378718792531785e+01 1.311389124879172385e+01 1.311763947130497954e+01 1.312248510167213311e+01 1.312791894156547912e+01 1.313212172189526683e+01 1.312248182642073679e+01 1.311441501569698076e+01 1.310746660098757133e+01 1.308561493730357128e+01 1.305027311815883984e+01 1.304429270676536667e+01 1.304186475906412568e+01 1.304062323610826013e+01 1.304039135509102643e+01 1.304018264007107142e+01 1.303999304823102179e+01 1.303980424669409288e+01 1.303951040597282685e+01 1.303925902540411919e+01 1.303904139698186704e+01 1.303875807328817338e+01 1.303800091076067069e+01 1.303757394299878847e+01 1.303730073732553052e+01 1.303714366060299845e+01 1.303733261181363012e+01 1.303759418581929275e+01 1.303594857763889792e+01 1.303576452322138657e+01 1.303611211514842871e+01 1.303681152974335866e+01 1.303905200171963052e+01 1.305810178928186360e+01 1.306276485138973165e+01 1.309465641226751487e+01 1.310398402689840935e+01 1.310928501382275435e+01 1.310254716297652777e+01 1.000000000000000020e+30
1.000000000000000020e+30 1.000000000000000020e+30 1.000000000000000020e+30 1.000000000000000020e+30 1.000000000000000020e+30 1.321735231821575418e+01 1.322441342048901447e+01 1.323105375384507099e+01 1.323790192207872707e+01 1.324533846247474678e+01 1.325918067620869856e+01 1.330236608799708264e+01 1.337110539678601739e+01 1.346441786987683820e+01 1.351522267817201239e+01 1.329368389505790127e+01 1.318018663292679626e+01 1.312304496892035921e+01 1.310827343327698991e+01 1.311578539494924378e+01 1.311880509377270165e+01 1.312191932280142836e+01 1.312381168280244914e+01 1.311516143972294124e+01 1.310795376517303623e+01 1.310174516134616063e+01 1.308250163481366890e+01 1.304989049431187631e+01 1.304412722513506928e+01 1.304176340303770409e+01 1.304054343266046345e+01 1.304026143424412254e+01 1.304001357207492973e+01 1.303979331602386438e+01 1.303959158523516670e+01 1.303937357116817886e+01 1.303918073514712361e+01 1.303900858689623909e+01 1.303872076305925098e+01 1.303780970282896590e+01 1.303736134473999897e+01 1.303709556648662371e+01 1.303694678764038350e+01 1.303708523389160590e+01 1.303726525789931223e+01 1.303577132094446434e+01 1.303795527450935232e+01 1.303860570249345230e+01 1.303990136072591177e+01 1.304443168126391228e+01 1.310320178021879833e+01 1.308060239199083163e+01 1.312042162080981456e+01 1.312799421322111115e+01 1.312936227598821581e+01 1.311770009763986344e+01 1.000000000000000020e+30
1.000000000000000020e+30 1.000000000000000020e+30 1.000000000000000020e+30 1.000000000000000020e+30 1.000000000000000020e+30 1.321357253945056520e+01 1.321874802664262560e+01 1.322306947435934887e+01 1.322773516505920810e+01 1.323362736205606893e+01 1.324588442070527705e+01 1.328349118843816434e+01 1.334178321474524331e+01 1.342025487553627805e+01 1.346555294082237708e+01 1.328012191766543459e+01 1.318274469468473065e+01 1.313861878748033440e+01 1.311732178547012850e+01 1.311496679458372583e+01 1.312028815726419495e+01 1.312208856706459059e+01 1.312262602352711127e+01 1.311417583416382016e+01 1.310713908411850070e+01 1.310107036180082041e+01 1.308204815949715716e+01 1.304977795270658625e+01 1.304406272343468665e+01 1.304171798476277289e+01 1.304050925306308883e+01 1.304023881501356108e+01 1.304000054309414303e+01 1.303978797064637440e+01 1.303959184138378191e+01 1.303937373686309620e+01 1.303918081320776956e+01 1.303900864021134964e+01 1.303873031710844721e+01 1.303785545516752364e+01 1.303741033509018976e+01 1.303714174724632002e+01 1.303698960086560632e+01 1.303712519155432759e+01 1.303606041303655516e+01 1.303756571554220933e+01 1.303799392262114942e+01 1.303865167948492498e+01 1.304000043792865071e+01 1.304523293793888605e+01 1.314387356311496546e+01 1.315540119152233700e+01 1.316180208448294486e+01 1.316294888719088974e+01 1.315860640730551623e+01 1.313831024046599261e+01 1.000000000000000020e+30
1.000000000000000020e+30 1.000000000000000020e+30 1.000000000000000020e+30 1.000000000000000020e+30 1.320537885788719557e+01 1.320798045237318874e+01 1.321141302132911122e+01 1.321807099890203929e+01 1.322608157704572740e+01 1.323550377154418278e+01 1.324871438378061761e+01 1.327453102320440514e+01 1.330978261086680092e+01 1.335156360152664234e+01 1.336796503525308388e+01 1.325284276718437049e+01 1.318377002647440754e+01 1.314708193915699219e+01 1.312690385228223811e+01 1.312715503464993461e+01 1.312302110364635510e+01 1.312840184021168533e+01 1.312801774513352449e+01 1.311906717389968513e+01 1.311159984394111611e+01 1.310514341169002428e+01 1.308411418076535782e+01 1.304991906438820948e+01 1.304409416850225512e+01 1.304172579583908131e+01 1.304051873925199700e+01 1.304031976989168307e+01 1.304014003428674684e+01 1.303997476426020974e+01 1.303980438143379850e+01 1.303951073860007170e+01 1.303925920583083098e+01 1.303904158055991225e+01 1.303878786413674540e+01 1.303818059027852527e+01 1.303779310155992377e+01 1.303752514804094886e+01 1.303736217319156765e+01 1.303755566986180625e+01 1.303780717537598299e+01 1.303651557595020449e+01 1.303875817033957496e+01 1.303968684098464337e+01 1.304157266012908067e+01 1.304894562747593056e+01 1.319148200736829146e+01 1.321236980817088735e+01 1.321561744158548990e+01 1.321495134599093646e+01 1.320543225504769502e+01 1.316785437393949820e+01 1.000000000000000020e+30
1.000000000000000020e+30 1.000000000000000020e+30 1.000000000000000020e+30 1.000000000000000020e+30 1.320377028188521784e+01 1.320294620326364310e+01 1.320423336547264093e+01 1.321389206376349890e+01 1.322628296364219480e+01 1.324047025925358767e+01 1.325540548822284848e+01 1.326821406480941512e+01 1.328199921325561128e+01 1.329549189939926812e+01 1.329410179594933084e+01 1.322991857789065051e+01 1.318510683183445131e+01 1.315671532290078183e+01 1.313891482192145688e+01 1.313779454021533866e+01 1.313681158714751618e+01 1.313001921621584067e+01 1.313401425926696575e+01 1.312469778143703003e+01 1.311674333104674339e+01 1.310984123097688325e+01 1.308642144671217089e+01 1.305006119371040540e+01 1.304412603864895637e+01 1.304173375493822107e+01 1.304052852629951786e+01 1.304040406400237551e+01 1.304029008771796860e+01 1.304018177205623275e+01 1.304004466837951703e+01 1.303966009328042119e+01 1.303934195170838350e+01 1.303907543787991408e+01 1.303884851296446357e+01 1.303865043360884357e+01 1.303847898469074806e+01 1.303832731776129172e+01 1.303749482055020081e+01 1.303759489513192094e+01 1.303773802321205011e+01 1.303961390196511339e+01 1.304058468087056966e+01 1.304212177911571935e+01 1.304527621867459253e+01 1.305752898435871145e+01 1.328842805089179890e+01 1.331922930875349920e+01 1.332237096935334186e+01 1.332014619281539680e+01 1.329920030092144501e+01 1.321832890115370418e+01 1.000000000000000020e+30
1.000000000000000020e+30 1.000000000000000020e+30 1.000000000000000020e+30 1.317620998210634831e+01 1.319729650962688794e+01 1.319742507542109244e+01 1.319754147299189739e+01 1.321017039521819925e+01 1.322684732591430468e+01 1.324605593580858454e+01 1.326335160096250476e+01 1.326371639898752264e+01 1.326052457218458613e+01 1.325575911852028987e+01 1.324509184493263447e+01 1.321254627204237764e+01 1.318689527189433797e+01 1.316794979058104609e+01 1.315432430744615644e+01 1.315091253342890099e+01 1.314788151657137405e+01 1.314475610067860600e+01 1.313398653315563180e+01 1.313086499152247377e+01 1.312251004454494918e+01 1.311520281507154628e+01 1.308898712130796937e+01 1.305021367334699534e+01 1.304416395345110047e+01 1.304174586178555195e+01 1.304054177069173370e+01 1.304049474106979112e+01 1.304045434519911595e+01 1.304041434247662323e+01 1.304031991386474054e+01 1.303982522006721467e+01 1.303943109169455994e+01 1.303911183648206240e+01 1.303891399559872255e+01 1.303938744539452266e+01 1.304005536667776965e+01 1.304105859378682375e+01 1.304200333001461942e+01 1.304375311267074267e+01 1.304505168544299032e+01 1.304687859582423393e+01 1.304959447922817439e+01 1.305417256378497193e+01 1.306350163610953530e+01 1.309675678372747498e+01 1.356848561457089808e+01 1.360494182839730293e+01 1.360546710847972740e+01 1.359989842084624989e+01 1.354308120721386999e+01 1.331701277417448637e+01 1.000000000000000020e+30
1.000000000000000020e+30 1.000000000000000020e+30 1.000000000000000020e+30 1.316882738475728587e+01 1.315805547947996601e+01 1.318891281136608384e+01 1.319308675612839110e+01 1.320794358558675441e+01 1.322717552658414064e+01 1.324964057682727869e+01 1.326920770708346886e+01 1.326335851738221372e+01 1.325310739297351148e+01 1.324223070679166270e+01 1.322929092695859055e+01 1.320656766341592103e+01 1.318779157097345767e+01 1.317290263938371986e+01 1.316147519595543436e+01 1.315715206006079363e+01 1.315326903864922592e+01 1.314960212063867928e+01 1.314500500342807854e+01 1.312823839397331760e+01 1.312058253835887811e+01 1.311925370883929354e+01 1.309284694945124805e+01 1.305175844267591501e+01 1.304509372460695005e+01 1.304241080665364549e+01 1.304107692770359961e+01 1.304106797649260940e+01 1.304106762744092052e+01 1.304106676836913259e+01 1.304099437948368134e+01 1.304040312580021244e+01 1.303993461318737346e+01 1.303955751872181068e+01 1.303935662875496249e+01 1.304049050681125266e+01 1.304282392244041233e+01 1.304904862775818764e+01 1.437925122554267432e+01 1.475339855704467595e+01 1.514497405153871945e+01 1.587256129096446955e+01 1.881191903915269847e+01 1.947760786473567052e+01 1.980052851423104698e+01 1.983871467001510069e+01 1.984911563108516930e+01 1.983137354489631221e+01 1.968473886674177820e+01 1.858991528024735018e+01 1.398898261632127671e+01 1.344380149934839253e+01 1.000000000000000020e+30
1.000000000000000020e+30 1.000000000000000020e+30 1.000000000000000020e+30 1.315658872603444607e+01 1.315148727802697515e+01 1.318164820663572101e+01 1.319129534778747370e+01 1.320721869260706960e+01 1.322711138869110314e+01 1.325060168594396259e+01 1.327198877597705007e+01 1.326695768550530197e+01 1.325822899436119684e+01 1.324923730131673416e+01 1.323741491368812007e+01 1.320986314474095380e+01 1.318747336399438908e+01 1.317000753890555131e+01 1.315709235839301527e+01 1.315406304383914282e+01 1.315138651446413043e+01 1.314881314683285574e+01 1.314550131347087358e+01 1.313648514116256649e+01 1.312873461408593556e+01 1.311598194094263725e+01 1.309838995599651490e+01 1.305581220115203323e+01 1.304769307555739744e+01 1.304431665129636286e+01 1.304261608902664626e+01 1.304260089682318657e+01 1.304260044571262966e+01 1.304259937310347972e+01 1.304252163542409626e+01 1.304187860891514994e+01 1.304134657870334557e+01 1.304088731651856570e+01 1.303911481966198593e+01 1.304069402529343336e+01 1.304393676796509283e+01 1.000000000000000020e+30 1.000000000000000020e+30 1.000000000000000020e+30 1.000000000000000020e+30 1.000000000000000020e+30 1.000000000000000020e+30 1.000000000000000020e+30 2.173049215639050757e+01 2.174196546407679875e+01 2.178602834861546000e+01 2.175824418337247934e+01 2.152853252495716774e+01 1.996759964712504498e+01 1.405436949913092448e+01 1.353817959469450649e+01 1.000000000000000020e+30
1.000000000000000020e+30 1.000000000000000020e+30 1.314502687415741988e+01 1.314646889551530506e+01 1.314787495674339901e+01 1.315392243664126859e+01 1.318820841657838905e+01 1.320576917999194677e+01 1.322677134134371002e+01 1.325090473692596404e+01 1.327418257980969507e+01 1.327132269392292407e+01 1.326563711330428497e+01 1.325963778513182767e+01 1.324904855682467364e+01 1.321402485974494390e+01 1.318708423787897388e+01 1.316698483348954696e+01 1.315284062377833152e+01 1.315098340999153237e+01 1.314944240082100535e+01 1.314792936396501588e+01 1.314565480285419596e+01 1.313791770730965602e+01 1.313107816915138137e+01 1.312462837836032037e+01 1.309950715763877582e+01 1.306253892431442409e+01 1.305230310331789312e+01 1.304788681636513559e+01 1.304554607010069489e+01 1.304551904580699961e+01 1.304551706265371536e+01 1.304551401269123190e+01 1.304544269112462374e+01 1.304483343870892931e+01 1.304435490251219854e+01 1.304167316637441232e+01 1.304376716204931874e+01 1.304643419518375147e+01 1.305179250013839187e+01 1.000000000000000020e+30 1.000000000000000020e+30 1.000000000000000020e+30 1.000000000000000020e+30 1.000000000000000020e+30 1.000000000000000020e+30 1.000000000000000020e+30 1.000000000000000020e+30 1.000000000000000020e+30 2.210794090859680594e+01 2.208443942862106724e+01 2.194379632095064281e+01 2.118905678712906493e+01 1.416528554714741972e+01 1.366626584881748130e+01 1.000000000000000020e+30
1.000000000000000020e+30 1.000000000000000020e+30 1.313071186758082298e+01 1.313813819489001489e+01 1.314704088617347821e+01 1.315797577740451985e+01 1.317254857378389232e+01 1.318724623889157854e+01 1.322500618752750867e+01 1.324994156076500218e+01 1.327485448121228551e+01 1.327517811010827664e+01 1.327315606259345770e+01 1.327076469576409679e+01 1.326187214256823665e+01 1.321823309805646396e+01 1.318678052718713722e+01 1.316428736506638231e+01 1.314911324912788615e+01 1.314831225846155327e+01 1.314782942227670048e+01 1.314734093856776731e+01 1.314609339001335897e+01 1.313952143829267172e+01 1.313357100862119431e+01 1.312807014393332139e+01 1.311429656516234132e+01 1.306775051450372160e+01 1.305399780150404787e+01 1.305614306880267783e+01 1.305262774772695167e+01 1.305292797377408398e+01 1.305294352614003373e+01 1.305292416984310400e+01 1.305261968933644212e+01 1.304694335832341601e+01 1.305013452464798007e+01 1.305799842852302284e+01 1.306207310318165860e+01 1.307053890833831389e+01 1.000000000000000020e+30 1.000000000000000020e+30 1.000000000000000020e+30 1.000000000000000020e+30 1.000000000000000020e+30 1.000000000000000020e+30 1.000000000000000020e+30 1.000000000000000020e+30 1.000000000000000020e+30 1.000000000000000020e+30 1.000000000000000020e+30 1.000000000000000020e+30 1.000000000000000020e+30 3.061979591633844677e+01 1.459816015597802696e+01 1.000000000000000020e+30 1.000000000000000020e+30
1.000000000000000020e+30 1.311802483981564116e+01 1.312464154687975260e+01 1.313449393652882158e+01 1.314667139337453250e+01 1.316199009845048806e+01 1.318053919863393553e+01 1.319289990096305765e+01 1.320808127524723474e+01 1.322548477649047527e+01 1.324420035748746294e+01 1.326074892391833693e+01 1.326138865840476555e+01 1.326178675120401707e+01 1.325608327011453014e+01 1.321905807031064839e+01 1.319137721687080322e+01 1.317077898174893491e+01 1.315664115901450337e+01 1.315717477561132753e+01 1.315807365118539884e+01 1.315897952037901852e+01 1.315907796762843773e+01 1.315341258028914595e+01 1.314809029186797851e+01 1.314306469921286791e+01 1.313262184720021963e+01 1.309892285360223418e+01 1.308179298712671645e+01 1.305639035991372587e+01 1.305016228971925685e+01 1.306570735451379939e+01 1.306626686895018175e+01 1.306591849202413336e+01 1.305304723322480065e+01 1.307833094237807359e+01 1.310254619250621921e+01 1.318341742739178635e+01 1.368795195143485266e+01 1.382205501667705327e+01 1.000000000000000020e+30 1.000000000000000020e+30 1.000000000000000020e+30 1.000000000000000020e+30 1.000000000000000020e+30 1.000000000000000020e+30 1.000000000000000020e+30 1.000000000000000020e+30 1.000000000000000020e+30 1.000000000000000020e+30 1.000000000000000020e+30 1.000000000000000020e+30 1.000000000000000020e+30 1.000000000000000020e+30 1.000000000000000020e+30 1.000000000000000020e+30 1.000000000000000020e+30
1.000000000000000020e+30 1.311990741411166539e+01 1.312485544469713084e+01 1.313453110352442188e+01 1.314654045863436593e+01 1.316166129716438782e+01 1.317956129012401689e+01 1.318813791727997220e+01 1.319753477081603243e+01 1.320810082456189605e+01 1.321857454943857491e+01 1.321940584778316463e+01 1.321995353450919808e+01 1.323509953938986961e+01 1.323335248687291177e+01 1.321652705243306869e+01 1.320189809593657060e+01 1.318950331944552801e+01 1.318046849890374439e+01 1.318386085193287727e+01 1.318782014003618031e+01 1.319199374249113355e+01 1.319539116731869299e+01 1.319192681148117785e+01 1.318835930938250911e+01 1.318463729773826287e+01 1.317246127997895577e+01 1.312657673712816475e+01 1.310343713720298453e+01 1.308881301156847599e+01 1.307953503766304415e+01 1.305869775685579093e+01 1.305621235850291839e+01 1.305895596788539414e+01 1.308143586571283734e+01 1.309923304071024930e+01 1.313719471402769656e+01 1.326185050784662245e+01 1.356398534806322687e+01 1.000000000000000020e+30 1.000000000000000020e+30 1.000000000000000020e+30 1.000000000000000020e+30 1.000000000000000020e+30 1.000000000000000020e+30 1.000000000000000020e+30 1.000000000000000020e+30 1.000000000000000020e+30 1.000000000000000020e+30 1.000000000000000020e+30 1.000000000000000020e+30 1.000000000000000020e+30 1.000000000000000020e+30 1.000000000000000020e+30 1.000000000000000020e+30 1.000000000000000020e+30 1.000000000000000020e+30
1.311947447948131718e+01 1.312186851928015940e+01 1.312518279041528224e+01 1.313464153904334353e+01 1.314640553253167710e+01 1.316120148630838926e+01 1.317830959904422627e+01 1.318333374049892015e+01 1.318840051929638157e+01 1.319382045688793959e+01 1.319890764029344687e+01 1.319892453460253279e+01 1.319928254456683092e+01 1.321322327578232070e+01 1.321419838276051273e+01 1.321412711663315775e+01 1.321415536474189167e+01 1.321439680966984831e+01 1.321592732202464049e+01 1.322541703752659892e+01 1.323624428476949610e+01 1.324831331108964605e+01 1.326060549245774034e+01 1.326592885350655848e+01 1.327111587445055463e+01 1.327573077395138412e+01 1.326513950157262123e+01 1.319447854754474925e+01 1.315597249172820149e+01 1.313177472504111165e+01 1.311645954974345685e+01 1.310922275076825017e+01 1.307737669647340795e+01 1.310743736225770739e+01 1.312066337811398142e+01 1.314941554078873054e+01 1.323190880239683587e+01 1.359205110637493341e+01 1.376788822913293409e+01 1.000000000000000020e+30 1.000000000000000020e+30 1.000000000000000020e+30 1.000000000000000020e+30 1.000000000000000020e+30 1.000000000000000020e+30 1.000000000000000020e+30 1.000000000000000020e+30 1.000000000000000020e+30 1.000000000000000020e+30 1.000000000000000020e+30 1.000000000000000020e+30 1.000000000000000020e+30 1.000000000000000020e+30 1.000000000000000020e+30 1.000000000000000020e+30 1.000000000000000020e+30 1.000000000000000020e+30
1.312338625678891368e+01 1.312403346048690800e+01 1.312557955740623150e+01 1.313480465826391530e+01 1.314628668107063092e+01 1.316068667185761143e+01 1.317691919891285757e+01 1.317879032506835735e+01 1.318035968972612082e+01 1.318197656494828429e+01 1.318343226326869200e+01 1.318332213445339285e+01 1.318321383870631713e+01 1.318404039690273954e+01 1.319879668851503851e+01 1.321281304779058452e+01 1.322913376669235141e+01 1.324853188232076917e+01 1.327124460366379033e+01 1.329383476884880366e+01 1.332027595387527441e+01 1.335164863071037900e+01 1.338815255134831439e+01 1.342563742720583875e+01 1.346908061876301943e+01 1.351622329067841299e+01 1.353346126700443008e+01 1.341310572630371567e+01 1.333013316677093130e+01 1.326864625106169981e+01 1.322310055483846014e+01 1.319289828967736966e+01 1.314683241945208003e+01 1.316243500949492251e+01 1.323385075957235202e+01 1.327929502339360823e+01 1.346233685813695224e+01 1.360835352926927477e+01 1.376931001645529840e+01 1.000000000000000020e+30 1.000000000000000020e+30 1.000000000000000020e+30 1.000000000000000020e+30 1.000000000000000020e+30 1.000000000000000020e+30 1.000000000000000020e+30 1.000000000000000020e+30 1.000000000000000020e+30 1.000000000000000020e+30 1.000000000000000020e+30 1.000000000000000020e+30 1.000000000000000020e+30 1.000000000000000020e+30 1.000000000000000020e+30 1.000000000000000020e+30 1.000000000000000020e+30 1.000000000000000020e+30
1.313069023175014749e+01 1.313000682401102637e+01 1.313019956546320444e+01 1.313785056127213480e+01 1.314702964109966921e+01 1.315802669335608677e+01 1.317019218172576878e+01 1.317497480479604377e+01 1.317993478487987424e+01 1.318530138902425364e+01 1.319055803266730642e+01 1.319189816320074904e+01 1.319317014570283675e+01 1.319520833596528853e+01 1.321478594568993792e+01 1.323750149621009697e+01 1.326577340509075320e+01 1.330175191769130549e+01 1.334572459713043102e+01 1.338242278084965697e+01 1.342570175927568954e+01 1.347813131010181742e+01 1.354196388266770690e+01 1.362029452922108241e+01 1.371307351677582531e+01 1.380431275661758761e+01 1.382654472732514783e+01 1.368438283565195945e+01 1.354879815130024667e+01 1.341740801396265148e+01 1.329599029861301318e+01 1.317379793010932332e+01 1.329559303135735249e+01 1.334434163535467377e+01 1.336032970241586426e+01 1.338754484349055929e+01 1.342039973844985390e+01 1.345261852371218403e+01 1.000000000000000020e+30 1.000000000000000020e+30 1.000000000000000020e+30 1.000000000000000020e+30 1.000000000000000020e+30 1.000000000000000020e+30 1.000000000000000020e+30 1.000000000000000020e+30 1.000000000000000020e+30 1.000000000000000020e+30 1.000000000000000020e+30 1.000000000000000020e+30 1.000000000000000020e+30 1.000000000000000020e+30 1.000000000000000020e+30 1.000000000000000020e+30 1.000000000000000020e+30 1.000000000000000020e+30 1.000000000000000020e+30
1.314304341904611917e+01 1.314141557367240587e+01 1.314041385362407688e+01 1.314432702942043463e+01 1.314868010287840328e+01 1.315347402971384483e+01 1.315945821890408673e+01 1.317183676876666532e+01 1.318709766440449016e+01 1.320601394550751806e+01 1.322731485142177732e+01 1.323387041626036265e+01 1.324026800175975893e+01 1.324848320984133387e+01 1.328221404397075034e+01 1.331224757742169551e+01 1.334756517111035024e+01 1.339072078658254128e+01 1.344121160563048356e+01 1.348173777964671238e+01 1.352775340610608801e+01 1.358142775372114563e+01 1.364389039403150328e+01 1.371479469430959242e+01 1.378451563368354726e+01 1.381722860987350465e+01 1.373828930640624080e+01 1.355207388414983072e+01 1.336500612319348491e+01 1.317315127050216361e+01 1.301423843260760727e+01 1.297280603529989662e+01 1.315465620065601016e+01 1.320416297209601808e+01 1.318575782317213019e+01 1.319219878845427019e+01 1.318982783602561959e+01 1.321702881297294851e+01 1.000000000000000020e+30 1.000000000000000020e+30 1.000000000000000020e+30 1.000000000000000020e+30 1.000000000000000020e+30 1.000000000000000020e+30 1.000000000000000020e+30 1.000000000000000020e+30 1.000000000000000020e+30 1.000000000000000020e+30 1.000000000000000020e+30 1.000000000000000020e+30 1.000000000000000020e+30 1.000000000000000020e+30 1.000000000000000020e+30 1.000000000000000020e+30 1.000000000000000020e+30 1.000000000000000020e+30 1.000000000000000020e+30
1.315906549520494373e+01 1.315593873804877489e+01 1.315308757864546862e+01 1.315173439987544945e+01 1.315042452015510221e+01 1.314919219086090330e+01 1.315011591097925781e+01 1.316890315940318601e+01 1.319541837822003494e+01 1.323370125696492394e+01 1.328441760639296554e+01 1.330203718675249291e+01 1.331933057021410249e+01 1.334022574823264584e+01 1.340008326455190790e+01 1.344692626201540442e+01 1.349233047433469856e+01 1.354198900707898545e+01 1.359531226704366169e+01 1.363583019442645217e+01 1.367891435634483344e+01 1.372587869042401465e+01 1.377542407806629932e+01 1.382150629045095336e+01 1.384387140686206052e+01 1.379682765801146971e+01 1.361872919387187508e+01 1.334865617635867352e+01 1.304045182562495064e+01 1.267665588412069511e+01 1.231607022536621798e+01 1.261037996944081208e+01 1.278441633626092333e+01 1.283658906504445518e+01 1.278591046995956226e+01 1.279624616426819728e+01 1.284187334516878209e+01 1.303320711552241207e+01 1.000000000000000020e+30 1.000000000000000020e+30 1.000000000000000020e+30 1.000000000000000020e+30 1.000000000000000020e+30 1.000000000000000020e+30 1.000000000000000020e+30 1.000000000000000020e+30 1.000000000000000020e+30 1.000000000000000020e+30 1.000000000000000020e+30 1.000000000000000020e+30 1.000000000000000020e+30 1.000000000000000020e+30 1.000000000000000020e+30 1.000000000000000020e+30 1.000000000000000020e+30 1.000000000000000020e+30 1.000000000000000020e+30
1.318057792070356271e+01 1.317499777727589461e+01 1.316922441471491290e+01 1.316047607964117283e+01 1.315261007173702801e+01 1.314563021378914698e+01 1.314250578675823000e+01 1.316677346976245921e+01 1.320558451235806530e+01 1.327107920519749129e+01 1.337317658571100587e+01 1.341039195020267805e+01 1.344183930397652027e+01 1.346401257468837365e+01 1.349906222834511027e+01 1.364771867102279401e+01 1.373568888176474267e+01 1.380418383708294527e+01 1.386002952515067044e+01 1.389623036924047028e+01 1.392669991104174443e+01 1.395260524615823350e+01 1.396802099787471185e+01 1.395890796150915136e+01 1.390452841283470420e+01 1.377001656012789432e+01 1.352110894857387358e+01 1.316757018781812860e+01 1.268268859670906146e+01 1.194674695343635484e+01 1.065570010535346945e+01 1.143748918311606211e+01 1.166465772324329286e+01 1.182499486865322602e+01 1.207925323604360734e+01 1.223259955929067111e+01 1.231571357728017979e+01 1.000000000000000020e+30 1.000000000000000020e+30 1.000000000000000020e+30 1.000000000000000020e+30 1.000000000000000020e+30 1.000000000000000020e+30 1.000000000000000020e+30 1.000000000000000020e+30 1.000000000000000020e+30 1.000000000000000020e+30 1.000000000000000020e+30 1.000000000000000020e+30 1.000000000000000020e+30 1.000000000000000020e+30 1.000000000000000020e+30 1.000000000000000020e+30 1.000000000000000020e+30 1.000000000000000020e+30 1.000000000000000020e+30 1.000000000000000020e+30
1.321559405445516866e+01 1.320770417124289509e+01 1.319918216490135876e+01 1.318414752828416781e+01 1.317124476147504986e+01 1.316027877686411607e+01 1.315491624098823387e+01 1.318556475822474283e+01 1.323676034134061119e+01 1.332691704080028572e+01 1.347026244167892806e+01 1.351304067635508588e+01 1.352444112773395091e+01 1.346588984988645699e+01 1.337858774435196985e+01 1.363401392955412739e+01 1.386595797487712645e+01 1.403016445693194569e+01 1.412612490286812239e+01 1.416773430366406039e+01 1.418483790665181665e+01 1.418452452502540950e+01 1.415454515444140071e+01 1.406939307874633194e+01 1.393731586490442531e+01 1.374331989850162472e+01 1.346584048528258926e+01 1.306093074270850884e+01 1.245146719150630510e+01 1.149096308527038168e+01 9.948067326849988845e+00 9.947642818693344324e+00 1.003789691529353689e+01 1.029268164262410501e+01 1.126046763356835534e+01 1.164474520810497182e+01 1.179441907706786452e+01 1.000000000000000020e+30 1.000000000000000020e+30 1.000000000000000020e+30 1.000000000000000020e+30 1.000000000000000020e+30 1.000000000000000020e+30 1.000000000000000020e+30 1.000000000000000020e+30 1.000000000000000020e+30 1.000000000000000020e+30 1.000000000000000020e+30 1.000000000000000020e+30 1.000000000000000020e+30 1.000000000000000020e+30 1.000000000000000020e+30 1.000000000000000020e+30 1.000000000000000020e+30 1.000000000000000020e+30 1.000000000000000020e+30 1.000000000000000020e+30
1.327822191186822387e+01 1.326970011600024790e+01 1.326004002400444648e+01 1.324152450410087667e+01 1.322525544804912023e+01 1.321121804057879956e+01 1.320458736656034837e+01 1.324585903482264193e+01 1.331089449127785151e+01 1.341447593066567912e+01 1.355762927007081764e+01 1.358639494050309615e+01 1.356785064540109431e+01 1.343786882192822851e+01 1.321326363643317592e+01 1.334984395972849391e+01 1.377812018413017192e+01 1.408348073705452030e+01 1.423889499830930561e+01 1.427189059547428052e+01 1.428383951936556961e+01 1.428708389720255134e+01 1.425752612699384159e+01 1.410228649888873420e+01 1.392383559579666752e+01 1.371503913936983565e+01 1.346050147256057627e+01 1.304105313134263255e+01 1.238163806494209496e+01 1.137245140991383430e+01 9.952926371266702432e+00 9.676060294892142366e+00 9.961841799516468754e+00 9.923482097267395829e+00 1.077838677131404665e+01 1.117723044175794733e+01 1.129725482275506288e+01 1.111001121545613479e+01 1.000000000000000020e+30 1.000000000000000020e+30 1.000000000000000020e+30 1.000000000000000020e+30 1.000000000000000020e+30 1.000000000000000020e+30 1.000000000000000020e+30 1.000000000000000020e+30 1.000000000000000020e+30 1.000000000000000020e+30 1.000000000000000020e+30 1.000000000000000020e+30 1.000000000000000020e+30 1.000000000000000020e+30 1.000000000000000020e+30 1.000000000000000020e+30 1.000000000000000020e+30 1.000000000000000020e+30 1.000000000000000020e+30
1.338865427194509472e+01 1.338218729793746675e+01 1.337375395007632051e+01 1.335280172196343429e+01 1.333347697659236353e+01 1.331624801285843418e+01 1.330861944374862205e+01 1.336384636923204994e+01 1.344242983954067228e+01 1.355066738230025969e+01 1.367534434886975703e+01 1.369017194690004935e+01 1.366102446439303364e+01 1.353215023355335589e+01 1.329936031028238119e+01 1.338221446536629422e+01 1.373039412624277134e+01 1.423136896821298514e+01 1.444389830293630439e+01 1.433226899026088930e+01 1.431684564876414534e+01 1.434505319037381987e+01 1.444337999242493709e+01 1.405261281284120578e+01 1.382038454966383334e+01 1.362080091981370344e+01 1.354513090404637232e+01 1.317141080399526665e+01 1.255183866251309865e+01 1.161568954222107131e+01 1.055637352369731374e+01 1.005565573658703826e+01 9.970133937417189784e+00 9.827104757022562254e+00 1.053369508100790242e+01 1.086815919732140756e+01 1.095448377523563543e+01 1.083880164604926044e+01 1.000000000000000020e+30 1.000000000000000020e+30 1.000000000000000020e+30 1.000000000000000020e+30 1.000000000000000020e+30 1.000000000000000020e+30 1.000000000000000020e+30 1.000000000000000020e+30 1.000000000000000020e+30 1.000000000000000020e+30 1.000000000000000020e+30 1.000000000000000020e+30 1.000000000000000020e+30 1.000000000000000020e+30 1.000000000000000020e+30 1.000000000000000020e+30 1.000000000000000020e+30 1.000000000000000020e+30 1.000000000000000020e+30
1.357517857292728181e+01 1.357892296152716405e+01 1.357957362870669016e+01 1.356330171358728620e+01 1.354595901556123749e+01 1.353005974413887458e+01 1.352743527145470992e+01 1.359370315694138220e+01 1.368304509355173160e+01 1.379090848642433720e+01 1.388034298977303749e+01 1.391574604794695524e+01 1.395595104374794460e+01 1.407839308599277750e+01 1.412808114130006842e+01 1.428721091237605378e+01 1.461704134939312638e+01 1.505096486194709549e+01 1.544477761469183363e+01 1.587834513758811639e+01 1.602319438520637362e+01 1.610407177268093903e+01 1.577081802440333647e+01 1.537852658359326874e+01 1.526494496544347612e+01 1.479648028716252917e+01 1.410618653976624159e+01 1.366238490710219367e+01 1.325101055591260035e+01 1.225447762850860478e+01 1.109483284765699906e+01 1.027842227816776344e+01 9.916714855982590393e+00 9.896683314140192422e+00 1.046477622081100556e+01 1.068556148644371895e+01 1.063712347431531491e+01 1.019934849990643322e+01 1.000000000000000020e+30 1.000000000000000020e+30 1.000000000000000020e+30 1.000000000000000020e+30 1.000000000000000020e+30 1.000000000000000020e+30 1.000000000000000020e+30 1.000000000000000020e+30 1.000000000000000020e+30 1.000000000000000020e+30 1.000000000000000020e+30 1.000000000000000020e+30 1.000000000000000020e+30 1.000000000000000020e+30 1.000000000000000020e+30 1.000000000000000020e+30 1.000000000000000020e+30 1.000000000000000020e+30 1.000000000000000020e+30
1.362477826989498375e+01 1.360821513513741010e+01 1.357738281168446726e+01 1.352743724568015615e+01 1.346590604614024578e+01 1.340917412633561590e+01 1.341134412446022317e+01 1.357515449539454444e+01 1.390054569415163144e+01 1.444738888071959160e+01 2.316856485603909377e+01 3.081833210435143044e+01 3.803303640155770182e+01 6.806206048166389166e+01 8.178504419873705444e+01 9.141599883261241644e+01 9.755386327066551644e+01 1.017219932332411929e+02 1.131085363434029745e+02 1.179429745290852338e+02 1.177835256053179620e+02 1.399908813354928725e+02 1.576196915697477436e+02 1.627361886946113998e+02 1.577940897083685456e+02 1.386176336824410669e+02 1.196249112754277064e+02 9.212435621021889176e+01 7.055944253633089147e+01 4.421391151200209890e+01 1.403400963787285605e+01 1.067994087092761823e+01 1.025704354988334721e+01 1.045461885188474760e+01 1.063650028106104806e+01 1.066914133848630364e+01 1.049364586438495728e+01 1.002100745857639907e+01 1.000000000000000020e+30 1.000000000000000020e+30 1.000000000000000020e+30 1.000000000000000020e+30 1.000000000000000020e+30 1.000000000000000020e+30 1.000000000000000020e+30 1.000000000000000020e+30 1.000000000000000020e+30 1.000000000000000020e+30 1.000000000000000020e+30 1.000000000000000020e+30 1.000000000000000020e+30 1.000000000000000020e+30 1.000000000000000020e+30 1.000000000000000020e+30 1.000000000000000020e+30 1.000000000000000020e+30 1.000000000000000020e+30
1.356306487690138951e+01 1.350058918392710616e+01 1.345479192978921823e+01 1.340629056877426706e+01 1.335390900936227077e+01 1.332372971655938443e+01 1.340709611020393233e+01 1.379317473066327082e+01 1.454945887073781918e+01 1.605564784739644324e+01 5.732802818571649794e+01 1.082525621165418102e+02 1.440206142755376675e+02 1.789889423898983978e+02 2.094318454614519567e+02 2.414780572191831709e+02 2.614246001361967728e+02 2.665602336398904413e+02 3.444596976337693945e+02 4.101090428046083503e+02 4.742376357890669283e+02 6.731425192508227155e+02 7.324789369294732069e+02 7.404319917684765642e+02 6.995231722999327530e+02 5.167746740154685767e+02 4.432458227936074309e+02 3.908200819186939725e+02 3.468316041853755678e+02 1.194397202799266324e+02 2.141373001664573650e+01 1.216106184688415759e+01 1.134391313006232593e+01 1.108648456325721554e+01 1.095377578848814970e+01 1.079343599568741041e+01 1.050659567802869532e+01 1.001834544403020821e+01 1.000000000000000020e+30 1.000000000000000020e+30 1.000000000000000020e+30 1.000000000000000020e+30 1.000000000000000020e+30 1.000000000000000020e+30 1.000000000000000020e+30 1.000000000000000020e+30 1.000000000000000020e+30 1.000000000000000020e+30 1.000000000000000020e+30 1.000000000000000020e+30 1.000000000000000020e+30 1.000000000000000020e+30 1.000000000000000020e+30 1.000000000000000020e+30 1.000000000000000020e+30 1.000000000000000020e+30 1.000000000000000020e+30
1.000000000000000020e+30 1.334315384190394660e+01 1.335177525547358535e+01 1.338427574635480966e+01 1.344329100796598730e+01 1.356069902917455750e+01 1.385479252999229693e+01 1.464078161264780142e+01 1.610942468586402754e+01 1.960947322262421366e+01 9.878913638696025146e+01 1.945191813796768940e+02 2.562834021008368950e+02 3.089994183779950845e+02 3.599895542639345649e+02 4.756791428712895708e+02 6.024195460014980199e+02 1.444807257139004378e+03 7.703225102827572073e+02 7.812949934998649724e+02 1.000000000000000020e+30 1.207434945253290380e+03 1.229227407356563617e+03 1.235268373921962393e+03 1.223645756414984817e+03 1.000000000000000020e+30 1.000000000000000020e+30 1.000000000000000020e+30 7.212110123915134636e+02 3.850704716315103724e+02 3.743137522330633971e+01 1.416691571108802172e+01 1.247916706685457555e+01 1.179573761759329642e+01 1.136530382867105438e+01 1.101809015726897911e+01 1.064731928038924025e+01 1.023949790072565058e+01 9.859641820432912596e+00 1.000000000000000020e+30 1.000000000000000020e+30 1.000000000000000020e+30 1.000000000000000020e+30 1.000000000000000020e+30 1.000000000000000020e+30 1.000000000000000020e+30 1.000000000000000020e+30 1.000000000000000020e+30 1.000000000000000020e+30 1.000000000000000020e+30 1.000000000000000020e+30 1.000000000000000020e+30 1.000000000000000020e+30 1.000000000000000020e+30 1.000000000000000020e+30 1.000000000000000020e+30 1.000000000000000020e+30
1.000000000000000020e+30 1.318823172314445635e+01 1.333445522285897589e+01 1.355501573988530595e+01 1.388019963401477952e+01 1.436680656884404961e+01 1.521224144795256450e+01 1.730116322039962995e+01 2.133507793090947402e+01 3.274159039171060925e+01 2.075378000725841616e+02 3.843361642947502901e+02 4.815591780926181968e+02 6.563016234099391113e+02 1.561116461161426969e+03 9.252284586436941254e+02 9.768425292186782372e+02 1.000000000000000020e+30 1.000000000000000020e+30 1.000000000000000020e+30 1.000000000000000020e+30 1.000000000000000020e+30 1.000000000000000020e+30 1.000000000000000020e+30 1.000000000000000020e+30 1.000000000000000020e+30 1.000000000000000020e+30 1.000000000000000020e+30 9.391817648166565959e+02 6.446525045576795492e+02 2.123053314694166147e+02 1.895531225543665954e+01 1.457218083164681310e+01 1.296081610232348424e+01 1.202198298607164340e+01 1.132123031079199649e+01 1.081639759536213141e+01 1.035476631104059742e+01 9.890719022109506042e+00 1.000000000000000020e+30 1.000000000000000020e+30 1.000000000000000020e+30 1.000000000000000020e+30 1.000000000000000020e+30 1.000000000000000020e+30 1.000000000000000020e+30 1.000000000000000020e+30 1.000000000000000020e+30 1.000000000000000020e+30 1.000000000000000020e+30 1.000000000000000020e+30 1.000000000000000020e+30 1.000000000000000020e+30 1.000000000000000020e+30 1.000000000000000020e+30 1.000000000000000020e+30 1.000000000000000020e+30
1.000000000000000020e+30 1.000000000000000020e+30 1.368843964805033409e+01 1.421086990291702534e+01 1.504903831357731470e+01 1.660603194758628121e+01 4.345588070435109529e+01 8.124088698097321526e+01 1.267367017051744114e+02 2.904924835840214996e+02 4.961016554542567860e+02 6.502901380153231230e+02 1.000000000000000020e+30 1.000000000000000020e+30 1.000000000000000020e+30 1.000000000000000020e+30 1.000000000000000020e+30 1.000000000000000020e+30 1.000000000000000020e+30 1.000000000000000020e+30 1.000000000000000020e+30 1.000000000000000020e+30 1.000000000000000020e+30 1.000000000000000020e+30 1.000000000000000020e+30 1.000000000000000020e+30 1.000000000000000020e+30 1.000000000000000020e+30 1.000000000000000020e+30 1.000000000000000020e+30 3.433997863368525714e+02 1.242346099287430974e+02 6.246649759966607718e+01 3.528956810690763035e+01 1.487590687640692266e+01 1.169714067039208416e+01 1.099969590327874158e+01 1.044970753509126737e+01 9.923819997802020509e+00 1.000000000000000020e+30 1.000000000000000020e+30 1.000000000000000020e+30 1.000000000000000020e+30 1.000000000000000020e+30 1.000000000000000020e+30 1.000000000000000020e+30 1.000000000000000020e+30 1.000000000000000020e+30 1.000000000000000020e+30 1.000000000000000020e+30 1.000000000000000020e+30 1.000000000000000020e+30 1.000000000000000020e+30 1.000000000000000020e+30 1.000000000000000020e+30 1.000000000000000020e+30 1.000000000000000020e+30
1.000000000000000020e+30 1.000000000000000020e+30 1.426300758917368938e+01 1.563697755554601976e+01 1.744273992835019982e+01 2.146234205582269539e+01 9.284365712523174352e+01 2.051087054966979224e+02 4.696444224944976895e+02 6.092276219367026897e+02 1.000000000000000020e+30 1.000000000000000020e+30 1.000000000000000020e+30 1.000000000000000020e+30 1.000000000000000020e+30 1.000000000000000020e+30 1.000000000000000020e+30 1.000000000000000020e+30 1.000000000000000020e+30 1.000000000000000020e+30 1.000000000000000020e+30 1.000000000000000020e+30 1.000000000000000020e+30 1.000000000000000020e+30 1.000000000000000020e+30 1.000000000000000020e+30 1.000000000000000020e+30 1.000000000000000020e+30 1.000000000000000020e+30 1.000000000000000020e+30 1.000000000000000020e+30 2.876958285889340914e+02 1.353713313673098071e+02 6.284821072979068646e+01 1.791972325873519623e+01 1.212274371749628443e+01 1.118267375202073843e+01 1.053246789286366969e+01 9.953253869491778261e+00 1.000000000000000020e+30 1.000000000000000020e+30 1.000000000000000020e+30 1.000000000000000020e+30 1.000000000000000020e+30 1.000000000000000020e+30 1.000000000000000020e+30 1.000000000000000020e+30 1.000000000000000020e+30 1.000000000000000020e+30 1.000000000000000020e+30 1.000000000000000020e+30 1.000000000000000020e+30 1.000000000000000020e+30 1.000000000000000020e+30 1.000000000000000020e+30 1.000000000000000020e+30 1.000000000000000020e+30
1.000000000000000020e+30 1.000000000000000020e+30 1.000000000000000020e+30 1.930727980496961038e+01 2.262920528655668306e+01 3.284220671407282310e+01 1.947532455179893418e+02 5.167682679997247988e+02 7.580588544031255651e+02 1.000000000000000020e+30 1.000000000000000020e+30 1.000000000000000020e+30 1.000000000000000020e+30 1.000000000000000020e+30 1.000000000000000020e+30 1.000000000000000020e+30 1.000000000000000020e+30 1.000000000000000020e+30 1.000000000000000020e+30 1.000000000000000020e+30 1.000000000000000020e+30 1.000000000000000020e+30 1.000000000000000020e+30 1.000000000000000020e+30 1.000000000000000020e+30 1.000000000000000020e+30 1.000000000000000020e+30 1.000000000000000020e+30 1.000000000000000020e+30 1.000000000000000020e+30 1.000000000000000020e+30 1.000000000000000020e+30 2.749612205439050854e+02 1.038933436805903341e+02 2.081060752183664420e+01 1.231414606929022248e+01 1.128199311742085875e+01 1.056708378822846761e+01 9.966810193350253755e+00 1.000000000000000020e+30 1.000000000000000020e+30 1.000000000000000020e+30 1.000000000000000020e+30 1.000000000000000020e+30 1.000000000000000020e+30 1.000000000000000020e+30 1.000000000000000020e+30 1.000000000000000020e+30 1.000000000000000020e+30 1.000000000000000020e+30 1.000000000000000020e+30 1.000000000000000020e+30 1.000000000000000020e+30 1.000000000000000020e+30 1.000000000000000020e+30 1.000000000000000020e+30 1.000000000000000020e+30
1.000000000000000020e+30 1.000000000000000020e+30 1.000000000000000020e+30 2.619689075738175887e+01 4.013992212675002946e+01 1.213811352767229010e+02 4.963745995345722690e+02 7.628213848838510103e+02 1.000000000000000020e+30 1.000000000000000020e+30 1.000000000000000020e+30 1.000000000000000020e+30 1.000000000000000020e+30 1.000000000000000020e+30 1.000000000000000020e+30 1.000000000000000020e+30 1.000000000000000020e+30 1.000000000000000020e+30 1.000000000000000020e+30 1.000000000000000020e+30 1.000000000000000020e+30 1.000000000000000020e+30 1.000000000000000020e+30 1.000000000000000020e+30 1.000000000000000020e+30 1.000000000000000020e+30 1.000000000000000020e+30 1.000000000000000020e+30 1.000000000000000020e+30 1.000000000000000020e+30 1.000000000000000020e+30 1.000000000000000020e+30 1.000000000000000020e+30 2.090746748127209855e+02 3.016260131732134653e+01 1.231401157451936079e+01 1.128323056907743371e+01 1.050657451666443798e+01 9.950768358196349084e+00 1.000000000000000020e+30 1.000000000000000020e+30 1.000000000000000020e+30 1.000000000000000020e+30 1.000000000000000020e+30 1.000000000000000020e+30 1.000000000000000020e+30 1.000000000000000020e+30 1.000000000000000020e+30 1.000000000000000020e+30 1.000000000000000020e+30 1.000000000000000020e+30 1.000000000000000020e+30 1.000000000000000020e+30 1.000000000000000020e+30 1.000000000000000020e+30 1.000000000000000020e+30 1.000000000000000020e+30
1.000000000000000020e+30 1.000000000000000020e+30 1.000000000000000020e+30 1.000000000000000020e+30 1.094692754730017441e+03 6.538101985250220878e+02 8.313423852580607445e+02 1.000000000000000020e+30 1.000000000000000020e+30 1.000000000000000020e+30 1.000000000000000020e+30 1.000000000000000020e+30 1.000000000000000020e+30 1.000000000000000020e+30 1.000000000000000020e+30 1.000000000000000020e+30 1.000000000000000020e+30 1.000000000000000020e+30 1.000000000000000020e+30 1.000000000000000020e+30 1.000000000000000020e+30 1.000000000000000020e+30 1.000000000000000020e+30 1.000000000000000020e+30 1.000000000000000020e+30 1.000000000000000020e+30 1.000000000000000020e+30 1.000000000000000020e+30 1.000000000000000020e+30 1.000000000000000020e+30 1.000000000000000020e+30 1.000000000000000020e+30 1.000000000000000020e+30 1.000000000000000020e+30 4.175213353279949757e+01 1.236312123090192294e+01 1.130920235643858440e+01 1.021267896354694393e+01 9.895463373939858087e+00 1.000000000000000020e+30 1.000000000000000020e+30 1.000000000000000020e+30 1.000000000000000020e+30 1.000000000000000020e+30 1.000000000000000020e+30 1.000000000000000020e+30 1.000000000000000020e+30 1.000000000000000020e+30 1.000000000000000020e+30 1.000000000000000020e+30 1.000000000000000020e+30 1.000000000000000020e+30 1.000000000000000020e+30 1.000000000000000020e+30 1.000000000000000020e+30 1.000000000000000020e+30 1.000000000000000020e+30
1.000000000000000020e+30 1.000000000000000020e+30 1.000000000000000020e+30 1.000000000000000020e+30 2.034484150072533566e+03 1.000000000000000020e+30 1.000000000000000020e+30 1.000000000000000020e+30 1.000000000000000020e+30 1.000000000000000020e+30 1.000000000000000020e+30 1.000000000000000020e+30 1.000000000000000020e+30 1.000000000000000020e+30 1.000000000000000020e+30 1.000000000000000020e+30 1.000000000000000020e+30 1.000000000000000020e+30 1.000000000000000020e+30 1.000000000000000020e+30 1.000000000000000020e+30 1.000000000000000020e+30 1.000000000000000020e+30 1.000000000000000020e+30 1.000000000000000020e+30 1.000000000000000020e+30 1.000000000000000020e+30 1.000000000000000020e+30 1.000000000000000020e+30 1.000000000000000020e+30 1.000000000000000020e+30 1.000000000000000020e+30 1.000000000000000020e+30 1.000000000000000020e+30 1.000000000000000020e+30 1.247875329615641959e+01 1.183586012033125989e+01 1.000000000000000020e+30 1.000000000000000020e+30 1.000000000000000020e+30 1.000000000000000020e+30 1.000000000000000020e+30 1.000000000000000020e+30 1.000000000000000020e+30 1.000000000000000020e+30 1.000000000000000020e+30 1.000000000000000020e+30 1.000000000000000020e+30 1.000000000000000020e+30 1.000000000000000020e+30 1.000000000000000020e+30 1.000000000000000020e+30 1.000000000000000020e+30 1.000000000000000020e+30 1.000000000000000020e+30 1.000000000000000020e+30 1.000000000000000020e+30
