1.000000000000000020e+30 1.000000000000000020e+30 1.000000000000000020e+30 1.000000000000000020e+30 1.000000000000000020e+30 1.000000000000000020e+30 1.000000000000000020e+30 1.000000000000000020e+30 1.000000000000000020e+30 1.000000000000000020e+30 1.000000000000000020e+30 1.000000000000000020e+30 1.000000000000000020e+30 1.000000000000000020e+30 1.000000000000000020e+30 1.000000000000000020e+30 1.000000000000000020e+30 1.000000000000000020e+30 1.000000000000000020e+30 1.000000000000000020e+30 1.000000000000000020e+30 1.000000000000000020e+30 1.000000000000000020e+30 1.000000000000000020e+30 1.000000000000000020e+30 1.000000000000000020e+30 1.000000000000000020e+30 1.000000000000000020e+30 1.000000000000000020e+30 1.000000000000000020e+30 1.000000000000000020e+30 1.000000000000000020e+30 1.000000000000000020e+30 1.000000000000000020e+30 1.000000000000000020e+30 1.000000000000000020e+30 1.000000000000000020e+30 1.000000000000000020e+30 1.000000000000000020e+30 1.000000000000000020e+30 1.000000000000000020e+30 1.000000000000000020e+30 1.000000000000000020e+30 1.000000000000000020e+30 1.000000000000000020e+30 1.000000000000000020e+30 1.000000000000000020e+30 1.000000000000000020e+30 1.000000000000000020e+30 1.000000000000000020e+30 1.000000000000000020e+30 1.000000000000000020e+30 1.000000000000000020e+30 1.000000000000000020e+30 1.000000000000000020e+30 1.000000000000000020e+30 1.000000000000000020e+30
1.000000000000000020e+30 1.000000000000000020e+30 1.000000000000000020e+30 1.000000000000000020e+30 1.000000000000000020e+30 1.000000000000000020e+30 1.000000000000000020e+30 1.000000000000000020e+30 1.000000000000000020e+30 1.000000000000000020e+30 1.000000000000000020e+30 1.000000000000000020e+30 1.000000000000000020e+30 1.000000000000000020e+30 1.000000000000000020e+30 1.000000000000000020e+30 1.000000000000000020e+30 1.000000000000000020e+30 1.000000000000000020e+30 1.000000000000000020e+30 1.000000000000000020e+30 1.000000000000000020e+30 1.000000000000000020e+30 1.000000000000000020e+30 1.000000000000000020e+30 1.000000000000000020e+30 1.000000000000000020e+30 1.356651993253879596e+01 1.356803046512193056e+01 1.356959939873094534e+01 1.357124704648533431e+01 1.357331397307023302e+01 1.357544927629917453e+01 1.357761634598874778e+01 1.357734987454623621e+01 1.355979207398676678e+01 1.354599234825678344e+01 1.353509706722419104e+01 1.352723838171704251e+01 1.352788773713877468e+01 1.352864508235006546e+01 1.352941063833849178e+01 1.352950663751630600e+01 1.000000000000000020e+30 1.000000000000000020e+30 1.000000000000000020e+30 1.000000000000000020e+30 1.000000000000000020e+30 1.000000000000000020e+30 1.000000000000000020e+30 1.000000000000000020e+30 1.000000000000000020e+30 1.000000000000000020e+30 1.000000000000000020e+30 1.000000000000000020e+30 1.000000000000000020e+30 1.000000000000000020e+30
1.000000000000000020e+30 1.000000000000000020e+30 1.000000000000000020e+30 1.000000000000000020e+30 1.000000000000000020e+30 1.000000000000000020e+30 1.000000000000000020e+30 1.000000000000000020e+30 1.000000000000000020e+30 1.000000000000000020e+30 1.000000000000000020e+30 1.000000000000000020e+30 1.000000000000000020e+30 1.000000000000000020e+30 1.000000000000000020e+30 1.000000000000000020e+30 1.000000000000000020e+30 1.000000000000000020e+30 1.000000000000000020e+30 1.000000000000000020e+30 1.000000000000000020e+30 1.000000000000000020e+30 1.000000000000000020e+30 1.000000000000000020e+30 1.359620662529098034e+01 1.357963037723351363e+01 1.356576289556923065e+01 1.356976405203884717e+01 1.357456655672934254e+01 1.357972426741263483e+01 1.358436204997508590e+01 1.358196134904894770e+01 1.357953816398126712e+01 1.357716712090603828e+01 1.357276523388923017e+01 1.355451785898863193e+01 1.354051635420048072e+01 1.352964619187517847e+01 1.352202648853864098e+01 1.352387218184864714e+01 1.352591944551862468e+01 1.352806906244135554e+01 1.352942979931476053e+01 1.352380955773081439e+01 1.351882460220586957e+01 1.351443992593257626e+01 1.351103642552350870e+01 1.351192173241691741e+01 1.000000000000000020e+30 1.000000000000000020e+30 1.000000000000000020e+30 1.000000000000000020e+30 1.000000000000000020e+30 1.000000000000000020e+30 1.000000000000000020e+30 1.000000000000000020e+30 1.000000000000000020e+30
1.000000000000000020e+30 1.000000000000000020e+30 1.000000000000000020e+30 1.000000000000000020e+30 1.000000000000000020e+30 1.000000000000000020e+30 1.000000000000000020e+30 1.000000000000000020e+30 1.000000000000000020e+30 1.000000000000000020e+30 1.000000000000000020e+30 1.000000000000000020e+30 1.000000000000000020e+30 1.000000000000000020e+30 1.000000000000000020e+30 1.000000000000000020e+30 1.000000000000000020e+30 1.000000000000000020e+30 1.000000000000000020e+30 1.000000000000000020e+30 1.000000000000000020e+30 1.367457293780893757e+01 1.364595674011229676e+01 1.361887627833950809e+01 1.359658498860023990e+01 1.357883166732192493e+01 1.356609242576459096e+01 1.357325744525243039e+01 1.358189979720423501e+01 1.359165937240310740e+01 1.360042187656951285e+01 1.359187566899995048e+01 1.358391794047090961e+01 1.357669850283973112e+01 1.356838967000101803e+01 1.354961218660869804e+01 1.353552351225038741e+01 1.352475284480517814e+01 1.351738532193600228e+01 1.352019143352382002e+01 1.352334262911299234e+01 1.352675947118230404e+01 1.352939977147455686e+01 1.352381041435374165e+01 1.351882565078474130e+01 1.351443941301380036e+01 1.351084179510378469e+01 1.350990448554174961e+01 1.350899626252058994e+01 1.000000000000000020e+30 1.000000000000000020e+30 1.000000000000000020e+30 1.000000000000000020e+30 1.000000000000000020e+30 1.000000000000000020e+30 1.000000000000000020e+30 1.000000000000000020e+30
1.000000000000000020e+30 1.000000000000000020e+30 1.000000000000000020e+30 1.000000000000000020e+30 1.000000000000000020e+30 1.000000000000000020e+30 1.000000000000000020e+30 1.000000000000000020e+30 1.000000000000000020e+30 1.000000000000000020e+30 1.000000000000000020e+30 1.000000000000000020e+30 1.000000000000000020e+30 1.000000000000000020e+30 1.000000000000000020e+30 1.000000000000000020e+30 1.000000000000000020e+30 1.000000000000000020e+30 1.387717243140912515e+01 1.380393863833013945e+01 1.373226608071846577e+01 1.367768032704484149e+01 1.364081582209205479e+01 1.361489017482284858e+01 1.359447391947659511e+01 1.357804781652559356e+01 1.356650037564687672e+01 1.357693457942983173e+01 1.358992380213387996e+01 1.360539404425122356e+01 1.361942348058971497e+01 1.360161683524691156e+01 1.358695039395982462e+01 1.357474072972930657e+01 1.356298657732563662e+01 1.354423001546096650e+01 1.353047413853188452e+01 1.352013971558305094e+01 1.351327914218808779e+01 1.351684443800484203e+01 1.352091720556413357e+01 1.352546219106253389e+01 1.352931030292525172e+01 1.352376860150215165e+01 1.351879440542181676e+01 1.351441405638593274e+01 1.351062615822619328e+01 1.350796976758169521e+01 1.350553299110996619e+01 1.350326339395881803e+01 1.000000000000000020e+30 1.000000000000000020e+30 1.000000000000000020e+30 1.000000000000000020e+30 1.000000000000000020e+30 1.000000000000000020e+30 1.000000000000000020e+30
1.000000000000000020e+30 1.000000000000000020e+30 1.000000000000000020e+30 1.000000000000000020e+30 1.000000000000000020e+30 1.000000000000000020e+30 1.000000000000000020e+30 1.000000000000000020e+30 1.000000000000000020e+30 1.000000000000000020e+30 1.000000000000000020e+30 1.000000000000000020e+30 1.000000000000000020e+30 1.000000000000000020e+30 1.000000000000000020e+30 1.000000000000000020e+30 1.392313562063339027e+01 1.391480680599656061e+01 1.388177583001933613e+01 1.379840642664094652e+01 1.372477897235599542e+01 1.367072735211465506e+01 1.363425424395553520e+01 1.361187825632712034e+01 1.359472294691792271e+01 1.358063534233990133e+01 1.357038019206723689e+01 1.358032409735809232e+01 1.359252968454658550e+01 1.360657252966691999e+01 1.360355667922620526e+01 1.352488635617109125e+01 1.349774000041759159e+01 1.348457384720897423e+01 1.347785996776472217e+01 1.348247886961130426e+01 1.348883778284014667e+01 1.349805110833334432e+01 1.351107862834241402e+01 1.351469402771312822e+01 1.351850710242941211e+01 1.352272565225234402e+01 1.352621804548720874e+01 1.352116855141878204e+01 1.351652387217417584e+01 1.351241029292577345e+01 1.350860118445213942e+01 1.350414248023832364e+01 1.350027150337250248e+01 1.349688938147038186e+01 1.349424265107722398e+01 1.349504291449653515e+01 1.000000000000000020e+30 1.000000000000000020e+30 1.000000000000000020e+30 1.000000000000000020e+30 1.000000000000000020e+30
1.000000000000000020e+30 1.000000000000000020e+30 1.000000000000000020e+30 1.000000000000000020e+30 1.000000000000000020e+30 1.000000000000000020e+30 1.000000000000000020e+30 1.000000000000000020e+30 1.000000000000000020e+30 1.000000000000000020e+30 1.000000000000000020e+30 1.000000000000000020e+30 1.000000000000000020e+30 1.000000000000000020e+30 1.000000000000000020e+30 1.392211812204604726e+01 1.392035590047564320e+01 1.391103748296171716e+01 1.387682553311287847e+01 1.378995794659914687e+01 1.371580750397128412e+01 1.366269533823032845e+01 1.362820062284538025e+01 1.361032545779793423e+01 1.359746321237404665e+01 1.358681261875086754e+01 1.357836427970277171e+01 1.358337518879407924e+01 1.358919031732319560e+01 1.359487098655511517e+01 1.356749648209255454e+01 1.348421556769393526e+01 1.346851045608572761e+01 1.346208721108760287e+01 1.345911830146080845e+01 1.346239523202651434e+01 1.346801492701250069e+01 1.347987535771217971e+01 1.351019526607100296e+01 1.351350856618106455e+01 1.351613138586636609e+01 1.351888815254419640e+01 1.352087798874895519e+01 1.351654474778879056e+01 1.351244113039463457e+01 1.350877144871468083e+01 1.350509108846490669e+01 1.349909352427448539e+01 1.349418691501958456e+01 1.349012074259916893e+01 1.348720573289604019e+01 1.348900844519200248e+01 1.349097163944558275e+01 1.000000000000000020e+30 1.000000000000000020e+30 1.000000000000000020e+30 1.000000000000000020e+30
1.000000000000000020e+30 1.000000000000000020e+30 1.000000000000000020e+30 1.000000000000000020e+30 1.000000000000000020e+30 1.000000000000000020e+30 1.000000000000000020e+30 1.000000000000000020e+30 1.000000000000000020e+30 1.000000000000000020e+30 1.000000000000000020e+30 1.000000000000000020e+30 1.000000000000000020e+30 1.000000000000000020e+30 1.391709918624425413e+01 1.391671935046904274e+01 1.391295453922281311e+01 1.390183436577476428e+01 1.386588245600052005e+01 1.377830051343685014e+01 1.370549773168951369e+01 1.365435846372051643e+01 1.362237736958782364e+01 1.360880651801174324e+01 1.360030437661947467e+01 1.359352938667286637e+01 1.358741343813982994e+01 1.358653063217109036e+01 1.358586149722421688e+01 1.358447953744861003e+01 1.354414883989562313e+01 1.347123517959184724e+01 1.346051341297709314e+01 1.345631428933550744e+01 1.345441541522530748e+01 1.345670453628109975e+01 1.346091158308141189e+01 1.347132347669534091e+01 1.350911041928282152e+01 1.351218064348600834e+01 1.351373591122447948e+01 1.351523865744601594e+01 1.351605785259779324e+01 1.351234144006519244e+01 1.350874515901843331e+01 1.350548217204665846e+01 1.350193925351575785e+01 1.349484310799868148e+01 1.348932708954617610e+01 1.348494540625393689e+01 1.348194638653955302e+01 1.348427799437059882e+01 1.348697846884890872e+01 1.349005816485016496e+01 1.000000000000000020e+30 1.000000000000000020e+30 1.000000000000000020e+30
1.000000000000000020e+30 1.000000000000000020e+30 1.000000000000000020e+30 1.000000000000000020e+30 1.000000000000000020e+30 1.000000000000000020e+30 1.000000000000000020e+30 1.000000000000000020e+30 1.000000000000000020e+30 1.000000000000000020e+30 1.000000000000000020e+30 1.000000000000000020e+30 1.000000000000000020e+30 1.390944395448867965e+01 1.390939527792684061e+01 1.390275712328313062e+01 1.389252468263703122e+01 1.387640753945705008e+01 1.383905245650603177e+01 1.375697558355660099e+01 1.369056217833827027e+01 1.364434603307405069e+01 1.361606531012038346e+01 1.360641178911875038e+01 1.360192583695395641e+01 1.359940057157708893e+01 1.359700905890650091e+01 1.358837019445907224e+01 1.358105063095514176e+01 1.357383025636748108e+01 1.352761901188035942e+01 1.346490891791716749e+01 1.345679527041835399e+01 1.345367590780659484e+01 1.345227912289536043e+01 1.345402823759948063e+01 1.345734320098796566e+01 1.346623995744384494e+01 1.350553344653138410e+01 1.350807860810348160e+01 1.350863122647086811e+01 1.350904723315828804e+01 1.350905486584572657e+01 1.350664259913774323e+01 1.350425988471460137e+01 1.350202486007611746e+01 1.349908966159221357e+01 1.349123067101783668e+01 1.348537247184481025e+01 1.348087574756530138e+01 1.347789894914546771e+01 1.348050358750791311e+01 1.348362431120618510e+01 1.348737503278884375e+01 1.349163321230189361e+01 1.000000000000000020e+30 1.000000000000000020e+30
1.000000000000000020e+30 1.000000000000000020e+30 1.000000000000000020e+30 1.000000000000000020e+30 1.000000000000000020e+30 1.000000000000000020e+30 1.000000000000000020e+30 1.000000000000000020e+30 1.000000000000000020e+30 1.000000000000000020e+30 1.000000000000000020e+30 1.000000000000000020e+30 1.389499554913245660e+01 1.389971689206159944e+01 1.389244369410685209e+01 1.386104715354822758e+01 1.382679602131259600e+01 1.379361806523882272e+01 1.375532105461652854e+01 1.370220438080443159e+01 1.365916764414514795e+01 1.362772261112748495e+01 1.360741371328593630e+01 1.359995847102129574e+01 1.359604524176301155e+01 1.359323820805460592e+01 1.357998680766497657e+01 1.352196343904757292e+01 1.349840843937801615e+01 1.348604027932987215e+01 1.347494143757925578e+01 1.345932106356262814e+01 1.345478574833355090e+01 1.345263247763607239e+01 1.345156913650852637e+01 1.345272307884286178e+01 1.345457523533782584e+01 1.345806009171184137e+01 1.346546010995379916e+01 1.346505290352121875e+01 1.346448789965681669e+01 1.346395873178605207e+01 1.346382229924780383e+01 1.346706383520683481e+01 1.347216006001766786e+01 1.348102756117299883e+01 1.349617620918667349e+01 1.348902529450380960e+01 1.348337276106169647e+01 1.347905003027464410e+01 1.347623888444369911e+01 1.347901565205477148e+01 1.348244647211978098e+01 1.348668504862201090e+01 1.349156807566156502e+01 1.000000000000000020e+30 1.000000000000000020e+30
1.000000000000000020e+30 1.000000000000000020e+30 1.000000000000000020e+30 1.000000000000000020e+30 1.000000000000000020e+30 1.000000000000000020e+30 1.000000000000000020e+30 1.000000000000000020e+30 1.000000000000000020e+30 1.000000000000000020e+30 1.000000000000000020e+30 1.386045806710399475e+01 1.387760269279278447e+01 1.388434169202178659e+01 1.386794809511557780e+01 1.379954643212891519e+01 1.373631508008552693e+01 1.368748473668037846e+01 1.365205947114620422e+01 1.363311776364986372e+01 1.361849710429668292e+01 1.360658556959140597e+01 1.359724289304907252e+01 1.358992080435343119e+01 1.358347173719529799e+01 1.357694496579791732e+01 1.355008928764568310e+01 1.348443964428493658e+01 1.346941975072522268e+01 1.346296098902661065e+01 1.345911045958257723e+01 1.345552954372200816e+01 1.345354147226548136e+01 1.345227581396776628e+01 1.345151937353534066e+01 1.345200747962353738e+01 1.345260585203171289e+01 1.345336206102171062e+01 1.345422026960711648e+01 1.345391622422941857e+01 1.345362525994354463e+01 1.345335796640993031e+01 1.345329301023355484e+01 1.345518993957606924e+01 1.345863186241864184e+01 1.346673250100954355e+01 1.349330451999569114e+01 1.348785589444319477e+01 1.348280011408625079e+01 1.347883980463936737e+01 1.347629371523297159e+01 1.347926488815354595e+01 1.348304675696339494e+01 1.348781101256757786e+01 1.349329888604594174e+01 1.349053581127636292e+01 1.000000000000000020e+30
1.000000000000000020e+30 1.000000000000000020e+30 1.000000000000000020e+30 1.000000000000000020e+30 1.000000000000000020e+30 1.000000000000000020e+30 1.000000000000000020e+30 1.000000000000000020e+30 1.000000000000000020e+30 1.000000000000000020e+30 1.376742347938217215e+01 1.381866201199168032e+01 1.384815690050847437e+01 1.386056811642867359e+01 1.384053582860494735e+01 1.374441181266093714e+01 1.366653545898845401e+01 1.361482202106279615e+01 1.358490097332376401e+01 1.358373355403469063e+01 1.358575636248125740e+01 1.358804301878173604e+01 1.358855232334478380e+01 1.358018092749181882e+01 1.357134937935848029e+01 1.356257718220333963e+01 1.353059088043267089e+01 1.347173234622125015e+01 1.346119831708572256e+01 1.345690647114982497e+01 1.345461403942104717e+01 1.345347868931304269e+01 1.345262519225878250e+01 1.345195944461501369e+01 1.345147150285891335e+01 1.345144253660354572e+01 1.345141525751505007e+01 1.345138996616441496e+01 1.345134757540658654e+01 1.345114248415820946e+01 1.345095332733645144e+01 1.345077985567142065e+01 1.345073652839074541e+01 1.345200720350068124e+01 1.345442189279931000e+01 1.346086195577112932e+01 1.349071983721321999e+01 1.348668505748136681e+01 1.348222168893604689e+01 1.347863066289607659e+01 1.347636092567481114e+01 1.347953224126887939e+01 1.348366310322664852e+01 1.348883438186267369e+01 1.349139971272425420e+01 1.349476549393767399e+01 1.000000000000000020e+30
1.000000000000000020e+30 1.000000000000000020e+30 1.000000000000000020e+30 1.000000000000000020e+30 1.000000000000000020e+30 1.000000000000000020e+30 1.000000000000000020e+30 1.000000000000000020e+30 1.000000000000000020e+30 1.340315223028792069e+01 1.365926106252974037e+01 1.375513070922932712e+01 1.379750643317089143e+01 1.381750785789456160e+01 1.380340065732754873e+01 1.369741558453552344e+01 1.361907928893558406e+01 1.357163340647974614e+01 1.354688125298295986e+01 1.355271372262679463e+01 1.356199917558107515e+01 1.357288850315961604e+01 1.358206789613451448e+01 1.357124597116423459e+01 1.356057472444818401e+01 1.355074136405024454e+01 1.351711869408880240e+01 1.346542124266832019e+01 1.345733718429324810e+01 1.345412333357385748e+01 1.345249290313972246e+01 1.345219232990856995e+01 1.345192190175216496e+01 1.345167631923543183e+01 1.345142460489169167e+01 1.345098437965924276e+01 1.345061806477519184e+01 1.345030837500541132e+01 1.345005200937408674e+01 1.344989767585041740e+01 1.344975667004308484e+01 1.344962750866990042e+01 1.344959427592180568e+01 1.345054573281521471e+01 1.345238886137484258e+01 1.345761196019482320e+01 1.348685253688759289e+01 1.348432410819818728e+01 1.348086949553850822e+01 1.347806876223710582e+01 1.347650598850095705e+01 1.347987461557385380e+01 1.348374166054138890e+01 1.348109833240282995e+01 1.349725989454893060e+01 1.349581400892328809e+01 1.000000000000000020e+30
1.000000000000000020e+30 1.000000000000000020e+30 1.000000000000000020e+30 1.000000000000000020e+30 1.000000000000000020e+30 1.000000000000000020e+30 1.000000000000000020e+30 1.000000000000000020e+30 1.362070869369137149e+01 1.348425645329004041e+01 1.361307490193371272e+01 1.366881323589087316e+01 1.370075411362101647e+01 1.372545060228445557e+01 1.373280438583478968e+01 1.365572186327939619e+01 1.359616470537480915e+01 1.355496046176693525e+01 1.353296399470708700e+01 1.353973532990095485e+01 1.354947759674078434e+01 1.356140160105516124e+01 1.357283182593940118e+01 1.356059369199818221e+01 1.354993016340535128e+01 1.354054307220584974e+01 1.350924940119509188e+01 1.346306665828027782e+01 1.345597839312657307e+01 1.345316484240048283e+01 1.345175399605247080e+01 1.345162831467451525e+01 1.345150952267004207e+01 1.345139609723661955e+01 1.345123529587645805e+01 1.345069092820759948e+01 1.345026028943063245e+01 1.344991109415851938e+01 1.344961249511853474e+01 1.344929275953044367e+01 1.344903361110805484e+01 1.344881969793237531e+01 1.344870201345090521e+01 1.344926228080382025e+01 1.345022770179704708e+01 1.345229228203490912e+01 1.345829029234210950e+01 1.346059555740836089e+01 1.346390379590535424e+01 1.346944395259065175e+01 1.347914573134578475e+01 1.348275691782190755e+01 1.347015238461174924e+01 1.349414115839705453e+01 1.350241446751370766e+01 1.349966702233234095e+01 1.000000000000000020e+30
1.000000000000000020e+30 1.000000000000000020e+30 1.000000000000000020e+30 1.000000000000000020e+30 1.000000000000000020e+30 1.000000000000000020e+30 1.000000000000000020e+30 1.365215533802887649e+01 1.364723708732900675e+01 1.360539468556381415e+01 1.351192614725000318e+01 1.350584589019107185e+01 1.351754842778658450e+01 1.353794083395346171e+01 1.356702973464276596e+01 1.356315964887870784e+01 1.358280755927370542e+01 1.355276590040001317e+01 1.353174279005009417e+01 1.353713700826814303e+01 1.354447560212083701e+01 1.355302950366471215e+01 1.356049785019961895e+01 1.354944278109947575e+01 1.353997934500253031e+01 1.353170988565428523e+01 1.350470101520579114e+01 1.346258835355734718e+01 1.345577920368533853e+01 1.345304454323975918e+01 1.345165951112632108e+01 1.345146638081069312e+01 1.345128823257503115e+01 1.345112250095914774e+01 1.345093517203906508e+01 1.345051270272405475e+01 1.345016436995438625e+01 1.344987227150378040e+01 1.344956728881737185e+01 1.344895694642767836e+01 1.344855184133269077e+01 1.344826415490945060e+01 1.344809475449517855e+01 1.344840706197570412e+01 1.344888214865856035e+01 1.344967132948826283e+01 1.345118354039205144e+01 1.345255645081797624e+01 1.345507602985100526e+01 1.346134264682606840e+01 1.348490655498718915e+01 1.348926919107829114e+01 1.347224881825892595e+01 1.350380642323934666e+01 1.351215214007641308e+01 1.350782012913436425e+01 1.000000000000000020e+30
1.000000000000000020e+30 1.000000000000000020e+30 1.000000000000000020e+30 1.000000000000000020e+30 1.000000000000000020e+30 1.000000000000000020e+30 1.363748805249279350e+01 1.364624416863590284e+01 1.365116282517734270e+01 1.364647205497798410e+01 1.363410834667583060e+01 1.364718492238715974e+01 1.367360534791118987e+01 1.370957365756647484e+01 1.373581516790450863e+01 1.364989034325680706e+01 1.355332829793548655e+01 1.355052475287684111e+01 1.353107006416207447e+01 1.353514837675791505e+01 1.354022806569334669e+01 1.354587087818085323e+01 1.355021186152582402e+01 1.354021959853006685e+01 1.353175046131405956e+01 1.352437737719306021e+01 1.350079238839369822e+01 1.346214339408003546e+01 1.345559008265088430e+01 1.345292939652750874e+01 1.345156886309147204e+01 1.345131475431428747e+01 1.345108603219076748e+01 1.345087826636541095e+01 1.345067136659984008e+01 1.345034935875185056e+01 1.345007388122098213e+01 1.344983539126529415e+01 1.344952490858643834e+01 1.344869516558092748e+01 1.344822726931359114e+01 1.344792787454008121e+01 1.344775574065618073e+01 1.344796279904280922e+01 1.344824766676764582e+01 1.344600146840640065e+01 1.344561051573701427e+01 1.344587817000157770e+01 1.344642188382467474e+01 1.344818256201300599e+01 1.346357922674998520e+01 1.346769257511009954e+01 1.350932817824981669e+01 1.352037048769961736e+01 1.352619753900068744e+01 1.351902971478751070e+01 1.000000000000000020e+30
1.000000000000000020e+30 1.000000000000000020e+30 1.000000000000000020e+30 1.000000000000000020e+30 1.000000000000000020e+30 1.362897485405576603e+01 1.363463795724556782e+01 1.363915775738501779e+01 1.364257494066488619e+01 1.364441518335447867e+01 1.364910067114724690e+01 1.367603379414794063e+01 1.371710799152144489e+01 1.377078738531513125e+01 1.380527708710009627e+01 1.367645805863123165e+01 1.359269248183018242e+01 1.353597734824929333e+01 1.352350005473123140e+01 1.353315555083642607e+01 1.353637444072201212e+01 1.353963590761081903e+01 1.354161666496626815e+01 1.353253630418452502e+01 1.352488997263328940e+01 1.351824927026141054e+01 1.349740423637042142e+01 1.346172420133722625e+01 1.345540873845459195e+01 1.345281832466930716e+01 1.345148140980719909e+01 1.345117237945317967e+01 1.345090075759379111e+01 1.345065938813212369e+01 1.345043831973555903e+01 1.345019940716939288e+01 1.344998808617776476e+01 1.344979943605409289e+01 1.344948402185466385e+01 1.344848562873722031e+01 1.344799429169381710e+01 1.344770303631946895e+01 1.344753999572612457e+01 1.344769170547967541e+01 1.344788676114192327e+01 1.344587007983402138e+01 1.344863912031355291e+01 1.344935271399276466e+01 1.345076863239123099e+01 1.345568014196991946e+01 1.351745426004669071e+01 1.348329428827456233e+01 1.353599737457230034e+01 1.354527704841183500e+01 1.354700543116835121e+01 1.353494835022108411e+01 1.000000000000000020e+30
1.000000000000000020e+30 1.000000000000000020e+30 1.000000000000000020e+30 1.000000000000000020e+30 1.000000000000000020e+30 1.362586970119130569e+01 1.363022845719873288e+01 1.363338535359919135e+01 1.363636578031656121e+01 1.363963445495480009e+01 1.364712859737480777e+01 1.367423450854526479e+01 1.371321947326810786e+01 1.376262044594278855e+01 1.379265131216401130e+01 1.367228869978280947e+01 1.359732427722052783e+01 1.355636214050561428e+01 1.353475183469046961e+01 1.353109998218212873e+01 1.353789436058416484e+01 1.353981256596509830e+01 1.354038117619248105e+01 1.353149681892866951e+01 1.352402197643928261e+01 1.351752473610799754e+01 1.349691045291654667e+01 1.346160087283837647e+01 1.345533805358322610e+01 1.345276855266794591e+01 1.345144395380586744e+01 1.345114759197769061e+01 1.345088647967477513e+01 1.345065353035492528e+01 1.345043860043827877e+01 1.345019958874765109e+01 1.344998817172124106e+01 1.344979949447994194e+01 1.344949449174077394e+01 1.344853576682798213e+01 1.344804797818810371e+01 1.344775364389515104e+01 1.344758691122982341e+01 1.344773480271589605e+01 1.344629977507351271e+01 1.344821413667183485e+01 1.344868743749838913e+01 1.344940827555629781e+01 1.345088585123425950e+01 1.345656585297544261e+01 1.356064540832712595e+01 1.357038700014627786e+01 1.357812225996812572e+01 1.357971309964625028e+01 1.357583738322399292e+01 1.355584089806644243e+01 1.000000000000000020e+30
1.000000000000000020e+30 1.000000000000000020e+30 1.000000000000000020e+30 1.000000000000000020e+30 1.361903360987791878e+01 1.362118469975774104e+01 1.362398339249729773e+01 1.362952790021740768e+01 1.363590234684633806e+01 1.364301168055851043e+01 1.365263927315172232e+01 1.367187764648393333e+01 1.369652698482627429e+01 1.372454335237211964e+01 1.373650835524818703e+01 1.365475752393279407e+01 1.359908062220274694e+01 1.356505309719024943e+01 1.354478169473373583e+01 1.354503821782670947e+01 1.353908460697854999e+01 1.354630911832592410e+01 1.354598157492732291e+01 1.353665171226876573e+01 1.352877222126332413e+01 1.352189593807596069e+01 1.349916064451107900e+01 1.346175542222712807e+01 1.345537251232486220e+01 1.345277711249903341e+01 1.345145434932640249e+01 1.345123630706715367e+01 1.345103934228106723e+01 1.345085822972122713e+01 1.345067151425579510e+01 1.345034972326449996e+01 1.345007407894330420e+01 1.344983559244095694e+01 1.344955755514124363e+01 1.344889206891267541e+01 1.344846743609042328e+01 1.344817379589535733e+01 1.344799497154433965e+01 1.344820684799589117e+01 1.344847994778107392e+01 1.344670601433314516e+01 1.344952296419054072e+01 1.345054268303140432e+01 1.345260803257118809e+01 1.346053014323301333e+01 1.360499463178546442e+01 1.362313704721404761e+01 1.362584764330961207e+01 1.362551658014180589e+01 1.361789514570675763e+01 1.358401347768371359e+01 1.000000000000000020e+30
1.000000000000000020e+30 1.000000000000000020e+30 1.000000000000000020e+30 1.000000000000000020e+30 1.361741315424476184e+01 1.361679047168096091e+01 1.361769506750158065e+01 1.362604657171165456e+01 1.363632115703779313e+01 1.364767602250472933e+01 1.365927499112246579e+01 1.366863505787937250e+01 1.367835980419671493e+01 1.368787849257777900e+01 1.368748814447240392e+01 1.363829255557897113e+01 1.360078809867222738e+01 1.357456377234285760e+01 1.355705876737453686e+01 1.355596631266251784e+01 1.355490419882381836e+01 1.354578316332766796e+01 1.355204713205913869e+01 1.354252708294846919e+01 1.353420889839083330e+01 1.352690960141348775e+01 1.350167009119791039e+01 1.346191106502377544e+01 1.345540743663492123e+01 1.345278583453971777e+01 1.345146507454546914e+01 1.345132868148291116e+01 1.345120377960583546e+01 1.345108508096989297e+01 1.345093483474346030e+01 1.345051339485876696e+01 1.345016475671613065e+01 1.344987269527239349e+01 1.344962401765836013e+01 1.344940695071291081e+01 1.344921906609818585e+01 1.344905252372815774e+01 1.344798075556060191e+01 1.344804163359338567e+01 1.344813386342076456e+01 1.345045957223869237e+01 1.345152654445321971e+01 1.345321096980588038e+01 1.345666328993669936e+01 1.346953460800284752e+01 1.368129498540637634e+01 1.370330637827373366e+01 1.370501358741981335e+01 1.370383443301019177e+01 1.369019661736179927e+01 1.362770302932167787e+01 1.000000000000000020e+30
1.000000000000000020e+30 1.000000000000000020e+30 1.000000000000000020e+30 1.357606659818010719e+01 1.360891447043371549e+01 1.361154285178306544e+01 1.361168821044124577e+01 1.362282128885353849e+01 1.363681706606892519e+01 1.365241335708402559e+01 1.366619311059542419e+01 1.366564938918962824e+01 1.366265543698107976e+01 1.365878250502059110e+01 1.365080910094355637e+01 1.362460757209330886e+01 1.360269993685899514e+01 1.358541151011339920e+01 1.357238910518305453e+01 1.356908183739505169e+01 1.356608710664775508e+01 1.356287413106577233e+01 1.354935553116921376e+01 1.354880337631998621e+01 1.354021726362291389e+01 1.353259350836852803e+01 1.350445593984398407e+01 1.346207801966417072e+01 1.345544898462648753e+01 1.345279910191904271e+01 1.345147958852405878e+01 1.345142805071513692e+01 1.345138378255811951e+01 1.345133994523571097e+01 1.345123646484032420e+01 1.345069435044391071e+01 1.345026244152330186e+01 1.344991258288387215e+01 1.344969577303466401e+01 1.345021460727917351e+01 1.345094654712957727e+01 1.345204446021418221e+01 1.345283897950948138e+01 1.345492714500740661e+01 1.345636041046412679e+01 1.345838179513853738e+01 1.346138851085516031e+01 1.346640054453524193e+01 1.347659236334147437e+01 1.351049677996818055e+01 1.384783858967779757e+01 1.386465427485017443e+01 1.386466759628843270e+01 1.386228547037435455e+01 1.383473302508020808e+01 1.370101186731462839e+01 1.000000000000000020e+30
1.000000000000000020e+30 1.000000000000000020e+30 1.000000000000000020e+30 1.357128458365433588e+01 1.355816795480389558e+01 1.360253573571456265e+01 1.360766217692891900e+01 1.362092343077292611e+01 1.363707348813399101e+01 1.365526076286652035e+01 1.367087455891715742e+01 1.366548737817972992e+01 1.365722035538301604e+01 1.364867860148452827e+01 1.363856530234040321e+01 1.361981930270867736e+01 1.360361100462232464e+01 1.359009980337353163e+01 1.357932752731942472e+01 1.357518594224477582e+01 1.357140229548280708e+01 1.356779349960170755e+01 1.356311507049166920e+01 1.354362501120838758e+01 1.353607418708346621e+01 1.353679098902009237e+01 1.350863775511532161e+01 1.346377045090002866e+01 1.345646787506538722e+01 1.345352778705626307e+01 1.345206604472971179e+01 1.345205623558494779e+01 1.345205585308415053e+01 1.345205491165407707e+01 1.345197558354188772e+01 1.345132765248431106e+01 1.345081422917916214e+01 1.345040096690148346e+01 1.345017967668434977e+01 1.345142220792168608e+01 1.345397783089773291e+01 1.346026993619133805e+01 1.439633126009435848e+01 1.476264259139111346e+01 1.515259717084458657e+01 1.587854931622984545e+01 1.881641138295844939e+01 1.948209809745672771e+01 1.980501529534932814e+01 1.984318970836528706e+01 1.985344796356151775e+01 1.983569678029618188e+01 1.968906199247545885e+01 1.859425789842061150e+01 1.405228855844199920e+01 1.377912886232381240e+01 1.000000000000000020e+30
1.000000000000000020e+30 1.000000000000000020e+30 1.000000000000000020e+30 1.356433393336258852e+01 1.355550586444752348e+01 1.359573831810636690e+01 1.360618317214493800e+01 1.362036681007123207e+01 1.363702332273178008e+01 1.365585409806396733e+01 1.367270084732101587e+01 1.366824860167413824e+01 1.366150349123496177e+01 1.365467948065974646e+01 1.364560126545388563e+01 1.362277209862872773e+01 1.360332406024803831e+01 1.358735542876365088e+01 1.357506821304046696e+01 1.357215959508744341e+01 1.356954028909662036e+01 1.356700699848838276e+01 1.356372718313511605e+01 1.355458636612952006e+01 1.354662658110878581e+01 1.353139824632509125e+01 1.351457266738716889e+01 1.346821050170359690e+01 1.345931598777369231e+01 1.345561628908900076e+01 1.345375272970010805e+01 1.345373609648041224e+01 1.345373560342085817e+01 1.345373442697417765e+01 1.345364921996044316e+01 1.345294443629529368e+01 1.345236143888379132e+01 1.345185447786475841e+01 1.344957333038461655e+01 1.345129832972154915e+01 1.345484369185086493e+01 1.000000000000000020e+30 1.000000000000000020e+30 1.000000000000000020e+30 1.000000000000000020e+30 1.000000000000000020e+30 1.000000000000000020e+30 1.000000000000000020e+30 2.173472010590079151e+01 2.174619341040084919e+01 2.179025626910815205e+01 2.176247210267930399e+01 2.153276044581015825e+01 1.997184092846816483e+01 1.410185660319627488e+01 1.382763262204897536e+01 1.000000000000000020e+30
1.000000000000000020e+30 1.000000000000000020e+30 1.355963859497146728e+01 1.355811448867937763e+01 1.355617218279283875e+01 1.356018408726854929e+01 1.360243788698056377e+01 1.361857602205858164e+01 1.363669285204394122e+01 1.365596327522075271e+01 1.367400452900016639e+01 1.367143775983136855e+01 1.366716516807353088e+01 1.366274907272874373e+01 1.365484983980766742e+01 1.362628756752605241e+01 1.360297413564680546e+01 1.358450669664777699e+01 1.357091903067838601e+01 1.356914004966171738e+01 1.356762402418505964e+01 1.356613074719099465e+01 1.356388264232204932e+01 1.355609556175674513e+01 1.354912055569211127e+01 1.354238955089834029e+01 1.351402085213333137e+01 1.347552450175562377e+01 1.346433201646242850e+01 1.345952574761814269e+01 1.345696182046388145e+01 1.345693371528296645e+01 1.345693165717441353e+01 1.345692822793455434e+01 1.345684836493059322e+01 1.345616459649240504e+01 1.345564412365212092e+01 1.345221010497188097e+01 1.345500726772020528e+01 1.345793145477416530e+01 1.346380678950429477e+01 1.000000000000000020e+30 1.000000000000000020e+30 1.000000000000000020e+30 1.000000000000000020e+30 1.000000000000000020e+30 1.000000000000000020e+30 1.000000000000000020e+30 1.000000000000000020e+30 1.000000000000000020e+30 2.211216881629118802e+01 2.208866733631601420e+01 2.194802422963273614e+01 2.119329314933358077e+01 1.419727790582757798e+01 1.388787033855208897e+01 1.000000000000000020e+30
1.000000000000000020e+30 1.000000000000000020e+30 1.354565185763211588e+01 1.355221790187430386e+01 1.355974167517784856e+01 1.356864831578721819e+01 1.358089994050208027e+01 1.359280830696903486e+01 1.363453502238441395e+01 1.365479354749772511e+01 1.367374515546145552e+01 1.367424592377464343e+01 1.367282848928296701e+01 1.367118413474763550e+01 1.366477304163802842e+01 1.362983204756765154e+01 1.360269130607421673e+01 1.358191909485495508e+01 1.356721700333311098e+01 1.356646966118138842e+01 1.356599103275966556e+01 1.356550633739540501e+01 1.356427653657673638e+01 1.355768128440425890e+01 1.355164523389925080e+01 1.354600677635056982e+01 1.353148866230810476e+01 1.347895625338249737e+01 1.346392904257685963e+01 1.346841068234818017e+01 1.346460731328595806e+01 1.346503705361064362e+01 1.346506045146556296e+01 1.346503441614296648e+01 1.346458841675104345e+01 1.345676491820387000e+01 1.346060653080370173e+01 1.347038442891220811e+01 1.347378554126733619e+01 1.348261037996320688e+01 1.000000000000000020e+30 1.000000000000000020e+30 1.000000000000000020e+30 1.000000000000000020e+30 1.000000000000000020e+30 1.000000000000000020e+30 1.000000000000000020e+30 1.000000000000000020e+30 1.000000000000000020e+30 1.000000000000000020e+30 1.000000000000000020e+30 1.000000000000000020e+30 1.000000000000000020e+30 3.062394621277029927e+01 1.461379208718173039e+01 1.000000000000000020e+30 1.000000000000000020e+30
1.000000000000000020e+30 1.353321288566529113e+01 1.353967884728005444e+01 1.354951044565495621e+01 1.356134993187377269e+01 1.357572979275882297e+01 1.359233815164496129e+01 1.360215708688896008e+01 1.361412346507889559e+01 1.362668494186128498e+01 1.363993675550312012e+01 1.366262285898590534e+01 1.366356994468044483e+01 1.366437087016085350e+01 1.366027796492963908e+01 1.363058689316645733e+01 1.360682849469787392e+01 1.358803114964552705e+01 1.357453067495662324e+01 1.357508623826317873e+01 1.357594038850018592e+01 1.357679717416629295e+01 1.357688840814474496e+01 1.357136565659318883e+01 1.356613559504418198e+01 1.356115608653522209e+01 1.355061409912396364e+01 1.351499355778062572e+01 1.349625778600363546e+01 1.346460863645417128e+01 1.345773765322133464e+01 1.347855847866518708e+01 1.347931507017204567e+01 1.347882908986267481e+01 1.346135465947066479e+01 1.349242119394129347e+01 1.351785754417254815e+01 1.358996745162503927e+01 1.390041172375328671e+01 1.395623639645752689e+01 1.000000000000000020e+30 1.000000000000000020e+30 1.000000000000000020e+30 1.000000000000000020e+30 1.000000000000000020e+30 1.000000000000000020e+30 1.000000000000000020e+30 1.000000000000000020e+30 1.000000000000000020e+30 1.000000000000000020e+30 1.000000000000000020e+30 1.000000000000000020e+30 1.000000000000000020e+30 1.000000000000000020e+30 1.000000000000000020e+30 1.000000000000000020e+30 1.000000000000000020e+30
1.000000000000000020e+30 1.353521811372930372e+01 1.354001833096109486e+01 1.354962318721354642e+01 1.356122694465795853e+01 1.357531630705830139e+01 1.359122570321247281e+01 1.359800408569878094e+01 1.360517551692933225e+01 1.361290548730718086e+01 1.362032163985619704e+01 1.362116332802381358e+01 1.362191110155295881e+01 1.364325694830252544e+01 1.364233293913133771e+01 1.362853956974255354e+01 1.361610647130812701e+01 1.360516567323756121e+01 1.359690890768946936e+01 1.360000338360830163e+01 1.360350900049693834e+01 1.360715364135777783e+01 1.361009327700870486e+01 1.360692756740202292e+01 1.360369198821555514e+01 1.360034250537203704e+01 1.358920041628407738e+01 1.354366570333433373e+01 1.351940840228970586e+01 1.350347185975570952e+01 1.349308198023380179e+01 1.346516129630226466e+01 1.346169519942981196e+01 1.346541019343408152e+01 1.349503748187969165e+01 1.351382972262808480e+01 1.354797669607492594e+01 1.363993728056406063e+01 1.383100340180116383e+01 1.000000000000000020e+30 1.000000000000000020e+30 1.000000000000000020e+30 1.000000000000000020e+30 1.000000000000000020e+30 1.000000000000000020e+30 1.000000000000000020e+30 1.000000000000000020e+30 1.000000000000000020e+30 1.000000000000000020e+30 1.000000000000000020e+30 1.000000000000000020e+30 1.000000000000000020e+30 1.000000000000000020e+30 1.000000000000000020e+30 1.000000000000000020e+30 1.000000000000000020e+30 1.000000000000000020e+30
1.353504258733506127e+01 1.353730659347336740e+01 1.354046072204202034e+01 1.354977479726491119e+01 1.356103339848015210e+01 1.357467018695432159e+01 1.358972709026471826e+01 1.359362281442366438e+01 1.359747438071567416e+01 1.360149551970735970e+01 1.360519024063970406e+01 1.360506776314918831e+01 1.360556181373814688e+01 1.362515348321452713e+01 1.362654794702221928e+01 1.362654349328207815e+01 1.362654055826228827e+01 1.362664035276537966e+01 1.362771224005741111e+01 1.363543500734652447e+01 1.364395154983241909e+01 1.365314430907460164e+01 1.366222815783200417e+01 1.366579044569199297e+01 1.366920498449453625e+01 1.367219582259298249e+01 1.366389993667542413e+01 1.360360402219675002e+01 1.356745035205264394e+01 1.354347191165728859e+01 1.352749682853962909e+01 1.351789222321951023e+01 1.347425094614249730e+01 1.351465980208482875e+01 1.353058063097925512e+01 1.355407294238340121e+01 1.360728759632209339e+01 1.383089747796254443e+01 1.392528834168120788e+01 1.000000000000000020e+30 1.000000000000000020e+30 1.000000000000000020e+30 1.000000000000000020e+30 1.000000000000000020e+30 1.000000000000000020e+30 1.000000000000000020e+30 1.000000000000000020e+30 1.000000000000000020e+30 1.000000000000000020e+30 1.000000000000000020e+30 1.000000000000000020e+30 1.000000000000000020e+30 1.000000000000000020e+30 1.000000000000000020e+30 1.000000000000000020e+30 1.000000000000000020e+30 1.000000000000000020e+30
1.353908430325953560e+01 1.353958251601490304e+01 1.354096412943409256e+01 1.354996974781231245e+01 1.356085049019521982e+01 1.357398039984788340e+01 1.358813253509554286e+01 1.358942681597226709e+01 1.359049148733392620e+01 1.359157283121163218e+01 1.359251937093663898e+01 1.359227348596620288e+01 1.359206780871918596e+01 1.359314921032710899e+01 1.361290621566634940e+01 1.362519706566846800e+01 1.363862325086288863e+01 1.365385207572750303e+01 1.367081587999821402e+01 1.368680139440765942e+01 1.370461574739912969e+01 1.372463675800560168e+01 1.374667996045212526e+01 1.376785942759902426e+01 1.379072217766039898e+01 1.381265437691120468e+01 1.381450028091668614e+01 1.373640656614676736e+01 1.367534305460354638e+01 1.362476095063679082e+01 1.358197594916083517e+01 1.354410260464885418e+01 1.348095577190582262e+01 1.350202965407161493e+01 1.359384048319641458e+01 1.361761269808863517e+01 1.370381580665283927e+01 1.377391516923255388e+01 1.389461579933938573e+01 1.000000000000000020e+30 1.000000000000000020e+30 1.000000000000000020e+30 1.000000000000000020e+30 1.000000000000000020e+30 1.000000000000000020e+30 1.000000000000000020e+30 1.000000000000000020e+30 1.000000000000000020e+30 1.000000000000000020e+30 1.000000000000000020e+30 1.000000000000000020e+30 1.000000000000000020e+30 1.000000000000000020e+30 1.000000000000000020e+30 1.000000000000000020e+30 1.000000000000000020e+30 1.000000000000000020e+30
1.354642257637051905e+01 1.354560871797553290e+01 1.354564414861791199e+01 1.355294624941512183e+01 1.356146930032798537e+01 1.357134622592624318e+01 1.358187540562970597e+01 1.358577035258538146e+01 1.358973851398632249e+01 1.359391612453957343e+01 1.359788223794151918e+01 1.359866586470662497e+01 1.359941689047341917e+01 1.360113835476333932e+01 1.362603993981471540e+01 1.364488318866606775e+01 1.366648485778251576e+01 1.369214519889312776e+01 1.372135669870774244e+01 1.374380333558585932e+01 1.376884824526035800e+01 1.379735601845142234e+01 1.382983768252213075e+01 1.386648560708661115e+01 1.390348866338835521e+01 1.392108910879156802e+01 1.386804686945796838e+01 1.375338737667286182e+01 1.364889902981304992e+01 1.354172905848660768e+01 1.342965469878171447e+01 1.328966007264867422e+01 1.347864623193257927e+01 1.356096797927565945e+01 1.358431907050830212e+01 1.356117117315758769e+01 1.354207620642463894e+01 1.353626581642595994e+01 1.000000000000000020e+30 1.000000000000000020e+30 1.000000000000000020e+30 1.000000000000000020e+30 1.000000000000000020e+30 1.000000000000000020e+30 1.000000000000000020e+30 1.000000000000000020e+30 1.000000000000000020e+30 1.000000000000000020e+30 1.000000000000000020e+30 1.000000000000000020e+30 1.000000000000000020e+30 1.000000000000000020e+30 1.000000000000000020e+30 1.000000000000000020e+30 1.000000000000000020e+30 1.000000000000000020e+30 1.000000000000000020e+30
1.355846352036290980e+01 1.355679947060278856e+01 1.355570589786630009e+01 1.355915965428512493e+01 1.356292086008875586e+01 1.356696918301822841e+01 1.357195728887185382e+01 1.358261081034211948e+01 1.359507974108500683e+01 1.360955259325542066e+01 1.362466789212199281e+01 1.362846822887351372e+01 1.363209706575866065e+01 1.363762460425088818e+01 1.367655399456951670e+01 1.369847992318519481e+01 1.372164439189519136e+01 1.374808258287242246e+01 1.377712261684080985e+01 1.379882515559230072e+01 1.382244875764181558e+01 1.384867911086118397e+01 1.387741735934661058e+01 1.390647476952330486e+01 1.392440352365848710e+01 1.389378485401447705e+01 1.375088222820591710e+01 1.356499955574921223e+01 1.338609525445562554e+01 1.320307129533554935e+01 1.305232789969395668e+01 1.303470987577131801e+01 1.331720060413617901e+01 1.340757037171551325e+01 1.337418943870521382e+01 1.328776212284844860e+01 1.324130803721304339e+01 1.324674505330316876e+01 1.000000000000000020e+30 1.000000000000000020e+30 1.000000000000000020e+30 1.000000000000000020e+30 1.000000000000000020e+30 1.000000000000000020e+30 1.000000000000000020e+30 1.000000000000000020e+30 1.000000000000000020e+30 1.000000000000000020e+30 1.000000000000000020e+30 1.000000000000000020e+30 1.000000000000000020e+30 1.000000000000000020e+30 1.000000000000000020e+30 1.000000000000000020e+30 1.000000000000000020e+30 1.000000000000000020e+30 1.000000000000000020e+30
1.357348024214903148e+01 1.357055867232861779e+01 1.356782503837360920e+01 1.356611777036923883e+01 1.356443571242727941e+01 1.356281220684189925e+01 1.356313034477013169e+01 1.357958773432441113e+01 1.360094165054923465e+01 1.362827361582348829e+01 1.365921921866879885e+01 1.366687221359823923e+01 1.367327899772025823e+01 1.368182620797092852e+01 1.374002253077133062e+01 1.377389641993162961e+01 1.380112798280921105e+01 1.382844716778542526e+01 1.385618602697126889e+01 1.387632130832351152e+01 1.389698991581224874e+01 1.391847217960513383e+01 1.393889687568275448e+01 1.395141499157400489e+01 1.393560009817207224e+01 1.384561928700924760e+01 1.362692465687262988e+01 1.335382994282072211e+01 1.304605011266864700e+01 1.268047205388264942e+01 1.231153536302021934e+01 1.271497551144314642e+01 1.296145688984512923e+01 1.303077320713814480e+01 1.288543420531581241e+01 1.284220714952177644e+01 1.286329899834935020e+01 1.304635252512039933e+01 1.000000000000000020e+30 1.000000000000000020e+30 1.000000000000000020e+30 1.000000000000000020e+30 1.000000000000000020e+30 1.000000000000000020e+30 1.000000000000000020e+30 1.000000000000000020e+30 1.000000000000000020e+30 1.000000000000000020e+30 1.000000000000000020e+30 1.000000000000000020e+30 1.000000000000000020e+30 1.000000000000000020e+30 1.000000000000000020e+30 1.000000000000000020e+30 1.000000000000000020e+30 1.000000000000000020e+30 1.000000000000000020e+30
1.359253332363817712e+01 1.358774015591257900e+01 1.358262189731338943e+01 1.357407672526415254e+01 1.356627192782058167e+01 1.355923200937378503e+01 1.355570448042055709e+01 1.357712834119007539e+01 1.360762321996252844e+01 1.365019043480622329e+01 1.369986589151426415e+01 1.370719172652362694e+01 1.370342562473275017e+01 1.368075456362561404e+01 1.366884464187724824e+01 1.382364872725322691e+01 1.389736119179490004e+01 1.394830638582257976e+01 1.398608865222135655e+01 1.400922352742796129e+01 1.402640912217602143e+01 1.403829628372905702e+01 1.403884055174489554e+01 1.401393562883297861e+01 1.394292925205226119e+01 1.379107348184514414e+01 1.352684400443518875e+01 1.317192607500126300e+01 1.268727446791171154e+01 1.195475138557252848e+01 1.069076345422515750e+01 1.148293535361466766e+01 1.173700099507118111e+01 1.190482697491509612e+01 1.212464375667494920e+01 1.225309004116857992e+01 1.232575770149256655e+01 1.000000000000000020e+30 1.000000000000000020e+30 1.000000000000000020e+30 1.000000000000000020e+30 1.000000000000000020e+30 1.000000000000000020e+30 1.000000000000000020e+30 1.000000000000000020e+30 1.000000000000000020e+30 1.000000000000000020e+30 1.000000000000000020e+30 1.000000000000000020e+30 1.000000000000000020e+30 1.000000000000000020e+30 1.000000000000000020e+30 1.000000000000000020e+30 1.000000000000000020e+30 1.000000000000000020e+30 1.000000000000000020e+30 1.000000000000000020e+30
1.362100556892911030e+01 1.361498213223664244e+01 1.360818756167442167e+01 1.359473947074750022e+01 1.358286460943282137e+01 1.357248980147212514e+01 1.356693507045053337e+01 1.359281933938426512e+01 1.363020720242792549e+01 1.368190898549443446e+01 1.373516862990177501e+01 1.372702781890004253e+01 1.367788807915422034e+01 1.354177172214347991e+01 1.337321965488929543e+01 1.364986028075719382e+01 1.388344003808654925e+01 1.404587834257279155e+01 1.413992482425793717e+01 1.418020280059795546e+01 1.419606308308022946e+01 1.419451129744768636e+01 1.416338853480020354e+01 1.407729512348252676e+01 1.394412148704428667e+01 1.374885939524947354e+01 1.347019155440631977e+01 1.306475387629696350e+01 1.245544902607039184e+01 1.149761983347962335e+01 9.984560672958528116e+00 1.000554468386558504e+01 1.010532846324592882e+01 1.036094011958044270e+01 1.129058520909640606e+01 1.165673823719286872e+01 1.180056575999415180e+01 1.000000000000000020e+30 1.000000000000000020e+30 1.000000000000000020e+30 1.000000000000000020e+30 1.000000000000000020e+30 1.000000000000000020e+30 1.000000000000000020e+30 1.000000000000000020e+30 1.000000000000000020e+30 1.000000000000000020e+30 1.000000000000000020e+30 1.000000000000000020e+30 1.000000000000000020e+30 1.000000000000000020e+30 1.000000000000000020e+30 1.000000000000000020e+30 1.000000000000000020e+30 1.000000000000000020e+30 1.000000000000000020e+30 1.000000000000000020e+30
1.366516205721143429e+01 1.365992655632960506e+01 1.365361171135315566e+01 1.363932125692712560e+01 1.362634272152428316e+01 1.361474562221079054e+01 1.360858051934557444e+01 1.363891346485073264e+01 1.367961006894549669e+01 1.373034358721728587e+01 1.377318154025986985e+01 1.375396124941935305e+01 1.368164671140679012e+01 1.348666456627090859e+01 1.319526256153473476e+01 1.333187173745314169e+01 1.378102296763811019e+01 1.408814602486316936e+01 1.424351283205940710e+01 1.427595626213719981e+01 1.428783166086849299e+01 1.429066189190527503e+01 1.426156427827984530e+01 1.410582846298032145e+01 1.392726013087074399e+01 1.371839387434538970e+01 1.346448116959830088e+01 1.304502678316761610e+01 1.238565702216225439e+01 1.137791154859020537e+01 9.981126213321969587e+00 9.721352047775877026e+00 9.996708413370603452e+00 9.982304550580629154e+00 1.080063913093301409e+01 1.118559066536825775e+01 1.130197829747998028e+01 1.111435399881062303e+01 1.000000000000000020e+30 1.000000000000000020e+30 1.000000000000000020e+30 1.000000000000000020e+30 1.000000000000000020e+30 1.000000000000000020e+30 1.000000000000000020e+30 1.000000000000000020e+30 1.000000000000000020e+30 1.000000000000000020e+30 1.000000000000000020e+30 1.000000000000000020e+30 1.000000000000000020e+30 1.000000000000000020e+30 1.000000000000000020e+30 1.000000000000000020e+30 1.000000000000000020e+30 1.000000000000000020e+30 1.000000000000000020e+30
1.372615549468321916e+01 1.372385863356811520e+01 1.372016267053508543e+01 1.370707026435996845e+01 1.369462520937586270e+01 1.368315771234859035e+01 1.367728967149818864e+01 1.370989308874998081e+01 1.375006365891412052e+01 1.379504709374084825e+01 1.382612521711978637e+01 1.380425522985455977e+01 1.373640456092638296e+01 1.356392417733678180e+01 1.328840467012837578e+01 1.337037964279004676e+01 1.372059842081119108e+01 1.423501144151942022e+01 1.444738077279895627e+01 1.432234530042646448e+01 1.430651757859087780e+01 1.433517083636492195e+01 1.444699617339644249e+01 1.404156980843652214e+01 1.380800813862008170e+01 1.360811702890515029e+01 1.354879119551441136e+01 1.317558162796878563e+01 1.255600444510254476e+01 1.161980366250853436e+01 1.056166956826043801e+01 1.006534243053159727e+01 9.987897936019082934e+00 9.876848049677573016e+00 1.054914518816038083e+01 1.087412761719703269e+01 1.095921558626155878e+01 1.084651686406823501e+01 1.000000000000000020e+30 1.000000000000000020e+30 1.000000000000000020e+30 1.000000000000000020e+30 1.000000000000000020e+30 1.000000000000000020e+30 1.000000000000000020e+30 1.000000000000000020e+30 1.000000000000000020e+30 1.000000000000000020e+30 1.000000000000000020e+30 1.000000000000000020e+30 1.000000000000000020e+30 1.000000000000000020e+30 1.000000000000000020e+30 1.000000000000000020e+30 1.000000000000000020e+30 1.000000000000000020e+30 1.000000000000000020e+30
1.378340899947496823e+01 1.378548556983753492e+01 1.378528157060687320e+01 1.377418491015990654e+01 1.376204041832506775e+01 1.375097173057247701e+01 1.374887416567088394e+01 1.378615160877759926e+01 1.383867674129353453e+01 1.390186878766579248e+01 1.394188625517756286e+01 1.396171106107227722e+01 1.398622230264059141e+01 1.409225584990758584e+01 1.412670801378723517e+01 1.428585001131416377e+01 1.461529137753221796e+01 1.504954053123935331e+01 1.544350181818843382e+01 1.588311939902290248e+01 1.602829036118067663e+01 1.610938778884745304e+01 1.577010304885504155e+01 1.537708505523201730e+01 1.526998417710682787e+01 1.480127559852091679e+01 1.410389467903443261e+01 1.366053999811817299e+01 1.325533764208121568e+01 1.225861988374366973e+01 1.109877033904518306e+01 1.028381289220880213e+01 9.946390244359470501e+00 9.934389125460926451e+00 1.047363313525094242e+01 1.069013923386354747e+01 1.064443886488359858e+01 1.023371397510830505e+01 1.000000000000000020e+30 1.000000000000000020e+30 1.000000000000000020e+30 1.000000000000000020e+30 1.000000000000000020e+30 1.000000000000000020e+30 1.000000000000000020e+30 1.000000000000000020e+30 1.000000000000000020e+30 1.000000000000000020e+30 1.000000000000000020e+30 1.000000000000000020e+30 1.000000000000000020e+30 1.000000000000000020e+30 1.000000000000000020e+30 1.000000000000000020e+30 1.000000000000000020e+30 1.000000000000000020e+30 1.000000000000000020e+30
1.368887237758121955e+01 1.365957414526095093e+01 1.361545294982489374e+01 1.355571080858283928e+01 1.348429174962984334e+01 1.341747754576902452e+01 1.341061234127010415e+01 1.357436398411516265e+01 1.390064612143247835e+01 1.444918112343884609e+01 2.317273989416509750e+01 3.082250300066992565e+01 3.803720202465953548e+01 6.806566302731425822e+01 8.178900852516876796e+01 9.142045465568827467e+01 9.755894965708534983e+01 1.017279184134134482e+02 1.131156946888808790e+02 1.179508396131818699e+02 1.177922489642599118e+02 1.400006716504221913e+02 1.576307178493499919e+02 1.627474983772394808e+02 1.578057000322657757e+02 1.386295581974513595e+02 1.196366413677484246e+02 9.213273656605672102e+01 7.056583686618780860e+01 4.421914167533548579e+01 1.403744639110536951e+01 1.067596718351579987e+01 1.027462072997239062e+01 1.046163082759104235e+01 1.064064169108836566e+01 1.067297974299052576e+01 1.049955739474075678e+01 1.005116964482780695e+01 1.000000000000000020e+30 1.000000000000000020e+30 1.000000000000000020e+30 1.000000000000000020e+30 1.000000000000000020e+30 1.000000000000000020e+30 1.000000000000000020e+30 1.000000000000000020e+30 1.000000000000000020e+30 1.000000000000000020e+30 1.000000000000000020e+30 1.000000000000000020e+30 1.000000000000000020e+30 1.000000000000000020e+30 1.000000000000000020e+30 1.000000000000000020e+30 1.000000000000000020e+30 1.000000000000000020e+30 1.000000000000000020e+30
1.360417810920172599e+01 1.353166620710542745e+01 1.347618310992936408e+01 1.342042619464615782e+01 1.336072042683492711e+01 1.332308920466788038e+01 1.340006619348264572e+01 1.378875062010221164e+01 1.454794751830164756e+01 1.605709993543195679e+01 5.733198283762776981e+01 1.082568732223758445e+02 1.440253511894069334e+02 1.789941983645339860e+02 2.094377730510582296e+02 2.414851549920559250e+02 2.614336184476815674e+02 2.665721952389242801e+02 3.444771939187494354e+02 4.101354683747160834e+02 4.742915875325827528e+02 6.731974946812035796e+02 7.325339137901330560e+02 7.404869688767618072e+02 6.995781496668051886e+02 5.168296516481941580e+02 4.433008002615646888e+02 3.908750545068202200e+02 3.468810023804890648e+02 1.194513333562316717e+02 2.142028616032072819e+01 1.216541994042087538e+01 1.134807832349193468e+01 1.109027425316214810e+01 1.095746276477113845e+01 1.079717121636834953e+01 1.051182463498796871e+01 1.004438927971668782e+01 1.000000000000000020e+30 1.000000000000000020e+30 1.000000000000000020e+30 1.000000000000000020e+30 1.000000000000000020e+30 1.000000000000000020e+30 1.000000000000000020e+30 1.000000000000000020e+30 1.000000000000000020e+30 1.000000000000000020e+30 1.000000000000000020e+30 1.000000000000000020e+30 1.000000000000000020e+30 1.000000000000000020e+30 1.000000000000000020e+30 1.000000000000000020e+30 1.000000000000000020e+30 1.000000000000000020e+30 1.000000000000000020e+30
1.000000000000000020e+30 1.335905256601893321e+01 1.336245472441601478e+01 1.339147550242895512e+01 1.344701070203680437e+01 1.356089148159921187e+01 1.385198812278950697e+01 1.463969895107484653e+01 1.610962250977237886e+01 1.961215427002553469e+01 9.879574355239182637e+01 1.945265838754432082e+02 2.562918150619711923e+02 3.090091613683432001e+02 3.600015162372049531e+02 4.756968871935399079e+02 6.024539255331807226e+02 1.445356334098261868e+03 7.703775207055296050e+02 7.813499813084093830e+02 1.000000000000000020e+30 1.207489945249188395e+03 1.229282407352702421e+03 1.235323373918122797e+03 1.223700756411181374e+03 1.000000000000000020e+30 1.000000000000000020e+30 1.000000000000000020e+30 7.212660105262481238e+02 3.851254229678924617e+02 3.744351412035768334e+01 1.417249250564869811e+01 1.248287371630343046e+01 1.179940707874410677e+01 1.136897099073990880e+01 1.102176243296973723e+01 1.065114851550919006e+01 1.024600827945262793e+01 9.885993284767875977e+00 1.000000000000000020e+30 1.000000000000000020e+30 1.000000000000000020e+30 1.000000000000000020e+30 1.000000000000000020e+30 1.000000000000000020e+30 1.000000000000000020e+30 1.000000000000000020e+30 1.000000000000000020e+30 1.000000000000000020e+30 1.000000000000000020e+30 1.000000000000000020e+30 1.000000000000000020e+30 1.000000000000000020e+30 1.000000000000000020e+30 1.000000000000000020e+30 1.000000000000000020e+30 1.000000000000000020e+30
1.000000000000000020e+30 1.318919332880496853e+01 1.333440872546503186e+01 1.355536595997892846e+01 1.388100273360691794e+01 1.436808042159689158e+01 1.521402717811059269e+01 1.730322408934350165e+01 2.133883656386247551e+01 3.274912111721265973e+01 2.075578629695998245e+02 3.843623122328287991e+02 4.815974258830521535e+02 6.563693053156291626e+02 1.561665573360523922e+03 9.252834692475061047e+02 9.768975212027745556e+02 1.000000000000000020e+30 1.000000000000000020e+30 1.000000000000000020e+30 1.000000000000000020e+30 1.000000000000000020e+30 1.000000000000000020e+30 1.000000000000000020e+30 1.000000000000000020e+30 1.000000000000000020e+30 1.000000000000000020e+30 1.000000000000000020e+30 9.392367648180816104e+02 6.447075150877785745e+02 2.123865588823324799e+02 1.896268508882920045e+01 1.457607183828343267e+01 1.296448539212231132e+01 1.202564968528260181e+01 1.132489763755546797e+01 1.082010270279518593e+01 1.035967278260870650e+01 9.915184291821610429e+00 1.000000000000000020e+30 1.000000000000000020e+30 1.000000000000000020e+30 1.000000000000000020e+30 1.000000000000000020e+30 1.000000000000000020e+30 1.000000000000000020e+30 1.000000000000000020e+30 1.000000000000000020e+30 1.000000000000000020e+30 1.000000000000000020e+30 1.000000000000000020e+30 1.000000000000000020e+30 1.000000000000000020e+30 1.000000000000000020e+30 1.000000000000000020e+30 1.000000000000000020e+30 1.000000000000000020e+30
1.000000000000000020e+30 1.000000000000000020e+30 1.368403761009812314e+01 1.420857779504058271e+01 1.504894075651929519e+01 1.660763688728507859e+01 4.345999307633295672e+01 8.124672551629927852e+01 1.267467627240505266e+02 2.905287214877001247e+02 4.961566324809705293e+02 6.503451258298955509e+02 1.000000000000000020e+30 1.000000000000000020e+30 1.000000000000000020e+30 1.000000000000000020e+30 1.000000000000000020e+30 1.000000000000000020e+30 1.000000000000000020e+30 1.000000000000000020e+30 1.000000000000000020e+30 1.000000000000000020e+30 1.000000000000000020e+30 1.000000000000000020e+30 1.000000000000000020e+30 1.000000000000000020e+30 1.000000000000000020e+30 1.000000000000000020e+30 1.000000000000000020e+30 1.000000000000000020e+30 3.434547767040149324e+02 1.242492054415280904e+02 6.247157698053663921e+01 3.529323548616626738e+01 1.487957354963155154e+01 1.170080758972528479e+01 1.100338580107782960e+01 1.045434337384530998e+01 9.946619247646454554e+00 1.000000000000000020e+30 1.000000000000000020e+30 1.000000000000000020e+30 1.000000000000000020e+30 1.000000000000000020e+30 1.000000000000000020e+30 1.000000000000000020e+30 1.000000000000000020e+30 1.000000000000000020e+30 1.000000000000000020e+30 1.000000000000000020e+30 1.000000000000000020e+30 1.000000000000000020e+30 1.000000000000000020e+30 1.000000000000000020e+30 1.000000000000000020e+30 1.000000000000000020e+30 1.000000000000000020e+30
1.000000000000000020e+30 1.000000000000000020e+30 1.426089302061094166e+01 1.563586750354133059e+01 1.744341526810453047e+01 2.146548008365760651e+01 9.285028562088389492e+01 2.051206632192348138e+02 4.697063352440923722e+02 6.092826170291800736e+02 1.000000000000000020e+30 1.000000000000000020e+30 1.000000000000000020e+30 1.000000000000000020e+30 1.000000000000000020e+30 1.000000000000000020e+30 1.000000000000000020e+30 1.000000000000000020e+30 1.000000000000000020e+30 1.000000000000000020e+30 1.000000000000000020e+30 1.000000000000000020e+30 1.000000000000000020e+30 1.000000000000000020e+30 1.000000000000000020e+30 1.000000000000000020e+30 1.000000000000000020e+30 1.000000000000000020e+30 1.000000000000000020e+30 1.000000000000000020e+30 1.000000000000000020e+30 2.877507852708667997e+02 1.353823491737024369e+02 6.285313102268977303e+01 1.792339412491675432e+01 1.212641081615905314e+01 1.118635865511213900e+01 1.053696422959414214e+01 9.974732282906519032e+00 1.000000000000000020e+30 1.000000000000000020e+30 1.000000000000000020e+30 1.000000000000000020e+30 1.000000000000000020e+30 1.000000000000000020e+30 1.000000000000000020e+30 1.000000000000000020e+30 1.000000000000000020e+30 1.000000000000000020e+30 1.000000000000000020e+30 1.000000000000000020e+30 1.000000000000000020e+30 1.000000000000000020e+30 1.000000000000000020e+30 1.000000000000000020e+30 1.000000000000000020e+30 1.000000000000000020e+30
1.000000000000000020e+30 1.000000000000000020e+30 1.000000000000000020e+30 1.930839019076428897e+01 2.263236066582350148e+01 3.284924006892031656e+01 1.947703013098591498e+02 5.168232276662560025e+02 7.581138564583295647e+02 1.000000000000000020e+30 1.000000000000000020e+30 1.000000000000000020e+30 1.000000000000000020e+30 1.000000000000000020e+30 1.000000000000000020e+30 1.000000000000000020e+30 1.000000000000000020e+30 1.000000000000000020e+30 1.000000000000000020e+30 1.000000000000000020e+30 1.000000000000000020e+30 1.000000000000000020e+30 1.000000000000000020e+30 1.000000000000000020e+30 1.000000000000000020e+30 1.000000000000000020e+30 1.000000000000000020e+30 1.000000000000000020e+30 1.000000000000000020e+30 1.000000000000000020e+30 1.000000000000000020e+30 1.000000000000000020e+30 2.750161753614198688e+02 1.039056538268192327e+02 2.081610293053850924e+01 1.231783194936941506e+01 1.128567481494674141e+01 1.057146156764279610e+01 9.986963319216654256e+00 1.000000000000000020e+30 1.000000000000000020e+30 1.000000000000000020e+30 1.000000000000000020e+30 1.000000000000000020e+30 1.000000000000000020e+30 1.000000000000000020e+30 1.000000000000000020e+30 1.000000000000000020e+30 1.000000000000000020e+30 1.000000000000000020e+30 1.000000000000000020e+30 1.000000000000000020e+30 1.000000000000000020e+30 1.000000000000000020e+30 1.000000000000000020e+30 1.000000000000000020e+30 1.000000000000000020e+30
1.000000000000000020e+30 1.000000000000000020e+30 1.000000000000000020e+30 2.620204519219023354e+01 4.014973495279227933e+01 1.214211550200716516e+02 4.964295731763093045e+02 7.628763848727809318e+02 1.000000000000000020e+30 1.000000000000000020e+30 1.000000000000000020e+30 1.000000000000000020e+30 1.000000000000000020e+30 1.000000000000000020e+30 1.000000000000000020e+30 1.000000000000000020e+30 1.000000000000000020e+30 1.000000000000000020e+30 1.000000000000000020e+30 1.000000000000000020e+30 1.000000000000000020e+30 1.000000000000000020e+30 1.000000000000000020e+30 1.000000000000000020e+30 1.000000000000000020e+30 1.000000000000000020e+30 1.000000000000000020e+30 1.000000000000000020e+30 1.000000000000000020e+30 1.000000000000000020e+30 1.000000000000000020e+30 1.000000000000000020e+30 1.000000000000000020e+30 2.091296317863902061e+02 3.018261975114680951e+01 1.231838047314597695e+01 1.128693544985218544e+01 1.051117772326903754e+01 9.969610234047925346e+00 1.000000000000000020e+30 1.000000000000000020e+30 1.000000000000000020e+30 1.000000000000000020e+30 1.000000000000000020e+30 1.000000000000000020e+30 1.000000000000000020e+30 1.000000000000000020e+30 1.000000000000000020e+30 1.000000000000000020e+30 1.000000000000000020e+30 1.000000000000000020e+30 1.000000000000000020e+30 1.000000000000000020e+30 1.000000000000000020e+30 1.000000000000000020e+30 1.000000000000000020e+30 1.000000000000000020e+30
1.000000000000000020e+30 1.000000000000000020e+30 1.000000000000000020e+30 1.000000000000000020e+30 1.094839252121648315e+03 6.538652060752787065e+02 8.313973852549343064e+02 1.000000000000000020e+30 1.000000000000000020e+30 1.000000000000000020e+30 1.000000000000000020e+30 1.000000000000000020e+30 1.000000000000000020e+30 1.000000000000000020e+30 1.000000000000000020e+30 1.000000000000000020e+30 1.000000000000000020e+30 1.000000000000000020e+30 1.000000000000000020e+30 1.000000000000000020e+30 1.000000000000000020e+30 1.000000000000000020e+30 1.000000000000000020e+30 1.000000000000000020e+30 1.000000000000000020e+30 1.000000000000000020e+30 1.000000000000000020e+30 1.000000000000000020e+30 1.000000000000000020e+30 1.000000000000000020e+30 1.000000000000000020e+30 1.000000000000000020e+30 1.000000000000000020e+30 1.000000000000000020e+30 4.180681684663006337e+01 1.236921512006108337e+01 1.131320593313043510e+01 1.022760520958295771e+01 9.913973200258816121e+00 1.000000000000000020e+30 1.000000000000000020e+30 1.000000000000000020e+30 1.000000000000000020e+30 1.000000000000000020e+30 1.000000000000000020e+30 1.000000000000000020e+30 1.000000000000000020e+30 1.000000000000000020e+30 1.000000000000000020e+30 1.000000000000000020e+30 1.000000000000000020e+30 1.000000000000000020e+30 1.000000000000000020e+30 1.000000000000000020e+30 1.000000000000000020e+30 1.000000000000000020e+30 1.000000000000000020e+30
1.000000000000000020e+30 1.000000000000000020e+30 1.000000000000000020e+30 1.000000000000000020e+30 2.034539165855785086e+03 1.000000000000000020e+30 1.000000000000000020e+30 1.000000000000000020e+30 1.000000000000000020e+30 1.000000000000000020e+30 1.000000000000000020e+30 1.000000000000000020e+30 1.000000000000000020e+30 1.000000000000000020e+30 1.000000000000000020e+30 1.000000000000000020e+30 1.000000000000000020e+30 1.000000000000000020e+30 1.000000000000000020e+30 1.000000000000000020e+30 1.000000000000000020e+30 1.000000000000000020e+30 1.000000000000000020e+30 1.000000000000000020e+30 1.000000000000000020e+30 1.000000000000000020e+30 1.000000000000000020e+30 1.000000000000000020e+30 1.000000000000000020e+30 1.000000000000000020e+30 1.000000000000000020e+30 1.000000000000000020e+30 1.000000000000000020e+30 1.000000000000000020e+30 1.000000000000000020e+30 1.248685041203379065e+01 1.183959627393675262e+01 1.000000000000000020e+30 1.000000000000000020e+30 1.000000000000000020e+30 1.000000000000000020e+30 1.000000000000000020e+30 1.000000000000000020e+30 1.000000000000000020e+30 1.000000000000000020e+30 1.000000000000000020e+30 1.000000000000000020e+30 1.000000000000000020e+30 1.000000000000000020e+30 1.000000000000000020e+30 1.000000000000000020e+30 1.000000000000000020e+30 1.000000000000000020e+30 1.000000000000000020e+30 1.000000000000000020e+30 1.000000000000000020e+30 1.000000000000000020e+30
