1.000000000000000020e+30 1.000000000000000020e+30 1.000000000000000020e+30 1.000000000000000020e+30 1.000000000000000020e+30 1.000000000000000020e+30 1.000000000000000020e+30 1.000000000000000020e+30 1.000000000000000020e+30 1.000000000000000020e+30 1.000000000000000020e+30 1.000000000000000020e+30 1.000000000000000020e+30 1.000000000000000020e+30 1.000000000000000020e+30 1.000000000000000020e+30 1.000000000000000020e+30 1.000000000000000020e+30 1.000000000000000020e+30 1.000000000000000020e+30 1.000000000000000020e+30 1.000000000000000020e+30 1.000000000000000020e+30 1.000000000000000020e+30 1.000000000000000020e+30 1.000000000000000020e+30 1.000000000000000020e+30 1.000000000000000020e+30 1.000000000000000020e+30 1.000000000000000020e+30 1.000000000000000020e+30 1.000000000000000020e+30 1.000000000000000020e+30 1.000000000000000020e+30 1.000000000000000020e+30 1.000000000000000020e+30 1.000000000000000020e+30 1.000000000000000020e+30 1.000000000000000020e+30 1.000000000000000020e+30 1.000000000000000020e+30 1.000000000000000020e+30 1.000000000000000020e+30 1.000000000000000020e+30 1.000000000000000020e+30 1.000000000000000020e+30 1.000000000000000020e+30 1.000000000000000020e+30 1.000000000000000020e+30 1.000000000000000020e+30 1.000000000000000020e+30 1.000000000000000020e+30 1.000000000000000020e+30 1.000000000000000020e+30 1.000000000000000020e+30 1.000000000000000020e+30 1.000000000000000020e+30
1.000000000000000020e+30 1.000000000000000020e+30 1.000000000000000020e+30 1.000000000000000020e+30 1.000000000000000020e+30 1.000000000000000020e+30 1.000000000000000020e+30 1.000000000000000020e+30 1.000000000000000020e+30 1.000000000000000020e+30 1.000000000000000020e+30 1.000000000000000020e+30 1.000000000000000020e+30 1.000000000000000020e+30 1.000000000000000020e+30 1.000000000000000020e+30 1.000000000000000020e+30 1.000000000000000020e+30 1.000000000000000020e+30 1.000000000000000020e+30 1.000000000000000020e+30 1.000000000000000020e+30 1.000000000000000020e+30 1.000000000000000020e+30 1.000000000000000020e+30 1.000000000000000020e+30 1.000000000000000020e+30 1.331411458274991233e+01 1.331569506954604165e+01 1.331734454464626438e+01 1.331908026177476323e+01 1.332124784551081298e+01 1.332349561341411182e+01 1.332578048288447015e+01 1.332546372488377173e+01 1.330713861760498951e+01 1.329307775646649326e+01 1.328218232392794285e+01 1.327442367128325529e+01 1.327505765921853609e+01 1.327580335041108306e+01 1.327655768904612188e+01 1.327665317892154029e+01 1.000000000000000020e+30 1.000000000000000020e+30 1.000000000000000020e+30 1.000000000000000020e+30 1.000000000000000020e+30 1.000000000000000020e+30 1.000000000000000020e+30 1.000000000000000020e+30 1.000000000000000020e+30 1.000000000000000020e+30 1.000000000000000020e+30 1.000000000000000020e+30 1.000000000000000020e+30 1.000000000000000020e+30
1.000000000000000020e+30 1.000000000000000020e+30 1.000000000000000020e+30 1.000000000000000020e+30 1.000000000000000020e+30 1.000000000000000020e+30 1.000000000000000020e+30 1.000000000000000020e+30 1.000000000000000020e+30 1.000000000000000020e+30 1.000000000000000020e+30 1.000000000000000020e+30 1.000000000000000020e+30 1.000000000000000020e+30 1.000000000000000020e+30 1.000000000000000020e+30 1.000000000000000020e+30 1.000000000000000020e+30 1.000000000000000020e+30 1.000000000000000020e+30 1.000000000000000020e+30 1.000000000000000020e+30 1.000000000000000020e+30 1.000000000000000020e+30 1.334579586539253526e+01 1.332808795899272525e+01 1.331338326702149466e+01 1.331750061316256684e+01 1.332255811096558773e+01 1.332804257378544577e+01 1.333300780069254010e+01 1.333043462711359162e+01 1.332783685400254470e+01 1.332530502943492579e+01 1.332063050002416382e+01 1.330173779696234071e+01 1.328758716147929420e+01 1.327679533685947355e+01 1.326931951777673468e+01 1.327111986454998949e+01 1.327312608677669736e+01 1.327523742832630838e+01 1.327657408842563669e+01 1.327105877430808611e+01 1.326619213345229120e+01 1.326193274286808332e+01 1.325864000346887117e+01 1.325949381153082918e+01 1.000000000000000020e+30 1.000000000000000020e+30 1.000000000000000020e+30 1.000000000000000020e+30 1.000000000000000020e+30 1.000000000000000020e+30 1.000000000000000020e+30 1.000000000000000020e+30 1.000000000000000020e+30
1.000000000000000020e+30 1.000000000000000020e+30 1.000000000000000020e+30 1.000000000000000020e+30 1.000000000000000020e+30 1.000000000000000020e+30 1.000000000000000020e+30 1.000000000000000020e+30 1.000000000000000020e+30 1.000000000000000020e+30 1.000000000000000020e+30 1.000000000000000020e+30 1.000000000000000020e+30 1.000000000000000020e+30 1.000000000000000020e+30 1.000000000000000020e+30 1.000000000000000020e+30 1.000000000000000020e+30 1.000000000000000020e+30 1.000000000000000020e+30 1.000000000000000020e+30 1.343875992345916259e+01 1.340428002384050821e+01 1.337225704570812113e+01 1.334674849835666777e+01 1.332731541311254020e+01 1.331373409727423152e+01 1.332117793772374803e+01 1.333037163285673010e+01 1.334093731203318178e+01 1.335055554478065787e+01 1.334116817182948367e+01 1.333252991134141219e+01 1.332480715083138101e+01 1.331604343688042036e+01 1.329674655889101231e+01 1.328261143423623736e+01 1.327198555981359540e+01 1.326479591350689802e+01 1.326752396692914360e+01 1.327060153406820575e+01 1.327395023592894496e+01 1.327654307424925229e+01 1.327105965140624733e+01 1.326619321737414126e+01 1.326193224805266269e+01 1.325845174771597890e+01 1.325754608749349295e+01 1.325666947278950580e+01 1.000000000000000020e+30 1.000000000000000020e+30 1.000000000000000020e+30 1.000000000000000020e+30 1.000000000000000020e+30 1.000000000000000020e+30 1.000000000000000020e+30 1.000000000000000020e+30
1.000000000000000020e+30 1.000000000000000020e+30 1.000000000000000020e+30 1.000000000000000020e+30 1.000000000000000020e+30 1.000000000000000020e+30 1.000000000000000020e+30 1.000000000000000020e+30 1.000000000000000020e+30 1.000000000000000020e+30 1.000000000000000020e+30 1.000000000000000020e+30 1.000000000000000020e+30 1.000000000000000020e+30 1.000000000000000020e+30 1.000000000000000020e+30 1.000000000000000020e+30 1.000000000000000020e+30 1.373625049941167653e+01 1.362707736879784015e+01 1.352221354179522628e+01 1.344614605267429219e+01 1.339921034562761726e+01 1.336796947373473543e+01 1.334456371791030627e+01 1.332651974440159037e+01 1.331417470673983772e+01 1.332507567478899801e+01 1.333903143439975736e+01 1.335609894991367952e+01 1.337188611141019834e+01 1.335179622001170685e+01 1.333573858222388431e+01 1.332270177946105782e+01 1.331040993831241082e+01 1.329130035931114229e+01 1.327760292365883998e+01 1.326747027387161992e+01 1.326081175759056840e+01 1.326426648182965806e+01 1.326823161793612904e+01 1.327267595442622472e+01 1.327645087618885356e+01 1.327101706394679859e+01 1.326616174769503154e+01 1.326190691137491484e+01 1.325824265492464882e+01 1.325568055018644742e+01 1.325333624240950670e+01 1.325115703882736184e+01 1.000000000000000020e+30 1.000000000000000020e+30 1.000000000000000020e+30 1.000000000000000020e+30 1.000000000000000020e+30 1.000000000000000020e+30 1.000000000000000020e+30
1.000000000000000020e+30 1.000000000000000020e+30 1.000000000000000020e+30 1.000000000000000020e+30 1.000000000000000020e+30 1.000000000000000020e+30 1.000000000000000020e+30 1.000000000000000020e+30 1.000000000000000020e+30 1.000000000000000020e+30 1.000000000000000020e+30 1.000000000000000020e+30 1.000000000000000020e+30 1.000000000000000020e+30 1.000000000000000020e+30 1.000000000000000020e+30 1.382102464669022091e+01 1.380473617928024410e+01 1.374664355366472357e+01 1.361979470584186203e+01 1.351236472800045796e+01 1.343827568915763493e+01 1.339184273976101736e+01 1.336460690199445622e+01 1.334483528766019056e+01 1.332929007803494414e+01 1.331823621333033891e+01 1.332868677801407564e+01 1.334186890985360030e+01 1.335735958959742575e+01 1.335394166093306900e+01 1.327228414060019723e+01 1.324593068472937674e+01 1.323342731021068630e+01 1.322711894865598659e+01 1.323143933177190590e+01 1.323742803760061904e+01 1.324617664948797646e+01 1.325867685605805057e+01 1.326217898654504168e+01 1.326588233424812557e+01 1.326999460718736756e+01 1.327340595404809065e+01 1.326847513014261715e+01 1.326395383956650065e+01 1.325996684473945919e+01 1.325628895815237129e+01 1.325200119595125692e+01 1.324829275419476460e+01 1.324506359175393655e+01 1.324254299605672891e+01 1.324330374070089178e+01 1.000000000000000020e+30 1.000000000000000020e+30 1.000000000000000020e+30 1.000000000000000020e+30 1.000000000000000020e+30
1.000000000000000020e+30 1.000000000000000020e+30 1.000000000000000020e+30 1.000000000000000020e+30 1.000000000000000020e+30 1.000000000000000020e+30 1.000000000000000020e+30 1.000000000000000020e+30 1.000000000000000020e+30 1.000000000000000020e+30 1.000000000000000020e+30 1.000000000000000020e+30 1.000000000000000020e+30 1.000000000000000020e+30 1.000000000000000020e+30 1.381727979854132116e+01 1.381475237247331833e+01 1.379701744638534677e+01 1.373801546577161048e+01 1.360673227145355035e+01 1.349991698830018549e+01 1.342829505652063382e+01 1.338481021328839837e+01 1.336278900621894294e+01 1.334776983881189238e+01 1.333589551905066095e+01 1.332665678461465042e+01 1.333195174963199925e+01 1.333823347311370178e+01 1.334436875011035539e+01 1.331520382925348400e+01 1.323309261995420627e+01 1.321840887187677360e+01 1.321249072075090858e+01 1.320976851143853281e+01 1.321277382771919839e+01 1.321795162314440120e+01 1.322899758511585944e+01 1.325781503572494735e+01 1.326102798398479621e+01 1.326357182523807055e+01 1.326625006077553515e+01 1.326818214444359079e+01 1.326397502930042904e+01 1.325999801259890454e+01 1.325645416351564343e+01 1.325291191438537197e+01 1.324716743177021527e+01 1.324249101783925475e+01 1.323863236322736547e+01 1.323587609255641517e+01 1.323757921361007561e+01 1.323943722434427883e+01 1.000000000000000020e+30 1.000000000000000020e+30 1.000000000000000020e+30 1.000000000000000020e+30
1.000000000000000020e+30 1.000000000000000020e+30 1.000000000000000020e+30 1.000000000000000020e+30 1.000000000000000020e+30 1.000000000000000020e+30 1.000000000000000020e+30 1.000000000000000020e+30 1.000000000000000020e+30 1.000000000000000020e+30 1.000000000000000020e+30 1.000000000000000020e+30 1.000000000000000020e+30 1.000000000000000020e+30 1.380020646911975568e+01 1.380376671802943100e+01 1.379869538516021699e+01 1.377829002933132685e+01 1.371750850663618593e+01 1.358765354246373747e+01 1.348506069360038673e+01 1.341758051742527691e+01 1.337789106058057165e+01 1.336094538722659841e+01 1.335078612285313149e+01 1.334312241076349714e+01 1.333634752122610934e+01 1.333534501743529610e+01 1.333461703396031162e+01 1.333306702689879764e+01 1.329129162614784398e+01 1.322094244874760527e+01 1.321104635448424780e+01 1.320720290409204623e+01 1.320546805461530759e+01 1.320755972054905669e+01 1.321141245818520815e+01 1.322103172691817186e+01 1.325676041000702554e+01 1.325973606314438058e+01 1.326124351039004701e+01 1.326269882712879422e+01 1.326348911194838465e+01 1.325989883757029908e+01 1.325642826783096417e+01 1.325328822385258576e+01 1.324988847895276223e+01 1.324311532670540004e+01 1.323788100142919788e+01 1.323374389083607561e+01 1.323092374256609638e+01 1.323311514760669994e+01 1.323566077346195335e+01 1.323857182331054716e+01 1.000000000000000020e+30 1.000000000000000020e+30 1.000000000000000020e+30
1.000000000000000020e+30 1.000000000000000020e+30 1.000000000000000020e+30 1.000000000000000020e+30 1.000000000000000020e+30 1.000000000000000020e+30 1.000000000000000020e+30 1.000000000000000020e+30 1.000000000000000020e+30 1.000000000000000020e+30 1.000000000000000020e+30 1.000000000000000020e+30 1.000000000000000020e+30 1.376588850067138203e+01 1.377738354130464238e+01 1.377393573820265971e+01 1.376013082466406168e+01 1.373297188920618872e+01 1.367224711431352624e+01 1.355442668871476286e+01 1.346381926573055843e+01 1.340458758375421944e+01 1.337025102779884911e+01 1.335802230379886701e+01 1.335235784505661449e+01 1.334933338805976000e+01 1.334669441267664958e+01 1.333724512437748899e+01 1.332939306318141703e+01 1.332170591884976041e+01 1.327484502321134485e+01 1.321509131359582412e+01 1.320764263150739914e+01 1.320479275405123865e+01 1.320351763171955284e+01 1.320511449388949998e+01 1.320814430931027950e+01 1.321633146933684522e+01 1.325330392437476235e+01 1.325576351245703144e+01 1.325630128204270619e+01 1.325670407050974831e+01 1.325671050352298508e+01 1.325439156169752586e+01 1.325210373071028158e+01 1.324996446302538367e+01 1.324716204276591469e+01 1.323968438265182535e+01 1.323414640718362811e+01 1.322991879354318456e+01 1.322713218862615037e+01 1.322956964205191355e+01 1.323250014629363314e+01 1.323603535660584285e+01 1.324006470769714383e+01 1.000000000000000020e+30 1.000000000000000020e+30
1.000000000000000020e+30 1.000000000000000020e+30 1.000000000000000020e+30 1.000000000000000020e+30 1.000000000000000020e+30 1.000000000000000020e+30 1.000000000000000020e+30 1.000000000000000020e+30 1.000000000000000020e+30 1.000000000000000020e+30 1.000000000000000020e+30 1.000000000000000020e+30 1.368693665891114897e+01 1.372408009793502082e+01 1.373344484818991873e+01 1.370126798358880649e+01 1.365714310924898989e+01 1.360978695457765220e+01 1.355347115613564135e+01 1.347997925518485651e+01 1.342315880991267996e+01 1.338396783254895439e+01 1.335984751953969329e+01 1.335063568130481393e+01 1.334585342403796204e+01 1.334258521927331564e+01 1.332829666873398011e+01 1.326938599952158704e+01 1.324657179801065432e+01 1.323481457402861672e+01 1.322438248339932443e+01 1.320995403602661078e+01 1.320580627780409877e+01 1.320384016915872749e+01 1.320286961309434481e+01 1.320392287841262480e+01 1.320561407988710201e+01 1.320880103843352416e+01 1.321561490358991975e+01 1.321524351827867960e+01 1.321472390400037078e+01 1.321423725451786702e+01 1.321411160284274899e+01 1.321709224526513182e+01 1.322180267950163035e+01 1.323006939347313526e+01 1.324437498252793688e+01 1.323759583587377087e+01 1.323226408147699829e+01 1.322820860217537309e+01 1.322558257790762326e+01 1.322817606680160019e+01 1.323139291347957958e+01 1.323538368475747795e+01 1.323999909347566017e+01 1.000000000000000020e+30 1.000000000000000020e+30
1.000000000000000020e+30 1.000000000000000020e+30 1.000000000000000020e+30 1.000000000000000020e+30 1.000000000000000020e+30 1.000000000000000020e+30 1.000000000000000020e+30 1.000000000000000020e+30 1.000000000000000020e+30 1.000000000000000020e+30 1.000000000000000020e+30 1.349693155852238746e+01 1.359428963772644039e+01 1.365439339593804391e+01 1.366739579476550581e+01 1.360032336155319399e+01 1.352557944555787550e+01 1.346391788136194734e+01 1.341832139630500720e+01 1.339273947943897802e+01 1.337360743438430433e+01 1.335884162034575162e+01 1.334783072407867799e+01 1.333945137896008681e+01 1.333229373908814708e+01 1.332519764393271622e+01 1.329731595611451311e+01 1.323329826994748437e+01 1.321925051563772335e+01 1.321329346766543722e+01 1.320976112697960048e+01 1.320648575362506882e+01 1.320467000372419264e+01 1.320351460738731397e+01 1.320282419513774563e+01 1.320326968734557305e+01 1.320381587114647282e+01 1.320450628186665121e+01 1.320529060324696502e+01 1.320501295616863047e+01 1.320474722070049189e+01 1.320450312436744156e+01 1.320444382174983744e+01 1.320617650890982731e+01 1.320932498709406921e+01 1.321677597724671394e+01 1.324163789212461140e+01 1.323648955984940478e+01 1.323172578288992263e+01 1.322801198744291185e+01 1.322563426743903747e+01 1.322840877970633144e+01 1.323195261976696102e+01 1.323641766174159251e+01 1.324100164312523731e+01 1.319541690923921706e+01 1.000000000000000020e+30
1.000000000000000020e+30 1.000000000000000020e+30 1.000000000000000020e+30 1.000000000000000020e+30 1.000000000000000020e+30 1.000000000000000020e+30 1.000000000000000020e+30 1.000000000000000020e+30 1.000000000000000020e+30 1.000000000000000020e+30 1.300688211531070415e+01 1.327585471231870784e+01 1.343941601441069089e+01 1.353773165094147224e+01 1.357555840395692570e+01 1.350659127420948025e+01 1.342879495439130189e+01 1.337078226051237806e+01 1.333675200113130721e+01 1.333429992184865931e+01 1.333570515206370999e+01 1.333761014437780723e+01 1.333776696920762284e+01 1.332876228405093855e+01 1.331934773394118032e+01 1.331009398455559811e+01 1.327778518588704593e+01 1.322140171370733874e+01 1.321167445363991355e+01 1.320774426286238601e+01 1.320564944596908852e+01 1.320461268226356388e+01 1.320383351722988330e+01 1.320322584379608521e+01 1.320278050501554112e+01 1.320275406876828583e+01 1.320272917330252405e+01 1.320270609412861518e+01 1.320266741611657402e+01 1.320248024066042269e+01 1.320230761039852929e+01 1.320214929762246392e+01 1.320210975884461213e+01 1.320326947293916930e+01 1.320547433877605137e+01 1.321137598044104244e+01 1.323918330134824117e+01 1.323538187223731910e+01 1.323118162076232096e+01 1.322781588890851445e+01 1.322569539605214040e+01 1.322863947704619925e+01 1.323229371163388102e+01 1.323538220604608462e+01 1.318600071354425474e+01 1.324237589532590320e+01 1.000000000000000020e+30
1.000000000000000020e+30 1.000000000000000020e+30 1.000000000000000020e+30 1.000000000000000020e+30 1.000000000000000020e+30 1.000000000000000020e+30 1.000000000000000020e+30 1.000000000000000020e+30 1.000000000000000020e+30 1.107382769258927802e+01 1.244466520322466430e+01 1.294611925897033622e+01 1.317819900597135785e+01 1.331677765922638912e+01 1.340978276763661903e+01 1.340882186148612831e+01 1.336453497889667830e+01 1.332009904581653537e+01 1.329472223740931547e+01 1.330037978628338102e+01 1.330978797572533701e+01 1.332099680773787931e+01 1.333048029564746884e+01 1.331915083165429969e+01 1.330802281088176464e+01 1.329790336264335160e+01 1.326456692818409522e+01 1.321556228414405432e+01 1.320813817410671298e+01 1.320520130511793511e+01 1.320371276428846485e+01 1.320343840666366120e+01 1.320319157783574759e+01 1.320296743499977588e+01 1.320273770300168081e+01 1.320233593827857099e+01 1.320200163871376198e+01 1.320171902197634672e+01 1.320148507147450445e+01 1.320134423301163551e+01 1.320121555765983423e+01 1.320109769156798230e+01 1.320106736545612414e+01 1.320193563415179661e+01 1.320361794697228142e+01 1.320839754737924920e+01 1.323552301187604208e+01 1.323314909318531463e+01 1.322990471332021301e+01 1.322727767523218922e+01 1.322576917293444687e+01 1.322839239294174085e+01 1.322280075004067790e+01 1.312892276086591714e+01 1.324381270089480900e+01 1.324402289746062067e+01 1.000000000000000020e+30
1.000000000000000020e+30 1.000000000000000020e+30 1.000000000000000020e+30 1.000000000000000020e+30 1.000000000000000020e+30 1.000000000000000020e+30 1.000000000000000020e+30 1.000000000000000020e+30 1.284403626745608307e+01 1.153969694623414455e+01 1.227578345980658447e+01 1.254297292488016602e+01 1.271015821567493376e+01 1.284164538700530933e+01 1.300562779744733355e+01 1.322907410439595033e+01 1.331946268783014631e+01 1.330048211320498019e+01 1.328015089384221525e+01 1.328687891863309467e+01 1.329666647124015988e+01 1.330883453485686729e+01 1.332067186618688481e+01 1.330798837685112090e+01 1.329707766393510404e+01 1.328760651616404331e+01 1.325693170119993525e+01 1.321339407017279122e+01 1.320689593478473611e+01 1.320432615334452642e+01 1.320303833043244524e+01 1.320292362228967242e+01 1.320281520419957033e+01 1.320271168543759543e+01 1.320256493078149518e+01 1.320206813305174087e+01 1.320167514002129217e+01 1.320135647749421004e+01 1.320108399069862948e+01 1.320079221839025330e+01 1.320055573591417009e+01 1.320036053298889200e+01 1.320025314221218693e+01 1.320076440565739517e+01 1.320164538355480133e+01 1.320352751771188693e+01 1.320900866342618585e+01 1.321111356071872223e+01 1.321412616208587387e+01 1.321909584716853914e+01 1.322694742785013666e+01 1.322091493923148953e+01 1.293040699852933528e+01 1.323045421445582370e+01 1.325001909838830016e+01 1.324771365856603111e+01 1.000000000000000020e+30
1.000000000000000020e+30 1.000000000000000020e+30 1.000000000000000020e+30 1.000000000000000020e+30 1.000000000000000020e+30 1.000000000000000020e+30 1.000000000000000020e+30 1.335333146420677863e+01 1.318192593801743584e+01 1.270411700665934696e+01 1.173889744376633892e+01 1.154683006667464262e+01 1.164676158195938349e+01 1.171802478488481647e+01 1.183344480503095397e+01 1.246788970286917575e+01 1.322467112542536505e+01 1.329268908982808917e+01 1.327861113666517134e+01 1.328420947989567402e+01 1.329155876792305335e+01 1.330021207154918095e+01 1.330783861662666467e+01 1.329657599406832524e+01 1.328705235393802475e+01 1.327882486179312593e+01 1.325254736775259268e+01 1.321295378080048799e+01 1.320671390154890901e+01 1.320421632924851885e+01 1.320295209503488643e+01 1.320277583020486745e+01 1.320261324305340622e+01 1.320246199064199288e+01 1.320229103057629594e+01 1.320190548642503359e+01 1.320158760690242516e+01 1.320132104959042252e+01 1.320104273778462733e+01 1.320048577674675272e+01 1.320011610551036085e+01 1.319985358327456559e+01 1.319969900061642143e+01 1.319998398299566844e+01 1.320041587893131307e+01 1.320091708860176816e+01 1.320203984456643020e+01 1.320311296421595770e+01 1.320477907626034764e+01 1.320758539818498889e+01 1.321022524112783358e+01 1.320212510906008063e+01 1.291524618807590485e+01 1.323591365069867187e+01 1.325895914235968043e+01 1.325552603146913810e+01 1.000000000000000020e+30
1.000000000000000020e+30 1.000000000000000020e+30 1.000000000000000020e+30 1.000000000000000020e+30 1.000000000000000020e+30 1.000000000000000020e+30 1.338834617403456839e+01 1.338132800184083671e+01 1.333505325762870442e+01 1.320848359265796113e+01 1.299503954499730085e+01 1.291975409509168493e+01 1.292494650629027575e+01 1.295114128232290618e+01 1.303497015280171922e+01 1.319875473226363560e+01 1.289539031515148437e+01 1.327031812289756552e+01 1.327615892096283901e+01 1.328216085936833046e+01 1.328729321487841730e+01 1.329295654140545757e+01 1.329733079554578623e+01 1.328729101647304311e+01 1.327887289952506755e+01 1.327161153657225690e+01 1.324879734329135950e+01 1.321254455640609393e+01 1.320654109102579099e+01 1.320411121260622700e+01 1.320286936270263922e+01 1.320263744794406158e+01 1.320242870832538173e+01 1.320223909797734407e+01 1.320205028116864732e+01 1.320175642214626421e+01 1.320150503015374532e+01 1.320128739438375298e+01 1.320100406392860393e+01 1.320024689326979406e+01 1.319981992412084892e+01 1.319954671805826152e+01 1.319938964031169348e+01 1.319957821280776855e+01 1.319971449012515130e+01 1.316666652390503423e+01 1.315390775751562380e+01 1.314661582586344224e+01 1.311951237650003499e+01 1.303603215350456779e+01 1.277575135622016589e+01 1.281143377442170106e+01 1.320688094793028888e+01 1.326288416229351341e+01 1.327302047446426947e+01 1.326642819168152698e+01 1.000000000000000020e+30
1.000000000000000020e+30 1.000000000000000020e+30 1.000000000000000020e+30 1.000000000000000020e+30 1.000000000000000020e+30 1.338296404014952401e+01 1.338791939427117228e+01 1.338820112874623014e+01 1.337861021320394705e+01 1.335234632191142623e+01 1.331628426374619067e+01 1.332001510793105048e+01 1.335344292704671254e+01 1.340922551294022469e+01 1.347184965427551617e+01 1.339986990727174820e+01 1.330327728287583788e+01 1.306090450028484362e+01 1.318864732172654897e+01 1.327847151557990912e+01 1.328341314812798224e+01 1.328670441221090393e+01 1.328867944196959350e+01 1.327965238254449964e+01 1.327212190505424871e+01 1.326563123104033259e+01 1.324555924339945889e+01 1.321215929558275448e+01 1.320637540136193522e+01 1.320400981842320931e+01 1.320278954701543306e+01 1.320250751126059541e+01 1.320225962371838513e+01 1.320203934980302840e+01 1.320183760593415556e+01 1.320161958072308117e+01 1.320142673702647151e+01 1.320125458336576152e+01 1.320096675301065403e+01 1.320005568457087541e+01 1.319960732554268112e+01 1.319934154704311524e+01 1.319919276636778349e+01 1.319933053349348029e+01 1.319932497506780678e+01 1.317115941580233240e+01 1.319978398839436018e+01 1.320049456681030087e+01 1.320142471259022088e+01 1.320315530989458352e+01 1.317780995458152127e+01 1.267094449177725046e+01 1.322513618383608325e+01 1.328630643336684614e+01 1.329360211512156376e+01 1.328217282840199154e+01 1.000000000000000020e+30
1.000000000000000020e+30 1.000000000000000020e+30 1.000000000000000020e+30 1.000000000000000020e+30 1.000000000000000020e+30 1.337953146120752024e+01 1.338407607472813332e+01 1.338657802322271451e+01 1.338700004533193777e+01 1.338491110414708096e+01 1.338581425962786220e+01 1.341177109839283155e+01 1.345637930031386809e+01 1.351882334160737820e+01 1.356537442714941299e+01 1.343101565722587587e+01 1.334523752070527536e+01 1.329738597661452992e+01 1.328035201151402411e+01 1.321205626349323303e+01 1.328332388498121475e+01 1.328683173215649305e+01 1.328744180774198824e+01 1.327862325282958444e+01 1.327127052768218363e+01 1.326492601131006310e+01 1.324508774171230208e+01 1.321204621912665900e+01 1.320631083412005680e+01 1.320396438508580417e+01 1.320275536271666539e+01 1.320248488949489385e+01 1.320224659360507857e+01 1.320203400408215089e+01 1.320183786213355859e+01 1.320161974644367398e+01 1.320142681509668847e+01 1.320125463668541954e+01 1.320097630723444837e+01 1.320010143706845973e+01 1.319965631595275823e+01 1.319938772736087529e+01 1.319923541033348080e+01 1.319929814100345311e+01 1.317001124981887195e+01 1.319948343182258199e+01 1.320023484227740873e+01 1.320089510158734214e+01 1.320223843180960976e+01 1.320725370011776967e+01 1.329125899060320037e+01 1.325021751980271034e+01 1.331210132925765777e+01 1.332609076735333176e+01 1.332397143346918611e+01 1.330351103079834374e+01 1.000000000000000020e+30
1.000000000000000020e+30 1.000000000000000020e+30 1.000000000000000020e+30 1.000000000000000020e+30 1.337078937694793446e+01 1.337387002703564143e+01 1.337730959735536729e+01 1.338352225760775305e+01 1.339037712075141329e+01 1.339768438982707366e+01 1.340788155732692211e+01 1.343026471351909557e+01 1.346114383085945221e+01 1.349818279711092472e+01 1.351558315931573162e+01 1.341495122811369178e+01 1.334956094897996159e+01 1.331256456456572934e+01 1.329185513669600205e+01 1.329036659774679663e+01 1.319614746512108283e+01 1.329081978092914618e+01 1.329297149730775551e+01 1.328372747621430250e+01 1.327593216568294565e+01 1.326918338109707030e+01 1.324723508366186842e+01 1.321218861917063236e+01 1.320634234069543211e+01 1.320397220146094597e+01 1.320276485088249530e+01 1.320256585383146941e+01 1.320238609814755648e+01 1.320222081247031198e+01 1.320205041596955731e+01 1.320175675484411393e+01 1.320150521060824822e+01 1.320128757797844088e+01 1.320103385536215512e+01 1.320042657385812035e+01 1.320003908292673422e+01 1.319977105460556821e+01 1.319959174643932265e+01 1.319977384921152996e+01 1.319980664991778774e+01 1.317250410448908937e+01 1.320085733614386569e+01 1.320193180634252172e+01 1.320381906225104274e+01 1.321120103364772014e+01 1.335382137035413663e+01 1.336798301516101795e+01 1.337773731304128866e+01 1.337963827397715200e+01 1.337105700846232992e+01 1.333361299495810393e+01 1.000000000000000020e+30
1.000000000000000020e+30 1.000000000000000020e+30 1.000000000000000020e+30 1.000000000000000020e+30 1.336251126962138613e+01 1.336713210921727679e+01 1.336991522918783204e+01 1.337980382994869011e+01 1.339182503497388765e+01 1.340520717360771386e+01 1.341903750141080742e+01 1.343071447981228062e+01 1.344328183625470885e+01 1.345579688306266952e+01 1.345528218430301948e+01 1.339507175199552869e+01 1.335135522945988562e+01 1.332267485934502105e+01 1.330436374652416553e+01 1.330315288599779144e+01 1.329935754270776549e+01 1.318914971883422815e+01 1.329565635154468595e+01 1.328948569071036623e+01 1.328128310833649017e+01 1.327409296407262040e+01 1.324963616344480855e+01 1.321233203856792393e+01 1.320637427550388132e+01 1.320398016616466919e+01 1.320277464005296331e+01 1.320265015859887470e+01 1.320253616814748909e+01 1.320242784031801975e+01 1.320229072279806104e+01 1.320190611819071513e+01 1.320158795989760137e+01 1.320132143629621702e+01 1.320109450439731269e+01 1.320089642147686071e+01 1.320072490959228695e+01 1.320054914452076567e+01 1.318815716967881890e+01 1.318519040306278889e+01 1.317835471686055904e+01 1.320163076836789173e+01 1.320282852248839234e+01 1.320436856834291106e+01 1.320752736473406230e+01 1.321981611373387011e+01 1.344918312014734951e+01 1.347686820572967648e+01 1.348040092382867883e+01 1.347899335580933133e+01 1.346034317566256178e+01 1.338351235149689522e+01 1.000000000000000020e+30
1.000000000000000020e+30 1.000000000000000020e+30 1.000000000000000020e+30 1.290413981170566693e+01 1.329037369615893915e+01 1.335197498019740436e+01 1.336175726136454678e+01 1.337595982574907616e+01 1.339261539973144188e+01 1.341127448311590342e+01 1.342788995487720349e+01 1.342787821379486246e+01 1.342460224178147499e+01 1.342000624848088286e+01 1.341001667852953538e+01 1.337860192947401572e+01 1.335329415369665185e+01 1.333419558805435123e+01 1.332027371176567243e+01 1.331677126560878399e+01 1.331353606908280263e+01 1.330643792495739319e+01 1.317960825898395250e+01 1.329192526992157042e+01 1.328586817054819669e+01 1.327963906572293418e+01 1.325230792051067752e+01 1.321248594177958502e+01 1.320641227807303864e+01 1.320399228363207200e+01 1.320278788832043126e+01 1.320274084914917623e+01 1.320270044761361383e+01 1.320266043942435985e+01 1.320256599836567801e+01 1.320207125664828851e+01 1.320167710403853256e+01 1.320135782929758150e+01 1.320115969829549840e+01 1.320163318530718222e+01 1.320230059248610033e+01 1.320321151045276764e+01 1.319258610187237934e+01 1.320589757081647519e+01 1.320717909471350993e+01 1.320911977378523083e+01 1.321185667709772282e+01 1.321646934273202056e+01 1.322594389821918703e+01 1.325957917841265754e+01 1.369198965587752248e+01 1.372062640628267438e+01 1.372103968305251875e+01 1.371701487952148035e+01 1.367169527889372738e+01 1.347622568992973591e+01 1.000000000000000020e+30
1.000000000000000020e+30 1.000000000000000020e+30 1.000000000000000020e+30 1.293631078930899392e+01 1.283225366309832260e+01 1.330877542539684022e+01 1.335368154272524954e+01 1.337323172724869025e+01 1.339288846939167854e+01 1.341483736475933952e+01 1.343375505163493955e+01 1.342783589719022252e+01 1.341789550116534002e+01 1.340745011043775747e+01 1.339504289775937451e+01 1.337285210678990310e+01 1.335423804753995469e+01 1.333924629513293603e+01 1.332761188599594959e+01 1.332319043647479617e+01 1.331919634749848136e+01 1.331525755328788740e+01 1.330590192141201733e+01 1.316498404991959248e+01 1.319079106927797795e+01 1.328106650440083314e+01 1.325627281786454326e+01 1.321404166652133938e+01 1.320734336953024091e+01 1.320465753507321871e+01 1.320332314682511488e+01 1.320331419345894197e+01 1.320331384463785263e+01 1.320331298475200477e+01 1.320324057101914406e+01 1.320264917371121349e+01 1.320218062047762686e+01 1.320180216709281851e+01 1.320152334203807598e+01 1.320265554047929513e+01 1.320485690275100943e+01 1.317372456528386948e+01 1.436549068600841217e+01 1.475110576281182695e+01 1.514634089074313827e+01 1.587451865821325825e+01 1.881368234680802942e+01 1.947948139088002506e+01 1.980241417000811666e+01 1.984059295408734513e+01 1.985089704278048472e+01 1.983311414852742161e+01 1.968650897973603975e+01 1.859172486919652201e+01 1.401843397063802676e+01 1.358775281391164036e+01 1.000000000000000020e+30
1.000000000000000020e+30 1.000000000000000020e+30 1.000000000000000020e+30 1.302109448361761856e+01 1.290638532834180374e+01 1.329291758567302040e+01 1.334958824405295275e+01 1.337123872815266878e+01 1.339252795869376023e+01 1.341561188896234924e+01 1.343624472113900126e+01 1.343129116784402122e+01 1.342296137404435719e+01 1.341441920454894010e+01 1.340313134103442039e+01 1.337616507005929201e+01 1.335391941286520989e+01 1.333629406172361165e+01 1.332311272234989197e+01 1.332001294829975357e+01 1.331726029079000639e+01 1.331460402186873360e+01 1.331105207275036939e+01 1.329948952746948976e+01 1.329047133449604345e+01 1.317456834083587403e+01 1.325929790361679395e+01 1.321808544779765349e+01 1.320992853428076330e+01 1.320656344792298675e+01 1.320486204747305869e+01 1.320484762495505926e+01 1.320484722670937039e+01 1.320484611420634735e+01 1.320476735808511393e+01 1.320411684468929181e+01 1.320358640891717883e+01 1.320288068968581641e+01 1.317762331893419869e+01 1.317897321512794129e+01 1.317204171656094047e+01 1.000000000000000020e+30 1.000000000000000020e+30 1.000000000000000020e+30 1.000000000000000020e+30 1.000000000000000020e+30 1.000000000000000020e+30 1.000000000000000020e+30 2.173225655705717685e+01 2.174372883509118637e+01 2.178778698646672751e+01 2.175999818702085165e+01 2.153029022722973451e+01 1.996936923441563039e+01 1.407643990002959278e+01 1.366498162884570000e+01 1.000000000000000020e+30
1.000000000000000020e+30 1.000000000000000020e+30 1.318279876141216533e+01 1.309629551234212208e+01 1.300614619639646996e+01 1.296550907083058846e+01 1.331845298318835269e+01 1.335519743552942273e+01 1.339007538787474161e+01 1.341506533736905737e+01 1.343740749368510023e+01 1.343523827657320346e+01 1.342999064613802496e+01 1.342438485229347300e+01 1.341437321649580205e+01 1.338026447689778031e+01 1.335352793898638524e+01 1.333321619488091336e+01 1.331874359305415112e+01 1.331684427140281812e+01 1.331525752793426953e+01 1.331369807066696787e+01 1.331134921274496641e+01 1.330329591813678114e+01 1.329611597802381340e+01 1.328574404534884401e+01 1.314837626858742148e+01 1.322156045594383933e+01 1.321250363560988461e+01 1.320998589624464792e+01 1.320770335023125241e+01 1.320775738372913999e+01 1.320776014990927472e+01 1.320775407640225119e+01 1.320758689475096226e+01 1.320597530191811231e+01 1.320573179157597288e+01 1.316932407920854509e+01 1.320573189825331539e+01 1.320856406217101053e+01 1.321389678711089921e+01 1.000000000000000020e+30 1.000000000000000020e+30 1.000000000000000020e+30 1.000000000000000020e+30 1.000000000000000020e+30 1.000000000000000020e+30 1.000000000000000020e+30 1.000000000000000020e+30 1.000000000000000020e+30 2.210970459754180695e+01 2.208620254925458681e+01 2.194556000279043317e+01 2.119082590505450270e+01 1.418012493857637679e+01 1.376570366973136927e+01 1.000000000000000020e+30
1.000000000000000020e+30 1.000000000000000020e+30 1.317557932279848742e+01 1.315481092565294396e+01 1.312917923466305226e+01 1.310055913008773132e+01 1.308728566517805270e+01 1.308047535256367055e+01 1.337087610703848561e+01 1.340493792070379442e+01 1.342731492642334246e+01 1.343754449481945556e+01 1.343669250797386105e+01 1.343491546287276250e+01 1.342664785183690235e+01 1.338440518666377166e+01 1.335321957457592212e+01 1.333045653400220942e+01 1.331489668749179955e+01 1.331408269993393745e+01 1.331358461302351870e+01 1.331308045645527649e+01 1.331179480817519512e+01 1.330499506026658452e+01 1.329881981892390996e+01 1.329291924589717766e+01 1.327246849006011686e+01 1.306671189898605867e+01 1.307561977783524654e+01 1.320923559050683949e+01 1.320851225807399310e+01 1.321441744904057281e+01 1.321468442001144616e+01 1.321452402597786069e+01 1.320776689861637188e+01 1.309902687053161152e+01 1.312559875948973342e+01 1.321887732785622127e+01 1.322409487497444758e+01 1.323257077543198434e+01 1.000000000000000020e+30 1.000000000000000020e+30 1.000000000000000020e+30 1.000000000000000020e+30 1.000000000000000020e+30 1.000000000000000020e+30 1.000000000000000020e+30 1.000000000000000020e+30 1.000000000000000020e+30 1.000000000000000020e+30 1.000000000000000020e+30 1.000000000000000020e+30 1.000000000000000020e+30 3.062149404006666131e+01 1.460530032895159991e+01 1.000000000000000020e+30 1.000000000000000020e+30
1.000000000000000020e+30 1.318079617955136307e+01 1.317475332594288062e+01 1.318124074573492699e+01 1.318928053661975497e+01 1.319916146272419688e+01 1.320915227321727414e+01 1.319746589952308824e+01 1.319319418843225655e+01 1.317907530193144794e+01 1.317148671560442530e+01 1.340778200533287645e+01 1.341701993046879693e+01 1.342580674225219894e+01 1.342107282952303038e+01 1.338524197703089946e+01 1.335783889073705488e+01 1.333706267404973644e+01 1.332262049699948570e+01 1.332317780699857224e+01 1.332409415215520987e+01 1.332501610248254309e+01 1.332511429335951014e+01 1.331929480478517469e+01 1.331381681508211123e+01 1.330862251007942909e+01 1.329748038448183145e+01 1.325645421418233738e+01 1.322798670597929416e+01 1.296634885912252422e+01 1.296243812514562954e+01 1.320190147374865752e+01 1.320678989747668908e+01 1.320583467703386660e+01 1.299146106089143338e+01 1.322607664610769440e+01 1.326137933832170290e+01 1.334479394877589264e+01 1.378307563222718812e+01 1.388379407824380074e+01 1.000000000000000020e+30 1.000000000000000020e+30 1.000000000000000020e+30 1.000000000000000020e+30 1.000000000000000020e+30 1.000000000000000020e+30 1.000000000000000020e+30 1.000000000000000020e+30 1.000000000000000020e+30 1.000000000000000020e+30 1.000000000000000020e+30 1.000000000000000020e+30 1.000000000000000020e+30 1.000000000000000020e+30 1.000000000000000020e+30 1.000000000000000020e+30 1.000000000000000020e+30
1.000000000000000020e+30 1.318501619380627510e+01 1.317929021964955894e+01 1.318336292349504646e+01 1.318849220076751827e+01 1.319475658764801196e+01 1.320044389954373010e+01 1.319055977645332156e+01 1.317921301017204883e+01 1.316605673158463397e+01 1.315313508215624871e+01 1.315871066330048045e+01 1.316517981195420361e+01 1.339277034189445281e+01 1.339891067057350504e+01 1.338277804655680292e+01 1.336834610953130209e+01 1.335596380943801442e+01 1.334684362810270031e+01 1.335026111059766585e+01 1.335421441783090479e+01 1.335836212391055078e+01 1.336172492956165136e+01 1.335822194580476463e+01 1.335462151052778523e+01 1.335086702280218418e+01 1.333851319993500262e+01 1.329077297898309773e+01 1.326517107505923398e+01 1.323586059027210382e+01 1.320686519030313555e+01 1.285776536639153100e+01 1.272328251371006935e+01 1.289719974001920555e+01 1.321344333156986650e+01 1.325895800744401676e+01 1.329829278489306255e+01 1.341238828117272597e+01 1.367663857902079805e+01 1.000000000000000020e+30 1.000000000000000020e+30 1.000000000000000020e+30 1.000000000000000020e+30 1.000000000000000020e+30 1.000000000000000020e+30 1.000000000000000020e+30 1.000000000000000020e+30 1.000000000000000020e+30 1.000000000000000020e+30 1.000000000000000020e+30 1.000000000000000020e+30 1.000000000000000020e+30 1.000000000000000020e+30 1.000000000000000020e+30 1.000000000000000020e+30 1.000000000000000020e+30 1.000000000000000020e+30
1.319566151694764500e+01 1.318957091338886300e+01 1.318393175328456124e+01 1.318498079462037254e+01 1.318632171805618292e+01 1.318782121480345282e+01 1.318835113384815116e+01 1.318054145561333534e+01 1.317196700840793255e+01 1.316272617733926609e+01 1.315371762679506240e+01 1.315137757454096068e+01 1.315562990674164823e+01 1.336623018279182595e+01 1.337985473790609525e+01 1.338040785484579587e+01 1.338045066086645285e+01 1.338064448985595511e+01 1.338205829207323205e+01 1.339127850207585446e+01 1.340167535351996797e+01 1.341312803250831465e+01 1.342465191756855880e+01 1.342943163222327208e+01 1.343398207209679107e+01 1.343777476431649731e+01 1.342667244218697142e+01 1.335505713511226844e+01 1.331343328082589572e+01 1.328255176264467252e+01 1.325020049786386167e+01 1.315387110526874714e+01 1.258597213674864790e+01 1.311702033824708025e+01 1.325241105804817465e+01 1.330016367999745341e+01 1.337429158547464603e+01 1.368207985271963345e+01 1.383148187067000912e+01 1.000000000000000020e+30 1.000000000000000020e+30 1.000000000000000020e+30 1.000000000000000020e+30 1.000000000000000020e+30 1.000000000000000020e+30 1.000000000000000020e+30 1.000000000000000020e+30 1.000000000000000020e+30 1.000000000000000020e+30 1.000000000000000020e+30 1.000000000000000020e+30 1.000000000000000020e+30 1.000000000000000020e+30 1.000000000000000020e+30 1.000000000000000020e+30 1.000000000000000020e+30 1.000000000000000020e+30
1.320013606539469286e+01 1.319421488496645800e+01 1.318858819150811179e+01 1.318657980800291085e+01 1.318411126603585615e+01 1.318085322811011117e+01 1.317636391013303232e+01 1.317093383553354968e+01 1.316536791193094480e+01 1.315965862964914024e+01 1.315413264204851274e+01 1.315094976715373143e+01 1.314836678725343155e+01 1.315753638307252693e+01 1.335897835136738721e+01 1.337882625005644321e+01 1.339496549295613903e+01 1.341360773086446301e+01 1.343504375813282259e+01 1.345595110901541247e+01 1.347996998727674089e+01 1.350786185768646064e+01 1.353954235946542362e+01 1.357093957801712136e+01 1.360521831492166989e+01 1.363690160573183974e+01 1.363227106399651412e+01 1.350505159808413502e+01 1.340305669540512845e+01 1.329730063542170804e+01 1.314655359330878781e+01 1.282834362926193883e+01 1.200262527077727270e+01 1.233312152049119703e+01 1.318848264619153099e+01 1.335551212863258641e+01 1.351095540488873858e+01 1.363736561648329548e+01 1.380174661278032211e+01 1.000000000000000020e+30 1.000000000000000020e+30 1.000000000000000020e+30 1.000000000000000020e+30 1.000000000000000020e+30 1.000000000000000020e+30 1.000000000000000020e+30 1.000000000000000020e+30 1.000000000000000020e+30 1.000000000000000020e+30 1.000000000000000020e+30 1.000000000000000020e+30 1.000000000000000020e+30 1.000000000000000020e+30 1.000000000000000020e+30 1.000000000000000020e+30 1.000000000000000020e+30 1.000000000000000020e+30
1.320380072692205964e+01 1.319851034396954503e+01 1.319322951671801292e+01 1.318782865972757712e+01 1.318141393593230148e+01 1.317366237782794158e+01 1.316486303971489313e+01 1.316033246048675132e+01 1.315555320732040379e+01 1.315032827996886944e+01 1.314469157673676136e+01 1.313956500019019558e+01 1.313465596553783854e+01 1.313796489621502062e+01 1.337213277904251640e+01 1.340238638817184480e+01 1.342965282093338075e+01 1.346305874109133249e+01 1.350278644677531759e+01 1.353487552283600337e+01 1.357182423371308744e+01 1.361529543862681280e+01 1.366621431586592550e+01 1.372450471286141038e+01 1.378114159755256551e+01 1.379507820405293295e+01 1.367116272644568475e+01 1.344896272077038724e+01 1.321424117172215951e+01 1.288485310501381242e+01 1.232570888112190133e+01 1.110910381950182391e+01 1.222984773645123369e+01 1.279246869187032054e+01 1.318739833602766076e+01 1.331237945810809897e+01 1.336432084630791017e+01 1.339637431597734896e+01 1.000000000000000020e+30 1.000000000000000020e+30 1.000000000000000020e+30 1.000000000000000020e+30 1.000000000000000020e+30 1.000000000000000020e+30 1.000000000000000020e+30 1.000000000000000020e+30 1.000000000000000020e+30 1.000000000000000020e+30 1.000000000000000020e+30 1.000000000000000020e+30 1.000000000000000020e+30 1.000000000000000020e+30 1.000000000000000020e+30 1.000000000000000020e+30 1.000000000000000020e+30 1.000000000000000020e+30 1.000000000000000020e+30
1.320671318813393036e+01 1.320291275103031303e+01 1.319850729490222641e+01 1.318879519649524568e+01 1.317816525649605275e+01 1.316659754435912788e+01 1.315486513596138352e+01 1.314869338506960617e+01 1.314101295986984042e+01 1.313076520182058538e+01 1.311717110178638634e+01 1.310550783613529902e+01 1.309363757203792922e+01 1.309611209510559071e+01 1.342288532063381368e+01 1.346864283556015884e+01 1.350205512530009244e+01 1.353989679908089627e+01 1.358256911852572024e+01 1.361543038594900423e+01 1.365164474330510380e+01 1.369216834647731673e+01 1.373589771293106132e+01 1.377672087778757160e+01 1.379064230299781180e+01 1.370781366469267049e+01 1.342814084218419879e+01 1.311278727544616629e+01 1.278148444082823865e+01 1.234787557282875348e+01 1.176793290202035003e+01 1.111402142948753990e+01 1.241148785153249889e+01 1.290537264023429920e+01 1.306711930623120033e+01 1.307443186174122474e+01 1.307809960191184118e+01 1.310529935046485406e+01 1.000000000000000020e+30 1.000000000000000020e+30 1.000000000000000020e+30 1.000000000000000020e+30 1.000000000000000020e+30 1.000000000000000020e+30 1.000000000000000020e+30 1.000000000000000020e+30 1.000000000000000020e+30 1.000000000000000020e+30 1.000000000000000020e+30 1.000000000000000020e+30 1.000000000000000020e+30 1.000000000000000020e+30 1.000000000000000020e+30 1.000000000000000020e+30 1.000000000000000020e+30 1.000000000000000020e+30 1.000000000000000020e+30
1.321027916072539021e+01 1.320833153647425640e+01 1.320490177663814357e+01 1.318985012938689927e+01 1.317481160860997491e+01 1.315999171696265790e+01 1.314619984806406094e+01 1.313741077903804211e+01 1.312447554248419834e+01 1.310266931061275919e+01 1.306466425330061654e+01 1.303341652936258477e+01 1.299688810349504031e+01 1.297934938471147071e+01 1.341811810048896447e+01 1.354115969556790411e+01 1.359698255695643354e+01 1.364099836872517102e+01 1.368193685480094501e+01 1.370957472539155475e+01 1.373642755029847251e+01 1.376227370155356233e+01 1.378125550923051890e+01 1.377647039246473071e+01 1.371532495932554419e+01 1.352893633598112899e+01 1.315966261634229006e+01 1.277713656844023227e+01 1.234368459111624539e+01 1.175504578634762787e+01 1.088000538378699389e+01 1.177489283487318161e+01 1.243796667289109514e+01 1.270201914078785954e+01 1.264955757506562328e+01 1.266193606275191463e+01 1.271223586446972931e+01 1.290534556671464905e+01 1.000000000000000020e+30 1.000000000000000020e+30 1.000000000000000020e+30 1.000000000000000020e+30 1.000000000000000020e+30 1.000000000000000020e+30 1.000000000000000020e+30 1.000000000000000020e+30 1.000000000000000020e+30 1.000000000000000020e+30 1.000000000000000020e+30 1.000000000000000020e+30 1.000000000000000020e+30 1.000000000000000020e+30 1.000000000000000020e+30 1.000000000000000020e+30 1.000000000000000020e+30 1.000000000000000020e+30 1.000000000000000020e+30
1.321466098202789752e+01 1.321509469552972327e+01 1.321276746918929845e+01 1.319108843748190907e+01 1.317148895597173386e+01 1.315396248943900126e+01 1.313880010027852485e+01 1.312684618634914280e+01 1.310630227300365469e+01 1.306172475428354041e+01 1.295542957440211573e+01 1.285962874948345203e+01 1.272116474785009821e+01 1.252213911767961285e+01 1.242362668506332746e+01 1.330797282599167453e+01 1.354718554034300304e+01 1.365082329642439340e+01 1.370267714972114526e+01 1.372036123302535060e+01 1.372502905044751920e+01 1.371972335265282972e+01 1.369068223287918862e+01 1.360768098916043911e+01 1.346239920516217659e+01 1.322244884762674744e+01 1.287375575566081487e+01 1.248820926794339847e+01 1.198607575868324915e+01 1.125550408376927614e+01 1.013130023667384272e+01 1.098269341339243077e+01 1.140580963940687909e+01 1.167766800794263027e+01 1.194732685244170867e+01 1.210320225946682449e+01 1.218866272273790052e+01 1.000000000000000020e+30 1.000000000000000020e+30 1.000000000000000020e+30 1.000000000000000020e+30 1.000000000000000020e+30 1.000000000000000020e+30 1.000000000000000020e+30 1.000000000000000020e+30 1.000000000000000020e+30 1.000000000000000020e+30 1.000000000000000020e+30 1.000000000000000020e+30 1.000000000000000020e+30 1.000000000000000020e+30 1.000000000000000020e+30 1.000000000000000020e+30 1.000000000000000020e+30 1.000000000000000020e+30 1.000000000000000020e+30 1.000000000000000020e+30
1.322170195903022893e+01 1.322471446512130022e+01 1.322380759507839976e+01 1.319757282528460607e+01 1.317491695914021044e+01 1.315554527175650357e+01 1.313972887488093733e+01 1.312990269495339213e+01 1.310965697221801918e+01 1.305157045023344331e+01 1.286878514286613751e+01 1.267404254550691078e+01 1.234880350836501783e+01 1.178846982288103540e+01 1.119676824455358499e+01 1.217506177476851015e+01 1.278174218746690727e+01 1.312852320975491693e+01 1.328411817045452281e+01 1.331140780506756549e+01 1.330557705493649578e+01 1.329086158464487788e+01 1.324478998017177211e+01 1.311085271354314230e+01 1.295782808275475340e+01 1.278086999285310199e+01 1.255442650296823182e+01 1.222668788891968283e+01 1.172116145432068990e+01 1.092558837165049468e+01 9.705247191203406842e+00 9.810539086687942500e+00 9.959381909437549751e+00 1.024132833876487858e+01 1.116604258011834538e+01 1.153628789158412360e+01 1.168325366735661319e+01 1.000000000000000020e+30 1.000000000000000020e+30 1.000000000000000020e+30 1.000000000000000020e+30 1.000000000000000020e+30 1.000000000000000020e+30 1.000000000000000020e+30 1.000000000000000020e+30 1.000000000000000020e+30 1.000000000000000020e+30 1.000000000000000020e+30 1.000000000000000020e+30 1.000000000000000020e+30 1.000000000000000020e+30 1.000000000000000020e+30 1.000000000000000020e+30 1.000000000000000020e+30 1.000000000000000020e+30 1.000000000000000020e+30 1.000000000000000020e+30
1.322992898135099438e+01 1.323679438743154790e+01 1.323899861810295064e+01 1.321190389990809422e+01 1.318788412922707032e+01 1.316704758329648861e+01 1.315099974992766541e+01 1.315166778985028451e+01 1.314465413705313424e+01 1.310038082473815635e+01 1.291934104077539303e+01 1.269809885683066497e+01 1.231308305507648448e+01 1.160480073920264488e+01 1.067163459338276077e+01 1.085453819331307379e+01 1.185010366007859517e+01 1.243648740444227130e+01 1.265849317210528469e+01 1.258967165088065521e+01 1.254965780740279691e+01 1.255021429479786299e+01 1.255638812220389333e+01 1.230832908758014632e+01 1.218228574439737955e+01 1.215083304715163059e+01 1.215507131144910957e+01 1.196149030866402008e+01 1.153905720185874273e+01 1.081293618103940801e+01 9.766595113482241075e+00 9.603163217706415011e+00 9.898973811827842084e+00 9.897076563700959895e+00 1.070866187124420144e+01 1.109017450173027264e+01 1.120828206331121280e+01 1.103235963563093769e+01 1.000000000000000020e+30 1.000000000000000020e+30 1.000000000000000020e+30 1.000000000000000020e+30 1.000000000000000020e+30 1.000000000000000020e+30 1.000000000000000020e+30 1.000000000000000020e+30 1.000000000000000020e+30 1.000000000000000020e+30 1.000000000000000020e+30 1.000000000000000020e+30 1.000000000000000020e+30 1.000000000000000020e+30 1.000000000000000020e+30 1.000000000000000020e+30 1.000000000000000020e+30 1.000000000000000020e+30 1.000000000000000020e+30
1.321417141692678143e+01 1.322947597133089914e+01 1.323937334865045834e+01 1.321367092334377169e+01 1.318942722348901064e+01 1.316759624295497311e+01 1.315193624990112298e+01 1.316779572892677130e+01 1.317905926904513159e+01 1.315743861852947028e+01 1.300430322404168670e+01 1.277167529447113381e+01 1.236191016121058261e+01 1.159383216056876620e+01 1.050738628630339022e+01 1.039651405017343322e+01 1.077746076281817800e+01 1.169863942673693735e+01 1.186301514009007541e+01 1.112478244161289531e+01 1.096635659601010282e+01 1.103482346782512913e+01 1.152208742271505848e+01 1.052657427195952344e+01 1.050487282787925913e+01 1.083390564204108308e+01 1.160109453521432776e+01 1.167522163600322749e+01 1.147807264988669296e+01 1.093694690791754454e+01 1.023828888595458331e+01 9.924155429523199956e+00 9.904098801625355719e+00 9.807397255602994690e+00 1.047728516529394582e+01 1.079766793232622035e+01 1.088391043254738300e+01 1.077757276192896718e+01 1.000000000000000020e+30 1.000000000000000020e+30 1.000000000000000020e+30 1.000000000000000020e+30 1.000000000000000020e+30 1.000000000000000020e+30 1.000000000000000020e+30 1.000000000000000020e+30 1.000000000000000020e+30 1.000000000000000020e+30 1.000000000000000020e+30 1.000000000000000020e+30 1.000000000000000020e+30 1.000000000000000020e+30 1.000000000000000020e+30 1.000000000000000020e+30 1.000000000000000020e+30 1.000000000000000020e+30 1.000000000000000020e+30
1.299457246818351663e+01 1.301114511040475641e+01 1.302040340953696962e+01 1.298820248244916975e+01 1.295249597877458925e+01 1.291619432248756993e+01 1.289061198487134341e+01 1.292974964707588903e+01 1.298476477100149218e+01 1.305548758111154584e+01 1.312566603458175152e+01 1.290820628838368300e+01 1.249646750370087744e+01 1.173725926396822139e+01 1.063473763793913207e+01 1.043205704395032818e+01 1.055305121997163553e+01 1.087602251899242489e+01 1.106367748022985609e+01 1.222973320794292817e+01 1.250000700768107187e+01 1.241780623376966020e+01 1.123548471192954068e+01 1.097852187947594160e+01 1.176652565712047327e+01 1.176122896900120196e+01 1.104922251995444782e+01 1.107174057628806274e+01 1.163527451873502194e+01 1.129208025467976206e+01 1.061181020044368317e+01 1.009910812738006314e+01 9.870593235467357118e+00 9.876981656614828964e+00 1.041491401120667426e+01 1.062855244492220486e+01 1.058758709960203959e+01 1.018179840017343984e+01 1.000000000000000020e+30 1.000000000000000020e+30 1.000000000000000020e+30 1.000000000000000020e+30 1.000000000000000020e+30 1.000000000000000020e+30 1.000000000000000020e+30 1.000000000000000020e+30 1.000000000000000020e+30 1.000000000000000020e+30 1.000000000000000020e+30 1.000000000000000020e+30 1.000000000000000020e+30 1.000000000000000020e+30 1.000000000000000020e+30 1.000000000000000020e+30 1.000000000000000020e+30 1.000000000000000020e+30 1.000000000000000020e+30
1.222540990643191705e+01 1.211430903891073996e+01 1.195287786883405268e+01 1.175359622105231416e+01 1.151689642860966600e+01 1.124580603630623798e+01 1.100439908328158900e+01 1.099975108601393714e+01 1.109356496668386960e+01 1.132547715010577072e+01 1.662146103511364004e+01 1.804749355358235974e+01 1.869614467760219867e+01 2.259544836151417968e+01 2.545595070130787008e+01 2.985400742718536549e+01 4.055189087966189021e+01 4.971454130778783309e+01 9.231612526600451929e+01 1.080226306170908686e+02 1.119662439295542669e+02 1.354120179236215051e+02 1.530921132942053475e+02 1.584208095052488545e+02 1.539240393018914688e+02 1.346413975310564126e+02 1.140134261500049604e+02 8.114459494792843941e+01 4.085093891755467155e+01 2.886813975177901881e+01 1.214678477554056180e+01 1.033365974920709540e+01 1.018491740548940250e+01 1.040232671667548026e+01 1.058534124289820966e+01 1.062164093968017653e+01 1.045780467644517486e+01 1.001537915999502459e+01 1.000000000000000020e+30 1.000000000000000020e+30 1.000000000000000020e+30 1.000000000000000020e+30 1.000000000000000020e+30 1.000000000000000020e+30 1.000000000000000020e+30 1.000000000000000020e+30 1.000000000000000020e+30 1.000000000000000020e+30 1.000000000000000020e+30 1.000000000000000020e+30 1.000000000000000020e+30 1.000000000000000020e+30 1.000000000000000020e+30 1.000000000000000020e+30 1.000000000000000020e+30 1.000000000000000020e+30 1.000000000000000020e+30
1.190189725701828038e+01 1.170465329840429547e+01 1.150902858565147824e+01 1.129568917595192801e+01 1.102940565561267405e+01 1.069979933418026441e+01 1.037952782225108983e+01 1.035013461230819587e+01 1.045071329352239964e+01 1.077417011467361974e+01 2.098664507876942054e+01 2.636403451886738836e+01 2.964442399926160121e+01 3.489334017911210140e+01 4.984030374156295551e+01 7.198909791567720617e+01 1.594898869057695663e+02 2.009097849621930152e+02 3.081230641295880446e+02 3.894461956243286522e+02 4.634100943079036483e+02 6.668903137015847733e+02 7.274362481172933030e+02 7.358492931206591265e+02 6.951290921782551777e+02 5.118696885380683170e+02 4.362744434418875699e+02 3.795115553096634926e+02 3.308298001332348690e+02 1.116743333005310035e+02 2.030945392383829784e+01 1.192429944852812973e+01 1.123938090717227212e+01 1.101963694570354590e+01 1.090206194175319609e+01 1.075260862528951300e+01 1.047930967316097650e+01 1.001639311004010935e+01 1.000000000000000020e+30 1.000000000000000020e+30 1.000000000000000020e+30 1.000000000000000020e+30 1.000000000000000020e+30 1.000000000000000020e+30 1.000000000000000020e+30 1.000000000000000020e+30 1.000000000000000020e+30 1.000000000000000020e+30 1.000000000000000020e+30 1.000000000000000020e+30 1.000000000000000020e+30 1.000000000000000020e+30 1.000000000000000020e+30 1.000000000000000020e+30 1.000000000000000020e+30 1.000000000000000020e+30 1.000000000000000020e+30
1.000000000000000020e+30 1.124962442122963679e+01 1.110879191795418741e+01 1.097008916822634994e+01 1.079023028830060404e+01 1.054290381407112775e+01 1.026912399552055355e+01 1.025750292446800316e+01 1.034695493697404522e+01 1.078089673278502580e+01 2.446940799045520620e+01 3.182290284759846699e+01 4.329149324328805193e+01 6.010347896788314870e+01 1.675571095287456842e+02 3.061398697655293404e+02 4.685165064656582103e+02 1.366268273027597843e+03 7.345693920649132451e+02 7.542199569527964513e+02 1.000000000000000020e+30 1.201718214202040372e+03 1.224046139045695554e+03 1.230483977744390813e+03 1.219056523747739902e+03 1.000000000000000020e+30 1.000000000000000020e+30 1.000000000000000020e+30 7.119524880289894782e+02 3.801992316283090076e+02 3.675012549400867101e+01 1.398998753966919750e+01 1.237747737452780150e+01 1.172661171447495576e+01 1.131553691450772625e+01 1.098280549096607217e+01 1.062464924246078191e+01 1.022983993317891560e+01 9.866561425101096461e+00 1.000000000000000020e+30 1.000000000000000020e+30 1.000000000000000020e+30 1.000000000000000020e+30 1.000000000000000020e+30 1.000000000000000020e+30 1.000000000000000020e+30 1.000000000000000020e+30 1.000000000000000020e+30 1.000000000000000020e+30 1.000000000000000020e+30 1.000000000000000020e+30 1.000000000000000020e+30 1.000000000000000020e+30 1.000000000000000020e+30 1.000000000000000020e+30 1.000000000000000020e+30 1.000000000000000020e+30
1.000000000000000020e+30 1.073873741961925532e+01 1.059334188018705802e+01 1.055397752430913805e+01 1.053490821560571966e+01 1.051979449399965816e+01 1.054206552639003114e+01 1.063794540337459793e+01 1.102972764606268896e+01 1.217260468170867149e+01 3.785344720385408834e+01 5.390968671930283307e+01 2.218699669739593787e+02 4.063849547413782375e+02 1.359984788057266996e+03 7.618823711335978714e+02 8.297455299042616161e+02 1.000000000000000020e+30 1.000000000000000020e+30 1.000000000000000020e+30 1.000000000000000020e+30 1.000000000000000020e+30 1.000000000000000020e+30 1.000000000000000020e+30 1.000000000000000020e+30 1.000000000000000020e+30 1.000000000000000020e+30 1.000000000000000020e+30 9.326359082808825178e+02 6.408193199282183059e+02 2.114445605569735278e+02 1.881468994564413677e+01 1.447875176785324847e+01 1.289475887259955478e+01 1.197764010331460760e+01 1.129351594094665856e+01 1.079923866644260322e+01 1.034673948112557440e+01 9.897615338874404145e+00 1.000000000000000020e+30 1.000000000000000020e+30 1.000000000000000020e+30 1.000000000000000020e+30 1.000000000000000020e+30 1.000000000000000020e+30 1.000000000000000020e+30 1.000000000000000020e+30 1.000000000000000020e+30 1.000000000000000020e+30 1.000000000000000020e+30 1.000000000000000020e+30 1.000000000000000020e+30 1.000000000000000020e+30 1.000000000000000020e+30 1.000000000000000020e+30 1.000000000000000020e+30 1.000000000000000020e+30
1.000000000000000020e+30 1.000000000000000020e+30 1.014548333622767373e+01 1.019057457201488504e+01 1.030554934227594366e+01 1.056026995191125906e+01 1.910092360300025405e+01 2.593983670596615454e+01 3.629595227834858662e+01 5.192831030568765271e+01 2.723229279212001757e+02 3.653122459319938571e+02 1.000000000000000020e+30 1.000000000000000020e+30 1.000000000000000020e+30 1.000000000000000020e+30 1.000000000000000020e+30 1.000000000000000020e+30 1.000000000000000020e+30 1.000000000000000020e+30 1.000000000000000020e+30 1.000000000000000020e+30 1.000000000000000020e+30 1.000000000000000020e+30 1.000000000000000020e+30 1.000000000000000020e+30 1.000000000000000020e+30 1.000000000000000020e+30 1.000000000000000020e+30 1.000000000000000020e+30 3.429395181830223009e+02 1.240872910039831822e+02 6.238268234283671632e+01 3.523815054035085126e+01 1.484723624203237335e+01 1.167972625799717967e+01 1.098838221562823669e+01 1.044439429895239790e+01 9.930951803573337955e+00 1.000000000000000020e+30 1.000000000000000020e+30 1.000000000000000020e+30 1.000000000000000020e+30 1.000000000000000020e+30 1.000000000000000020e+30 1.000000000000000020e+30 1.000000000000000020e+30 1.000000000000000020e+30 1.000000000000000020e+30 1.000000000000000020e+30 1.000000000000000020e+30 1.000000000000000020e+30 1.000000000000000020e+30 1.000000000000000020e+30 1.000000000000000020e+30 1.000000000000000020e+30 1.000000000000000020e+30
1.000000000000000020e+30 1.000000000000000020e+30 1.005807696480391300e+01 1.011576698055573331e+01 1.031644131617385085e+01 1.098152604037287361e+01 2.767303141587820647e+01 5.468800646840441004e+01 3.321571268023563448e+02 4.151596207517944208e+02 1.000000000000000020e+30 1.000000000000000020e+30 1.000000000000000020e+30 1.000000000000000020e+30 1.000000000000000020e+30 1.000000000000000020e+30 1.000000000000000020e+30 1.000000000000000020e+30 1.000000000000000020e+30 1.000000000000000020e+30 1.000000000000000020e+30 1.000000000000000020e+30 1.000000000000000020e+30 1.000000000000000020e+30 1.000000000000000020e+30 1.000000000000000020e+30 1.000000000000000020e+30 1.000000000000000020e+30 1.000000000000000020e+30 1.000000000000000020e+30 1.000000000000000020e+30 2.876112743168534394e+02 1.353126821328055485e+02 6.281536007535377308e+01 1.790342977549943981e+01 1.211242624886470409e+01 1.117574285897282138e+01 1.052939784438042636e+01 9.960617391961557487e+00 1.000000000000000020e+30 1.000000000000000020e+30 1.000000000000000020e+30 1.000000000000000020e+30 1.000000000000000020e+30 1.000000000000000020e+30 1.000000000000000020e+30 1.000000000000000020e+30 1.000000000000000020e+30 1.000000000000000020e+30 1.000000000000000020e+30 1.000000000000000020e+30 1.000000000000000020e+30 1.000000000000000020e+30 1.000000000000000020e+30 1.000000000000000020e+30 1.000000000000000020e+30 1.000000000000000020e+30
1.000000000000000020e+30 1.000000000000000020e+30 1.000000000000000020e+30 1.034362351340254271e+01 1.088549132895500726e+01 1.340651941324481022e+01 5.614194333074615884e+01 3.806728810517969350e+02 6.212875329942623921e+02 1.000000000000000020e+30 1.000000000000000020e+30 1.000000000000000020e+30 1.000000000000000020e+30 1.000000000000000020e+30 1.000000000000000020e+30 1.000000000000000020e+30 1.000000000000000020e+30 1.000000000000000020e+30 1.000000000000000020e+30 1.000000000000000020e+30 1.000000000000000020e+30 1.000000000000000020e+30 1.000000000000000020e+30 1.000000000000000020e+30 1.000000000000000020e+30 1.000000000000000020e+30 1.000000000000000020e+30 1.000000000000000020e+30 1.000000000000000020e+30 1.000000000000000020e+30 1.000000000000000020e+30 1.000000000000000020e+30 2.749404655598619343e+02 1.038754601881241939e+02 2.080131312700988033e+01 1.230809301010239309e+01 1.127798534758819038e+01 1.056563723205683658e+01 9.974214542983112608e+00 1.000000000000000020e+30 1.000000000000000020e+30 1.000000000000000020e+30 1.000000000000000020e+30 1.000000000000000020e+30 1.000000000000000020e+30 1.000000000000000020e+30 1.000000000000000020e+30 1.000000000000000020e+30 1.000000000000000020e+30 1.000000000000000020e+30 1.000000000000000020e+30 1.000000000000000020e+30 1.000000000000000020e+30 1.000000000000000020e+30 1.000000000000000020e+30 1.000000000000000020e+30 1.000000000000000020e+30
1.000000000000000020e+30 1.000000000000000020e+30 1.000000000000000020e+30 1.139630966427007586e+01 1.613040071663062491e+01 9.518346873819315590e+01 4.160750751457446199e+02 6.546239452730093262e+02 1.000000000000000020e+30 1.000000000000000020e+30 1.000000000000000020e+30 1.000000000000000020e+30 1.000000000000000020e+30 1.000000000000000020e+30 1.000000000000000020e+30 1.000000000000000020e+30 1.000000000000000020e+30 1.000000000000000020e+30 1.000000000000000020e+30 1.000000000000000020e+30 1.000000000000000020e+30 1.000000000000000020e+30 1.000000000000000020e+30 1.000000000000000020e+30 1.000000000000000020e+30 1.000000000000000020e+30 1.000000000000000020e+30 1.000000000000000020e+30 1.000000000000000020e+30 1.000000000000000020e+30 1.000000000000000020e+30 1.000000000000000020e+30 1.000000000000000020e+30 2.090823995377839992e+02 3.016304657042044113e+01 1.231086589663112640e+01 1.128117560076199588e+01 1.050648234325489128e+01 9.958066845668472666e+00 1.000000000000000020e+30 1.000000000000000020e+30 1.000000000000000020e+30 1.000000000000000020e+30 1.000000000000000020e+30 1.000000000000000020e+30 1.000000000000000020e+30 1.000000000000000020e+30 1.000000000000000020e+30 1.000000000000000020e+30 1.000000000000000020e+30 1.000000000000000020e+30 1.000000000000000020e+30 1.000000000000000020e+30 1.000000000000000020e+30 1.000000000000000020e+30 1.000000000000000020e+30 1.000000000000000020e+30
1.000000000000000020e+30 1.000000000000000020e+30 1.000000000000000020e+30 1.000000000000000020e+30 1.065457853446851459e+03 6.173315233376282549e+02 7.729532900166746003e+02 1.000000000000000020e+30 1.000000000000000020e+30 1.000000000000000020e+30 1.000000000000000020e+30 1.000000000000000020e+30 1.000000000000000020e+30 1.000000000000000020e+30 1.000000000000000020e+30 1.000000000000000020e+30 1.000000000000000020e+30 1.000000000000000020e+30 1.000000000000000020e+30 1.000000000000000020e+30 1.000000000000000020e+30 1.000000000000000020e+30 1.000000000000000020e+30 1.000000000000000020e+30 1.000000000000000020e+30 1.000000000000000020e+30 1.000000000000000020e+30 1.000000000000000020e+30 1.000000000000000020e+30 1.000000000000000020e+30 1.000000000000000020e+30 1.000000000000000020e+30 1.000000000000000020e+30 1.000000000000000020e+30 4.176921610872914670e+01 1.236219850280010135e+01 1.130841687853310695e+01 1.021806206169033082e+01 9.902962083941664773e+00 1.000000000000000020e+30 1.000000000000000020e+30 1.000000000000000020e+30 1.000000000000000020e+30 1.000000000000000020e+30 1.000000000000000020e+30 1.000000000000000020e+30 1.000000000000000020e+30 1.000000000000000020e+30 1.000000000000000020e+30 1.000000000000000020e+30 1.000000000000000020e+30 1.000000000000000020e+30 1.000000000000000020e+30 1.000000000000000020e+30 1.000000000000000020e+30 1.000000000000000020e+30 1.000000000000000020e+30
1.000000000000000020e+30 1.000000000000000020e+30 1.000000000000000020e+30 1.000000000000000020e+30 2.005211838065594065e+03 1.000000000000000020e+30 1.000000000000000020e+30 1.000000000000000020e+30 1.000000000000000020e+30 1.000000000000000020e+30 1.000000000000000020e+30 1.000000000000000020e+30 1.000000000000000020e+30 1.000000000000000020e+30 1.000000000000000020e+30 1.000000000000000020e+30 1.000000000000000020e+30 1.000000000000000020e+30 1.000000000000000020e+30 1.000000000000000020e+30 1.000000000000000020e+30 1.000000000000000020e+30 1.000000000000000020e+30 1.000000000000000020e+30 1.000000000000000020e+30 1.000000000000000020e+30 1.000000000000000020e+30 1.000000000000000020e+30 1.000000000000000020e+30 1.000000000000000020e+30 1.000000000000000020e+30 1.000000000000000020e+30 1.000000000000000020e+30 1.000000000000000020e+30 1.000000000000000020e+30 1.247912295117001236e+01 1.183480528203491922e+01 1.000000000000000020e+30 1.000000000000000020e+30 1.000000000000000020e+30 1.000000000000000020e+30 1.000000000000000020e+30 1.000000000000000020e+30 1.000000000000000020e+30 1.000000000000000020e+30 1.000000000000000020e+30 1.000000000000000020e+30 1.000000000000000020e+30 1.000000000000000020e+30 1.000000000000000020e+30 1.000000000000000020e+30 1.000000000000000020e+30 1.000000000000000020e+30 1.000000000000000020e+30 1.000000000000000020e+30 1.000000000000000020e+30 1.000000000000000020e+30
