1.000000000000000020e+30 1.000000000000000020e+30 1.000000000000000020e+30 1.000000000000000020e+30 1.000000000000000020e+30 1.000000000000000020e+30 1.000000000000000020e+30 1.000000000000000020e+30 1.000000000000000020e+30 1.000000000000000020e+30 1.000000000000000020e+30 1.000000000000000020e+30 1.000000000000000020e+30 1.000000000000000020e+30 1.000000000000000020e+30 1.000000000000000020e+30 1.000000000000000020e+30 1.000000000000000020e+30 1.000000000000000020e+30 1.000000000000000020e+30 1.000000000000000020e+30 1.000000000000000020e+30 1.000000000000000020e+30 1.000000000000000020e+30 1.000000000000000020e+30 1.000000000000000020e+30 1.000000000000000020e+30 1.000000000000000020e+30 1.000000000000000020e+30 1.000000000000000020e+30 1.000000000000000020e+30 1.000000000000000020e+30 1.000000000000000020e+30 1.000000000000000020e+30 1.000000000000000020e+30 1.000000000000000020e+30 1.000000000000000020e+30 1.000000000000000020e+30 1.000000000000000020e+30 1.000000000000000020e+30 1.000000000000000020e+30 1.000000000000000020e+30 1.000000000000000020e+30 1.000000000000000020e+30 1.000000000000000020e+30 1.000000000000000020e+30 1.000000000000000020e+30 1.000000000000000020e+30 1.000000000000000020e+30 1.000000000000000020e+30 1.000000000000000020e+30 1.000000000000000020e+30 1.000000000000000020e+30 1.000000000000000020e+30 1.000000000000000020e+30 1.000000000000000020e+30 1.000000000000000020e+30
1.000000000000000020e+30 1.000000000000000020e+30 1.000000000000000020e+30 1.000000000000000020e+30 1.000000000000000020e+30 1.000000000000000020e+30 1.000000000000000020e+30 1.000000000000000020e+30 1.000000000000000020e+30 1.000000000000000020e+30 1.000000000000000020e+30 1.000000000000000020e+30 1.000000000000000020e+30 1.000000000000000020e+30 1.000000000000000020e+30 1.000000000000000020e+30 1.000000000000000020e+30 1.000000000000000020e+30 1.000000000000000020e+30 1.000000000000000020e+30 1.000000000000000020e+30 1.000000000000000020e+30 1.000000000000000020e+30 1.000000000000000020e+30 1.000000000000000020e+30 1.000000000000000020e+30 1.000000000000000020e+30 1.311196367890352477e+01 1.311349047155513325e+01 1.311508669194242138e+01 1.311676760506318118e+01 1.311886289209522083e+01 1.312103855019032395e+01 1.312325134283086747e+01 1.312293246811190883e+01 1.310524694257941292e+01 1.309177387510417034e+01 1.308137722863435748e+01 1.307398551126610187e+01 1.307458909250875223e+01 1.307529927231554900e+01 1.307601774616180812e+01 1.307610871686278742e+01 1.000000000000000020e+30 1.000000000000000020e+30 1.000000000000000020e+30 1.000000000000000020e+30 1.000000000000000020e+30 1.000000000000000020e+30 1.000000000000000020e+30 1.000000000000000020e+30 1.000000000000000020e+30 1.000000000000000020e+30 1.000000000000000020e+30 1.000000000000000020e+30 1.000000000000000020e+30 1.000000000000000020e+30
1.000000000000000020e+30 1.000000000000000020e+30 1.000000000000000020e+30 1.000000000000000020e+30 1.000000000000000020e+30 1.000000000000000020e+30 1.000000000000000020e+30 1.000000000000000020e+30 1.000000000000000020e+30 1.000000000000000020e+30 1.000000000000000020e+30 1.000000000000000020e+30 1.000000000000000020e+30 1.000000000000000020e+30 1.000000000000000020e+30 1.000000000000000020e+30 1.000000000000000020e+30 1.000000000000000020e+30 1.000000000000000020e+30 1.000000000000000020e+30 1.000000000000000020e+30 1.000000000000000020e+30 1.000000000000000020e+30 1.000000000000000020e+30 1.314282390691657554e+01 1.312556192963838875e+01 1.311127877414012666e+01 1.311523214470148346e+01 1.312012867421987217e+01 1.312545839244327084e+01 1.313029649957758238e+01 1.312778727049930083e+01 1.312525446193053291e+01 1.312279032212334862e+01 1.311825221588191681e+01 1.310006537795051251e+01 1.308653248456573515e+01 1.307624495329125303e+01 1.306912383252115717e+01 1.307083877491334789e+01 1.307274948120262970e+01 1.307476028885314356e+01 1.307603335097804020e+01 1.307078059593361807e+01 1.306614459812477946e+01 1.306208463873466918e+01 1.305894329960978162e+01 1.305975854312303674e+01 1.000000000000000020e+30 1.000000000000000020e+30 1.000000000000000020e+30 1.000000000000000020e+30 1.000000000000000020e+30 1.000000000000000020e+30 1.000000000000000020e+30 1.000000000000000020e+30 1.000000000000000020e+30
1.000000000000000020e+30 1.000000000000000020e+30 1.000000000000000020e+30 1.000000000000000020e+30 1.000000000000000020e+30 1.000000000000000020e+30 1.000000000000000020e+30 1.000000000000000020e+30 1.000000000000000020e+30 1.000000000000000020e+30 1.000000000000000020e+30 1.000000000000000020e+30 1.000000000000000020e+30 1.000000000000000020e+30 1.000000000000000020e+30 1.000000000000000020e+30 1.000000000000000020e+30 1.000000000000000020e+30 1.000000000000000020e+30 1.000000000000000020e+30 1.000000000000000020e+30 1.323879303138508767e+01 1.320276497004610050e+01 1.316978901645881450e+01 1.314402438886094870e+01 1.312485149579165089e+01 1.311162058276544506e+01 1.311879226168539248e+01 1.312772761345823191e+01 1.313807011771616828e+01 1.314754160159168350e+01 1.313829361588681799e+01 1.312982860532735252e+01 1.312230713209644684e+01 1.311381916150607019e+01 1.309528488704496674e+01 1.308178727383466367e+01 1.307166368801812339e+01 1.306481363117023520e+01 1.306741353407959672e+01 1.307034507834536896e+01 1.307353438126945910e+01 1.307600376863934777e+01 1.307078143007770699e+01 1.306614563163168263e+01 1.306208417395898813e+01 1.305876370790557672e+01 1.305789941888610173e+01 1.305706260634105753e+01 1.000000000000000020e+30 1.000000000000000020e+30 1.000000000000000020e+30 1.000000000000000020e+30 1.000000000000000020e+30 1.000000000000000020e+30 1.000000000000000020e+30 1.000000000000000020e+30
1.000000000000000020e+30 1.000000000000000020e+30 1.000000000000000020e+30 1.000000000000000020e+30 1.000000000000000020e+30 1.000000000000000020e+30 1.000000000000000020e+30 1.000000000000000020e+30 1.000000000000000020e+30 1.000000000000000020e+30 1.000000000000000020e+30 1.000000000000000020e+30 1.000000000000000020e+30 1.000000000000000020e+30 1.000000000000000020e+30 1.000000000000000020e+30 1.000000000000000020e+30 1.000000000000000020e+30 1.359391920271528953e+01 1.346189734299984231e+01 1.333704334943054093e+01 1.324932941429816680e+01 1.319831768615740408e+01 1.316565752623772667e+01 1.314194364697340589e+01 1.312409559820855165e+01 1.311205118764279121e+01 1.312257579987399581e+01 1.313619355552917689e+01 1.315303801861883670e+01 1.316876289376793352e+01 1.314874298344156500e+01 1.313295101595491410e+01 1.312026259866181910e+01 1.310839181990084512e+01 1.309008077403300518e+01 1.307701708938431473e+01 1.306736422696812738e+01 1.306101482969880401e+01 1.306430948080401322e+01 1.306808771109079359e+01 1.307232083810041878e+01 1.307591589201162385e+01 1.307074096541143859e+01 1.306611581134944977e+01 1.306206020226881037e+01 1.305856442176083654e+01 1.305611800715544923e+01 1.305387744539820716e+01 1.305179288302636387e+01 1.000000000000000020e+30 1.000000000000000020e+30 1.000000000000000020e+30 1.000000000000000020e+30 1.000000000000000020e+30 1.000000000000000020e+30 1.000000000000000020e+30
1.000000000000000020e+30 1.000000000000000020e+30 1.000000000000000020e+30 1.000000000000000020e+30 1.000000000000000020e+30 1.000000000000000020e+30 1.000000000000000020e+30 1.000000000000000020e+30 1.000000000000000020e+30 1.000000000000000020e+30 1.000000000000000020e+30 1.000000000000000020e+30 1.000000000000000020e+30 1.000000000000000020e+30 1.000000000000000020e+30 1.000000000000000020e+30 1.371520905419470182e+01 1.369050442666063816e+01 1.361071246868270990e+01 1.345433095514157706e+01 1.332627978284100045e+01 1.324160069190573452e+01 1.319104557539626654e+01 1.316234365893593328e+01 1.314221844462561428e+01 1.312679849243457397e+01 1.311597695807946806e+01 1.312608721054652605e+01 1.313897678493088250e+01 1.315426231955645697e+01 1.315086605369107886e+01 1.307199446322928438e+01 1.304678288295250965e+01 1.303471548987549156e+01 1.302857429107204368e+01 1.303278601730787045e+01 1.303859172284648515e+01 1.304701850595765045e+01 1.305898033614640852e+01 1.306231949597084707e+01 1.306584958292625842e+01 1.306976730908525575e+01 1.307301661779131763e+01 1.306831998346319068e+01 1.306401181804190692e+01 1.306020985120809108e+01 1.305669919906880594e+01 1.305260040240351138e+01 1.304904897341876868e+01 1.304595048352717690e+01 1.304352781067837341e+01 1.304425988947369852e+01 1.000000000000000020e+30 1.000000000000000020e+30 1.000000000000000020e+30 1.000000000000000020e+30 1.000000000000000020e+30
1.000000000000000020e+30 1.000000000000000020e+30 1.000000000000000020e+30 1.000000000000000020e+30 1.000000000000000020e+30 1.000000000000000020e+30 1.000000000000000020e+30 1.000000000000000020e+30 1.000000000000000020e+30 1.000000000000000020e+30 1.000000000000000020e+30 1.000000000000000020e+30 1.000000000000000020e+30 1.000000000000000020e+30 1.000000000000000020e+30 1.371386784631369693e+01 1.370755982498653225e+01 1.367993613753239401e+01 1.359980989888705416e+01 1.343849614664419434e+01 1.331208650044855446e+01 1.323099921287689185e+01 1.318387846526309026e+01 1.316049924503304425e+01 1.314508344203336598e+01 1.313323708835209302e+01 1.312413679205440964e+01 1.312926672409581919e+01 1.313540873914795881e+01 1.314141075612973530e+01 1.311305418405637724e+01 1.303438779585734686e+01 1.302002876556181121e+01 1.301416693250411427e+01 1.301145767208280013e+01 1.301444798125599434e+01 1.301957630743237360e+01 1.303040412903086320e+01 1.305816375825072306e+01 1.306122238993077289e+01 1.306364768528748499e+01 1.306620037683768487e+01 1.306804231711132758e+01 1.306403193763290282e+01 1.306023939783466226e+01 1.305685666972512671e+01 1.305347164339941735e+01 1.304796960055766419e+01 1.304347715917359807e+01 1.303975875690009012e+01 1.303709496643122989e+01 1.303874205813463938e+01 1.304053626028418478e+01 1.000000000000000020e+30 1.000000000000000020e+30 1.000000000000000020e+30 1.000000000000000020e+30
1.000000000000000020e+30 1.000000000000000020e+30 1.000000000000000020e+30 1.000000000000000020e+30 1.000000000000000020e+30 1.000000000000000020e+30 1.000000000000000020e+30 1.000000000000000020e+30 1.000000000000000020e+30 1.000000000000000020e+30 1.000000000000000020e+30 1.000000000000000020e+30 1.000000000000000020e+30 1.000000000000000020e+30 1.369598340192498220e+01 1.369689257139441096e+01 1.368559882337362765e+01 1.365359188210240937e+01 1.357187642941859806e+01 1.341434126368081081e+01 1.329465999380815333e+01 1.321930075264702786e+01 1.317668130394523374e+01 1.315857252928625698e+01 1.314800662552635480e+01 1.314029276105986455e+01 1.313358040562688700e+01 1.313257796990150439e+01 1.313186397076765566e+01 1.313033224668595267e+01 1.309009294892596920e+01 1.302252012783905855e+01 1.301273073143886627e+01 1.300889890306843633e+01 1.300716612998327193e+01 1.300925501399218298e+01 1.301309409008531937e+01 1.302259789349022334e+01 1.305716255949534776e+01 1.305999273741571010e+01 1.306142977469720101e+01 1.306281785646314475e+01 1.306357275219263414e+01 1.306014593513792654e+01 1.305683236146340853e+01 1.305383127733298032e+01 1.305057818470651121e+01 1.304407764998360442e+01 1.303903335713301814e+01 1.303503017848434808e+01 1.303229155232175174e+01 1.303442059285084298e+01 1.303688720706371384e+01 1.303970125133111324e+01 1.000000000000000020e+30 1.000000000000000020e+30 1.000000000000000020e+30
1.000000000000000020e+30 1.000000000000000020e+30 1.000000000000000020e+30 1.000000000000000020e+30 1.000000000000000020e+30 1.000000000000000020e+30 1.000000000000000020e+30 1.000000000000000020e+30 1.000000000000000020e+30 1.000000000000000020e+30 1.000000000000000020e+30 1.000000000000000020e+30 1.000000000000000020e+30 1.366184702399385209e+01 1.366932388832305278e+01 1.365805889216146163e+01 1.363392358163938312e+01 1.359333528530803115e+01 1.351351249680005040e+01 1.337352918502448773e+01 1.326999230683852637e+01 1.320503775335881258e+01 1.316864434590476840e+01 1.315551321446959143e+01 1.314946267553869141e+01 1.314631579715427456e+01 1.314368977471671052e+01 1.313441212648869794e+01 1.312675850674959044e+01 1.311929215513598024e+01 1.307440311254147680e+01 1.301674342898138015e+01 1.300933781424682500e+01 1.300649130982631263e+01 1.300521670659787787e+01 1.300681282017590057e+01 1.300983783003033878e+01 1.301795805462271538e+01 1.305387356247676323e+01 1.305621416051281614e+01 1.305672548619163287e+01 1.305710965008905156e+01 1.305711620058224831e+01 1.305489747421756697e+01 1.305270713807479588e+01 1.305065554398266059e+01 1.304796538908226644e+01 1.304077351353232572e+01 1.303542026394377196e+01 1.303131403284231205e+01 1.302859661279753567e+01 1.303097424733014087e+01 1.303382363955629231e+01 1.303724952229727485e+01 1.304114112833882544e+01 1.000000000000000020e+30 1.000000000000000020e+30
1.000000000000000020e+30 1.000000000000000020e+30 1.000000000000000020e+30 1.000000000000000020e+30 1.000000000000000020e+30 1.000000000000000020e+30 1.000000000000000020e+30 1.000000000000000020e+30 1.000000000000000020e+30 1.000000000000000020e+30 1.000000000000000020e+30 1.000000000000000020e+30 1.358543125331113366e+01 1.361789149337536564e+01 1.361674437625645240e+01 1.356681399471192151e+01 1.350588369436002445e+01 1.344413869199350131e+01 1.337427760407695132e+01 1.328883058113549431e+01 1.322520159961324460e+01 1.318297558574946393e+01 1.315776579058079321e+01 1.314802296336018017e+01 1.314301007446482217e+01 1.313967726452055018e+01 1.312570940141242026e+01 1.306921687073214144e+01 1.304739721634518901e+01 1.303605945914117292e+01 1.302590036050689548e+01 1.301164267859910062e+01 1.300750406873253340e+01 1.300553915215584766e+01 1.300456882521993052e+01 1.300562182815880519e+01 1.300731197055762856e+01 1.301049204609359045e+01 1.301724657089836690e+01 1.301687543491119925e+01 1.301635995243988120e+01 1.301587709565426643e+01 1.301575251650723253e+01 1.301871019555995268e+01 1.302336057374144573e+01 1.303145436703204574e+01 1.304529561042990871e+01 1.303875764406893190e+01 1.303359401878941171e+01 1.302964734152456572e+01 1.302708139918407682e+01 1.302961592699477755e+01 1.303274807543633429e+01 1.303661891363266534e+01 1.304107780480513767e+01 1.000000000000000020e+30 1.000000000000000020e+30
1.000000000000000020e+30 1.000000000000000020e+30 1.000000000000000020e+30 1.000000000000000020e+30 1.000000000000000020e+30 1.000000000000000020e+30 1.000000000000000020e+30 1.000000000000000020e+30 1.000000000000000020e+30 1.000000000000000020e+30 1.000000000000000020e+30 1.339725354091254239e+01 1.349205702567008203e+01 1.354443075815635922e+01 1.353985348082482965e+01 1.344404586587461026e+01 1.334881420698188670e+01 1.327554200857203348e+01 1.322337033979454901e+01 1.319394732228643896e+01 1.317262462677834733e+01 1.315678816674899743e+01 1.314536351897477751e+01 1.313685047486893076e+01 1.312971927233446223e+01 1.312274834135856771e+01 1.309586429759859350e+01 1.303458592682308392e+01 1.302085865932407849e+01 1.301496431731180792e+01 1.301145049245305252e+01 1.300818280174932617e+01 1.300636863382943353e+01 1.300521368711351755e+01 1.300452341518928279e+01 1.300496882491889039e+01 1.300551485559241094e+01 1.300620491688960279e+01 1.300698807465968265e+01 1.300671062932764954e+01 1.300644511698994776e+01 1.300620120409371161e+01 1.300614192876820496e+01 1.300787292694785791e+01 1.301101378517868845e+01 1.301840628746823469e+01 1.304266789571442686e+01 1.303768893835260734e+01 1.303307112485916441e+01 1.302945544166174230e+01 1.302713140924651292e+01 1.302984301198868877e+01 1.303329213615783821e+01 1.303761990362206546e+01 1.304204437559683605e+01 1.299828206174012202e+01 1.000000000000000020e+30
1.000000000000000020e+30 1.000000000000000020e+30 1.000000000000000020e+30 1.000000000000000020e+30 1.000000000000000020e+30 1.000000000000000020e+30 1.000000000000000020e+30 1.000000000000000020e+30 1.000000000000000020e+30 1.000000000000000020e+30 1.290179546468798577e+01 1.317261810642787445e+01 1.333442790001253009e+01 1.342379664626439961e+01 1.343900519107784497e+01 1.333414169595047838e+01 1.323718269254544211e+01 1.317230433454232674e+01 1.313626856151577726e+01 1.313287347242811087e+01 1.313368684576885848e+01 1.313518890206831990e+01 1.313512105781010675e+01 1.312627437544066211e+01 1.311709439522982912e+01 1.310812456961348715e+01 1.307720409224867097e+01 1.302297205137380409e+01 1.301335572388846451e+01 1.300943928479121148e+01 1.300734737978738131e+01 1.300631134272240530e+01 1.300553250405606320e+01 1.300492499170173843e+01 1.300447973192955864e+01 1.300445329945453032e+01 1.300442840656390153e+01 1.300440532754024581e+01 1.300436664497610195e+01 1.300417949380627647e+01 1.300400688319814613e+01 1.300384858570651048e+01 1.300380904841059682e+01 1.300496857314473864e+01 1.300717204384046077e+01 1.301304899613941402e+01 1.304030466245549746e+01 1.303661897664419911e+01 1.303254283029513161e+01 1.302926415736324017e+01 1.302719047888561299e+01 1.303006790301291851e+01 1.303362465308243401e+01 1.303664002228719987e+01 1.298910177341693206e+01 1.304336606314010893e+01 1.000000000000000020e+30
1.000000000000000020e+30 1.000000000000000020e+30 1.000000000000000020e+30 1.000000000000000020e+30 1.000000000000000020e+30 1.000000000000000020e+30 1.000000000000000020e+30 1.000000000000000020e+30 1.000000000000000020e+30 1.097519956606902269e+01 1.233134273370533585e+01 1.283443507688672369e+01 1.306712018529658792e+01 1.319844074414071144e+01 1.326729854356567628e+01 1.322669963254188730e+01 1.316659446940314560e+01 1.311911508751513722e+01 1.309376695436353444e+01 1.309900281434066649e+01 1.310796956413462766e+01 1.311872094645513798e+01 1.312782940580578739e+01 1.311686805799574884e+01 1.310612435139880461e+01 1.309640067528869700e+01 1.306460045185865404e+01 1.301721033634593283e+01 1.300983232430698422e+01 1.300689959769048798e+01 1.300541178673172915e+01 1.300513750569882099e+01 1.300489073284528985e+01 1.300466663229614461e+01 1.300443693629274655e+01 1.300403521911272620e+01 1.300370094708298119e+01 1.300341834696949483e+01 1.300318440654478813e+01 1.300304357311904191e+01 1.300291490158726049e+01 1.300279703841520451e+01 1.300276671265289430e+01 1.300363494225826599e+01 1.300531684640044539e+01 1.301008313017676876e+01 1.303677077717638255e+01 1.303446152315509110e+01 1.303130605819013610e+01 1.302874222280726357e+01 1.302726171819075240e+01 1.302982935866825365e+01 1.302445574873490131e+01 1.293514341588477201e+01 1.304475474689737879e+01 1.304494999999063687e+01 1.000000000000000020e+30
1.000000000000000020e+30 1.000000000000000020e+30 1.000000000000000020e+30 1.000000000000000020e+30 1.000000000000000020e+30 1.000000000000000020e+30 1.000000000000000020e+30 1.000000000000000020e+30 1.266751344955097558e+01 1.141608212283741253e+01 1.214448826204838205e+01 1.241683777006653067e+01 1.258885198660600935e+01 1.271885355006275553e+01 1.286309683160779294e+01 1.304527445977604572e+01 1.311987993763225724e+01 1.309925380407685935e+01 1.307950238893897321e+01 1.308588343892121841e+01 1.309522913036744640e+01 1.310689248238718640e+01 1.311828508563340279e+01 1.310607197361119347e+01 1.309560452472364922e+01 1.308655300103071006e+01 1.305731327793268193e+01 1.301506111263643639e+01 1.300859238972380005e+01 1.300602494910357443e+01 1.300473751444844162e+01 1.300462282686325644e+01 1.300451442601386631e+01 1.300441092230270712e+01 1.300426418680410912e+01 1.300376743689411896e+01 1.300337446760968518e+01 1.300305581767994134e+01 1.300278333815169951e+01 1.300249157096413022e+01 1.300225509116920364e+01 1.300205988973436178e+01 1.300195249952951926e+01 1.300246375817479816e+01 1.300334470532597742e+01 1.300522636752453209e+01 1.301069200374720758e+01 1.301278977692607519e+01 1.301578612898127751e+01 1.302070686110777764e+01 1.302843167885748166e+01 1.302261143173979718e+01 1.274144131470476715e+01 1.303184379093228884e+01 1.305070042338035385e+01 1.304849126819282468e+01 1.000000000000000020e+30
1.000000000000000020e+30 1.000000000000000020e+30 1.000000000000000020e+30 1.000000000000000020e+30 1.000000000000000020e+30 1.000000000000000020e+30 1.000000000000000020e+30 1.315468781234355156e+01 1.299119550651074029e+01 1.253314418060157820e+01 1.161047641251330731e+01 1.142876565209255624e+01 1.153537537196123175e+01 1.161107473460298678e+01 1.171700311082595469e+01 1.230964686577735456e+01 1.302752721816608172e+01 1.309152965148626002e+01 1.307798907421132739e+01 1.308331298659767761e+01 1.309032498341369966e+01 1.309860106521660938e+01 1.310591223079618928e+01 1.309512180804405190e+01 1.308602280594427292e+01 1.307818010713550905e+01 1.305312238685589854e+01 1.301462446399025197e+01 1.300841062369694079e+01 1.300591517293284305e+01 1.300465129445155021e+01 1.300447505792494063e+01 1.300431249294312153e+01 1.300416125845572068e+01 1.300399031585655507e+01 1.300360480142207997e+01 1.300328693854837603e+01 1.300302039097979723e+01 1.300274208620527183e+01 1.300218513261918041e+01 1.300181546349750050e+01 1.300155294202176393e+01 1.300139835963963009e+01 1.300168334175515383e+01 1.300211531915724272e+01 1.300262774671175237e+01 1.300376369228849427e+01 1.300484545429847394e+01 1.300653028771790254e+01 1.300939816274454941e+01 1.301242849964844162e+01 1.300479850545415772e+01 1.272970174318994374e+01 1.303714099539768689e+01 1.305924540109548637e+01 1.305596651505776151e+01 1.000000000000000020e+30
1.000000000000000020e+30 1.000000000000000020e+30 1.000000000000000020e+30 1.000000000000000020e+30 1.000000000000000020e+30 1.000000000000000020e+30 1.318632755132324874e+01 1.318052789625317622e+01 1.313711644359367448e+01 1.301665827057745872e+01 1.281389902837633166e+01 1.274672776464641188e+01 1.276236203104633482e+01 1.280109564554481594e+01 1.288438363937759412e+01 1.301262875115468631e+01 1.271314630638195631e+01 1.307000019278933500e+01 1.307563060662220700e+01 1.308135658464612483e+01 1.308625091006198637e+01 1.309165785595792642e+01 1.309583788966334517e+01 1.308624999336345596e+01 1.307822441892589183e+01 1.307130913567172392e+01 1.304953169238092237e+01 1.301421831858446865e+01 1.300823804551439977e+01 1.300581009850808734e+01 1.300456857571960789e+01 1.300433669473239640e+01 1.300412797973904411e+01 1.300393838792277279e+01 1.300374958640913192e+01 1.300345574572318874e+01 1.300320436518369860e+01 1.300298673678589978e+01 1.300270341312272215e+01 1.300194625066756338e+01 1.300151928293935555e+01 1.300124607728229797e+01 1.300108899972771326e+01 1.300127759118728576e+01 1.300142021299822659e+01 1.296996562163235112e+01 1.295787019974593157e+01 1.295096307899241062e+01 1.292459874084145177e+01 1.284321738844835714e+01 1.259513038916350425e+01 1.263203446619696990e+01 1.300934673389460272e+01 1.306297328302181704e+01 1.307266904011022923e+01 1.306637411776904045e+01 1.000000000000000020e+30
1.000000000000000020e+30 1.000000000000000020e+30 1.000000000000000020e+30 1.000000000000000020e+30 1.000000000000000020e+30 1.318026884319835190e+01 1.318546852790663948e+01 1.318628500517936075e+01 1.317773443189603455e+01 1.315340857635953320e+01 1.312065696635091783e+01 1.312934012057024091e+01 1.317203087201196254e+01 1.324226839693149138e+01 1.331117132421743143e+01 1.320711648593666787e+01 1.310308238656492819e+01 1.286811043323555737e+01 1.299191492954321525e+01 1.307782535323067563e+01 1.308254998335274344e+01 1.308568915419141376e+01 1.308757283956433781e+01 1.307896700421875025e+01 1.307179343060232135e+01 1.306561158340561768e+01 1.304642516215644577e+01 1.301383572768701313e+01 1.300807256398975831e+01 1.300570874249574516e+01 1.300448877228218159e+01 1.300420677390209612e+01 1.300395891176411922e+01 1.300373865574021970e+01 1.300353692497586877e+01 1.300331891093455106e+01 1.300312607493558659e+01 1.300295392670388672e+01 1.300266610289769709e+01 1.300175504275163263e+01 1.300130668469497763e+01 1.300104090645270993e+01 1.300089212594874866e+01 1.300102992067644614e+01 1.300103235209297203e+01 1.297423808618145458e+01 1.300150473398384676e+01 1.300221211465104076e+01 1.300315425624319587e+01 1.300495051177525063e+01 1.298124036361900480e+01 1.249583822575683989e+01 1.302670488118795866e+01 1.308539798417632660e+01 1.309237756441828893e+01 1.308142082347869284e+01 1.000000000000000020e+30
1.000000000000000020e+30 1.000000000000000020e+30 1.000000000000000020e+30 1.000000000000000020e+30 1.000000000000000020e+30 1.317674097251576271e+01 1.318138418743273910e+01 1.318415440961414653e+01 1.318504739566125039e+01 1.318377809919627097e+01 1.318615807850892629e+01 1.321501410476523652e+01 1.326576109167520023e+01 1.333834328373738920e+01 1.339031155849767707e+01 1.323443663003866355e+01 1.314316446451124420e+01 1.309592790552807173e+01 1.307962404393423839e+01 1.301393710090813727e+01 1.308244473783801709e+01 1.308580973706309614e+01 1.308639175236814722e+01 1.307798622159003621e+01 1.307098240717859383e+01 1.306493946207879375e+01 1.304597262757466147e+01 1.301372318563685937e+01 1.300800806224157213e+01 1.300566332422671501e+01 1.300445459268922654e+01 1.300418415467440703e+01 1.300394588278495434e+01 1.300373331036337454e+01 1.300353718112444668e+01 1.300331907662944531e+01 1.300312615299621832e+01 1.300295398001898661e+01 1.300267565694588434e+01 1.300180079508649911e+01 1.300135567504034206e+01 1.300108708675300662e+01 1.300093477609775938e+01 1.300100001628866941e+01 1.297268565289465769e+01 1.300119752183408472e+01 1.300193444576082946e+01 1.300259457922960493e+01 1.300393768468551059e+01 1.300891636036656784e+01 1.309028886882944676e+01 1.305102764027428641e+01 1.311053812852414602e+01 1.312399028941587886e+01 1.312182207870600159e+01 1.310195821751715783e+01 1.000000000000000020e+30
1.000000000000000020e+30 1.000000000000000020e+30 1.000000000000000020e+30 1.000000000000000020e+30 1.316784552207961312e+01 1.317098208642085311e+01 1.317451578719312089e+01 1.318087291238598802e+01 1.318802736205433845e+01 1.319586567246365050e+01 1.320698297532244680e+01 1.323105631697012363e+01 1.326509010025555391e+01 1.330656710275984977e+01 1.332530949482507410e+01 1.321501961286476501e+01 1.314704013851365438e+01 1.311054087546635749e+01 1.309061323090819684e+01 1.308916506731450191e+01 1.299836811703185546e+01 1.308958957777147347e+01 1.309166923770831303e+01 1.308285043295645167e+01 1.307542256158492222e+01 1.306899604099959866e+01 1.304803446327090022e+01 1.301386426837534493e+01 1.300803950708378665e+01 1.300567113530071417e+01 1.300446407887687528e+01 1.300426510954221726e+01 1.300408537396008413e+01 1.300392010395422560e+01 1.300374972114881444e+01 1.300345607835037676e+01 1.300320454561037486e+01 1.300298692036378512e+01 1.300273320396437882e+01 1.300212593016619067e+01 1.300173844119172628e+01 1.300147041720756214e+01 1.300129192236643760e+01 1.300147462257211295e+01 1.300151639342858978e+01 1.297550474250538066e+01 1.300256394586386399e+01 1.300363116054560031e+01 1.300551755278739208e+01 1.301284365455791381e+01 1.315189141510252391e+01 1.316640617528876156e+01 1.317608288094443125e+01 1.317782830256625104e+01 1.316886373972265645e+01 1.313143846570403461e+01 1.000000000000000020e+30
1.000000000000000020e+30 1.000000000000000020e+30 1.000000000000000020e+30 1.000000000000000020e+30 1.315975849279107379e+01 1.316424803166038338e+01 1.316709994880801915e+01 1.317706905949963136e+01 1.318936978530811999e+01 1.320325618669301981e+01 1.321779498774989747e+01 1.323037583334483358e+01 1.324412518021119745e+01 1.325782395633381228e+01 1.325694518520523424e+01 1.319325723657244609e+01 1.314858291893338738e+01 1.312029956360548510e+01 1.310259271756414456e+01 1.310141959326619698e+01 1.309776115938020347e+01 1.299184838388298147e+01 1.309421264619750680e+01 1.308834224511919508e+01 1.308052030847235336e+01 1.307367205988581915e+01 1.305033640903860714e+01 1.301400636495851337e+01 1.300807137693075610e+01 1.300567909439621950e+01 1.300447386592288446e+01 1.300434940364207748e+01 1.300423542737227400e+01 1.300412711172427294e+01 1.300399000806453387e+01 1.300360543301153804e+01 1.300328729147729412e+01 1.300302077764842856e+01 1.300279385174306412e+01 1.300259577250993814e+01 1.300242426587000644e+01 1.300224969909598727e+01 1.299043366760604812e+01 1.298764090805103777e+01 1.298103418571879786e+01 1.300334104326767459e+01 1.300452778689901479e+01 1.300606709516834592e+01 1.300922151384496672e+01 1.302146984155583098e+01 1.325206618165611161e+01 1.328230328950906625e+01 1.328637647605548544e+01 1.328455250045706038e+01 1.326339002783724474e+01 1.318196211586687916e+01 1.000000000000000020e+30
1.000000000000000020e+30 1.000000000000000020e+30 1.000000000000000020e+30 1.272050611430444533e+01 1.309024834386315383e+01 1.314941753981038985e+01 1.315899691223425982e+01 1.317320252794333690e+01 1.319015776838789833e+01 1.320939193077354190e+01 1.322666142917890575e+01 1.322704407634610746e+01 1.322388547012204363e+01 1.321916914388510378e+01 1.320854022835357533e+01 1.317599961052150626e+01 1.315037207638058270e+01 1.313148490534129920e+01 1.311792112252971876e+01 1.311452347078210501e+01 1.311140038017589227e+01 1.310456124443464354e+01 1.298287199336331099e+01 1.309063712980425009e+01 1.308488400442528565e+01 1.307895406065022037e+01 1.305289435750779070e+01 1.301415879793108665e+01 1.300810929027496954e+01 1.300569120114952604e+01 1.300448711027253168e+01 1.300444008069124635e+01 1.300439968482844577e+01 1.300435968210859450e+01 1.300426525346033024e+01 1.300377055950955629e+01 1.300337643124003151e+01 1.300305716967180025e+01 1.300285905867490932e+01 1.300333252795955197e+01 1.300399990224710223e+01 1.300491421931429770e+01 1.299490338494693731e+01 1.300762362246948101e+01 1.300889933480216953e+01 1.301082426421051430e+01 1.301354021069096056e+01 1.301811837751576384e+01 1.302744687561750148e+01 1.306076152148674296e+01 1.353959288932812832e+01 1.357746265903322680e+01 1.357818459941084832e+01 1.357238585923891705e+01 1.351324058813274753e+01 1.328154204451833031e+01 1.000000000000000020e+30
1.000000000000000020e+30 1.000000000000000020e+30 1.000000000000000020e+30 1.275096398993878033e+01 1.265183104678926362e+01 1.310768544807585201e+01 1.315103176416397268e+01 1.317045546276660950e+01 1.319044471908343930e+01 1.321308365605488966e+01 1.323272198040805492e+01 1.322691286218998918e+01 1.321665185309833923e+01 1.320574766230384611e+01 1.319276955447818622e+01 1.317002244507039599e+01 1.315126196906538425e+01 1.313641590905077727e+01 1.312503641697455947e+01 1.312073336043134830e+01 1.311686507526056467e+01 1.311305901408142915e+01 1.310403714105022743e+01 1.296836906361553510e+01 1.299404680656494904e+01 1.308029045114756528e+01 1.305668477652567994e+01 1.301570277553299881e+01 1.300903889941325886e+01 1.300635613240245370e+01 1.300502226059714950e+01 1.300501331503749114e+01 1.300501296639748894e+01 1.300501210699735211e+01 1.300493971089061951e+01 1.300434841715417988e+01 1.300387991517075470e+01 1.300350155652947670e+01 1.300322672025935233e+01 1.300435887889034170e+01 1.300656274618721575e+01 1.297670611315550637e+01 1.435577929021679466e+01 1.474598403984515294e+01 1.514217510411338807e+01 1.587131603981813299e+01 1.881136229459578502e+01 1.947716244681937070e+01 1.980009689582822929e+01 1.983828145455773395e+01 1.984866403284963354e+01 1.983088685376531402e+01 1.968428177073025154e+01 1.858948428936288977e+01 1.398180017539267439e+01 1.341101850607962120e+01 1.000000000000000020e+30
1.000000000000000020e+30 1.000000000000000020e+30 1.000000000000000020e+30 1.283187665787753851e+01 1.272235787719727362e+01 1.309222063630638111e+01 1.314695251427600731e+01 1.316844837808115543e+01 1.319008292449245623e+01 1.321396934650338828e+01 1.323548407464734744e+01 1.323055164380977899e+01 1.322181014681827804e+01 1.321277453753006270e+01 1.320089508431317249e+01 1.317331096849244076e+01 1.315094452846275352e+01 1.313353350019262678e+01 1.312067548882336787e+01 1.311766042997102311e+01 1.311499743038616472e+01 1.311243175568848685e+01 1.310900520503664346e+01 1.309788888645351967e+01 1.308926282902726967e+01 1.297792674053686035e+01 1.305954500020563813e+01 1.301970531160408306e+01 1.301161783301239616e+01 1.300826030341458583e+01 1.300656053477625207e+01 1.300654610772988384e+01 1.300654570778242025e+01 1.300654459997530665e+01 1.300646594197482742e+01 1.300581610187492920e+01 1.300528576818093818e+01 1.300459270676008572e+01 1.298053768473623570e+01 1.298189508816246907e+01 1.297496561400810400e+01 1.000000000000000020e+30 1.000000000000000020e+30 1.000000000000000020e+30 1.000000000000000020e+30 1.000000000000000020e+30 1.000000000000000020e+30 1.000000000000000020e+30 2.173009272002248693e+01 2.174156500000069769e+01 2.178562316872323024e+01 2.175783437016526634e+01 2.152812640916415887e+01 1.996719624913270863e+01 1.404898734196730459e+01 1.350885117528137336e+01 1.000000000000000020e+30
1.000000000000000020e+30 1.000000000000000020e+30 1.298639680925726303e+01 1.290371400234072219e+01 1.281755759134277639e+01 1.277900573334006751e+01 1.311693158088117350e+01 1.315292390621265639e+01 1.318766662915838239e+01 1.321350105778645911e+01 1.323694067188083778e+01 1.323480392155105889e+01 1.322922663502898111e+01 1.322322038395007837e+01 1.321256637363348041e+01 1.317747385547470351e+01 1.315055666282847113e+01 1.313052367634903383e+01 1.311644531764809152e+01 1.311459678164324671e+01 1.311306378949760720e+01 1.311155855061826969e+01 1.310929253432910535e+01 1.310155578477004212e+01 1.309467718325209695e+01 1.308473017352029366e+01 1.295260644205473533e+01 1.302319131416368236e+01 1.301426346756296226e+01 1.301168017091202600e+01 1.300940195346453265e+01 1.300945220600755015e+01 1.300945471199079151e+01 1.300944889329265841e+01 1.300928657896380969e+01 1.300772621566261478e+01 1.300747168628425143e+01 1.297278635982824646e+01 1.300744431278669033e+01 1.301026370111602937e+01 1.301556989931436803e+01 1.000000000000000020e+30 1.000000000000000020e+30 1.000000000000000020e+30 1.000000000000000020e+30 1.000000000000000020e+30 1.000000000000000020e+30 1.000000000000000020e+30 1.000000000000000020e+30 1.000000000000000020e+30 2.210754078961564772e+01 2.208403874132814337e+01 2.194339619409157649e+01 2.118865629717205223e+01 1.416166815862888839e+01 1.364280927162720403e+01 1.000000000000000020e+30
1.000000000000000020e+30 1.000000000000000020e+30 1.297948717972928101e+01 1.295963264852964336e+01 1.293515622248063401e+01 1.290790608787969873e+01 1.289555569208084407e+01 1.288960277691199430e+01 1.316904581522035400e+01 1.320363748611545773e+01 1.322736229114847184e+01 1.323739025635186195e+01 1.323636777234691131e+01 1.323436869665096083e+01 1.322544726483746302e+01 1.318168365119547758e+01 1.315025418112311151e+01 1.312783889649728586e+01 1.311273787658059575e+01 1.311194029677241346e+01 1.311146002900830076e+01 1.311097418831447392e+01 1.310973320527102359e+01 1.310319602765194702e+01 1.309727331099590231e+01 1.309162427950933072e+01 1.307205521395176717e+01 1.287447097499812898e+01 1.288413628063928584e+01 1.301128151600557992e+01 1.301047648389446643e+01 1.301610394173686203e+01 1.301635462901598927e+01 1.301620744301682819e+01 1.300976981761092333e+01 1.290623240678566042e+01 1.293159091642346326e+01 1.302056869254379379e+01 1.302606837364738546e+01 1.303458290035553269e+01 1.000000000000000020e+30 1.000000000000000020e+30 1.000000000000000020e+30 1.000000000000000020e+30 1.000000000000000020e+30 1.000000000000000020e+30 1.000000000000000020e+30 1.000000000000000020e+30 1.000000000000000020e+30 1.000000000000000020e+30 1.000000000000000020e+30 1.000000000000000020e+30 1.000000000000000020e+30 3.061941823756304970e+01 1.459643671139183851e+01 1.000000000000000020e+30 1.000000000000000020e+30
1.000000000000000020e+30 1.298451123174311128e+01 1.297871075638992266e+01 1.298489289237593525e+01 1.299261549002011940e+01 1.300222723244108103e+01 1.301218350528670697e+01 1.300144192962849310e+01 1.299810599671389433e+01 1.298564141874658695e+01 1.297976960465388885e+01 1.320732503230980015e+01 1.321629482571350067e+01 1.322476527710127492e+01 1.321960105483420733e+01 1.318250291788847051e+01 1.315483835857902761e+01 1.313430381421515314e+01 1.312022942008339044e+01 1.312075977283839379e+01 1.312165497122174251e+01 1.312255737516954746e+01 1.312265601339255205e+01 1.311701891044125468e+01 1.311172340021858851e+01 1.310671283767778839e+01 1.309601376147858787e+01 1.305682344149605889e+01 1.302962931135079394e+01 1.277967139317585676e+01 1.277634933846839260e+01 1.300447084022898458e+01 1.300895318162938352e+01 1.300829757766073591e+01 1.280405334896474479e+01 1.302783674924411805e+01 1.306197740692812026e+01 1.314719588188363986e+01 1.366400627312146909e+01 1.380665406701039011e+01 1.000000000000000020e+30 1.000000000000000020e+30 1.000000000000000020e+30 1.000000000000000020e+30 1.000000000000000020e+30 1.000000000000000020e+30 1.000000000000000020e+30 1.000000000000000020e+30 1.000000000000000020e+30 1.000000000000000020e+30 1.000000000000000020e+30 1.000000000000000020e+30 1.000000000000000020e+30 1.000000000000000020e+30 1.000000000000000020e+30 1.000000000000000020e+30 1.000000000000000020e+30
1.000000000000000020e+30 1.298853405690547902e+01 1.298304399182192803e+01 1.298692097163733550e+01 1.299186431534535124e+01 1.299801987837129325e+01 1.300383865712186093e+01 1.299467069720279255e+01 1.298418868429411255e+01 1.297209936372500216e+01 1.296030321148993458e+01 1.296578452432499162e+01 1.297207604103584089e+01 1.319077160441990770e+01 1.319652788292595424e+01 1.317995567595658457e+01 1.316533922326240358e+01 1.315296850668903872e+01 1.314396332682204083e+01 1.314734660606642969e+01 1.315129989309840930e+01 1.315547028584851752e+01 1.315886761646841130e+01 1.315541561659526870e+01 1.315185727416453432e+01 1.314813593953558346e+01 1.313594733055737329e+01 1.308985161355717075e+01 1.306534478466097760e+01 1.303727062338795939e+01 1.300941967203947414e+01 1.267454478787717953e+01 1.254154600345071557e+01 1.271393256823041717e+01 1.301587312354785020e+01 1.305982182959811411e+01 1.310000395153092612e+01 1.322555955522832605e+01 1.353312184466903290e+01 1.000000000000000020e+30 1.000000000000000020e+30 1.000000000000000020e+30 1.000000000000000020e+30 1.000000000000000020e+30 1.000000000000000020e+30 1.000000000000000020e+30 1.000000000000000020e+30 1.000000000000000020e+30 1.000000000000000020e+30 1.000000000000000020e+30 1.000000000000000020e+30 1.000000000000000020e+30 1.000000000000000020e+30 1.000000000000000020e+30 1.000000000000000020e+30 1.000000000000000020e+30 1.000000000000000020e+30
1.299870829792594584e+01 1.299287788489318451e+01 1.298747879136132610e+01 1.298846747386335743e+01 1.298978868584767454e+01 1.299138131935589691e+01 1.299223403120516096e+01 1.298492662045482859e+01 1.297689733883091101e+01 1.296826331982201452e+01 1.295985329728338797e+01 1.295763201666728826e+01 1.296176377780691524e+01 1.316385309040078333e+01 1.317701572726455339e+01 1.317753554658566451e+01 1.317759275120323359e+01 1.317784370389307647e+01 1.317939138598320881e+01 1.318890636740328226e+01 1.319978379415937120e+01 1.321193343435004763e+01 1.322433042232297495e+01 1.322971921297654774e+01 1.323491532582102614e+01 1.323932629432558095e+01 1.322785214539824850e+01 1.315521808170511697e+01 1.311409323626874546e+01 1.308384026318239357e+01 1.305215374627918479e+01 1.295873251029933648e+01 1.241160639996748216e+01 1.292406688913786184e+01 1.305512771452423770e+01 1.310426251853537849e+01 1.318958820553360844e+01 1.355096716227042464e+01 1.373640213547163746e+01 1.000000000000000020e+30 1.000000000000000020e+30 1.000000000000000020e+30 1.000000000000000020e+30 1.000000000000000020e+30 1.000000000000000020e+30 1.000000000000000020e+30 1.000000000000000020e+30 1.000000000000000020e+30 1.000000000000000020e+30 1.000000000000000020e+30 1.000000000000000020e+30 1.000000000000000020e+30 1.000000000000000020e+30 1.000000000000000020e+30 1.000000000000000020e+30 1.000000000000000020e+30 1.000000000000000020e+30
1.300296889012658497e+01 1.299730862323570868e+01 1.299192880478276102e+01 1.298999704870160876e+01 1.298767517959539042e+01 1.298470841719435498e+01 1.298072230392395987e+01 1.297560267256621103e+01 1.297033591504069427e+01 1.296493688783650100e+01 1.295970941734782933e+01 1.295666905393013124e+01 1.295420665221354639e+01 1.296309234984887837e+01 1.315628773801751450e+01 1.317604642364439727e+01 1.319260147153182139e+01 1.321209269739540204e+01 1.323497443726637890e+01 1.325780986713419551e+01 1.328462515807273014e+01 1.331654940111541130e+01 1.335377906338060505e+01 1.339192023666780784e+01 1.343522050280566127e+01 1.347847501857270558e+01 1.348127709414075603e+01 1.333777556331607173e+01 1.322827279427837865e+01 1.311870502469998812e+01 1.296617819407968852e+01 1.265205946148348026e+01 1.185608042486557601e+01 1.218452197947835280e+01 1.301132230308264681e+01 1.318572214207908111e+01 1.338090995808268069e+01 1.354038958515688051e+01 1.372283896267448355e+01 1.000000000000000020e+30 1.000000000000000020e+30 1.000000000000000020e+30 1.000000000000000020e+30 1.000000000000000020e+30 1.000000000000000020e+30 1.000000000000000020e+30 1.000000000000000020e+30 1.000000000000000020e+30 1.000000000000000020e+30 1.000000000000000020e+30 1.000000000000000020e+30 1.000000000000000020e+30 1.000000000000000020e+30 1.000000000000000020e+30 1.000000000000000020e+30 1.000000000000000020e+30 1.000000000000000020e+30
1.300645640168000661e+01 1.300140140435795288e+01 1.299635608257009345e+01 1.299119427782797942e+01 1.298509957259116909e+01 1.297779365926793460e+01 1.296957536235991348e+01 1.296536504400808631e+01 1.296093910242403169e+01 1.295612860094937879e+01 1.295094906780790289e+01 1.294611949346975877e+01 1.294149546991390487e+01 1.294483879179345998e+01 1.316990259706181376e+01 1.320056387406657450e+01 1.322937666073419116e+01 1.326573625165215198e+01 1.331033715955794428e+01 1.334773744401841178e+01 1.339197166770149394e+01 1.344565395535585139e+01 1.351079459545928074e+01 1.358913945189739536e+01 1.367418046865030590e+01 1.372752627257966829e+01 1.364479756583881809e+01 1.340667471951389444e+01 1.315405213252511452e+01 1.280822928086304024e+01 1.223451057287505961e+01 1.102048451954866870e+01 1.211820758074297544e+01 1.267188803949490961e+01 1.306451616062968490e+01 1.321411267922785271e+01 1.329189056613877185e+01 1.334370530656844167e+01 1.000000000000000020e+30 1.000000000000000020e+30 1.000000000000000020e+30 1.000000000000000020e+30 1.000000000000000020e+30 1.000000000000000020e+30 1.000000000000000020e+30 1.000000000000000020e+30 1.000000000000000020e+30 1.000000000000000020e+30 1.000000000000000020e+30 1.000000000000000020e+30 1.000000000000000020e+30 1.000000000000000020e+30 1.000000000000000020e+30 1.000000000000000020e+30 1.000000000000000020e+30 1.000000000000000020e+30 1.000000000000000020e+30
1.300926310194653546e+01 1.300562358114644468e+01 1.300140969570382055e+01 1.299213867426281155e+01 1.298200234966486022e+01 1.297098611080442687e+01 1.295984976840037106e+01 1.295416863817241193e+01 1.294726024968561262e+01 1.293826454739804888e+01 1.292649637891724979e+01 1.291586343357090172e+01 1.290504060623176663e+01 1.290831991764435926e+01 1.322487236593711302e+01 1.327288025579149888e+01 1.331045935406811509e+01 1.335457854918868570e+01 1.340591777668374185e+01 1.344696719415710540e+01 1.349333720503418377e+01 1.354685564872276160e+01 1.360723765025530518e+01 1.366960993382211953e+01 1.371129828750479618e+01 1.366365638499190815e+01 1.342018411789537069e+01 1.310423880522190565e+01 1.276642481776155869e+01 1.232130719779081929e+01 1.171971408082070099e+01 1.104411413553269838e+01 1.230819326629594457e+01 1.279114739621048713e+01 1.296407056283728210e+01 1.301692494298323588e+01 1.304489255319597696e+01 1.308522131201569216e+01 1.000000000000000020e+30 1.000000000000000020e+30 1.000000000000000020e+30 1.000000000000000020e+30 1.000000000000000020e+30 1.000000000000000020e+30 1.000000000000000020e+30 1.000000000000000020e+30 1.000000000000000020e+30 1.000000000000000020e+30 1.000000000000000020e+30 1.000000000000000020e+30 1.000000000000000020e+30 1.000000000000000020e+30 1.000000000000000020e+30 1.000000000000000020e+30 1.000000000000000020e+30 1.000000000000000020e+30 1.000000000000000020e+30
1.301282475624416612e+01 1.301092152901098054e+01 1.300760822989555976e+01 1.299320083145263105e+01 1.297880971338942224e+01 1.296463373519326723e+01 1.295147524615165402e+01 1.294333599807909785e+01 1.293179479290268752e+01 1.291311553533694934e+01 1.288122596883055060e+01 1.285354018923214348e+01 1.282096525650473851e+01 1.280783022608173738e+01 1.323999443197419978e+01 1.336896787292365296e+01 1.343284230293237691e+01 1.348703725186880575e+01 1.354004772094944897e+01 1.357772861965900191e+01 1.361586245782548410e+01 1.365485236688872384e+01 1.368924137110954398e+01 1.370268925282728922e+01 1.366278626443048339e+01 1.350078963540198806e+01 1.315479758274137190e+01 1.277407092174741088e+01 1.233884571165238242e+01 1.174210184864942264e+01 1.084133776584493880e+01 1.169897817090911651e+01 1.233709287541916311e+01 1.259763960415865824e+01 1.259144733035640762e+01 1.263266274072622863e+01 1.269778050385364665e+01 1.289637070141321473e+01 1.000000000000000020e+30 1.000000000000000020e+30 1.000000000000000020e+30 1.000000000000000020e+30 1.000000000000000020e+30 1.000000000000000020e+30 1.000000000000000020e+30 1.000000000000000020e+30 1.000000000000000020e+30 1.000000000000000020e+30 1.000000000000000020e+30 1.000000000000000020e+30 1.000000000000000020e+30 1.000000000000000020e+30 1.000000000000000020e+30 1.000000000000000020e+30 1.000000000000000020e+30 1.000000000000000020e+30 1.000000000000000020e+30
1.301750015150319939e+01 1.301776278517944618e+01 1.301539523894598815e+01 1.299450943498072419e+01 1.297567184616895197e+01 1.295886507487017880e+01 1.294438170750580319e+01 1.293325485390241525e+01 1.291501239221033615e+01 1.287733014623680639e+01 1.278853975470443594e+01 1.270386208555815699e+01 1.257877687234857689e+01 1.239719158355311990e+01 1.231819363925279731e+01 1.320776413318151121e+01 1.345598150757290412e+01 1.356910273074800344e+01 1.363071818461398088e+01 1.365561820821755212e+01 1.366766605104650623e+01 1.367022944685768060e+01 1.364963426623097931e+01 1.357570847084098986e+01 1.344007973071857265e+01 1.321028199514267598e+01 1.287055728419054823e+01 1.248591243094838532e+01 1.198335253005813783e+01 1.124889306824526258e+01 1.010650828835847648e+01 1.095015294422994501e+01 1.136138424375780787e+01 1.163140865754740361e+01 1.191915213379472505e+01 1.208961979036225820e+01 1.218191665105598709e+01 1.000000000000000020e+30 1.000000000000000020e+30 1.000000000000000020e+30 1.000000000000000020e+30 1.000000000000000020e+30 1.000000000000000020e+30 1.000000000000000020e+30 1.000000000000000020e+30 1.000000000000000020e+30 1.000000000000000020e+30 1.000000000000000020e+30 1.000000000000000020e+30 1.000000000000000020e+30 1.000000000000000020e+30 1.000000000000000020e+30 1.000000000000000020e+30 1.000000000000000020e+30 1.000000000000000020e+30 1.000000000000000020e+30 1.000000000000000020e+30
1.302581633305391051e+01 1.302827568856582552e+01 1.302698511087719524e+01 1.300132770116857728e+01 1.297930617078828774e+01 1.296058090213236369e+01 1.294543368064732292e+01 1.293677911989445306e+01 1.292031329900304115e+01 1.287446957762736233e+01 1.272443618505114848e+01 1.255013623034703940e+01 1.224972488876927557e+01 1.172200104052634728e+01 1.116715895603820030e+01 1.215997622503004294e+01 1.277034435387222366e+01 1.311867887052120274e+01 1.327553727571313047e+01 1.330367939277765110e+01 1.329866943838854532e+01 1.328477958281010096e+01 1.323949276088419502e+01 1.310616480324966915e+01 1.295387311950666565e+01 1.277776940905704883e+01 1.255216371779687989e+01 1.222475099672828591e+01 1.171909878771217350e+01 1.092167684242739334e+01 9.685765201846859185e+00 9.781607006676241056e+00 9.927336079858166684e+00 1.021030706937719401e+01 1.114871067172498975e+01 1.152870226696704670e+01 1.167945559605530725e+01 1.000000000000000020e+30 1.000000000000000020e+30 1.000000000000000020e+30 1.000000000000000020e+30 1.000000000000000020e+30 1.000000000000000020e+30 1.000000000000000020e+30 1.000000000000000020e+30 1.000000000000000020e+30 1.000000000000000020e+30 1.000000000000000020e+30 1.000000000000000020e+30 1.000000000000000020e+30 1.000000000000000020e+30 1.000000000000000020e+30 1.000000000000000020e+30 1.000000000000000020e+30 1.000000000000000020e+30 1.000000000000000020e+30 1.000000000000000020e+30
1.303902551899173901e+01 1.304473281642643023e+01 1.304588095652165691e+01 1.301837293899413517e+01 1.299421863125434840e+01 1.297346451258395206e+01 1.295788568896924708e+01 1.296121804168729064e+01 1.296145898157462284e+01 1.293590303445604128e+01 1.279560076330196239e+01 1.259556541719251044e+01 1.223464752847343462e+01 1.155604914356525903e+01 1.065413542746479258e+01 1.084133819134534704e+01 1.184627120507803077e+01 1.243385046726335297e+01 1.265597987405501001e+01 1.258691506383555314e+01 1.254695178967985036e+01 1.254781261941167969e+01 1.255424377367533850e+01 1.230588734454956956e+01 1.217979299720326125e+01 1.214834659926212090e+01 1.215301107527475466e+01 1.195949503956600601e+01 1.153703010477425650e+01 1.080996499090522001e+01 9.751888027635905232e+00 9.580706022321573201e+00 9.879318755435923194e+00 9.870448814291783890e+00 1.069606248353758815e+01 1.108511493596918918e+01 1.120561107270931345e+01 1.103002617774119543e+01 1.000000000000000020e+30 1.000000000000000020e+30 1.000000000000000020e+30 1.000000000000000020e+30 1.000000000000000020e+30 1.000000000000000020e+30 1.000000000000000020e+30 1.000000000000000020e+30 1.000000000000000020e+30 1.000000000000000020e+30 1.000000000000000020e+30 1.000000000000000020e+30 1.000000000000000020e+30 1.000000000000000020e+30 1.000000000000000020e+30 1.000000000000000020e+30 1.000000000000000020e+30 1.000000000000000020e+30 1.000000000000000020e+30
1.304041653692920910e+01 1.305401012756272294e+01 1.306203857476907793e+01 1.303398012888831659e+01 1.300782920129218745e+01 1.298456414476241072e+01 1.296876869220661987e+01 1.299178229471232271e+01 1.301712858077313051e+01 1.302195028523196996e+01 1.291254979737384900e+01 1.269792865766845935e+01 1.230722794716416502e+01 1.156090919171691667e+01 1.049605581164964541e+01 1.038652397559125440e+01 1.076859856512166225e+01 1.169608527798418685e+01 1.186063360930004684e+01 1.111599287921388601e+01 1.095719364515520766e+01 1.102577769355363557e+01 1.151914895105525893e+01 1.051691748670286941e+01 1.049465304720548353e+01 1.082369617641780835e+01 1.159840308864090197e+01 1.167298637830669961e+01 1.147598463717051409e+01 1.093486960943136843e+01 1.023540772018572120e+01 9.918463152160651219e+00 9.893571055262386338e+00 9.784139665087424831e+00 1.046840110949823988e+01 1.079419538504397735e+01 1.088129633485547920e+01 1.077327367616025278e+01 1.000000000000000020e+30 1.000000000000000020e+30 1.000000000000000020e+30 1.000000000000000020e+30 1.000000000000000020e+30 1.000000000000000020e+30 1.000000000000000020e+30 1.000000000000000020e+30 1.000000000000000020e+30 1.000000000000000020e+30 1.000000000000000020e+30 1.000000000000000020e+30 1.000000000000000020e+30 1.000000000000000020e+30 1.000000000000000020e+30 1.000000000000000020e+30 1.000000000000000020e+30 1.000000000000000020e+30 1.000000000000000020e+30
1.287504235184005275e+01 1.289253734669570228e+01 1.290231725941265850e+01 1.286768353444412583e+01 1.282955611923765105e+01 1.279107887146624023e+01 1.276539095690152870e+01 1.281792828013871599e+01 1.289151099844595727e+01 1.298662966112011397e+01 1.308578846824081232e+01 1.287690008268732100e+01 1.247373677771231826e+01 1.172354220004978842e+01 1.062944681546573200e+01 1.042701911321030472e+01 1.054818359540889006e+01 1.087092383364618442e+01 1.105816099353742032e+01 1.222697293287315290e+01 1.249716629269731349e+01 1.241479482231085107e+01 1.122927858320738181e+01 1.097214662835845544e+01 1.176355107210686235e+01 1.175832242814218453e+01 1.104305175541547257e+01 1.106610711567472194e+01 1.163301911405130262e+01 1.129000814340753855e+01 1.060981965217654555e+01 1.009585662807313788e+01 9.855442340384707123e+00 9.858246674820160038e+00 1.040978571149257803e+01 1.062604499918201384e+01 1.058350592156777559e+01 1.016503021964144970e+01 1.000000000000000020e+30 1.000000000000000020e+30 1.000000000000000020e+30 1.000000000000000020e+30 1.000000000000000020e+30 1.000000000000000020e+30 1.000000000000000020e+30 1.000000000000000020e+30 1.000000000000000020e+30 1.000000000000000020e+30 1.000000000000000020e+30 1.000000000000000020e+30 1.000000000000000020e+30 1.000000000000000020e+30 1.000000000000000020e+30 1.000000000000000020e+30 1.000000000000000020e+30 1.000000000000000020e+30 1.000000000000000020e+30
1.217481830097170281e+01 1.207085467415936897e+01 1.191692815814414530e+01 1.172248546299442751e+01 1.149061586052837391e+01 1.122447323457085488e+01 1.098797869154941509e+01 1.098722010614015154e+01 1.108482637449033881e+01 1.132030429422895601e+01 1.661924378063283569e+01 1.804528081296200881e+01 1.869393537045338860e+01 2.259357093250611115e+01 2.545388589114562450e+01 2.985168723656715528e+01 4.054924298818115602e+01 4.971145752989506406e+01 9.231254350925404140e+01 1.080186978825354913e+02 1.119618819926816542e+02 1.354071225091196311e+02 1.530865973540940672e+02 1.584151516730853189e+02 1.539182339336074676e+02 1.346354350915114537e+02 1.140075581283085029e+02 8.114040186362812790e+01 4.084761368168762630e+01 2.886541908719907923e+01 1.214398211738856936e+01 1.032740269991861481e+01 1.017552726390821860e+01 1.039836686330085946e+01 1.058315606061412595e+01 1.061967361489414152e+01 1.045452022987872098e+01 9.999917737896820924e+00 1.000000000000000020e+30 1.000000000000000020e+30 1.000000000000000020e+30 1.000000000000000020e+30 1.000000000000000020e+30 1.000000000000000020e+30 1.000000000000000020e+30 1.000000000000000020e+30 1.000000000000000020e+30 1.000000000000000020e+30 1.000000000000000020e+30 1.000000000000000020e+30 1.000000000000000020e+30 1.000000000000000020e+30 1.000000000000000020e+30 1.000000000000000020e+30 1.000000000000000020e+30 1.000000000000000020e+30 1.000000000000000020e+30
1.186406223737740540e+01 1.167301442239195097e+01 1.148343103561047229e+01 1.127439889028095621e+01 1.101246983913848076e+01 1.068733449002873392e+01 1.037128626340635762e+01 1.034347344372022981e+01 1.044556673397324609e+01 1.077054690998948416e+01 2.098458652401230751e+01 2.636179180687839363e+01 2.964195996530419208e+01 3.489060641530167572e+01 4.983722103077526810e+01 7.198540739821130785e+01 1.594853775040645587e+02 2.009038036461363390e+02 3.081143158672812206e+02 3.894329829208999740e+02 4.633831218505528682e+02 6.668628283179477876e+02 7.274087618820733496e+02 7.358218067380763614e+02 6.951016056424663248e+02 5.118422018445277786e+02 4.362469568458001277e+02 3.794840716166428365e+02 3.308051047808074827e+02 1.116685263910667345e+02 2.030617371526971482e+01 1.192193892495384056e+01 1.123721351564438287e+01 1.101771147015424468e+01 1.090021148510549054e+01 1.075072321094272887e+01 1.047646929092417167e+01 1.000308012910304178e+01 1.000000000000000020e+30 1.000000000000000020e+30 1.000000000000000020e+30 1.000000000000000020e+30 1.000000000000000020e+30 1.000000000000000020e+30 1.000000000000000020e+30 1.000000000000000020e+30 1.000000000000000020e+30 1.000000000000000020e+30 1.000000000000000020e+30 1.000000000000000020e+30 1.000000000000000020e+30 1.000000000000000020e+30 1.000000000000000020e+30 1.000000000000000020e+30 1.000000000000000020e+30 1.000000000000000020e+30 1.000000000000000020e+30
1.000000000000000020e+30 1.122721706518577811e+01 1.109033686515022410e+01 1.095475306488397926e+01 1.077806863694025985e+01 1.053400295566841294e+01 1.026330067563407411e+01 1.025261924721008988e+01 1.034305890069607159e+01 1.077721676980154797e+01 2.446597136480935220e+01 3.181905397961545390e+01 4.328711977879670059e+01 6.009841524499589127e+01 1.675511279439986367e+02 3.061309973332001846e+02 4.684993162715248900e+02 1.365993822094607367e+03 7.345418858672768465e+02 7.541924642053251091e+02 1.000000000000000020e+30 1.201690714204865571e+03 1.224018639048351361e+03 1.230456477747017971e+03 1.219029023750342276e+03 1.000000000000000020e+30 1.000000000000000020e+30 1.000000000000000020e+30 7.119249891400489787e+02 3.801717605759924368e+02 3.674405754762832998e+01 1.398720192441658661e+01 1.237561909748351674e+01 1.172477610908976331e+01 1.131370311816095686e+01 1.098096738428209562e+01 1.062269411216307802e+01 1.022618217221968351e+01 9.852955365454411307e+00 1.000000000000000020e+30 1.000000000000000020e+30 1.000000000000000020e+30 1.000000000000000020e+30 1.000000000000000020e+30 1.000000000000000020e+30 1.000000000000000020e+30 1.000000000000000020e+30 1.000000000000000020e+30 1.000000000000000020e+30 1.000000000000000020e+30 1.000000000000000020e+30 1.000000000000000020e+30 1.000000000000000020e+30 1.000000000000000020e+30 1.000000000000000020e+30 1.000000000000000020e+30 1.000000000000000020e+30
1.000000000000000020e+30 1.072551062066809102e+01 1.058220279150491550e+01 1.054473245894685718e+01 1.052760318653698413e+01 1.051448041569880409e+01 1.053861446698773996e+01 1.063483502066520181e+01 1.102596078248534539e+01 1.216733561685631848e+01 3.784303889602326620e+01 5.389613621016712841e+01 2.218508441337256727e+02 4.063511147046290830e+02 1.359710316163829475e+03 7.618548648280825546e+02 8.297180346726655671e+02 1.000000000000000020e+30 1.000000000000000020e+30 1.000000000000000020e+30 1.000000000000000020e+30 1.000000000000000020e+30 1.000000000000000020e+30 1.000000000000000020e+30 1.000000000000000020e+30 1.000000000000000020e+30 1.000000000000000020e+30 1.000000000000000020e+30 9.326084082798920463e+02 6.407918136699075831e+02 2.114039709198783044e+02 1.881100679285338373e+01 1.447680521581535729e+01 1.289292397366098264e+01 1.197580674522316357e+01 1.129168202865120740e+01 1.079737569880241388e+01 1.034409186221033927e+01 9.884931219322147911e+00 1.000000000000000020e+30 1.000000000000000020e+30 1.000000000000000020e+30 1.000000000000000020e+30 1.000000000000000020e+30 1.000000000000000020e+30 1.000000000000000020e+30 1.000000000000000020e+30 1.000000000000000020e+30 1.000000000000000020e+30 1.000000000000000020e+30 1.000000000000000020e+30 1.000000000000000020e+30 1.000000000000000020e+30 1.000000000000000020e+30 1.000000000000000020e+30 1.000000000000000020e+30 1.000000000000000020e+30
1.000000000000000020e+30 1.000000000000000020e+30 1.013883201491204566e+01 1.018500534616912923e+01 1.030111103133439876e+01 1.055724822380265238e+01 1.909878235077217568e+01 2.593679943647387987e+01 3.629072273620533196e+01 5.190956463372785379e+01 2.722954412961736921e+02 3.652847530377064231e+02 1.000000000000000020e+30 1.000000000000000020e+30 1.000000000000000020e+30 1.000000000000000020e+30 1.000000000000000020e+30 1.000000000000000020e+30 1.000000000000000020e+30 1.000000000000000020e+30 1.000000000000000020e+30 1.000000000000000020e+30 1.000000000000000020e+30 1.000000000000000020e+30 1.000000000000000020e+30 1.000000000000000020e+30 1.000000000000000020e+30 1.000000000000000020e+30 1.000000000000000020e+30 1.000000000000000020e+30 3.429120239185767218e+02 1.240799930768186954e+02 6.238014251146444167e+01 3.523631678301445902e+01 1.484540290406480167e+01 1.167789270553469727e+01 1.098653108254104360e+01 1.044192561112852324e+01 9.919099227707793176e+00 1.000000000000000020e+30 1.000000000000000020e+30 1.000000000000000020e+30 1.000000000000000020e+30 1.000000000000000020e+30 1.000000000000000020e+30 1.000000000000000020e+30 1.000000000000000020e+30 1.000000000000000020e+30 1.000000000000000020e+30 1.000000000000000020e+30 1.000000000000000020e+30 1.000000000000000020e+30 1.000000000000000020e+30 1.000000000000000020e+30 1.000000000000000020e+30 1.000000000000000020e+30 1.000000000000000020e+30
1.000000000000000020e+30 1.000000000000000020e+30 1.005268799449327943e+01 1.011122146626334306e+01 1.031220992470999143e+01 1.097770337819931719e+01 2.766958366475607178e+01 5.468179393678236977e+01 3.321261758693692627e+02 4.151321235030299590e+02 1.000000000000000020e+30 1.000000000000000020e+30 1.000000000000000020e+30 1.000000000000000020e+30 1.000000000000000020e+30 1.000000000000000020e+30 1.000000000000000020e+30 1.000000000000000020e+30 1.000000000000000020e+30 1.000000000000000020e+30 1.000000000000000020e+30 1.000000000000000020e+30 1.000000000000000020e+30 1.000000000000000020e+30 1.000000000000000020e+30 1.000000000000000020e+30 1.000000000000000020e+30 1.000000000000000020e+30 1.000000000000000020e+30 1.000000000000000020e+30 1.000000000000000020e+30 2.875838000859661179e+02 1.353071728467713797e+02 6.281289980122365080e+01 1.790159394539336901e+01 1.211059258683685691e+01 1.117389555348065500e+01 1.052702002797565584e+01 9.949434754968173422e+00 1.000000000000000020e+30 1.000000000000000020e+30 1.000000000000000020e+30 1.000000000000000020e+30 1.000000000000000020e+30 1.000000000000000020e+30 1.000000000000000020e+30 1.000000000000000020e+30 1.000000000000000020e+30 1.000000000000000020e+30 1.000000000000000020e+30 1.000000000000000020e+30 1.000000000000000020e+30 1.000000000000000020e+30 1.000000000000000020e+30 1.000000000000000020e+30 1.000000000000000020e+30 1.000000000000000020e+30
1.000000000000000020e+30 1.000000000000000020e+30 1.000000000000000020e+30 1.033910247096118695e+01 1.088049487992238973e+01 1.340059667398312548e+01 5.613308953442295035e+01 3.806454048495177176e+02 6.212600317730871211e+02 1.000000000000000020e+30 1.000000000000000020e+30 1.000000000000000020e+30 1.000000000000000020e+30 1.000000000000000020e+30 1.000000000000000020e+30 1.000000000000000020e+30 1.000000000000000020e+30 1.000000000000000020e+30 1.000000000000000020e+30 1.000000000000000020e+30 1.000000000000000020e+30 1.000000000000000020e+30 1.000000000000000020e+30 1.000000000000000020e+30 1.000000000000000020e+30 1.000000000000000020e+30 1.000000000000000020e+30 1.000000000000000020e+30 1.000000000000000020e+30 1.000000000000000020e+30 1.000000000000000020e+30 1.000000000000000020e+30 2.749129924380321768e+02 1.038693048826167740e+02 2.079856520621487448e+01 1.230624827530674992e+01 1.127614051531029560e+01 1.056333558930449179e+01 9.963704878497244621e+00 1.000000000000000020e+30 1.000000000000000020e+30 1.000000000000000020e+30 1.000000000000000020e+30 1.000000000000000020e+30 1.000000000000000020e+30 1.000000000000000020e+30 1.000000000000000020e+30 1.000000000000000020e+30 1.000000000000000020e+30 1.000000000000000020e+30 1.000000000000000020e+30 1.000000000000000020e+30 1.000000000000000020e+30 1.000000000000000020e+30 1.000000000000000020e+30 1.000000000000000020e+30 1.000000000000000020e+30
1.000000000000000020e+30 1.000000000000000020e+30 1.000000000000000020e+30 1.139177299598960325e+01 1.612329193631150659e+01 9.516346507123057563e+01 4.160475907172697134e+02 6.545964452806134659e+02 1.000000000000000020e+30 1.000000000000000020e+30 1.000000000000000020e+30 1.000000000000000020e+30 1.000000000000000020e+30 1.000000000000000020e+30 1.000000000000000020e+30 1.000000000000000020e+30 1.000000000000000020e+30 1.000000000000000020e+30 1.000000000000000020e+30 1.000000000000000020e+30 1.000000000000000020e+30 1.000000000000000020e+30 1.000000000000000020e+30 1.000000000000000020e+30 1.000000000000000020e+30 1.000000000000000020e+30 1.000000000000000020e+30 1.000000000000000020e+30 1.000000000000000020e+30 1.000000000000000020e+30 1.000000000000000020e+30 1.000000000000000020e+30 1.000000000000000020e+30 2.090549251354495937e+02 3.015304425594579740e+01 1.230868065443473114e+01 1.127931595622675331e+01 1.050403450531978855e+01 9.948219283369605037e+00 1.000000000000000020e+30 1.000000000000000020e+30 1.000000000000000020e+30 1.000000000000000020e+30 1.000000000000000020e+30 1.000000000000000020e+30 1.000000000000000020e+30 1.000000000000000020e+30 1.000000000000000020e+30 1.000000000000000020e+30 1.000000000000000020e+30 1.000000000000000020e+30 1.000000000000000020e+30 1.000000000000000020e+30 1.000000000000000020e+30 1.000000000000000020e+30 1.000000000000000020e+30 1.000000000000000020e+30
1.000000000000000020e+30 1.000000000000000020e+30 1.000000000000000020e+30 1.000000000000000020e+30 1.065384619837891478e+03 6.173040188497554936e+02 7.729257900188169970e+02 1.000000000000000020e+30 1.000000000000000020e+30 1.000000000000000020e+30 1.000000000000000020e+30 1.000000000000000020e+30 1.000000000000000020e+30 1.000000000000000020e+30 1.000000000000000020e+30 1.000000000000000020e+30 1.000000000000000020e+30 1.000000000000000020e+30 1.000000000000000020e+30 1.000000000000000020e+30 1.000000000000000020e+30 1.000000000000000020e+30 1.000000000000000020e+30 1.000000000000000020e+30 1.000000000000000020e+30 1.000000000000000020e+30 1.000000000000000020e+30 1.000000000000000020e+30 1.000000000000000020e+30 1.000000000000000020e+30 1.000000000000000020e+30 1.000000000000000020e+30 1.000000000000000020e+30 1.000000000000000020e+30 4.174190442183009253e+01 1.235915613453786932e+01 1.130636469255394871e+01 1.021027056794956600e+01 9.893237621523796932e+00 1.000000000000000020e+30 1.000000000000000020e+30 1.000000000000000020e+30 1.000000000000000020e+30 1.000000000000000020e+30 1.000000000000000020e+30 1.000000000000000020e+30 1.000000000000000020e+30 1.000000000000000020e+30 1.000000000000000020e+30 1.000000000000000020e+30 1.000000000000000020e+30 1.000000000000000020e+30 1.000000000000000020e+30 1.000000000000000020e+30 1.000000000000000020e+30 1.000000000000000020e+30 1.000000000000000020e+30
1.000000000000000020e+30 1.000000000000000020e+30 1.000000000000000020e+30 1.000000000000000020e+30 2.005184328677091344e+03 1.000000000000000020e+30 1.000000000000000020e+30 1.000000000000000020e+30 1.000000000000000020e+30 1.000000000000000020e+30 1.000000000000000020e+30 1.000000000000000020e+30 1.000000000000000020e+30 1.000000000000000020e+30 1.000000000000000020e+30 1.000000000000000020e+30 1.000000000000000020e+30 1.000000000000000020e+30 1.000000000000000020e+30 1.000000000000000020e+30 1.000000000000000020e+30 1.000000000000000020e+30 1.000000000000000020e+30 1.000000000000000020e+30 1.000000000000000020e+30 1.000000000000000020e+30 1.000000000000000020e+30 1.000000000000000020e+30 1.000000000000000020e+30 1.000000000000000020e+30 1.000000000000000020e+30 1.000000000000000020e+30 1.000000000000000020e+30 1.000000000000000020e+30 1.000000000000000020e+30 1.247509248089419565e+01 1.183293009688405206e+01 1.000000000000000020e+30 1.000000000000000020e+30 1.000000000000000020e+30 1.000000000000000020e+30 1.000000000000000020e+30 1.000000000000000020e+30 1.000000000000000020e+30 1.000000000000000020e+30 1.000000000000000020e+30 1.000000000000000020e+30 1.000000000000000020e+30 1.000000000000000020e+30 1.000000000000000020e+30 1.000000000000000020e+30 1.000000000000000020e+30 1.000000000000000020e+30 1.000000000000000020e+30 1.000000000000000020e+30 1.000000000000000020e+30 1.000000000000000020e+30
