1.000000000000000020e+30 1.000000000000000020e+30 1.000000000000000020e+30 1.000000000000000020e+30 1.000000000000000020e+30 1.000000000000000020e+30 1.000000000000000020e+30 1.000000000000000020e+30 1.000000000000000020e+30 1.000000000000000020e+30 1.000000000000000020e+30 1.000000000000000020e+30 1.000000000000000020e+30 1.000000000000000020e+30 1.000000000000000020e+30 1.000000000000000020e+30 1.000000000000000020e+30 1.000000000000000020e+30 1.000000000000000020e+30 1.000000000000000020e+30 1.000000000000000020e+30 1.000000000000000020e+30 1.000000000000000020e+30 1.000000000000000020e+30 1.000000000000000020e+30 1.000000000000000020e+30 1.000000000000000020e+30 1.000000000000000020e+30 1.000000000000000020e+30 1.000000000000000020e+30 1.000000000000000020e+30 1.000000000000000020e+30 1.000000000000000020e+30 1.000000000000000020e+30 1.000000000000000020e+30 1.000000000000000020e+30 1.000000000000000020e+30 1.000000000000000020e+30 1.000000000000000020e+30 1.000000000000000020e+30 1.000000000000000020e+30 1.000000000000000020e+30 1.000000000000000020e+30 1.000000000000000020e+30 1.000000000000000020e+30 1.000000000000000020e+30 1.000000000000000020e+30 1.000000000000000020e+30 1.000000000000000020e+30 1.000000000000000020e+30 1.000000000000000020e+30 1.000000000000000020e+30 1.000000000000000020e+30 1.000000000000000020e+30 1.000000000000000020e+30 1.000000000000000020e+30 1.000000000000000020e+30
1.000000000000000020e+30 1.000000000000000020e+30 1.000000000000000020e+30 1.000000000000000020e+30 1.000000000000000020e+30 1.000000000000000020e+30 1.000000000000000020e+30 1.000000000000000020e+30 1.000000000000000020e+30 1.000000000000000020e+30 1.000000000000000020e+30 1.000000000000000020e+30 1.000000000000000020e+30 1.000000000000000020e+30 1.000000000000000020e+30 1.000000000000000020e+30 1.000000000000000020e+30 1.000000000000000020e+30 1.000000000000000020e+30 1.000000000000000020e+30 1.000000000000000020e+30 1.000000000000000020e+30 1.000000000000000020e+30 1.000000000000000020e+30 1.000000000000000020e+30 1.000000000000000020e+30 1.000000000000000020e+30 5.664012101115130093e+00 5.664011005124439890e+00 5.664008071494658125e+00 5.664001635046965966e+00 5.663988232134359535e+00 5.663960859234958178e+00 5.663905531091145917e+00 5.663794522837514833e+00 5.663573124015076843e+00 5.663133628492385441e+00 5.662264167888756639e+00 5.660549041141801574e+00 5.657185302245444802e+00 5.650716596668476477e+00 5.639065758051407862e+00 5.622443760163553073e+00 1.000000000000000020e+30 1.000000000000000020e+30 1.000000000000000020e+30 1.000000000000000020e+30 1.000000000000000020e+30 1.000000000000000020e+30 1.000000000000000020e+30 1.000000000000000020e+30 1.000000000000000020e+30 1.000000000000000020e+30 1.000000000000000020e+30 1.000000000000000020e+30 1.000000000000000020e+30 1.000000000000000020e+30
1.000000000000000020e+30 1.000000000000000020e+30 1.000000000000000020e+30 1.000000000000000020e+30 1.000000000000000020e+30 1.000000000000000020e+30 1.000000000000000020e+30 1.000000000000000020e+30 1.000000000000000020e+30 1.000000000000000020e+30 1.000000000000000020e+30 1.000000000000000020e+30 1.000000000000000020e+30 1.000000000000000020e+30 1.000000000000000020e+30 1.000000000000000020e+30 1.000000000000000020e+30 1.000000000000000020e+30 1.000000000000000020e+30 1.000000000000000020e+30 1.000000000000000020e+30 1.000000000000000020e+30 1.000000000000000020e+30 1.000000000000000020e+30 5.664008930418634513e+00 5.664010184170097162e+00 5.664011141765415758e+00 5.664011453816205410e+00 5.664010368668714435e+00 5.664007143784725251e+00 5.663999877039415765e+00 5.663984529582056560e+00 5.663952840001709177e+00 5.663888135232892473e+00 5.663756986700756890e+00 5.663492519322126384e+00 5.662960525699904935e+00 5.661888734471275164e+00 5.659712711500927362e+00 5.655220075393308399e+00 5.645665715074875912e+00 5.624341016705812102e+00 5.572877340518173739e+00 5.432034386821457339e+00 5.160634106189547765e+00 4.633545645575354754e+00 3.669252305470485975e+00 4.431296382151943547e+00 1.000000000000000020e+30 1.000000000000000020e+30 1.000000000000000020e+30 1.000000000000000020e+30 1.000000000000000020e+30 1.000000000000000020e+30 1.000000000000000020e+30 1.000000000000000020e+30 1.000000000000000020e+30
1.000000000000000020e+30 1.000000000000000020e+30 1.000000000000000020e+30 1.000000000000000020e+30 1.000000000000000020e+30 1.000000000000000020e+30 1.000000000000000020e+30 1.000000000000000020e+30 1.000000000000000020e+30 1.000000000000000020e+30 1.000000000000000020e+30 1.000000000000000020e+30 1.000000000000000020e+30 1.000000000000000020e+30 1.000000000000000020e+30 1.000000000000000020e+30 1.000000000000000020e+30 1.000000000000000020e+30 1.000000000000000020e+30 1.000000000000000020e+30 1.000000000000000020e+30 5.663979954313653309e+00 5.663988254594928051e+00 5.663996460544715283e+00 5.664003819323708555e+00 5.664007458969609665e+00 5.664009404426621153e+00 5.664010028870841928e+00 5.664008973406842173e+00 5.664005208274012659e+00 5.663996300519629656e+00 5.663977017032173933e+00 5.663936470505670506e+00 5.663852336150489108e+00 5.663679167194617392e+00 5.663324654099350930e+00 5.662600639020385351e+00 5.661119412126008221e+00 5.658066683131484531e+00 5.651687104409520934e+00 5.638089490274214022e+00 5.608476284810480550e+00 5.543090088744886401e+00 5.400826587403906309e+00 5.121178507227125642e+00 4.606758836428616277e+00 3.733065295910555026e+00 4.635506207835878634e+00 5.104727717423373612e+00 1.000000000000000020e+30 1.000000000000000020e+30 1.000000000000000020e+30 1.000000000000000020e+30 1.000000000000000020e+30 1.000000000000000020e+30 1.000000000000000020e+30 1.000000000000000020e+30
1.000000000000000020e+30 1.000000000000000020e+30 1.000000000000000020e+30 1.000000000000000020e+30 1.000000000000000020e+30 1.000000000000000020e+30 1.000000000000000020e+30 1.000000000000000020e+30 1.000000000000000020e+30 1.000000000000000020e+30 1.000000000000000020e+30 1.000000000000000020e+30 1.000000000000000020e+30 1.000000000000000020e+30 1.000000000000000020e+30 1.000000000000000020e+30 1.000000000000000020e+30 1.000000000000000020e+30 5.663818731771507409e+00 5.663861929252686167e+00 5.663906296788281836e+00 5.663948465591253978e+00 5.663970700186217400e+00 5.663985133678299810e+00 5.663995161459500771e+00 5.664001589354317190e+00 5.664005446809153632e+00 5.664007158843955558e+00 5.664006458619540219e+00 5.664002073539512239e+00 5.663990808669027821e+00 5.663965577100582571e+00 5.663911293555663029e+00 5.663796415685545149e+00 5.663555591863460137e+00 5.663053948317061881e+00 5.662012829800713298e+00 5.659853136806845875e+00 5.655360707044009061e+00 5.645970551711654295e+00 5.626263808587641968e+00 5.584961315226252943e+00 5.499491297959812286e+00 5.328271628535777182e+00 5.007192440947642709e+00 4.473305564279879576e+00 3.881256659062630288e+00 4.801116160864678406e+00 5.239516304548510917e+00 5.444588380907470437e+00 1.000000000000000020e+30 1.000000000000000020e+30 1.000000000000000020e+30 1.000000000000000020e+30 1.000000000000000020e+30 1.000000000000000020e+30 1.000000000000000020e+30
1.000000000000000020e+30 1.000000000000000020e+30 1.000000000000000020e+30 1.000000000000000020e+30 1.000000000000000020e+30 1.000000000000000020e+30 1.000000000000000020e+30 1.000000000000000020e+30 1.000000000000000020e+30 1.000000000000000020e+30 1.000000000000000020e+30 1.000000000000000020e+30 1.000000000000000020e+30 1.000000000000000020e+30 1.000000000000000020e+30 1.000000000000000020e+30 5.663268830032555989e+00 5.663438292698083742e+00 5.663644496942734641e+00 5.663758660909828713e+00 5.663836082060718979e+00 5.663892682284494384e+00 5.663931573464619618e+00 5.663958477294848137e+00 5.663977061110804456e+00 5.663989536549060233e+00 5.663997454048622870e+00 5.664001662140951687e+00 5.664002121717689242e+00 5.663997382363923805e+00 5.663983313409861609e+00 5.663950303229460026e+00 5.663877270069026970e+00 5.663719043188559787e+00 5.663379936117438618e+00 5.662658337603427405e+00 5.661129807546799064e+00 5.657899131633162604e+00 5.651077798364309679e+00 5.636716024881509135e+00 5.606758487226559673e+00 5.545525984442188694e+00 5.424411792063599691e+00 5.194010406707345595e+00 4.764324391082445764e+00 3.914310541801292676e+00 4.519939178684246883e+00 5.048747326397657886e+00 5.349043697434387568e+00 5.491756756655412630e+00 5.549364917495100968e+00 5.556362698712227655e+00 1.000000000000000020e+30 1.000000000000000020e+30 1.000000000000000020e+30 1.000000000000000020e+30 1.000000000000000020e+30
1.000000000000000020e+30 1.000000000000000020e+30 1.000000000000000020e+30 1.000000000000000020e+30 1.000000000000000020e+30 1.000000000000000020e+30 1.000000000000000020e+30 1.000000000000000020e+30 1.000000000000000020e+30 1.000000000000000020e+30 1.000000000000000020e+30 1.000000000000000020e+30 1.000000000000000020e+30 1.000000000000000020e+30 1.000000000000000020e+30 5.661952992687872666e+00 5.662597620333574611e+00 5.663014368443716862e+00 5.663313971203213448e+00 5.663520584108684197e+00 5.663667133128187814e+00 5.663773009136384040e+00 5.663848885528239840e+00 5.663902592222138210e+00 5.663939940964358932e+00 5.663965244848315095e+00 5.663981658257618790e+00 5.663991208609231442e+00 5.663994582215666540e+00 5.663990445918432926e+00 5.663973750510124638e+00 5.663931828198522922e+00 5.663835751138369012e+00 5.663621565231601984e+00 5.663149893308276006e+00 5.662119046114069576e+00 5.659877466184560113e+00 5.655019187952165183e+00 5.644528607125810282e+00 5.622075177278451186e+00 5.575005415501083306e+00 5.480206974552316979e+00 5.301498131871153596e+00 4.996605027438752344e+00 4.545221931878581145e+00 3.940919600730127481e+00 4.776689135852990375e+00 5.202781528829907742e+00 5.411338339139028619e+00 5.496349911678871436e+00 5.511472714312579235e+00 5.481090500699775880e+00 5.409492508572142810e+00 1.000000000000000020e+30 1.000000000000000020e+30 1.000000000000000020e+30 1.000000000000000020e+30
1.000000000000000020e+30 1.000000000000000020e+30 1.000000000000000020e+30 1.000000000000000020e+30 1.000000000000000020e+30 1.000000000000000020e+30 1.000000000000000020e+30 1.000000000000000020e+30 1.000000000000000020e+30 1.000000000000000020e+30 1.000000000000000020e+30 1.000000000000000020e+30 1.000000000000000020e+30 1.000000000000000020e+30 5.657897603768332395e+00 5.659905053907837491e+00 5.661193154289713370e+00 5.662031160873309155e+00 5.662603687895679805e+00 5.663009905741684946e+00 5.663305321104036949e+00 5.663521237897239935e+00 5.663677335531954071e+00 5.663788091425700166e+00 5.663864915981967840e+00 5.663916820751602188e+00 5.663950669506562896e+00 5.663971250791955292e+00 5.663981115750449824e+00 5.663979841423428141e+00 5.663961929884886892e+00 5.663911610445174993e+00 5.663790740333621621e+00 5.663511464511450377e+00 5.662875341596553369e+00 5.661438542677685426e+00 5.658213528436852435e+00 5.651012413481846686e+00 5.635040506809200878e+00 5.600090550464275729e+00 5.525694332195167036e+00 5.374836441924376373e+00 5.091124879849173723e+00 4.617388041489114414e+00 4.031778000948730067e+00 4.598976760878432657e+00 5.052412479057965200e+00 5.309236154410640118e+00 5.422672378373190938e+00 5.445020044412040683e+00 5.405415523270550970e+00 5.316316902137406153e+00 5.164316610635152571e+00 4.950591035509277482e+00 1.000000000000000020e+30 1.000000000000000020e+30 1.000000000000000020e+30
1.000000000000000020e+30 1.000000000000000020e+30 1.000000000000000020e+30 1.000000000000000020e+30 1.000000000000000020e+30 1.000000000000000020e+30 1.000000000000000020e+30 1.000000000000000020e+30 1.000000000000000020e+30 1.000000000000000020e+30 1.000000000000000020e+30 1.000000000000000020e+30 1.000000000000000020e+30 5.645168691640679803e+00 5.651641784897481813e+00 5.655739183182599383e+00 5.658301610327101550e+00 5.659957819159316728e+00 5.661098966586592063e+00 5.661928228013069386e+00 5.662543302822793834e+00 5.662996678918974069e+00 5.663324389821990934e+00 5.663555580993802074e+00 5.663714561637152478e+00 5.663821027322505586e+00 5.663890183925647470e+00 5.663932999981938110e+00 5.663956348965130339e+00 5.663962506456156731e+00 5.663946906462280495e+00 5.663891728234918155e+00 5.663749771097875474e+00 5.663406009316843459e+00 5.662588446731578351e+00 5.660664772778698506e+00 5.656183294977005893e+00 5.645849942309451919e+00 5.622324405911703238e+00 5.569840458352334878e+00 5.456768215081567952e+00 5.225799272040038801e+00 4.781429208475604042e+00 3.929530671397851282e+00 4.510130375205092967e+00 4.934001001188110358e+00 5.202329544412526374e+00 5.329983309874233299e+00 5.351689076788363586e+00 5.298222124165228308e+00 5.174329709350157458e+00 4.996494529562876430e+00 4.693744354157328047e+00 4.352777752922744270e+00 3.472241057711763723e+00 1.000000000000000020e+30 1.000000000000000020e+30
1.000000000000000020e+30 1.000000000000000020e+30 1.000000000000000020e+30 1.000000000000000020e+30 1.000000000000000020e+30 1.000000000000000020e+30 1.000000000000000020e+30 1.000000000000000020e+30 1.000000000000000020e+30 1.000000000000000020e+30 1.000000000000000020e+30 1.000000000000000020e+30 5.603455873627090966e+00 5.625307608175081242e+00 5.639017180494410475e+00 5.647298121689916961e+00 5.652332360722513549e+00 5.655587247174731935e+00 5.657895092680812255e+00 5.659628706103485563e+00 5.660938272887677591e+00 5.661906203619964550e+00 5.662601204045176750e+00 5.663086072805781690e+00 5.663415218467321210e+00 5.663632821295360387e+00 5.663772773127509375e+00 5.663859627543296860e+00 5.663909752867652081e+00 5.663931827306559086e+00 5.663925234536351105e+00 5.663873147789550977e+00 5.663722566236413236e+00 5.663332829857896655e+00 5.662349888851689883e+00 5.659910528292842358e+00 5.653966289958281877e+00 5.639777284270644842e+00 5.606689452635509774e+00 5.531854836704112266e+00 5.370490215607214068e+00 5.049488028726715427e+00 4.499068482434017469e+00 3.868286235567105269e+00 4.672698548605766611e+00 5.048616883870336025e+00 5.205293077272944657e+00 5.226002467017553776e+00 5.142310928507778378e+00 4.990040253458329467e+00 4.719035578896251693e+00 4.458016691686847999e+00 3.828105074801927188e+00 3.762043870967942460e+00 4.199330078769735408e+00 1.000000000000000020e+30 1.000000000000000020e+30
1.000000000000000020e+30 1.000000000000000020e+30 1.000000000000000020e+30 1.000000000000000020e+30 1.000000000000000020e+30 1.000000000000000020e+30 1.000000000000000020e+30 1.000000000000000020e+30 1.000000000000000020e+30 1.000000000000000020e+30 1.000000000000000020e+30 5.462973130013109468e+00 5.538779024135019213e+00 5.585994912489448794e+00 5.613951831549356619e+00 5.630188222812699372e+00 5.639864677913114299e+00 5.646230166361462466e+00 5.650980826432596693e+00 5.654699648233976639e+00 5.657546748352034527e+00 5.659640201387740710e+00 5.661123696245676129e+00 5.662142490196311329e+00 5.662822884405489532e+00 5.663265578985605231e+00 5.663546305157387550e+00 5.663719217950050400e+00 5.663820930122758668e+00 5.663873834819916908e+00 5.663886964624042619e+00 5.663850479727218890e+00 5.663713576954525486e+00 5.663319688917063388e+00 5.662236409937220216e+00 5.659340766346277363e+00 5.651866360474597784e+00 5.633312167421276939e+00 5.589020817790212092e+00 5.487317964625011868e+00 5.263421754238427397e+00 4.792745015950878873e+00 3.834209584502451307e+00 4.355698704009125066e+00 4.804541055574596875e+00 5.019043848950334841e+00 5.041775941258767268e+00 4.943102124011294229e+00 4.698155809427484009e+00 4.450361013681765954e+00 3.832583488700173735e+00 3.797747003228827634e+00 4.336466032307034091e+00 4.531499017556706477e+00 4.769316593944436633e+00 5.039574010490814437e+00 1.000000000000000020e+30
1.000000000000000020e+30 1.000000000000000020e+30 1.000000000000000020e+30 1.000000000000000020e+30 1.000000000000000020e+30 1.000000000000000020e+30 1.000000000000000020e+30 1.000000000000000020e+30 1.000000000000000020e+30 1.000000000000000020e+30 5.002653646378104391e+00 5.257827502465218572e+00 5.418295821516016630e+00 5.511470355780877739e+00 5.564949382253077559e+00 5.595385852615444300e+00 5.613435801442434148e+00 5.625836808228831920e+00 5.635863798436331784e+00 5.644068051902257466e+00 5.650370019911589381e+00 5.654937502716397724e+00 5.658114220016058127e+00 5.660254795597148281e+00 5.661657757672126756e+00 5.662553931596743695e+00 5.663112495815023628e+00 5.663451790963135224e+00 5.663650901586762210e+00 5.663760017447065920e+00 5.663807598977460778e+00 5.663800125140351582e+00 5.663701902643145658e+00 5.663359369615606376e+00 5.662280211208272185e+00 5.659068899660884000e+00 5.650132608595614947e+00 5.626976897259261534e+00 5.570952131100348481e+00 5.443783242201639894e+00 5.172868314966000192e+00 4.634637605654607029e+00 3.641959171312100452e+00 4.364545485177105277e+00 4.704007502939572483e+00 4.782365629961928377e+00 4.626905596519134356e+00 4.419192189408236437e+00 3.818117225381218116e+00 3.783385198351214562e+00 4.305638222914410562e+00 4.464986817648098238e+00 4.632775746311540210e+00 4.736541334897743205e+00 4.840031709763157330e+00 4.930062382129846377e+00 1.000000000000000020e+30
1.000000000000000020e+30 1.000000000000000020e+30 1.000000000000000020e+30 1.000000000000000020e+30 1.000000000000000020e+30 1.000000000000000020e+30 1.000000000000000020e+30 1.000000000000000020e+30 1.000000000000000020e+30 3.530200309988744678e+00 4.421465447442216146e+00 4.922392168336825691e+00 5.213887751491250278e+00 5.375753379341460914e+00 5.470467129293540509e+00 5.524500352934090586e+00 5.556834100213638550e+00 5.580855523108311900e+00 5.602653484263805161e+00 5.621182830195550650e+00 5.635249501501060188e+00 5.645218823057763124e+00 5.652009158888564144e+00 5.656496214522338306e+00 5.659379448544321178e+00 5.661184327082557921e+00 5.662287325553640116e+00 5.662945433458784983e+00 5.663326113635862136e+00 5.663534272358283772e+00 5.663633588734373170e+00 5.663658296569155759e+00 5.663601495666591212e+00 5.663333700499702417e+00 5.662325184711024306e+00 5.658887090192243896e+00 5.648409124578489759e+00 5.619834054213302288e+00 5.549503381916053080e+00 5.391883852284721890e+00 5.069772138650204596e+00 4.476508782251950258e+00 3.495760377874088665e+00 4.165364868246145491e+00 4.339246038857143439e+00 4.294179839223656536e+00 3.771901388456636361e+00 3.764412519985263383e+00 4.291998489784724313e+00 4.441551376461821299e+00 4.571391392589840841e+00 4.577110886602848261e+00 4.479825686372534754e+00 4.461680307043264904e+00 4.483618622896779371e+00 4.509180258531866770e+00 1.000000000000000020e+30
1.000000000000000020e+30 1.000000000000000020e+30 1.000000000000000020e+30 1.000000000000000020e+30 1.000000000000000020e+30 1.000000000000000020e+30 1.000000000000000020e+30 1.000000000000000020e+30 4.936318695784092547e+00 4.352366822818567016e+00 3.765963135765476366e+00 4.456744697201263428e+00 4.896025039907622833e+00 5.134007006071406920e+00 5.291550786032122033e+00 5.381701316997363094e+00 5.436058140271809336e+00 5.481790545427667638e+00 5.530550808946324892e+00 5.572775002108541820e+00 5.603849327112214951e+00 5.625320921746192582e+00 5.639702878761564619e+00 5.649055539400337445e+00 5.654952601131547851e+00 5.658566535793943864e+00 5.660728120998276047e+00 5.661992123076220018e+00 5.662708872149685213e+00 5.663089575817696897e+00 5.663258189531561904e+00 5.663286629338636580e+00 5.663200101376739681e+00 5.662896339358348463e+00 5.661808141505916048e+00 5.657905303349274106e+00 5.645294800931586643e+00 5.609427778561189015e+00 5.519064757500609097e+00 5.315128734803491461e+00 4.902675644243352338e+00 4.184707901574589606e+00 3.305576775429046599e+00 3.799106490176549666e+00 3.571656529744721809e+00 3.681731035674049579e+00 4.255446281381852103e+00 4.426338695618329488e+00 4.561780398754080146e+00 4.559211262685599841e+00 4.423292978347007853e+00 4.264116320383556591e+00 3.719512513344994886e+00 3.631705751629089818e+00 3.627930849172892103e+00 3.634708401036284009e+00 1.000000000000000020e+30
1.000000000000000020e+30 1.000000000000000020e+30 1.000000000000000020e+30 1.000000000000000020e+30 1.000000000000000020e+30 1.000000000000000020e+30 1.000000000000000020e+30 5.414485063419800071e+00 5.165388654357696119e+00 4.691700167756582829e+00 3.758108434579253476e+00 3.787666226207636377e+00 4.427939437846424298e+00 4.698903233769055277e+00 4.966618149896986800e+00 5.104100646660563179e+00 5.184686138230332197e+00 5.267674122607242992e+00 5.379720141028818681e+00 5.474481433722206525e+00 5.540452119058602243e+00 5.585251761249812041e+00 5.615162755365902036e+00 5.634454811828052634e+00 5.646421443307120036e+00 5.653600346005332788e+00 5.657799345940346392e+00 5.660204723449258069e+00 5.661541336184262363e+00 5.662225353084847868e+00 5.662481814980658612e+00 5.662423643725377431e+00 5.662083828173469335e+00 5.661340409079751446e+00 5.659525244708738079e+00 5.654191181534201860e+00 5.638036528802996550e+00 5.592602161618894563e+00 5.477287764985690366e+00 5.211215079856731158e+00 4.639638440153055932e+00 3.452551784465543783e+00 3.165725492457007295e+00 3.414299434561855140e+00 4.098478453044113401e+00 4.351260283608636925e+00 4.529892434716072280e+00 4.547991059153869919e+00 4.422037558516320743e+00 4.271831293132255958e+00 3.751651562097950698e+00 3.779349163687920399e+00 4.355716730780896384e+00 4.511996395462869458e+00 4.562515897387460662e+00 4.579259200627867621e+00 1.000000000000000020e+30
1.000000000000000020e+30 1.000000000000000020e+30 1.000000000000000020e+30 1.000000000000000020e+30 1.000000000000000020e+30 1.000000000000000020e+30 5.590476532616797556e+00 5.510435433535375793e+00 5.361945324224890008e+00 5.102717077561027992e+00 4.720601664102061612e+00 4.456348975915181754e+00 3.866409434705127879e+00 3.868027953276083508e+00 4.439563859450005090e+00 4.598929956301453181e+00 4.685234062850286207e+00 4.818715280577184679e+00 5.086560496935082831e+00 5.288877443454348182e+00 5.417685072199224905e+00 5.506539929459835392e+00 5.567126481370024749e+00 5.606245725512406075e+00 5.630188630466244959e+00 5.644265917531278376e+00 5.652325513106347898e+00 5.656857335397483588e+00 5.659335453806487948e+00 5.660565308758266134e+00 5.660941397754006843e+00 5.660609874788358198e+00 5.659542002718832343e+00 5.657468365396037591e+00 5.653454240055659774e+00 5.644523435548346235e+00 5.622165532173188041e+00 5.565198432147123064e+00 5.428151560650777974e+00 5.125940979054503188e+00 4.516453014123964493e+00 3.391296715626352043e+00 3.781767383859468534e+00 4.072021279220335188e+00 4.366946160034505198e+00 4.470814716473369366e+00 4.391366979445488816e+00 4.262925816485753749e+00 3.754640139079101324e+00 3.796683541975966580e+00 4.412784455368726100e+00 4.665519919273049432e+00 4.920959468331272291e+00 5.045655765506548818e+00 5.097479544076692015e+00 5.115673445843373024e+00 1.000000000000000020e+30
1.000000000000000020e+30 1.000000000000000020e+30 1.000000000000000020e+30 1.000000000000000020e+30 1.000000000000000020e+30 5.642044568557017747e+00 5.619467993339287482e+00 5.575730913181508264e+00 5.497149447136095546e+00 5.368644433821321726e+00 5.191294145557582951e+00 5.004672078688919612e+00 4.733009175540304092e+00 4.485216332925241467e+00 3.862628091201997904e+00 3.743392522310605486e+00 3.749211860450941902e+00 3.892829464701602848e+00 4.590313535871758610e+00 4.976133996061556708e+00 5.190325002427632839e+00 5.356900443328178163e+00 5.476017718534393453e+00 5.553225988065938701e+00 5.599932334826409175e+00 5.626937212739403726e+00 5.642133953278396064e+00 5.650569210789194941e+00 5.655148410539216464e+00 5.657390599606580750e+00 5.657969992522654756e+00 5.657038901164583855e+00 5.654370865630557574e+00 5.649312928220938446e+00 5.640369315950906071e+00 5.623828842653271209e+00 5.590115679265761806e+00 5.515979686488079459e+00 5.352367551644237054e+00 5.014262431484452165e+00 4.381158354118867670e+00 3.311768211428397723e+00 3.733134703117397368e+00 4.000118582885485274e+00 4.174047084796795204e+00 4.175916096782357201e+00 3.726729670395193317e+00 3.790284562390767054e+00 4.418084727367785902e+00 4.684482059750187943e+00 4.966573052949726730e+00 5.142806411819330847e+00 5.274181838459874427e+00 5.349009258391563826e+00 5.384604319159866925e+00 5.398146694649903488e+00 1.000000000000000020e+30
1.000000000000000020e+30 1.000000000000000020e+30 1.000000000000000020e+30 1.000000000000000020e+30 1.000000000000000020e+30 5.648989687794385262e+00 5.638184412142361879e+00 5.615948315862567597e+00 5.577212022090637156e+00 5.516425758316174210e+00 5.432870403200412923e+00 5.331206086189804516e+00 5.195089710635492075e+00 5.034253471986037454e+00 4.798986295119656909e+00 4.679963219838790600e+00 4.602730423678358385e+00 4.470166179792373740e+00 4.005624763493241147e+00 4.526716971880278884e+00 4.774243516633833728e+00 5.084551720560681609e+00 5.312188059554067365e+00 5.457977500535385218e+00 5.545256305372064709e+00 5.595278182468466532e+00 5.623195890093312777e+00 5.638661414890810519e+00 5.647112422016078881e+00 5.651293842521519117e+00 5.652310787199342101e+00 5.650240360491205927e+00 5.644392562780573108e+00 5.633295197201676707e+00 5.614376643433153014e+00 5.582908216344629970e+00 5.528614574649704849e+00 5.426346072854047797e+00 5.218985736490316718e+00 4.811994203004317683e+00 4.102872512601959620e+00 3.158726857979604841e+00 3.065978873320392761e+00 3.298149543821413232e+00 3.495811671191090930e+00 3.720287355964430276e+00 4.393600906699330899e+00 4.679556751546240179e+00 4.972622255342660225e+00 5.158794343484241374e+00 5.304682713157281349e+00 5.403026550740205103e+00 5.470072494005648878e+00 5.509935297745769844e+00 5.530300786303763871e+00 5.538506556606087372e+00 1.000000000000000020e+30
1.000000000000000020e+30 1.000000000000000020e+30 1.000000000000000020e+30 1.000000000000000020e+30 5.660098930005807105e+00 5.656074795681685252e+00 5.649929412896915970e+00 5.638877632059913658e+00 5.620497016458490869e+00 5.592526464576505596e+00 5.553915383446676124e+00 5.504146269095856248e+00 5.438662106565639753e+00 5.357425402206059672e+00 5.257262629224356054e+00 5.177915809532837699e+00 5.092351638938109382e+00 4.934473929707698936e+00 4.584376343372612794e+00 3.931759251322347826e+00 3.942095907092201479e+00 4.628383318929520485e+00 5.042774851524404411e+00 5.297560244045999234e+00 5.450271610601847172e+00 5.538473352061692445e+00 5.587980206987251286e+00 5.615830898076192845e+00 5.631444027228459603e+00 5.639466736564444638e+00 5.641563890158202810e+00 5.637497052962718413e+00 5.625558726853254754e+00 5.602557206837749604e+00 5.563714094596235782e+00 5.502697645667367965e+00 5.410526082673013271e+00 5.264971388985998146e+00 4.991548230644860418e+00 4.452525351318711522e+00 3.408370258028975641e+00 3.436680175397313963e+00 3.279438448935449557e+00 4.049856954949125232e+00 4.412730628247861553e+00 4.663211890797949621e+00 4.961599976425813630e+00 5.158050073497790322e+00 5.313195299458406851e+00 5.418650307148915601e+00 5.492483245691832217e+00 5.541241122707461386e+00 5.572846709319948744e+00 5.591727365044271814e+00 5.601739358877889430e+00 5.605935927598666879e+00 1.000000000000000020e+30
1.000000000000000020e+30 1.000000000000000020e+30 1.000000000000000020e+30 1.000000000000000020e+30 5.661416324480227580e+00 5.659694814536909035e+00 5.656557303613292120e+00 5.651198231178130804e+00 5.642643932874229940e+00 5.629959024336071316e+00 5.612463133986138608e+00 5.589435186431710001e+00 5.559334302586290910e+00 5.521577311155176915e+00 5.476330303465083205e+00 5.429671231326091529e+00 5.367708452144653641e+00 5.258295409858583902e+00 5.059680852185448607e+00 4.769526387181014293e+00 4.542943258078373070e+00 4.063234741443127795e+00 4.654831452050191665e+00 5.045479326955830679e+00 5.291589824792946928e+00 5.438346545608252036e+00 5.522303319137734867e+00 5.571478167057503761e+00 5.600403117273188514e+00 5.616271268171240116e+00 5.621177349029066406e+00 5.613927879639578400e+00 5.590717398270961702e+00 5.544880958140103289e+00 5.466818138805072280e+00 5.346092630243779453e+00 5.179723847338500775e+00 4.977088699702604480e+00 4.643662987736270509e+00 4.035695816417932846e+00 3.136477192600044539e+00 3.094676752498737748e+00 3.950933686162769742e+00 4.564010369667236944e+00 4.913917875860087214e+00 5.128356680992112615e+00 5.297569924486609239e+00 5.417842594780975851e+00 5.505416184018231185e+00 5.561559685745702808e+00 5.595511077326878357e+00 5.615174718341773286e+00 5.626508304374437941e+00 5.632899581560039337e+00 5.636385419279912767e+00 5.637944449331132368e+00 1.000000000000000020e+30
1.000000000000000020e+30 1.000000000000000020e+30 1.000000000000000020e+30 5.663344148927042632e+00 5.662672915019101971e+00 5.661726387632475266e+00 5.660148334690622285e+00 5.657580569156385408e+00 5.653626284120806922e+00 5.647895496800181547e+00 5.640039812150056342e+00 5.629652879592851988e+00 5.616125430089249804e+00 5.598990734609861519e+00 5.577878402130195035e+00 5.552240242470164233e+00 5.514754840028221139e+00 5.450873203306098702e+00 5.343568651977363082e+00 5.186629556769555727e+00 4.986127507541223913e+00 4.640390339874414849e+00 4.092746323510377593e+00 4.659460675636948324e+00 5.034429081632382896e+00 5.265425668925399982e+00 5.399587023431336341e+00 5.484735160770876305e+00 5.538345811323855727e+00 5.570534356528186848e+00 5.582725729631705214e+00 5.571200622689857163e+00 5.528315392387889382e+00 5.441402873816044483e+00 5.291285945540931124e+00 5.052875836712123814e+00 4.722180353045092538e+00 4.453651498353392135e+00 4.066226575002239940e+00 3.237594648386482810e+00 3.258983818430589707e+00 3.072391468103121692e+00 4.172679477851247931e+00 4.810479413493023770e+00 5.156144997358356186e+00 5.347221676081142405e+00 5.469057732977070430e+00 5.553862241165804292e+00 5.615125943598785696e+00 5.645739861258924464e+00 5.656492055894372761e+00 5.657796477929355916e+00 5.655850530352423355e+00 5.653685478677009435e+00 5.652891349411110156e+00 5.652881989672930096e+00 1.000000000000000020e+30
1.000000000000000020e+30 1.000000000000000020e+30 1.000000000000000020e+30 5.663563525477447236e+00 5.663292017612032048e+00 5.662816123495979070e+00 5.662037581961003596e+00 5.660814406592631798e+00 5.658985144652759480e+00 5.656385422949408159e+00 5.652850667139694529e+00 5.648180790541969643e+00 5.642096026258328401e+00 5.634263374202780561e+00 5.624166052442720165e+00 5.610590554079350589e+00 5.589776899458747117e+00 5.554940786306862499e+00 5.497338640587249081e+00 5.407741201133292819e+00 5.270081184478789815e+00 5.036606332521159857e+00 4.659771873762055705e+00 4.091423004997561286e+00 4.636444046491550175e+00 4.977726908842988962e+00 5.170735558907092688e+00 5.316749168741946363e+00 5.414920047128136460e+00 5.480992446920603278e+00 5.511366202548642512e+00 5.495995271883993283e+00 5.421367836659741535e+00 5.267718318505236752e+00 5.004366813499713906e+00 4.564108800120442844e+00 3.805509218421835094e+00 3.543387679520451972e+00 3.293420211907933215e+00 2.935228704977998149e+00 2.740679329974451406e+00 2.966964752431199059e+00 4.217519659110324781e+00 4.896956769477670335e+00 5.248809603414438918e+00 5.432597048846941945e+00 5.540578772246727901e+00 5.617403081802317288e+00 5.685375085273145501e+00 5.702111648844534031e+00 5.696924819336723900e+00 5.684782103400311648e+00 5.672067791755315724e+00 5.662016020072548450e+00 5.658694686331242174e+00 5.658596374016964248e+00 1.000000000000000020e+30
1.000000000000000020e+30 1.000000000000000020e+30 1.000000000000000020e+30 5.663751398707407958e+00 5.663627339594316190e+00 5.663392631304127178e+00 5.663012668916941550e+00 5.662430758739566805e+00 5.661580072704364142e+00 5.660389494828888424e+00 5.658781606898019234e+00 5.656657293402640896e+00 5.653871849179025411e+00 5.650205901747021642e+00 5.645260277383074232e+00 5.638174508776840455e+00 5.627023298110182203e+00 5.608439064409136421e+00 5.577393305819160929e+00 5.526227620576001698e+00 5.440569394388291791e+00 5.292341141557121098e+00 5.044743946077618446e+00 4.652256875205496023e+00 4.057897229064634459e+00 4.530047546255219437e+00 4.741610475214957710e+00 5.004098323582842234e+00 5.174989643068439449e+00 5.310210500303575110e+00 5.383374339098335071e+00 5.368993854103159435e+00 5.246442271919868006e+00 4.993607260113293478e+00 4.596752396785043437e+00 3.980807058581851798e+00 4.347509004021532952e+00 4.313324078138853324e+00 4.063027327744245021e+00 3.566955628383973842e+00 2.722183161066134005e+00 1.000000000000000020e+30 1.000000000000000020e+30 1.000000000000000020e+30 1.000000000000000020e+30 1.000000000000000020e+30 1.000000000000000020e+30 1.000000000000000020e+30 5.746831182253548498e+00 5.739353502191203660e+00 5.721285251650245485e+00 5.700098223923355967e+00 5.677277474679923941e+00 5.655389291156444287e+00 5.653469787402214841e+00 5.657429468297944020e+00 1.000000000000000020e+30
1.000000000000000020e+30 1.000000000000000020e+30 5.663950928432054610e+00 5.663886971922920566e+00 5.663812975521534732e+00 5.663694197415338749e+00 5.663508341161366033e+00 5.663230024143834029e+00 5.662830156145285621e+00 5.662276515070360894e+00 5.661531331126684385e+00 5.660543154025527990e+00 5.659231899669732613e+00 5.657461967769934041e+00 5.654978891411174047e+00 5.651273688818110763e+00 5.645343254080560591e+00 5.635424709085860684e+00 5.618585788278599225e+00 5.589724957219687873e+00 5.539289262006924730e+00 5.450095172430083679e+00 5.296079213912728179e+00 5.039233207928199398e+00 4.621046369172027823e+00 3.926915300913720763e+00 3.892984269795647823e+00 4.479419791593849176e+00 4.722485430838409215e+00 5.000382303661173644e+00 5.167826350898974574e+00 5.167513685325734407e+00 4.973923870795417201e+00 4.559536762860909143e+00 4.007873787204182747e+00 4.538094921738840881e+00 4.793900873112806771e+00 4.754893214661638723e+00 4.436953749514374934e+00 3.778126037503604984e+00 2.766873350851492219e+00 1.000000000000000020e+30 1.000000000000000020e+30 1.000000000000000020e+30 1.000000000000000020e+30 1.000000000000000020e+30 1.000000000000000020e+30 1.000000000000000020e+30 1.000000000000000020e+30 1.000000000000000020e+30 5.723251946615810049e+00 5.703328694996582016e+00 5.670752974362670784e+00 5.615456619105123615e+00 5.629727252733055742e+00 5.650838980986629956e+00 1.000000000000000020e+30
1.000000000000000020e+30 1.000000000000000020e+30 5.663972307985662091e+00 5.663947188742557870e+00 5.663908264104321688e+00 5.663847498742042852e+00 5.663754833572723690e+00 5.663618552689801078e+00 5.663425155334402383e+00 5.663159030606625066e+00 5.662800697194562360e+00 5.662322231459572031e+00 5.661678276020311706e+00 5.660788837169241638e+00 5.659504390229505688e+00 5.657539433479821689e+00 5.654359868593568095e+00 5.649015326664715175e+00 5.639834728754365756e+00 5.623788893583908433e+00 5.595287276162648205e+00 5.544524955226044050e+00 5.456112401443337312e+00 5.308338868314543824e+00 5.076721179441461729e+00 4.756833624642076153e+00 4.480847313651856290e+00 3.863171291122680540e+00 3.854210221032298378e+00 4.483673591816201842e+00 4.842738762325242696e+00 4.879052904254484346e+00 4.593080574691713380e+00 3.851352602301619577e+00 4.500828241572360611e+00 4.964087268863162095e+00 5.173866850133150841e+00 5.083691303798641314e+00 4.653802798029179399e+00 3.674743030578419667e+00 1.000000000000000020e+30 1.000000000000000020e+30 1.000000000000000020e+30 1.000000000000000020e+30 1.000000000000000020e+30 1.000000000000000020e+30 1.000000000000000020e+30 1.000000000000000020e+30 1.000000000000000020e+30 1.000000000000000020e+30 1.000000000000000020e+30 1.000000000000000020e+30 1.000000000000000020e+30 5.471395593915916677e+00 5.574820035175290123e+00 1.000000000000000020e+30 1.000000000000000020e+30
1.000000000000000020e+30 5.664000916826940291e+00 5.663990513994862752e+00 5.663976126075676021e+00 5.663954241905001297e+00 5.663920743439524230e+00 5.663870523354194830e+00 5.663797455963375249e+00 5.663694293700263671e+00 5.663552374417126778e+00 5.663360671478511854e+00 5.663103457437624222e+00 5.662755396270946484e+00 5.662271731803125263e+00 5.661569206966645673e+00 5.660491383274713684e+00 5.658749856035673709e+00 5.655826705674110499e+00 5.650795061894170246e+00 5.641976036311403320e+00 5.626347146803141186e+00 5.598735378256925799e+00 5.551076324119838645e+00 5.472353595684679384e+00 5.351072130700198493e+00 5.182883352280636124e+00 4.976584841954972305e+00 4.659022425850394278e+00 4.354586338532363321e+00 3.780836041497850797e+00 4.441147798345361331e+00 4.517623203005245891e+00 4.228503800606225660e+00 3.778671967665517606e+00 4.802590644966163502e+00 5.414739539301967497e+00 5.714832781206287571e+00 5.597433393815545166e+00 5.138061504641449950e+00 4.515558836576881063e+00 1.000000000000000020e+30 1.000000000000000020e+30 1.000000000000000020e+30 1.000000000000000020e+30 1.000000000000000020e+30 1.000000000000000020e+30 1.000000000000000020e+30 1.000000000000000020e+30 1.000000000000000020e+30 1.000000000000000020e+30 1.000000000000000020e+30 1.000000000000000020e+30 1.000000000000000020e+30 1.000000000000000020e+30 1.000000000000000020e+30 1.000000000000000020e+30 1.000000000000000020e+30
1.000000000000000020e+30 5.664002118565860222e+00 5.663996563802825790e+00 5.663986813082949823e+00 5.663971463757811797e+00 5.663947922717153638e+00 5.663912598653914721e+00 5.663860863325878903e+00 5.663786989757594981e+00 5.663684132831948936e+00 5.663544261268780744e+00 5.663357692460004422e+00 5.663111343305488710e+00 5.662783846866564552e+00 5.662334515835442339e+00 5.661682522648910698e+00 5.660672564688152164e+00 5.659020157910878979e+00 5.656216901206732039e+00 5.651362011305263167e+00 5.642887350247758782e+00 5.628182331957749085e+00 5.603212577238605441e+00 5.562353690315443799e+00 5.498759294371605044e+00 5.404513889144992866e+00 5.264804432836964310e+00 5.032278408778108059e+00 4.634363090999887191e+00 3.761637287757623849e+00 4.107623317240037153e+00 4.016882141792192940e+00 3.506184014445882013e+00 4.236754045440751071e+00 5.323484425182110513e+00 6.264247351097260719e+00 6.944684743298036089e+00 6.713816203118375903e+00 5.864915705008448832e+00 1.000000000000000020e+30 1.000000000000000020e+30 1.000000000000000020e+30 1.000000000000000020e+30 1.000000000000000020e+30 1.000000000000000020e+30 1.000000000000000020e+30 1.000000000000000020e+30 1.000000000000000020e+30 1.000000000000000020e+30 1.000000000000000020e+30 1.000000000000000020e+30 1.000000000000000020e+30 1.000000000000000020e+30 1.000000000000000020e+30 1.000000000000000020e+30 1.000000000000000020e+30 1.000000000000000020e+30
5.664002686071226478e+00 5.664000474678064556e+00 5.663994702983369045e+00 5.663984483765798217e+00 5.663968010783713147e+00 5.663942281871473305e+00 5.663902840218372425e+00 5.663843482273361651e+00 5.663756116142040220e+00 5.663631073123943871e+00 5.663458205711846105e+00 5.663228867552342116e+00 5.662938016235179006e+00 5.662583924079654274e+00 5.662160922836870114e+00 5.661640893728243640e+00 5.660944802314812563e+00 5.659909873015958937e+00 5.658244063157026993e+00 5.655450053812292488e+00 5.650702333679656242e+00 5.642670524219472128e+00 5.629291527164007825e+00 5.607480406972970677e+00 5.572624625312040614e+00 5.516998066078884655e+00 5.424629127342409873e+00 5.260350872587479465e+00 4.962196646664272848e+00 4.422459571599103967e+00 3.626273238867740556e+00 3.346639020075125703e+00 3.283751576603886502e+00 4.040820285943361512e+00 6.182692245334616921e+00 8.084914704200603097e+00 1.018945701440348195e+01 9.524314101095976426e+00 6.503421929962006409e+00 1.000000000000000020e+30 1.000000000000000020e+30 1.000000000000000020e+30 1.000000000000000020e+30 1.000000000000000020e+30 1.000000000000000020e+30 1.000000000000000020e+30 1.000000000000000020e+30 1.000000000000000020e+30 1.000000000000000020e+30 1.000000000000000020e+30 1.000000000000000020e+30 1.000000000000000020e+30 1.000000000000000020e+30 1.000000000000000020e+30 1.000000000000000020e+30 1.000000000000000020e+30 1.000000000000000020e+30
5.663996873539465682e+00 5.663992890116219314e+00 5.663983932107401920e+00 5.663968216921539955e+00 5.663942594233314587e+00 5.663901883661329961e+00 5.663838034167532065e+00 5.663739182621219115e+00 5.663589005475625271e+00 5.663367190399883455e+00 5.663052292079167493e+00 5.662628246299872714e+00 5.662094368347557527e+00 5.661474198708737582e+00 5.660811294343830014e+00 5.660138519985639327e+00 5.659429533294134451e+00 5.658572200713620326e+00 5.657356134596556174e+00 5.655449749808864723e+00 5.652353499181742791e+00 5.647321556146333243e+00 5.639211763502497199e+00 5.626161284744367386e+00 5.604909448124060667e+00 5.569355248816904691e+00 5.507321552863843728e+00 5.395286854799899778e+00 5.195500444736193657e+00 4.864306243779883410e+00 4.418996953638121283e+00 4.057675975764850840e+00 3.926448559315119269e+00 5.075673971391950978e+00 8.190511166566363244e+00 1.162055728267014487e+01 1.270772040957964499e+01 1.128205754821730622e+01 3.631010512620092889e+00 1.000000000000000020e+30 1.000000000000000020e+30 1.000000000000000020e+30 1.000000000000000020e+30 1.000000000000000020e+30 1.000000000000000020e+30 1.000000000000000020e+30 1.000000000000000020e+30 1.000000000000000020e+30 1.000000000000000020e+30 1.000000000000000020e+30 1.000000000000000020e+30 1.000000000000000020e+30 1.000000000000000020e+30 1.000000000000000020e+30 1.000000000000000020e+30 1.000000000000000020e+30 1.000000000000000020e+30
5.663983134994457380e+00 5.663975702007024715e+00 5.663959332467206842e+00 5.663930711765831738e+00 5.663883856334040345e+00 5.663808695834684492e+00 5.663688980081039048e+00 5.663499612833117425e+00 5.663204144858444700e+00 5.662754311375483240e+00 5.662095131127559355e+00 5.661180530869047267e+00 5.660003071022233101e+00 5.658630480701708265e+00 5.657214908164641898e+00 5.655919244416884872e+00 5.654775876902503384e+00 5.653655633857529672e+00 5.652304130144461425e+00 5.650367490696185158e+00 5.647395947479449951e+00 5.642854427622821412e+00 5.636064431879672654e+00 5.625839132552054700e+00 5.609688279625212104e+00 5.582901985912364751e+00 5.536629059220623539e+00 5.454380966000960562e+00 5.310415779614920062e+00 5.070197972476324644e+00 4.708972156089670236e+00 4.174001882050880852e+00 5.800897664399285780e+00 8.173464767614747828e+00 1.214337353735260727e+01 1.412713685805150021e+01 1.373446231578965637e+01 7.423616980230218765e+00 1.000000000000000020e+30 1.000000000000000020e+30 1.000000000000000020e+30 1.000000000000000020e+30 1.000000000000000020e+30 1.000000000000000020e+30 1.000000000000000020e+30 1.000000000000000020e+30 1.000000000000000020e+30 1.000000000000000020e+30 1.000000000000000020e+30 1.000000000000000020e+30 1.000000000000000020e+30 1.000000000000000020e+30 1.000000000000000020e+30 1.000000000000000020e+30 1.000000000000000020e+30 1.000000000000000020e+30 1.000000000000000020e+30
5.663955716780360028e+00 5.663941329376370959e+00 5.663909806191059104e+00 5.663854852828900555e+00 5.663764881994914901e+00 5.663619936933247168e+00 5.663386741309793138e+00 5.663011638246369550e+00 5.662412403356385404e+00 5.661472605116359524e+00 5.660046980531062033e+00 5.657993330061852788e+00 5.655250997509272182e+00 5.651965807015599808e+00 5.648572369171800389e+00 5.645607455162328314e+00 5.643209633801989256e+00 5.641104342532455185e+00 5.638793564255190738e+00 5.635660561558619719e+00 5.631003757863754622e+00 5.624228337626560936e+00 5.615085101540246981e+00 5.603184406925525884e+00 5.586400032108491231e+00 5.560934889747293219e+00 5.520776929158278001e+00 5.453087155150897480e+00 5.343316356530269928e+00 5.165770524475928660e+00 4.947381251560110549e+00 4.819587871612379892e+00 7.806894953508411561e+00 1.203214764462843611e+01 1.473338279212334534e+01 1.549393832991061970e+01 1.376321622065601069e+01 8.021852465261330778e+00 1.000000000000000020e+30 1.000000000000000020e+30 1.000000000000000020e+30 1.000000000000000020e+30 1.000000000000000020e+30 1.000000000000000020e+30 1.000000000000000020e+30 1.000000000000000020e+30 1.000000000000000020e+30 1.000000000000000020e+30 1.000000000000000020e+30 1.000000000000000020e+30 1.000000000000000020e+30 1.000000000000000020e+30 1.000000000000000020e+30 1.000000000000000020e+30 1.000000000000000020e+30 1.000000000000000020e+30 1.000000000000000020e+30
5.663903121819037878e+00 5.663874728853473428e+00 5.663812774307109166e+00 5.663705174997489600e+00 5.663529351055577088e+00 5.663245734725161462e+00 5.662786580436249828e+00 5.662038415443217509e+00 5.660818441227256415e+00 5.658850553385477156e+00 5.655758348166796345e+00 5.651116295978253490e+00 5.644636185335431655e+00 5.636557595128485865e+00 5.628066590585177664e+00 5.620893606336514914e+00 5.615382269677861693e+00 5.610743062939814507e+00 5.605808946059124942e+00 5.599284808611698416e+00 5.589656702200205274e+00 5.575830624435931249e+00 5.558573581059270019e+00 5.540093433396444667e+00 5.518468510070015931e+00 5.490929167086314067e+00 5.457850580041829325e+00 5.403072562369423792e+00 5.337362551479175821e+00 5.207077584069543796e+00 5.125531726924807963e+00 5.971168223798514418e+00 1.068777684685635343e+01 1.402823905835100682e+01 1.595154551958085420e+01 1.583656294923374830e+01 1.323296527929968747e+01 8.523954365357406360e+00 1.000000000000000020e+30 1.000000000000000020e+30 1.000000000000000020e+30 1.000000000000000020e+30 1.000000000000000020e+30 1.000000000000000020e+30 1.000000000000000020e+30 1.000000000000000020e+30 1.000000000000000020e+30 1.000000000000000020e+30 1.000000000000000020e+30 1.000000000000000020e+30 1.000000000000000020e+30 1.000000000000000020e+30 1.000000000000000020e+30 1.000000000000000020e+30 1.000000000000000020e+30 1.000000000000000020e+30 1.000000000000000020e+30
5.663803643811259114e+00 5.663746699609673030e+00 5.663623021714049521e+00 5.663408986739153050e+00 5.663059853452384829e+00 5.662496534113577340e+00 5.661581528392565232e+00 5.660078173211622321e+00 5.657589526483143061e+00 5.653481713484429960e+00 5.646819356318247607e+00 5.636402827700504048e+00 5.621142609466629025e+00 5.601154253270006933e+00 5.579527694234400315e+00 5.562032518076554410e+00 5.549204927674729504e+00 5.538556004244940212e+00 5.527319766031729920e+00 5.512871273547380824e+00 5.491671760991568618e+00 5.460746811791816313e+00 5.423578808242807803e+00 5.392950294679932810e+00 5.366805936868877858e+00 5.343423738442060866e+00 5.353724039854796501e+00 5.333657909481769543e+00 5.417665390893231958e+00 5.309033805830809527e+00 4.726275513520172389e+00 8.458098213200624826e+00 1.165675494051436090e+01 1.413687222821379663e+01 1.609495691113395566e+01 1.553646401881684014e+01 1.176161909210896006e+01 1.000000000000000020e+30 1.000000000000000020e+30 1.000000000000000020e+30 1.000000000000000020e+30 1.000000000000000020e+30 1.000000000000000020e+30 1.000000000000000020e+30 1.000000000000000020e+30 1.000000000000000020e+30 1.000000000000000020e+30 1.000000000000000020e+30 1.000000000000000020e+30 1.000000000000000020e+30 1.000000000000000020e+30 1.000000000000000020e+30 1.000000000000000020e+30 1.000000000000000020e+30 1.000000000000000020e+30 1.000000000000000020e+30 1.000000000000000020e+30
5.663617183434909386e+00 5.663500657230629010e+00 5.663249045690495365e+00 5.662814457359637288e+00 5.662104797151289226e+00 5.660957626128922726e+00 5.659091295511527342e+00 5.656017614025993012e+00 5.650899909534942367e+00 5.642349222268781439e+00 5.628182385181220937e+00 5.605281896669510822e+00 5.570117077013947871e+00 5.521294474190026946e+00 5.465990636849144657e+00 5.424404869877030855e+00 5.395657702876620831e+00 5.371793975108536401e+00 5.346640438897806824e+00 5.315794513958119971e+00 5.271412814958617687e+00 5.203606373218739201e+00 5.119807848838061837e+00 5.075471802767293816e+00 5.063832907713869957e+00 5.066176151338654954e+00 5.290294646913758392e+00 5.315190955582768773e+00 6.052638069241345953e+00 6.417969166497453415e+00 7.183470392127192738e+00 8.500778698625206076e+00 1.013078100484397304e+01 1.160724458371626966e+01 1.573827810626678847e+01 1.580161537152091356e+01 1.218227864547633388e+01 1.000000000000000020e+30 1.000000000000000020e+30 1.000000000000000020e+30 1.000000000000000020e+30 1.000000000000000020e+30 1.000000000000000020e+30 1.000000000000000020e+30 1.000000000000000020e+30 1.000000000000000020e+30 1.000000000000000020e+30 1.000000000000000020e+30 1.000000000000000020e+30 1.000000000000000020e+30 1.000000000000000020e+30 1.000000000000000020e+30 1.000000000000000020e+30 1.000000000000000020e+30 1.000000000000000020e+30 1.000000000000000020e+30 1.000000000000000020e+30
5.663271046961993349e+00 5.663025833530936026e+00 5.662501389166579635e+00 5.661595337532557615e+00 5.660106848966478310e+00 5.657686081248911592e+00 5.653742031991253469e+00 5.647274560661660558e+00 5.636584371257341353e+00 5.618815026403664703e+00 5.589300962959330654e+00 5.540788606830077789e+00 5.463443411590968246e+00 5.348635206508972395e+00 5.207535969706889922e+00 5.115179900307064820e+00 5.056535672279617089e+00 5.007070815361199578e+00 4.954747851838773975e+00 4.895224567114075498e+00 4.814349395728029002e+00 4.673532596774807146e+00 4.461414183924869548e+00 4.422223005018572017e+00 4.515642912026274658e+00 4.491095640619292340e+00 5.711772149985958613e+00 8.941009085800915912e+00 1.270217191057769135e+01 1.350768182646326032e+01 1.157488424073952515e+01 1.158606428314514325e+01 1.335471470222841717e+01 1.244990590821358545e+01 1.656219540595862938e+01 1.714650562368129272e+01 1.475478172595539661e+01 1.069757597405507532e+01 1.000000000000000020e+30 1.000000000000000020e+30 1.000000000000000020e+30 1.000000000000000020e+30 1.000000000000000020e+30 1.000000000000000020e+30 1.000000000000000020e+30 1.000000000000000020e+30 1.000000000000000020e+30 1.000000000000000020e+30 1.000000000000000020e+30 1.000000000000000020e+30 1.000000000000000020e+30 1.000000000000000020e+30 1.000000000000000020e+30 1.000000000000000020e+30 1.000000000000000020e+30 1.000000000000000020e+30 1.000000000000000020e+30
5.662637551265277125e+00 5.662100780970159342e+00 5.660975723577888807e+00 5.659030502255312456e+00 5.655800688408586296e+00 5.650491598840770457e+00 5.641823637024710791e+00 5.627763154076909302e+00 5.605024761073869932e+00 5.568207180189581607e+00 5.508463694521099185e+00 5.411286028972654982e+00 5.254299563998678479e+00 5.004287892501661617e+00 4.640968277011279675e+00 4.463557491584960957e+00 4.363933576710164353e+00 4.274317976623446924e+00 4.141911814057364971e+00 4.024983593374299673e+00 3.897746672464157847e+00 3.684226559770127363e+00 3.095184388084137428e+00 3.202515547818848951e+00 3.916569715105992167e+00 6.240323001915115242e+00 9.709921494351824833e+00 1.569620373699529914e+01 1.918203915065475584e+01 2.026669315052615516e+01 1.947440836549013454e+01 1.817172416630228682e+01 1.635044590233524531e+01 1.419300481294328087e+01 1.827336228401975760e+01 1.889559915931734579e+01 1.647539735208491507e+01 1.145863993498357125e+01 1.000000000000000020e+30 1.000000000000000020e+30 1.000000000000000020e+30 1.000000000000000020e+30 1.000000000000000020e+30 1.000000000000000020e+30 1.000000000000000020e+30 1.000000000000000020e+30 1.000000000000000020e+30 1.000000000000000020e+30 1.000000000000000020e+30 1.000000000000000020e+30 1.000000000000000020e+30 1.000000000000000020e+30 1.000000000000000020e+30 1.000000000000000020e+30 1.000000000000000020e+30 1.000000000000000020e+30 1.000000000000000020e+30
5.661509732398013028e+00 5.660267928004736326e+00 5.657780615402232982e+00 5.653493272723129515e+00 5.646296392803717090e+00 5.634322621840821554e+00 5.614746133186999444e+00 5.583522357401366598e+00 5.534764368336283269e+00 5.459329573301262784e+00 5.342876783977274613e+00 5.161417357275558615e+00 4.879888089824949482e+00 4.418493178327961068e+00 3.429535100947028514e+00 3.205400639540607610e+00 3.051751667672321755e+00 2.865710900380459059e+00 2.661264629177477303e+00 2.525586146182809077e+00 2.434853510711350033e+00 2.450859385897400600e+00 3.051550863801573588e+00 3.690966353749612239e+00 5.255053279983360248e+00 8.977269674689395629e+00 1.615501868889257508e+01 2.159826788448673796e+01 2.475324759610210634e+01 2.583013578538430366e+01 2.500895534064011372e+01 2.247274468785081325e+01 1.707849660775204015e+01 1.684612238759014957e+01 2.098593181172402211e+01 2.118000707773523317e+01 1.828020173552259564e+01 1.254918551162528750e+01 1.000000000000000020e+30 1.000000000000000020e+30 1.000000000000000020e+30 1.000000000000000020e+30 1.000000000000000020e+30 1.000000000000000020e+30 1.000000000000000020e+30 1.000000000000000020e+30 1.000000000000000020e+30 1.000000000000000020e+30 1.000000000000000020e+30 1.000000000000000020e+30 1.000000000000000020e+30 1.000000000000000020e+30 1.000000000000000020e+30 1.000000000000000020e+30 1.000000000000000020e+30 1.000000000000000020e+30 1.000000000000000020e+30
5.659636698526197662e+00 5.656535700922860066e+00 5.650897263981589980e+00 5.641292448674450455e+00 5.625110261421402136e+00 5.597983151876875674e+00 5.553737665172172377e+00 5.484800401877789611e+00 5.382077657668467019e+00 5.232317453124468720e+00 5.016770926663318697e+00 4.698641640289445753e+00 4.262362489915817676e+00 3.805670380998888547e+00 2.983193646832535517e+00 3.213509317652229136e+00 3.123111032771701101e+00 2.922455991753823312e+00 2.699364822954008147e+00 2.553729373973172123e+00 2.475605040173948446e+00 2.480991926912050172e+00 2.773805599561610880e+00 3.666138190910384509e+00 6.756231836164153570e+00 1.576240468011321028e+01 2.289107245520385803e+01 2.746374639994043676e+01 3.000378847355649725e+01 3.102865668679424260e+01 3.004098132717484759e+01 2.730431073627284277e+01 2.180849618474549345e+01 2.419651683809132692e+01 2.531618420278384107e+01 2.415749038527206238e+01 2.047478283730411519e+01 1.402699203428377217e+01 1.000000000000000020e+30 1.000000000000000020e+30 1.000000000000000020e+30 1.000000000000000020e+30 1.000000000000000020e+30 1.000000000000000020e+30 1.000000000000000020e+30 1.000000000000000020e+30 1.000000000000000020e+30 1.000000000000000020e+30 1.000000000000000020e+30 1.000000000000000020e+30 1.000000000000000020e+30 1.000000000000000020e+30 1.000000000000000020e+30 1.000000000000000020e+30 1.000000000000000020e+30 1.000000000000000020e+30 1.000000000000000020e+30
5.657164373900597454e+00 5.648587334925843528e+00 5.635705691528523076e+00 5.614158844204806265e+00 5.578311655293642701e+00 5.518407418895400873e+00 5.421575961371493335e+00 5.275341921038909199e+00 5.070581396429745702e+00 4.792097713674738024e+00 4.398978950520207931e+00 3.802166840034852946e+00 2.883227275347925556e+00 2.582630700265302615e+00 2.842560652643322694e+00 2.873482590982117557e+00 2.747257835607000764e+00 2.563522410985942468e+00 2.309841213222379785e+00 2.155829096665749400e+00 2.062492919342202580e+00 2.072707772013122174e+00 2.370257326108841767e+00 4.837797397969096025e+00 2.144781947939219435e+01 2.889800871794913562e+01 3.537662265407315232e+01 4.006433917941597400e+01 4.463142158934367387e+01 3.848744900442589767e+01 3.594253790532492587e+01 3.355918864896368348e+01 3.122272467436860666e+01 3.066902315578621341e+01 2.972284443977723711e+01 2.738359843267315341e+01 2.308379565014221058e+01 1.620726099969972367e+01 1.000000000000000020e+30 1.000000000000000020e+30 1.000000000000000020e+30 1.000000000000000020e+30 1.000000000000000020e+30 1.000000000000000020e+30 1.000000000000000020e+30 1.000000000000000020e+30 1.000000000000000020e+30 1.000000000000000020e+30 1.000000000000000020e+30 1.000000000000000020e+30 1.000000000000000020e+30 1.000000000000000020e+30 1.000000000000000020e+30 1.000000000000000020e+30 1.000000000000000020e+30 1.000000000000000020e+30 1.000000000000000020e+30
1.000000000000000020e+30 5.630187938241656198e+00 5.601858196100700127e+00 5.554186475195465711e+00 5.477982480231008644e+00 5.352989535578464242e+00 5.154102180371135766e+00 4.864845273365667744e+00 4.475997039416886203e+00 3.898035859607986264e+00 3.315893189413158915e+00 2.354354972016756253e+00 2.544811512820476462e+00 2.477572674682420928e+00 2.477975338162357044e+00 2.332680122305924364e+00 2.163231388563079172e+00 1.974682977917433524e+00 2.009371076395774391e+00 1.988286833953594179e+00 1.000000000000000020e+30 2.097486395363387324e+00 3.478504318988565824e+00 2.097049898092526732e+01 3.287082119378588629e+01 1.000000000000000020e+30 1.000000000000000020e+30 1.000000000000000020e+30 6.680644623117389358e+01 5.548623047219670212e+01 4.270862974285126512e+01 3.918922960425128110e+01 3.707047768594012638e+01 3.550864230396971521e+01 3.347162644138346366e+01 3.042363034816118983e+01 2.599616978442165305e+01 2.011395299629209887e+01 1.383131602776716029e+01 1.000000000000000020e+30 1.000000000000000020e+30 1.000000000000000020e+30 1.000000000000000020e+30 1.000000000000000020e+30 1.000000000000000020e+30 1.000000000000000020e+30 1.000000000000000020e+30 1.000000000000000020e+30 1.000000000000000020e+30 1.000000000000000020e+30 1.000000000000000020e+30 1.000000000000000020e+30 1.000000000000000020e+30 1.000000000000000020e+30 1.000000000000000020e+30 1.000000000000000020e+30 1.000000000000000020e+30
1.000000000000000020e+30 5.606893590408254191e+00 5.528296658949057196e+00 5.424667692517065376e+00 5.273516905015025458e+00 5.034636531887056066e+00 4.661124618702124245e+00 4.097638915034655938e+00 3.428548462875039782e+00 2.198338375126704047e+00 1.570781860965396515e+00 2.018426655627208799e+00 2.081867461138740882e+00 2.035195142949322467e+00 1.970754252804866269e+00 2.011782158105622553e+00 1.986996013392325899e+00 1.000000000000000020e+30 1.000000000000000020e+30 1.000000000000000020e+30 1.000000000000000020e+30 1.000000000000000020e+30 1.000000000000000020e+30 1.000000000000000020e+30 1.000000000000000020e+30 1.000000000000000020e+30 1.000000000000000020e+30 1.000000000000000020e+30 8.030226372857138983e+01 7.239512382517702349e+01 5.742566092899804175e+01 4.369055937086829999e+01 4.100443479983732686e+01 3.893431362213963354e+01 3.631205330601073911e+01 3.279762668042303631e+01 2.811573389750295249e+01 2.204323309915819351e+01 1.449169287409701745e+01 1.000000000000000020e+30 1.000000000000000020e+30 1.000000000000000020e+30 1.000000000000000020e+30 1.000000000000000020e+30 1.000000000000000020e+30 1.000000000000000020e+30 1.000000000000000020e+30 1.000000000000000020e+30 1.000000000000000020e+30 1.000000000000000020e+30 1.000000000000000020e+30 1.000000000000000020e+30 1.000000000000000020e+30 1.000000000000000020e+30 1.000000000000000020e+30 1.000000000000000020e+30 1.000000000000000020e+30
1.000000000000000020e+30 1.000000000000000020e+30 5.359955440824042405e+00 5.154614954870906374e+00 4.885632648775846576e+00 4.476441125147769817e+00 3.804776958518084395e+00 2.619247288748252522e+00 1.916494111339047013e+00 2.003859821787824735e+00 1.926335931855999828e+00 1.965658097245457148e+00 1.000000000000000020e+30 1.000000000000000020e+30 1.000000000000000020e+30 1.000000000000000020e+30 1.000000000000000020e+30 1.000000000000000020e+30 1.000000000000000020e+30 1.000000000000000020e+30 1.000000000000000020e+30 1.000000000000000020e+30 1.000000000000000020e+30 1.000000000000000020e+30 1.000000000000000020e+30 1.000000000000000020e+30 1.000000000000000020e+30 1.000000000000000020e+30 1.000000000000000020e+30 1.000000000000000020e+30 5.993424547355637344e+01 4.831284273467026225e+01 4.379617857569900963e+01 4.116795339059297021e+01 3.820602796295164438e+01 3.436141885227232251e+01 2.941673263215422196e+01 2.305532924247278714e+01 1.498847143428613649e+01 1.000000000000000020e+30 1.000000000000000020e+30 1.000000000000000020e+30 1.000000000000000020e+30 1.000000000000000020e+30 1.000000000000000020e+30 1.000000000000000020e+30 1.000000000000000020e+30 1.000000000000000020e+30 1.000000000000000020e+30 1.000000000000000020e+30 1.000000000000000020e+30 1.000000000000000020e+30 1.000000000000000020e+30 1.000000000000000020e+30 1.000000000000000020e+30 1.000000000000000020e+30 1.000000000000000020e+30
1.000000000000000020e+30 1.000000000000000020e+30 5.160119242761926017e+00 4.610010899427499531e+00 4.141467265153078614e+00 3.486875919007670799e+00 2.438550137644539983e+00 2.357164550701646100e+00 2.003970563015444295e+00 1.969713031896971778e+00 1.000000000000000020e+30 1.000000000000000020e+30 1.000000000000000020e+30 1.000000000000000020e+30 1.000000000000000020e+30 1.000000000000000020e+30 1.000000000000000020e+30 1.000000000000000020e+30 1.000000000000000020e+30 1.000000000000000020e+30 1.000000000000000020e+30 1.000000000000000020e+30 1.000000000000000020e+30 1.000000000000000020e+30 1.000000000000000020e+30 1.000000000000000020e+30 1.000000000000000020e+30 1.000000000000000020e+30 1.000000000000000020e+30 1.000000000000000020e+30 1.000000000000000020e+30 5.348848620596638881e+01 4.629699625783305095e+01 4.259127492553101746e+01 3.916762626946397319e+01 3.506955446337457971e+01 2.994224954370352165e+01 2.337998525027957797e+01 1.514033134081771514e+01 1.000000000000000020e+30 1.000000000000000020e+30 1.000000000000000020e+30 1.000000000000000020e+30 1.000000000000000020e+30 1.000000000000000020e+30 1.000000000000000020e+30 1.000000000000000020e+30 1.000000000000000020e+30 1.000000000000000020e+30 1.000000000000000020e+30 1.000000000000000020e+30 1.000000000000000020e+30 1.000000000000000020e+30 1.000000000000000020e+30 1.000000000000000020e+30 1.000000000000000020e+30 1.000000000000000020e+30
1.000000000000000020e+30 1.000000000000000020e+30 1.000000000000000020e+30 3.409188157750084436e+00 3.019160492901024728e+00 2.048760606120315408e+00 2.145393894550839065e+00 2.030426057539650220e+00 1.970432833918507987e+00 1.000000000000000020e+30 1.000000000000000020e+30 1.000000000000000020e+30 1.000000000000000020e+30 1.000000000000000020e+30 1.000000000000000020e+30 1.000000000000000020e+30 1.000000000000000020e+30 1.000000000000000020e+30 1.000000000000000020e+30 1.000000000000000020e+30 1.000000000000000020e+30 1.000000000000000020e+30 1.000000000000000020e+30 1.000000000000000020e+30 1.000000000000000020e+30 1.000000000000000020e+30 1.000000000000000020e+30 1.000000000000000020e+30 1.000000000000000020e+30 1.000000000000000020e+30 1.000000000000000020e+30 1.000000000000000020e+30 5.145054880374364359e+01 4.438782325226630121e+01 3.953561621451898134e+01 3.482220552714643702e+01 2.968368585869415099e+01 2.296326813600470729e+01 1.485572574538743673e+01 1.000000000000000020e+30 1.000000000000000020e+30 1.000000000000000020e+30 1.000000000000000020e+30 1.000000000000000020e+30 1.000000000000000020e+30 1.000000000000000020e+30 1.000000000000000020e+30 1.000000000000000020e+30 1.000000000000000020e+30 1.000000000000000020e+30 1.000000000000000020e+30 1.000000000000000020e+30 1.000000000000000020e+30 1.000000000000000020e+30 1.000000000000000020e+30 1.000000000000000020e+30 1.000000000000000020e+30
1.000000000000000020e+30 1.000000000000000020e+30 1.000000000000000020e+30 1.869543885608468292e+00 1.610875637725003973e+00 1.942092837894351609e+00 1.982093772714390134e+00 1.968257287257606736e+00 1.000000000000000020e+30 1.000000000000000020e+30 1.000000000000000020e+30 1.000000000000000020e+30 1.000000000000000020e+30 1.000000000000000020e+30 1.000000000000000020e+30 1.000000000000000020e+30 1.000000000000000020e+30 1.000000000000000020e+30 1.000000000000000020e+30 1.000000000000000020e+30 1.000000000000000020e+30 1.000000000000000020e+30 1.000000000000000020e+30 1.000000000000000020e+30 1.000000000000000020e+30 1.000000000000000020e+30 1.000000000000000020e+30 1.000000000000000020e+30 1.000000000000000020e+30 1.000000000000000020e+30 1.000000000000000020e+30 1.000000000000000020e+30 1.000000000000000020e+30 4.921386347479459289e+01 4.078840526293840441e+01 3.378535989804085915e+01 2.871927403454310124e+01 2.145794768821900789e+01 1.403139845913766415e+01 1.000000000000000020e+30 1.000000000000000020e+30 1.000000000000000020e+30 1.000000000000000020e+30 1.000000000000000020e+30 1.000000000000000020e+30 1.000000000000000020e+30 1.000000000000000020e+30 1.000000000000000020e+30 1.000000000000000020e+30 1.000000000000000020e+30 1.000000000000000020e+30 1.000000000000000020e+30 1.000000000000000020e+30 1.000000000000000020e+30 1.000000000000000020e+30 1.000000000000000020e+30 1.000000000000000020e+30
1.000000000000000020e+30 1.000000000000000020e+30 1.000000000000000020e+30 1.000000000000000020e+30 1.939081939409793565e+00 1.958141959350628847e+00 1.961366980353194567e+00 1.000000000000000020e+30 1.000000000000000020e+30 1.000000000000000020e+30 1.000000000000000020e+30 1.000000000000000020e+30 1.000000000000000020e+30 1.000000000000000020e+30 1.000000000000000020e+30 1.000000000000000020e+30 1.000000000000000020e+30 1.000000000000000020e+30 1.000000000000000020e+30 1.000000000000000020e+30 1.000000000000000020e+30 1.000000000000000020e+30 1.000000000000000020e+30 1.000000000000000020e+30 1.000000000000000020e+30 1.000000000000000020e+30 1.000000000000000020e+30 1.000000000000000020e+30 1.000000000000000020e+30 1.000000000000000020e+30 1.000000000000000020e+30 1.000000000000000020e+30 1.000000000000000020e+30 1.000000000000000020e+30 4.282294422111339571e+01 3.313383410746153146e+01 2.803059069414688054e+01 1.761325794122300792e+01 1.275518655140472646e+01 1.000000000000000020e+30 1.000000000000000020e+30 1.000000000000000020e+30 1.000000000000000020e+30 1.000000000000000020e+30 1.000000000000000020e+30 1.000000000000000020e+30 1.000000000000000020e+30 1.000000000000000020e+30 1.000000000000000020e+30 1.000000000000000020e+30 1.000000000000000020e+30 1.000000000000000020e+30 1.000000000000000020e+30 1.000000000000000020e+30 1.000000000000000020e+30 1.000000000000000020e+30 1.000000000000000020e+30
1.000000000000000020e+30 1.000000000000000020e+30 1.000000000000000020e+30 1.000000000000000020e+30 1.957928641004796466e+00 1.000000000000000020e+30 1.000000000000000020e+30 1.000000000000000020e+30 1.000000000000000020e+30 1.000000000000000020e+30 1.000000000000000020e+30 1.000000000000000020e+30 1.000000000000000020e+30 1.000000000000000020e+30 1.000000000000000020e+30 1.000000000000000020e+30 1.000000000000000020e+30 1.000000000000000020e+30 1.000000000000000020e+30 1.000000000000000020e+30 1.000000000000000020e+30 1.000000000000000020e+30 1.000000000000000020e+30 1.000000000000000020e+30 1.000000000000000020e+30 1.000000000000000020e+30 1.000000000000000020e+30 1.000000000000000020e+30 1.000000000000000020e+30 1.000000000000000020e+30 1.000000000000000020e+30 1.000000000000000020e+30 1.000000000000000020e+30 1.000000000000000020e+30 1.000000000000000020e+30 3.381384763224479428e+01 3.161537461489012557e+01 1.000000000000000020e+30 1.000000000000000020e+30 1.000000000000000020e+30 1.000000000000000020e+30 1.000000000000000020e+30 1.000000000000000020e+30 1.000000000000000020e+30 1.000000000000000020e+30 1.000000000000000020e+30 1.000000000000000020e+30 1.000000000000000020e+30 1.000000000000000020e+30 1.000000000000000020e+30 1.000000000000000020e+30 1.000000000000000020e+30 1.000000000000000020e+30 1.000000000000000020e+30 1.000000000000000020e+30 1.000000000000000020e+30 1.000000000000000020e+30
