1.000000000000000020e+30 1.000000000000000020e+30 1.000000000000000020e+30 1.000000000000000020e+30 1.000000000000000020e+30 1.000000000000000020e+30 1.000000000000000020e+30 1.000000000000000020e+30 1.000000000000000020e+30 1.000000000000000020e+30 1.000000000000000020e+30 1.000000000000000020e+30 1.000000000000000020e+30 1.000000000000000020e+30 1.000000000000000020e+30 1.000000000000000020e+30 1.000000000000000020e+30 1.000000000000000020e+30 1.000000000000000020e+30 1.000000000000000020e+30 1.000000000000000020e+30 1.000000000000000020e+30 1.000000000000000020e+30 1.000000000000000020e+30 1.000000000000000020e+30 1.000000000000000020e+30 1.000000000000000020e+30 1.000000000000000020e+30 1.000000000000000020e+30 1.000000000000000020e+30 1.000000000000000020e+30 1.000000000000000020e+30 1.000000000000000020e+30 1.000000000000000020e+30 1.000000000000000020e+30 1.000000000000000020e+30 1.000000000000000020e+30 1.000000000000000020e+30 1.000000000000000020e+30 1.000000000000000020e+30 1.000000000000000020e+30 1.000000000000000020e+30 1.000000000000000020e+30 1.000000000000000020e+30 1.000000000000000020e+30 1.000000000000000020e+30 1.000000000000000020e+30 1.000000000000000020e+30 1.000000000000000020e+30 1.000000000000000020e+30 1.000000000000000020e+30 1.000000000000000020e+30 1.000000000000000020e+30 1.000000000000000020e+30 1.000000000000000020e+30 1.000000000000000020e+30 1.000000000000000020e+30
1.000000000000000020e+30 1.000000000000000020e+30 1.000000000000000020e+30 1.000000000000000020e+30 1.000000000000000020e+30 1.000000000000000020e+30 1.000000000000000020e+30 1.000000000000000020e+30 1.000000000000000020e+30 1.000000000000000020e+30 1.000000000000000020e+30 1.000000000000000020e+30 1.000000000000000020e+30 1.000000000000000020e+30 1.000000000000000020e+30 1.000000000000000020e+30 1.000000000000000020e+30 1.000000000000000020e+30 1.000000000000000020e+30 1.000000000000000020e+30 1.000000000000000020e+30 1.000000000000000020e+30 1.000000000000000020e+30 1.000000000000000020e+30 1.000000000000000020e+30 1.000000000000000020e+30 1.000000000000000020e+30 4.984166753274161366e+00 4.984165657178128761e+00 4.984162723078372714e+00 4.984156284676618753e+00 4.984142873853099509e+00 4.984115469816110533e+00 4.984060022986277261e+00 4.983948578909545013e+00 4.983725648094755378e+00 4.983281039942052182e+00 4.982395564269774368e+00 4.980634128439892727e+00 4.977149994091356611e+00 4.970412613988673733e+00 4.958294714227752031e+00 4.941196384974952949e+00 1.000000000000000020e+30 1.000000000000000020e+30 1.000000000000000020e+30 1.000000000000000020e+30 1.000000000000000020e+30 1.000000000000000020e+30 1.000000000000000020e+30 1.000000000000000020e+30 1.000000000000000020e+30 1.000000000000000020e+30 1.000000000000000020e+30 1.000000000000000020e+30 1.000000000000000020e+30 1.000000000000000020e+30
1.000000000000000020e+30 1.000000000000000020e+30 1.000000000000000020e+30 1.000000000000000020e+30 1.000000000000000020e+30 1.000000000000000020e+30 1.000000000000000020e+30 1.000000000000000020e+30 1.000000000000000020e+30 1.000000000000000020e+30 1.000000000000000020e+30 1.000000000000000020e+30 1.000000000000000020e+30 1.000000000000000020e+30 1.000000000000000020e+30 1.000000000000000020e+30 1.000000000000000020e+30 1.000000000000000020e+30 1.000000000000000020e+30 1.000000000000000020e+30 1.000000000000000020e+30 1.000000000000000020e+30 1.000000000000000020e+30 1.000000000000000020e+30 4.984163582405252590e+00 4.984164836258276665e+00 4.984165793904455910e+00 4.984166105941207903e+00 4.984165020612866037e+00 4.984161794939605095e+00 4.984154524984133694e+00 4.984139164807869449e+00 4.984107426205250491e+00 4.984042538457952531e+00 4.983910732065520044e+00 4.983644000668610907e+00 4.983104605150797894e+00 4.982010053489255519e+00 4.979769156569454402e+00 4.975109172200129493e+00 4.965181962951226602e+00 4.943224064841503562e+00 4.891402614694133177e+00 4.753793152803045707e+00 4.500932986235492983e+00 4.030725776013747819e+00 3.191697337252708433e+00 3.843868493678716192e+00 1.000000000000000020e+30 1.000000000000000020e+30 1.000000000000000020e+30 1.000000000000000020e+30 1.000000000000000020e+30 1.000000000000000020e+30 1.000000000000000020e+30 1.000000000000000020e+30 1.000000000000000020e+30
1.000000000000000020e+30 1.000000000000000020e+30 1.000000000000000020e+30 1.000000000000000020e+30 1.000000000000000020e+30 1.000000000000000020e+30 1.000000000000000020e+30 1.000000000000000020e+30 1.000000000000000020e+30 1.000000000000000020e+30 1.000000000000000020e+30 1.000000000000000020e+30 1.000000000000000020e+30 1.000000000000000020e+30 1.000000000000000020e+30 1.000000000000000020e+30 1.000000000000000020e+30 1.000000000000000020e+30 1.000000000000000020e+30 1.000000000000000020e+30 1.000000000000000020e+30 4.984134598145696593e+00 4.984142901985761043e+00 4.984151110363163717e+00 4.984158470552267239e+00 4.984162110754089881e+00 4.984164056427667688e+00 4.984164680872516406e+00 4.984163625035294309e+00 4.984159858258525588e+00 4.984150943981016546e+00 4.984131635366905400e+00 4.984090994685719700e+00 4.984006518917990292e+00 4.983832160099577635e+00 4.983473692323839188e+00 4.982737256249277102e+00 4.981219586787433151e+00 4.978068620265299948e+00 4.971452443055216719e+00 4.957374930059565976e+00 4.927079048051757226e+00 4.861744110600769275e+00 4.724298667121637152e+00 4.465554247623553685e+00 4.008443494294681386e+00 3.250291265732971446e+00 4.030182714225851726e+00 4.445444216504436774e+00 1.000000000000000020e+30 1.000000000000000020e+30 1.000000000000000020e+30 1.000000000000000020e+30 1.000000000000000020e+30 1.000000000000000020e+30 1.000000000000000020e+30 1.000000000000000020e+30
1.000000000000000020e+30 1.000000000000000020e+30 1.000000000000000020e+30 1.000000000000000020e+30 1.000000000000000020e+30 1.000000000000000020e+30 1.000000000000000020e+30 1.000000000000000020e+30 1.000000000000000020e+30 1.000000000000000020e+30 1.000000000000000020e+30 1.000000000000000020e+30 1.000000000000000020e+30 1.000000000000000020e+30 1.000000000000000020e+30 1.000000000000000020e+30 1.000000000000000020e+30 1.000000000000000020e+30 4.983973184614281848e+00 4.984016453272035463e+00 4.984060875935999668e+00 4.984103083248927035e+00 4.984125335360094944e+00 4.984139777713115116e+00 4.984149809931770037e+00 4.984156239914145026e+00 4.984160098256019467e+00 4.984161810455312036e+00 4.984161109442872828e+00 4.984156720729358447e+00 4.984145441805879706e+00 4.984120157783983984e+00 4.984065683743811981e+00 4.983950136442691026e+00 4.983707055637415451e+00 4.983198188209384760e+00 4.982135400898490829e+00 4.979915800950380778e+00 4.975274401993580398e+00 4.965565294709814559e+00 4.945330619984362741e+00 4.903638559090318871e+00 4.819700893779709894e+00 4.657468176720581887e+00 4.365030883083270474e+00 3.894665647031846145e+00 3.382089300124865971e+00 4.182314101917782523e+00 4.573317888543248166e+00 4.764207979451602348e+00 1.000000000000000020e+30 1.000000000000000020e+30 1.000000000000000020e+30 1.000000000000000020e+30 1.000000000000000020e+30 1.000000000000000020e+30 1.000000000000000020e+30
1.000000000000000020e+30 1.000000000000000020e+30 1.000000000000000020e+30 1.000000000000000020e+30 1.000000000000000020e+30 1.000000000000000020e+30 1.000000000000000020e+30 1.000000000000000020e+30 1.000000000000000020e+30 1.000000000000000020e+30 1.000000000000000020e+30 1.000000000000000020e+30 1.000000000000000020e+30 1.000000000000000020e+30 1.000000000000000020e+30 1.000000000000000020e+30 4.983421376702507288e+00 4.983591557847281805e+00 4.983798412500280328e+00 4.983912894320297049e+00 4.983990498469671238e+00 4.984047207696033155e+00 4.984086160758450568e+00 4.984113097976499596e+00 4.984131698787219733e+00 4.984144182350536134e+00 4.984152103402936795e+00 4.984156312499318453e+00 4.984156770473795461e+00 4.984152022929153603e+00 4.984137923087133437e+00 4.984104801772870630e+00 4.984031379804638284e+00 4.983871835521217264e+00 4.983528445861896472e+00 4.982793668375722795e+00 4.981227432831452973e+00 4.977898979828289328e+00 4.970857104450643327e+00 4.956098990990319919e+00 4.925733925621578635e+00 4.865113522285724024e+00 4.748983659630695797e+00 4.536103393961274932e+00 4.153206504906383323e+00 3.413021594403031767e+00 3.938379168946140485e+00 4.403236026937428882e+00 4.675423244128341871e+00 4.810003744393505087e+00 4.866601060857177252e+00 4.873941791647699695e+00 1.000000000000000020e+30 1.000000000000000020e+30 1.000000000000000020e+30 1.000000000000000020e+30 1.000000000000000020e+30
1.000000000000000020e+30 1.000000000000000020e+30 1.000000000000000020e+30 1.000000000000000020e+30 1.000000000000000020e+30 1.000000000000000020e+30 1.000000000000000020e+30 1.000000000000000020e+30 1.000000000000000020e+30 1.000000000000000020e+30 1.000000000000000020e+30 1.000000000000000020e+30 1.000000000000000020e+30 1.000000000000000020e+30 1.000000000000000020e+30 4.982095557320401547e+00 4.982745213589081956e+00 4.983164827755093285e+00 4.983466123192446418e+00 4.983673752803543522e+00 4.983820931995548875e+00 4.983927194127365290e+00 4.984003295931773714e+00 4.984057126212365851e+00 4.984094538451137701e+00 4.984119872921518812e+00 4.984136299932381498e+00 4.984145854864125091e+00 4.984149225530892124e+00 4.984145070554999002e+00 4.984128306128940977e+00 4.984086145523471956e+00 4.983989272016294159e+00 4.983772509753153557e+00 4.983292838124726565e+00 4.982238502480802467e+00 4.979933237319450257e+00 4.974921516632096363e+00 4.964125878267415359e+00 4.941271604437712739e+00 4.894353866261082153e+00 4.802616406209011757e+00 4.635487487532385487e+00 4.359589807218374524e+00 3.961717901617786808e+00 3.437420949094299960e+00 4.164300530857616423e+00 4.541949278795513578e+00 4.733098447896978200e+00 4.814010600864623513e+00 4.829448861662728909e+00 4.800667186137296483e+00 4.731861729873067191e+00 1.000000000000000020e+30 1.000000000000000020e+30 1.000000000000000020e+30 1.000000000000000020e+30
1.000000000000000020e+30 1.000000000000000020e+30 1.000000000000000020e+30 1.000000000000000020e+30 1.000000000000000020e+30 1.000000000000000020e+30 1.000000000000000020e+30 1.000000000000000020e+30 1.000000000000000020e+30 1.000000000000000020e+30 1.000000000000000020e+30 1.000000000000000020e+30 1.000000000000000020e+30 1.000000000000000020e+30 4.977990188645255110e+00 4.980022687786820335e+00 4.981325718172910477e+00 4.982172408226172244e+00 4.982750089249981862e+00 4.983159529316946390e+00 4.983457022187022467e+00 4.983674250192593469e+00 4.983831129477566790e+00 4.983942320333698994e+00 4.984019370903880031e+00 4.984071385602137916e+00 4.984105283961048904e+00 4.984125883606398411e+00 4.984135744533074508e+00 4.984134427470961803e+00 4.984116359098153204e+00 4.984065519157272917e+00 4.983942995189186931e+00 4.983658665033817492e+00 4.983007760920478368e+00 4.981530172819911506e+00 4.978201925837615782e+00 4.970774374727265688e+00 4.954428918104809121e+00 4.919290842944416653e+00 4.846559038156537547e+00 4.704186836313722253e+00 4.445963275461340736e+00 4.026878118905178106e+00 3.515169721201514719e+00 4.007444712249807139e+00 4.405467896202770461e+00 4.636632090163935516e+00 4.742163852081364261e+00 4.764400968491531607e+00 4.728348875486284797e+00 4.645576610317097455e+00 4.505220992800296642e+00 4.308110338392841854e+00 1.000000000000000020e+30 1.000000000000000020e+30 1.000000000000000020e+30
1.000000000000000020e+30 1.000000000000000020e+30 1.000000000000000020e+30 1.000000000000000020e+30 1.000000000000000020e+30 1.000000000000000020e+30 1.000000000000000020e+30 1.000000000000000020e+30 1.000000000000000020e+30 1.000000000000000020e+30 1.000000000000000020e+30 1.000000000000000020e+30 1.000000000000000020e+30 4.965079494622478329e+00 4.971638435167160530e+00 4.975794072837528503e+00 4.978393908745069929e+00 4.980073110512502232e+00 4.981228499961957823e+00 4.982067074313086152e+00 4.982688435333399113e+00 4.983145932110470966e+00 4.983476169707708792e+00 4.983708797247333955e+00 4.983868537120176079e+00 4.983975377438163434e+00 4.984044705832715749e+00 4.984087589500338034e+00 4.984110939006817453e+00 4.984117000303984746e+00 4.984101041417032363e+00 4.984044705759560934e+00 4.983899234538875511e+00 4.983545350519860584e+00 4.982700200484591058e+00 4.980706194962014166e+00 4.976062051750119508e+00 4.965413314890533059e+00 4.941500588451977372e+00 4.889408108320630220e+00 4.780841739828241010e+00 4.567399250206666039e+00 4.171017236565104369e+00 3.426865427580065404e+00 3.926398812962853313e+00 4.295937280510082168e+00 4.535241153994591379e+00 4.652549157419350934e+00 4.674544554963606657e+00 4.627124992112555901e+00 4.515516982164030857e+00 4.355197035688100904e+00 4.086310206027900627e+00 3.784036248317332873e+00 3.018495781326016925e+00 1.000000000000000020e+30 1.000000000000000020e+30
1.000000000000000020e+30 1.000000000000000020e+30 1.000000000000000020e+30 1.000000000000000020e+30 1.000000000000000020e+30 1.000000000000000020e+30 1.000000000000000020e+30 1.000000000000000020e+30 1.000000000000000020e+30 1.000000000000000020e+30 1.000000000000000020e+30 1.000000000000000020e+30 4.923220243122075956e+00 4.945066678654141512e+00 4.958850974671224598e+00 4.967224062278279284e+00 4.972333292388534609e+00 4.975639926461767892e+00 4.977981581968896840e+00 4.979738487447059825e+00 4.981064836568043219e+00 4.982044424261856896e+00 4.982746892240809800e+00 4.983236149705588147e+00 4.983567677338002433e+00 4.983786481252720613e+00 4.983926995161733764e+00 4.984014081515419470e+00 4.984064241223755687e+00 4.984086109681394205e+00 4.984078709466906787e+00 4.984024048889917680e+00 4.983865885638816273e+00 4.983455327321795636e+00 4.982419300009818919e+00 4.979855742081695347e+00 4.973653394211724255e+00 4.959035277373710748e+00 4.925629135495664279e+00 4.852231877922585035e+00 4.699578753378774287e+00 4.407069965979587778e+00 3.920136798883035123e+00 3.368461849206985548e+00 4.062287066741466113e+00 4.391686578888969628e+00 4.533522840405034060e+00 4.555182842900006968e+00 4.482751796631289309e+00 4.347987163870427274e+00 4.109656371864330637e+00 3.879570068281970929e+00 3.331076316404596227e+00 3.270071950149278095e+00 3.644071849081973014e+00 1.000000000000000020e+30 1.000000000000000020e+30
1.000000000000000020e+30 1.000000000000000020e+30 1.000000000000000020e+30 1.000000000000000020e+30 1.000000000000000020e+30 1.000000000000000020e+30 1.000000000000000020e+30 1.000000000000000020e+30 1.000000000000000020e+30 1.000000000000000020e+30 1.000000000000000020e+30 4.787003351232054449e+00 4.859974370379289255e+00 4.906027345846098342e+00 4.933681735345610164e+00 4.949938343222611614e+00 4.959715184444069891e+00 4.966170473144359221e+00 4.970981514275165658e+00 4.974744552451317858e+00 4.977627939555411274e+00 4.979749616635136711e+00 4.981252665187485995e+00 4.982283607699775629e+00 4.982970878987370789e+00 4.983417157312485024e+00 4.983699607667777087e+00 4.983873263133272502e+00 4.983975157057307648e+00 4.984027662389403979e+00 4.984039064726265345e+00 4.983997041201747358e+00 4.983844015954442597e+00 4.983407038913136411e+00 4.982218946145599681e+00 4.979095044691860039e+00 4.971192114606342471e+00 4.952029420938186099e+00 4.907555035617227723e+00 4.808889942261637351e+00 4.600144417305321198e+00 4.177859412866901323e+00 3.338748102710118904e+00 3.781560276129612763e+00 4.168489833955045576e+00 4.358886935507351623e+00 4.383555150038748849e+00 4.300121034812431908e+00 4.087908196365353852e+00 3.871465470861862102e+00 3.334966029979216096e+00 3.302189682235995072e+00 3.764546594590477913e+00 3.932252167973888213e+00 4.139541206846248045e+00 4.379420973305363063e+00 1.000000000000000020e+30
1.000000000000000020e+30 1.000000000000000020e+30 1.000000000000000020e+30 1.000000000000000020e+30 1.000000000000000020e+30 1.000000000000000020e+30 1.000000000000000020e+30 1.000000000000000020e+30 1.000000000000000020e+30 1.000000000000000020e+30 4.365019134153574676e+00 4.597073617419296099e+00 4.745487402155519341e+00 4.833638990342193686e+00 4.885281985486638945e+00 4.915223246726344364e+00 4.933259806178824647e+00 4.945731560779777602e+00 4.955787159617337956e+00 4.964017330769736169e+00 4.970364985008219882e+00 4.974983768660878880e+00 4.978202994822338745e+00 4.980372911981734596e+00 4.981793715992136384e+00 4.982699683853100581e+00 4.983263152358309078e+00 4.983604657653240011e+00 4.983804467862183785e+00 4.983912938281171989e+00 4.983957130407898006e+00 4.983938557211658349e+00 4.983807943982302646e+00 4.983379550594795759e+00 4.982096254846795524e+00 4.978459488628969254e+00 4.968779688309808762e+00 4.944676369642406755e+00 4.888489397212130605e+00 4.765696125027687025e+00 4.514343470721891904e+00 4.033263027207051543e+00 3.166192594068117927e+00 3.780170885542310621e+00 4.072813400644710313e+00 4.145560174377570739e+00 4.016393183308924364e+00 3.839031720598648167e+00 3.319832204860159841e+00 3.288084297969368297e+00 3.735975111174765217e+00 3.872230056855333835e+00 4.017510651055042459e+00 4.109717342829855902e+00 4.203132346978184941e+00 4.285298221265811947e+00 1.000000000000000020e+30
1.000000000000000020e+30 1.000000000000000020e+30 1.000000000000000020e+30 1.000000000000000020e+30 1.000000000000000020e+30 1.000000000000000020e+30 1.000000000000000020e+30 1.000000000000000020e+30 1.000000000000000020e+30 3.081742989886403272e+00 3.856592750177295859e+00 4.296387473036045179e+00 4.557034389652574902e+00 4.705490441388125333e+00 4.794256789101322802e+00 4.846074150008540471e+00 4.877787244071857486e+00 4.901529898603445012e+00 4.922936223565359981e+00 4.941183833341776577e+00 4.955167156322854538e+00 4.965166785116013948e+00 4.972019747034606141e+00 4.976563468269187496e+00 4.979486444997859529e+00 4.981315195731361278e+00 4.982430914946716527e+00 4.983095079241845582e+00 4.983478025773946385e+00 4.983685494421981943e+00 4.983778933275671008e+00 4.983783670168616453e+00 4.983667978338461424e+00 4.983243586220783783e+00 4.981864934014245350e+00 4.977671621616652331e+00 4.965934324246640053e+00 4.935898197659822628e+00 4.865533427549338263e+00 4.714311588635518468e+00 4.417147594362949015e+00 3.888613547859258723e+00 3.033524193719236539e+00 3.601029466424447545e+00 3.751908094290170581e+00 3.718579656725347071e+00 3.273139644476145804e+00 3.268028954062490943e+00 3.721742181485200529e+00 3.849798046662857853e+00 3.961715164140516166e+00 3.968543102586788773e+00 3.888188596476173320e+00 3.876255230431863374e+00 3.898686880924879805e+00 3.923371762261719020e+00 1.000000000000000020e+30
1.000000000000000020e+30 1.000000000000000020e+30 1.000000000000000020e+30 1.000000000000000020e+30 1.000000000000000020e+30 1.000000000000000020e+30 1.000000000000000020e+30 1.000000000000000020e+30 4.304267154079957969e+00 3.795410145549932945e+00 3.287632485469932142e+00 3.887739760198435590e+00 4.272077555126360338e+00 4.484525620289506520e+00 4.627308567322317323e+00 4.711060740665442559e+00 4.763038158606675232e+00 4.807035982683435904e+00 4.853392354045325874e+00 4.893819013869820544e+00 4.924053079607281447e+00 4.945258398414215328e+00 4.959621870860613235e+00 4.969035863439150269e+00 4.975000472241558391e+00 4.978663622681508194e+00 4.980854460687964114e+00 4.982133509034412100e+00 4.982856668022929369e+00 4.983237632156426677e+00 4.983397599084047336e+00 4.983394763093648372e+00 4.983214868426554034e+00 4.982661348396401735e+00 4.980981918052712842e+00 4.975882803491035844e+00 4.961339425445823181e+00 4.923453725224835154e+00 4.833784896389203389e+00 4.640739426163918324e+00 4.265194374813613187e+00 3.630858598283598582e+00 2.864945872459081500e+00 3.282574807335518319e+00 3.089462094502557044e+00 3.188302602185391521e+00 3.684437598096983457e+00 3.833352436160661458e+00 3.951380879776584365e+00 3.951434139743045915e+00 3.837697711388361466e+00 3.704487549963381365e+00 3.238552668581991423e+00 3.166149223862376072e+00 3.165227138939161300e+00 3.172440579415982231e+00 1.000000000000000020e+30
1.000000000000000020e+30 1.000000000000000020e+30 1.000000000000000020e+30 1.000000000000000020e+30 1.000000000000000020e+30 1.000000000000000020e+30 1.000000000000000020e+30 4.741855899800672347e+00 4.514201881101294056e+00 4.095979806262731948e+00 3.283830740148523386e+00 3.307471205834672912e+00 3.862303596793345228e+00 4.099240300735183418e+00 4.334326568960355175e+00 4.457907220405910920e+00 4.532817878257540123e+00 4.610007176009144558e+00 4.712484196709736395e+00 4.800184869759447359e+00 4.862615551445628626e+00 4.905861731956571603e+00 4.935198514924457491e+00 4.954368718142976746e+00 4.966379924146428593e+00 4.973632835556918153e+00 4.977888168057583940e+00 4.980326523895232782e+00 4.981679054450004251e+00 4.982366997604041003e+00 4.982613261745529876e+00 4.982513305447299423e+00 4.982047689674797830e+00 4.980967916711927401e+00 4.978356941543156111e+00 4.971419737904738234e+00 4.952730180898355705e+00 4.904921755466653543e+00 4.791759990072896436e+00 4.543838806869903379e+00 4.032218428806100263e+00 2.996642857113338998e+00 2.740979167489398627e+00 2.949888265644335039e+00 3.538287035688894466e+00 3.760337508603835754e+00 3.918774417468050775e+00 3.939021278513404223e+00 3.835286886954182961e+00 3.710596868511796487e+00 3.266288354979803188e+00 3.293932712976208155e+00 3.795497195871268659e+00 3.933126363360313960e+00 3.979026872376994373e+00 3.994769968070307709e+00 1.000000000000000020e+30
1.000000000000000020e+30 1.000000000000000020e+30 1.000000000000000020e+30 1.000000000000000020e+30 1.000000000000000020e+30 1.000000000000000020e+30 4.910606211239199048e+00 4.833416374768998658e+00 4.694871682218761499e+00 4.460757335233926035e+00 4.123005356471268534e+00 3.889570465512202979e+00 3.376297146556932471e+00 3.377008821290111040e+00 3.872252446448082086e+00 4.012151285663755118e+00 4.090542817499011718e+00 4.210564596362923240e+00 4.447407457493456562e+00 4.628693030819341914e+00 4.747043082184934981e+00 4.830421040361877694e+00 4.888342494031253871e+00 4.926422888877369566e+00 4.950108782252346629e+00 4.964208705057614246e+00 4.972345233613711279e+00 4.976937257656096847e+00 4.979449540850626299e+00 4.980692413767453530e+00 4.981059988110526859e+00 4.980680529564067704e+00 4.979468663316966470e+00 4.977018033953204856e+00 4.972125016436768519e+00 4.961441455023646085e+00 4.936360848292156156e+00 4.877072573233133035e+00 4.743357818211178412e+00 4.463058805411691310e+00 3.919340204618405377e+00 2.938896340865482237e+00 3.263252556311897923e+00 3.509889581719497720e+00 3.767527523358202401e+00 3.864677397836556949e+00 3.804407951595831339e+00 3.700796720541759122e+00 3.268284302560220400e+00 3.309432206513945207e+00 3.846844565740213717e+00 4.069393955496859228e+00 4.293841906934649622e+00 4.405135627346191463e+00 4.452597114550876256e+00 4.469692656197485903e+00 1.000000000000000020e+30
1.000000000000000020e+30 1.000000000000000020e+30 1.000000000000000020e+30 1.000000000000000020e+30 1.000000000000000020e+30 4.961937352201436724e+00 4.939356298878736062e+00 4.896441828865066626e+00 4.821285835510201068e+00 4.701685518457287216e+00 4.540068228972931941e+00 4.371590068887949876e+00 4.131655369931813482e+00 3.914008646424551152e+00 3.373270281213931465e+00 3.270384129373725912e+00 3.276487002474466781e+00 3.402419234766958844e+00 4.009821735651764030e+00 4.347978273697659546e+00 4.539850374815260103e+00 4.691430778576314964e+00 4.801839909576379739e+00 4.874984257198197390e+00 4.920211135488937515e+00 4.946856541894235626e+00 4.962061064106665143e+00 4.970572816874303967e+00 4.975211832868768447e+00 4.977483758570434347e+00 4.978060816549995771e+00 4.977080070965427261e+00 4.974266690603105445e+00 4.968853556195130139e+00 4.959123646304141708e+00 4.941066558193300651e+00 4.905105767288545415e+00 4.829586185789377595e+00 4.671401102768777847e+00 4.359419875686156409e+00 3.796734251811958671e+00 2.867576163939551392e+00 3.221454866293358421e+00 3.451257246812919899e+00 3.607914637764907173e+00 3.619174379164793454e+00 3.240955463753544485e+00 3.302508125102239234e+00 3.851218437966552610e+00 4.086887863816604849e+00 4.336136994765787733e+00 4.494171072583967863e+00 4.612786556763015966e+00 4.681486276398993063e+00 4.714901529751951870e+00 4.727869291965008713e+00 1.000000000000000020e+30
1.000000000000000020e+30 1.000000000000000020e+30 1.000000000000000020e+30 1.000000000000000020e+30 1.000000000000000020e+30 4.968951639280787091e+00 4.958063564960373704e+00 4.935905621866229609e+00 4.897965633026888810e+00 4.839606704134193471e+00 4.760766795080959568e+00 4.666063779188458938e+00 4.541971513517184533e+00 4.397339023722008022e+00 4.190102359553458555e+00 4.084554326834995308e+00 4.016141971360733365e+00 3.901160256379636149e+00 3.499318699717784753e+00 3.953462406987624966e+00 4.171805760719077938e+00 4.446374029458412203e+00 4.650919746087446072e+00 4.784950375052335225e+00 4.867263194570909945e+00 4.915590182703696520e+00 4.943107664014892322e+00 4.958567569830177213e+00 4.967085543436163597e+00 4.971315033128733241e+00 4.972338912585559711e+00 4.970220985624962395e+00 4.964248062762672831e+00 4.952904002316746990e+00 4.933533347045913509e+00 4.901294287130584237e+00 4.846085642172560881e+00 4.744728350393875083e+00 4.547664396111285257e+00 4.176924233010296028e+00 3.552123535206120675e+00 2.734799661290102879e+00 2.654502711346505617e+00 2.857910038094472860e+00 3.035681440418742216e+00 3.237483285703083524e+00 3.827171612618072594e+00 4.081284565074940751e+00 4.341161126120528735e+00 4.508955985276626777e+00 4.641599222065543096e+00 4.732464394636240357e+00 4.795102195009657287e+00 4.832905699855971626e+00 4.852556959058858865e+00 4.860589706144703648e+00 1.000000000000000020e+30
1.000000000000000020e+30 1.000000000000000020e+30 1.000000000000000020e+30 1.000000000000000020e+30 4.980217689233035649e+00 4.976133376325249102e+00 4.969904147132832684e+00 4.958763268490424814e+00 4.940415927650656513e+00 4.912843097784209689e+00 4.875241781598514734e+00 4.827339471268023097e+00 4.765427534365331397e+00 4.689852296876223292e+00 4.598502401668303818e+00 4.525685699961473851e+00 4.447823379246591990e+00 4.308015552774318913e+00 4.003481460375233780e+00 3.437238026776008759e+00 3.447230558974955450e+00 4.045475986138833413e+00 4.409476543518666247e+00 4.637453586132641803e+00 4.777509803845439329e+00 4.860568930030990664e+00 4.908360650211428755e+00 4.935766402890665816e+00 4.951325265452576119e+00 4.959371310253906096e+00 4.961474517422311159e+00 4.957380949840898055e+00 4.945430040021677520e+00 4.922578304791786152e+00 4.884316308743367863e+00 4.824612388175817834e+00 4.734780728774571124e+00 4.594565946273654333e+00 4.340436353437285177e+00 3.858888529819894053e+00 2.950659020058146620e+00 2.970741041974234165e+00 2.839103744570203425e+00 3.509185027813918722e+00 3.833301155305773644e+00 4.061201933734607472e+00 4.328562843254326609e+00 4.506790310673893352e+00 4.648338971898188454e+00 4.746285728970605078e+00 4.815936563224246569e+00 4.862723276169350406e+00 4.893419409339822224e+00 4.911972133983839583e+00 4.921928069090343527e+00 4.926141135021669726e+00 1.000000000000000020e+30
1.000000000000000020e+30 1.000000000000000020e+30 1.000000000000000020e+30 1.000000000000000020e+30 4.981551131521844589e+00 4.979804719063031904e+00 4.976618877728755663e+00 4.971183406531125115e+00 4.962540861230708700e+00 4.949801818726242253e+00 4.932349839626122723e+00 4.909563947623047042e+00 4.880155166066241001e+00 4.843777029171816295e+00 4.800830264979049744e+00 4.756527838191037638e+00 4.698483342031051002e+00 4.598743302837981162e+00 4.421918403988402524e+00 4.166928396978414106e+00 3.968634486722665944e+00 3.552504246392770959e+00 4.068462910688884548e+00 4.411526885472783377e+00 4.631509277716613582e+00 4.765907271354595132e+00 4.844902262678218108e+00 4.892208122555750549e+00 4.920483574518812020e+00 4.936123803083990680e+00 4.940954910139772949e+00 4.933770372876002952e+00 4.911010532948390406e+00 4.866677478595097917e+00 4.792363299060069970e+00 4.678986176245873096e+00 4.523572746247410237e+00 4.333582755212738391e+00 4.029234557429400176e+00 3.492543073667321973e+00 2.713652182427604309e+00 2.677630021864116916e+00 3.417771636205943153e+00 3.957073497407675777e+00 4.274566034275652626e+00 4.474104282032119961e+00 4.631233367910422949e+00 4.743331945519320136e+00 4.825293022243741348e+00 4.879266492596585181e+00 4.913143733193200191e+00 4.933494116819264974e+00 4.945499729920771692e+00 4.952345212092429172e+00 4.956085499191534183e+00 4.957759500235896510e+00 1.000000000000000020e+30
1.000000000000000020e+30 1.000000000000000020e+30 1.000000000000000020e+30 4.983496583895746568e+00 4.982819874271041449e+00 4.981862393355941165e+00 4.980261955889447201e+00 4.977653875566153019e+00 4.973637316445455703e+00 4.967823619765390220e+00 4.959871700172667985e+00 4.949397798423221140e+00 4.935858526667392887e+00 4.918877344377180272e+00 4.898171429045279801e+00 4.873130412170437964e+00 4.837011959521712257e+00 4.776843322398598879e+00 4.678024646341029325e+00 4.535925840366936690e+00 4.356970820141365053e+00 4.054812172847280571e+00 3.578908207422799581e+00 4.072464031973133558e+00 4.400931842510077630e+00 4.606818369146281178e+00 4.729538877544084308e+00 4.809102529499154954e+00 4.860098225817975681e+00 4.890988018671711401e+00 4.902658565100020738e+00 4.891447250262047852e+00 4.850436666744911918e+00 4.768784239392235946e+00 4.630525085082964232e+00 4.414756834463921642e+00 4.118000692903770243e+00 3.872968326871191636e+00 3.525591068373888692e+00 2.802990322422577840e+00 2.815931160764670427e+00 2.659469981042630771e+00 3.611811868432331707e+00 4.176430419102887370e+00 4.493132665484457888e+00 4.673505836828965698e+00 4.789257306601420794e+00 4.868935531823360030e+00 4.925813386710903075e+00 4.956424868242646831e+00 4.969628746433797595e+00 4.973598689988296684e+00 4.973579255664922982e+00 4.972535735205984686e+00 4.972266430013257299e+00 4.972467755105532738e+00 1.000000000000000020e+30
1.000000000000000020e+30 1.000000000000000020e+30 1.000000000000000020e+30 4.983717102219021200e+00 4.983443804955685508e+00 4.982963702670178741e+00 4.982176207004573421e+00 4.980935875088190912e+00 4.979077193350113006e+00 4.976431771520422487e+00 4.972831836937933403e+00 4.968078415706446371e+00 4.961905382729691283e+00 4.954006324694979924e+00 4.943893832744356232e+00 4.930367052296893426e+00 4.909841178110578852e+00 4.876041666451506273e+00 4.821164415732373421e+00 4.737328460755172443e+00 4.611227231535869997e+00 4.402968100849218303e+00 4.072770782680357193e+00 3.577724188865912147e+00 4.051193955957054449e+00 4.349142451694052447e+00 4.521051261992251824e+00 4.653048481081242471e+00 4.743416068124536977e+00 4.804720505050656953e+00 4.832840865120967777e+00 4.818189497707588309e+00 4.748889138604539539e+00 4.608812958838458762e+00 4.373142537129868224e+00 3.984956789007257694e+00 3.320303616512983336e+00 3.084878352611174712e+00 2.859484292824439500e+00 2.543802588359089345e+00 2.373603701531367793e+00 2.571466641380809826e+00 3.653677984332720285e+00 4.255728366370282956e+00 4.578841932135826909e+00 4.753000769717131924e+00 4.855925918573308131e+00 4.926864208752611773e+00 4.986673646323886544e+00 5.004857128354738727e+00 5.004793620058971548e+00 4.997490050419625796e+00 4.988197480927115457e+00 4.980189218939635509e+00 4.977646159947745730e+00 4.977819335676633372e+00 1.000000000000000020e+30
1.000000000000000020e+30 1.000000000000000020e+30 1.000000000000000020e+30 4.983905633739205143e+00 4.983780992102786911e+00 4.983544811860792123e+00 4.983161637033408198e+00 4.982573358181190848e+00 4.981711167620216152e+00 4.980501471812069703e+00 4.978864129613883804e+00 4.976698173414201953e+00 4.973860340537790137e+00 4.970136798795432576e+00 4.965133990478685533e+00 4.957991901659830170e+00 4.946819172684042698e+00 4.928382900413071255e+00 4.897987857082792829e+00 4.848716940805592124e+00 4.768054210883970967e+00 4.632252137545926907e+00 4.410906845237881235e+00 4.066173754766687409e+00 3.547652137138114448e+00 3.956788820164359954e+00 4.141379424729166203e+00 4.371648155425360116e+00 4.523984616304808526e+00 4.645126433427071433e+00 4.710629892055700374e+00 4.697100806668925266e+00 4.586841908822396618e+00 4.362842665525668018e+00 4.015070461972446658e+00 3.476997990616045975e+00 3.789090352181565979e+00 3.750642351509115180e+00 3.523791352252934050e+00 3.087893609053710353e+00 2.358785527749684530e+00 1.000000000000000020e+30 1.000000000000000020e+30 1.000000000000000020e+30 1.000000000000000020e+30 1.000000000000000020e+30 1.000000000000000020e+30 1.000000000000000020e+30 5.036549982809639836e+00 5.034660633060433099e+00 5.024676360680507159e+00 5.009945633893694961e+00 4.992055434466053043e+00 4.973781244197708951e+00 4.972378115883836713e+00 4.976302082573806906e+00 1.000000000000000020e+30
1.000000000000000020e+30 1.000000000000000020e+30 4.984105550600012258e+00 4.984041498140586057e+00 4.983967303751069444e+00 4.983848045891732248e+00 4.983661131783218678e+00 4.983380675681053695e+00 4.982976826256824587e+00 4.982416316414091106e+00 4.981660098925201119e+00 4.980655517173373958e+00 4.979321965886938983e+00 4.977524056991454948e+00 4.975006300921927860e+00 4.971254462594391299e+00 4.965262549597607489e+00 4.955288612218467392e+00 4.938494637951149180e+00 4.910081148676635365e+00 4.861379632972680831e+00 4.777383521713355563e+00 4.636136790904595628e+00 4.406289493878077224e+00 4.038813739090061361e+00 3.433441640570661590e+00 3.402443630737568725e+00 3.910722496734463594e+00 4.122426057768006302e+00 4.364635559732507275e+00 4.510501133611117375e+00 4.509621168799910151e+00 4.340621382449726617e+00 3.982224296719664824e+00 3.505282097227398364e+00 3.967826171507141453e+00 4.188885129692919485e+00 4.149864956006725336e+00 3.864732651540192077e+00 3.284677068427205526e+00 2.402031196463102702e+00 1.000000000000000020e+30 1.000000000000000020e+30 1.000000000000000020e+30 1.000000000000000020e+30 1.000000000000000020e+30 1.000000000000000020e+30 1.000000000000000020e+30 1.000000000000000020e+30 1.000000000000000020e+30 5.027395326212394266e+00 5.012313851873895665e+00 4.985683008932964455e+00 4.938710031666755818e+00 4.950564463576675678e+00 4.969791178838153911e+00 1.000000000000000020e+30
1.000000000000000020e+30 1.000000000000000020e+30 4.984126947573773947e+00 4.984101802894286948e+00 4.984062816857163902e+00 4.984001904369080194e+00 4.983908913494968118e+00 4.983771966377506857e+00 4.983577305888351461e+00 4.983308950315520569e+00 4.982946936076996458e+00 4.982462811254463553e+00 4.981810753341370912e+00 4.980910212151444583e+00 4.979610026067256001e+00 4.977620221075113705e+00 4.974399297637829065e+00 4.968991233612948477e+00 4.959738094924374785e+00 4.943699371590298597e+00 4.915612495118091729e+00 4.866586445674536243e+00 4.783227052679888125e+00 4.647370175733572140e+00 4.439148945886617348e+00 4.155845959689431268e+00 3.912228459582907103e+00 3.374129267508245711e+00 3.364753330709556955e+00 3.908491967766262842e+00 4.216681092503500317e+00 4.247805687003745945e+00 4.003987951337750317e+00 3.369816825835733276e+00 3.946266177930607633e+00 4.362701631688933546e+00 4.555822308468666648e+00 4.477591981588434855e+00 4.093886626655678818e+00 3.228341146233048242e+00 1.000000000000000020e+30 1.000000000000000020e+30 1.000000000000000020e+30 1.000000000000000020e+30 1.000000000000000020e+30 1.000000000000000020e+30 1.000000000000000020e+30 1.000000000000000020e+30 1.000000000000000020e+30 1.000000000000000020e+30 1.000000000000000020e+30 1.000000000000000020e+30 1.000000000000000020e+30 4.817537473501568357e+00 4.902141886526732328e+00 1.000000000000000020e+30 1.000000000000000020e+30
1.000000000000000020e+30 4.984155567884508642e+00 4.984145161925154888e+00 4.984130766105058896e+00 4.984108862688574781e+00 4.984075318854453762e+00 4.984024998876443568e+00 4.983951726507275026e+00 4.983848171485798950e+00 4.983705547202252006e+00 4.983512656625211257e+00 4.983253564509388056e+00 4.982902691860413569e+00 4.982414885323131593e+00 4.981705872961357251e+00 4.980616669300867549e+00 4.978853841107584444e+00 4.975891854987951390e+00 4.970797141585483914e+00 4.961902591109386584e+00 4.946274577154671448e+00 4.919045900249962244e+00 4.872911471066740496e+00 4.798307252853480698e+00 4.685707304202232137e+00 4.532023447660894711e+00 4.345518871472519251e+00 4.064022376372729006e+00 3.795567772996122802e+00 3.295399620303300026e+00 3.861600147367818980e+00 3.928453786532313252e+00 3.689303553776973388e+00 3.320194323950110604e+00 4.242954909886742065e+00 4.812728920674181232e+00 5.102446889476798475e+00 5.002177789441860867e+00 4.579699337227800093e+00 3.994371013500287670e+00 1.000000000000000020e+30 1.000000000000000020e+30 1.000000000000000020e+30 1.000000000000000020e+30 1.000000000000000020e+30 1.000000000000000020e+30 1.000000000000000020e+30 1.000000000000000020e+30 1.000000000000000020e+30 1.000000000000000020e+30 1.000000000000000020e+30 1.000000000000000020e+30 1.000000000000000020e+30 1.000000000000000020e+30 1.000000000000000020e+30 1.000000000000000020e+30 1.000000000000000020e+30
1.000000000000000020e+30 4.984156769264713738e+00 4.984151212542011322e+00 4.984141456887989818e+00 4.984126096307581300e+00 4.984102530647145812e+00 4.984067155222090761e+00 4.984015317822461100e+00 4.983941250927236943e+00 4.983838045141744999e+00 4.983697575892677811e+00 4.983510039629283739e+00 4.983262206028741481e+00 4.982932486621170831e+00 4.982479695250408014e+00 4.981821777148253361e+00 4.980800789856607125e+00 4.979127368011457833e+00 4.976285666813835995e+00 4.971368299974346705e+00 4.962817850289315658e+00 4.948097865124891470e+00 4.923400057536317043e+00 4.883586052312745451e+00 4.822584451935086669e+00 4.733498460165868948e+00 4.603584286849280005e+00 4.392651154864959828e+00 4.039800557615939702e+00 3.278838927636718026e+00 3.573570043569023191e+00 3.500359141827015907e+00 3.078914883260315261e+00 3.756655081904932025e+00 4.770285313126717774e+00 5.667590268246109453e+00 6.319948217140662017e+00 6.112355536228497144e+00 5.322240750094525019e+00 1.000000000000000020e+30 1.000000000000000020e+30 1.000000000000000020e+30 1.000000000000000020e+30 1.000000000000000020e+30 1.000000000000000020e+30 1.000000000000000020e+30 1.000000000000000020e+30 1.000000000000000020e+30 1.000000000000000020e+30 1.000000000000000020e+30 1.000000000000000020e+30 1.000000000000000020e+30 1.000000000000000020e+30 1.000000000000000020e+30 1.000000000000000020e+30 1.000000000000000020e+30 1.000000000000000020e+30
4.984157335491456564e+00 4.984155122326485277e+00 4.984149345141768883e+00 4.984139113362661355e+00 4.984122613532727009e+00 4.984096829761199388e+00 4.984057280608998219e+00 4.983997719863961784e+00 4.983909983732469406e+00 4.983784287538028046e+00 4.983610312969173783e+00 4.983379199448454422e+00 4.983085690289943415e+00 4.982727869894772788e+00 4.982299800262725675e+00 4.981772728059167932e+00 4.981066263517983650e+00 4.980014988670150800e+00 4.978322232857739671e+00 4.975483915700020354e+00 4.970668821514586000e+00 4.962554075432508149e+00 4.949124616417290845e+00 4.927427380347881858e+00 4.893125495681436732e+00 4.839087259506464456e+00 4.751009789802709271e+00 4.598528968054146127e+00 4.329853332144396383e+00 3.856064259211014811e+00 3.167091634697040803e+00 2.939429469191300992e+00 2.921712589124237258e+00 3.650824435845084537e+00 5.657692381182267916e+00 7.466671800814454585e+00 9.436753626197102562e+00 8.808232918110700638e+00 5.992772263450721226e+00 1.000000000000000020e+30 1.000000000000000020e+30 1.000000000000000020e+30 1.000000000000000020e+30 1.000000000000000020e+30 1.000000000000000020e+30 1.000000000000000020e+30 1.000000000000000020e+30 1.000000000000000020e+30 1.000000000000000020e+30 1.000000000000000020e+30 1.000000000000000020e+30 1.000000000000000020e+30 1.000000000000000020e+30 1.000000000000000020e+30 1.000000000000000020e+30 1.000000000000000020e+30 1.000000000000000020e+30
4.984151516164929241e+00 4.984147524835067067e+00 4.984138545744016824e+00 4.984122783390208866e+00 4.984097061448393262e+00 4.984056151744039376e+00 4.983991920684021970e+00 4.983892368117895266e+00 4.983740948404570048e+00 4.983517001397407498e+00 4.983198583010914007e+00 4.982769033004401216e+00 4.982227144080801473e+00 4.981596134443128321e+00 4.980919192661719563e+00 4.980228362470867864e+00 4.979496247345950088e+00 4.978609162238218033e+00 4.977354414167295182e+00 4.975397155608640709e+00 4.972234392397941072e+00 4.967119738826280440e+00 4.958921024112981080e+00 4.945814354328381235e+00 4.924652674471756697e+00 4.889659303559581893e+00 4.829666174658258981e+00 4.724049738406980836e+00 4.541639720620112897e+00 4.249950304726261230e+00 3.873439222991595265e+00 3.595274542172451682e+00 3.552397421188772775e+00 4.684548186489155164e+00 7.649668958259812968e+00 1.091868136969698710e+01 1.196536086047989578e+01 1.062674309076517076e+01 3.488652496349522902e+00 1.000000000000000020e+30 1.000000000000000020e+30 1.000000000000000020e+30 1.000000000000000020e+30 1.000000000000000020e+30 1.000000000000000020e+30 1.000000000000000020e+30 1.000000000000000020e+30 1.000000000000000020e+30 1.000000000000000020e+30 1.000000000000000020e+30 1.000000000000000020e+30 1.000000000000000020e+30 1.000000000000000020e+30 1.000000000000000020e+30 1.000000000000000020e+30 1.000000000000000020e+30 1.000000000000000020e+30
4.984137750456933524e+00 4.984130287094983736e+00 4.984113837649462475e+00 4.984085040074238471e+00 4.984037816427598244e+00 4.983961926796733444e+00 4.983840838590956501e+00 4.983649010021075298e+00 4.983349310376094188e+00 4.982892465836046725e+00 4.982222130281225070e+00 4.981290746101421973e+00 4.980089831345290818e+00 4.978686652587556161e+00 4.977231994102552903e+00 4.975885379866990199e+00 4.974677615096591232e+00 4.973479107958596046e+00 4.972035892160184822e+00 4.969996525506116036e+00 4.966919641236006377e+00 4.962287672276583628e+00 4.955451916932580581e+00 4.945289683106976142e+00 4.929473571210469807e+00 4.903633545813340433e+00 4.859722972859343848e+00 4.783435012873486158e+00 4.654356985599088503e+00 4.449332997978488358e+00 4.160763416557436756e+00 3.757600253099747434e+00 5.343850382633058338e+00 7.666671506064776764e+00 1.150500168794369138e+01 1.345285166475924932e+01 1.311379546450373468e+01 7.109761588887354655e+00 1.000000000000000020e+30 1.000000000000000020e+30 1.000000000000000020e+30 1.000000000000000020e+30 1.000000000000000020e+30 1.000000000000000020e+30 1.000000000000000020e+30 1.000000000000000020e+30 1.000000000000000020e+30 1.000000000000000020e+30 1.000000000000000020e+30 1.000000000000000020e+30 1.000000000000000020e+30 1.000000000000000020e+30 1.000000000000000020e+30 1.000000000000000020e+30 1.000000000000000020e+30 1.000000000000000020e+30 1.000000000000000020e+30
4.984110231804277369e+00 4.984095732147616253e+00 4.984063917131392962e+00 4.984008326064092387e+00 4.983917044665476581e+00 4.983769542537290320e+00 4.983531627154299315e+00 4.983148286402347082e+00 4.982535392708594024e+00 4.981573965221493872e+00 4.980115724340596906e+00 4.978016046462362176e+00 4.975214234265268765e+00 4.971857378570589958e+00 4.968373807002176790e+00 4.965282305901658866e+00 4.962719233619795389e+00 4.960416981745471965e+00 4.957887544215412667e+00 4.954531905764335775e+00 4.949694680430490656e+00 4.942860841653750725e+00 4.933882577950281068e+00 4.922548842543414516e+00 4.907201259750366695e+00 4.884757683567603870e+00 4.850197000528988944e+00 4.792845013052569492e+00 4.702508037970200228e+00 4.565145231884114807e+00 4.422888596794748217e+00 4.413998481377162442e+00 7.304289222110522672e+00 1.141677799399128190e+01 1.410217638325634226e+01 1.489770941201661714e+01 1.325590693751677840e+01 7.735596963601120812e+00 1.000000000000000020e+30 1.000000000000000020e+30 1.000000000000000020e+30 1.000000000000000020e+30 1.000000000000000020e+30 1.000000000000000020e+30 1.000000000000000020e+30 1.000000000000000020e+30 1.000000000000000020e+30 1.000000000000000020e+30 1.000000000000000020e+30 1.000000000000000020e+30 1.000000000000000020e+30 1.000000000000000020e+30 1.000000000000000020e+30 1.000000000000000020e+30 1.000000000000000020e+30 1.000000000000000020e+30 1.000000000000000020e+30
4.984057280738634965e+00 4.984028488475378715e+00 4.983965512233905493e+00 4.983855718543900082e+00 4.983675459553324139e+00 4.983383344429155315e+00 4.982908857330198060e+00 4.982134759541774649e+00 4.980873619389867279e+00 4.978844266709165467e+00 4.975666428563848775e+00 4.970916559046329120e+00 4.964320298624095074e+00 4.956133922750255216e+00 4.947515779633399724e+00 4.940100937995589803e+00 4.934237159607605783e+00 4.929184519683460053e+00 4.923824416812982996e+00 4.916920632189703433e+00 4.907128605052372805e+00 4.893630728224752424e+00 4.877443983903436475e+00 4.861097697286080432e+00 4.843967310856139186e+00 4.824978900440774154e+00 4.805629647258521153e+00 4.772361776313400306e+00 4.735971965468445788e+00 4.655998772906282390e+00 4.653672832201078080e+00 5.553436479030506412e+00 1.010193584002408684e+01 1.341607401692823309e+01 1.537749537280520506e+01 1.532103238748589824e+01 1.280227161770873145e+01 8.228429458399377339e+00 1.000000000000000020e+30 1.000000000000000020e+30 1.000000000000000020e+30 1.000000000000000020e+30 1.000000000000000020e+30 1.000000000000000020e+30 1.000000000000000020e+30 1.000000000000000020e+30 1.000000000000000020e+30 1.000000000000000020e+30 1.000000000000000020e+30 1.000000000000000020e+30 1.000000000000000020e+30 1.000000000000000020e+30 1.000000000000000020e+30 1.000000000000000020e+30 1.000000000000000020e+30 1.000000000000000020e+30 1.000000000000000020e+30
4.983956596567175268e+00 4.983898288894857309e+00 4.983771197633481975e+00 4.983550001198211454e+00 4.983186713522409050e+00 4.982596890327489092e+00 4.981635387764452361e+00 4.980056311341279240e+00 4.977453742479275078e+00 4.973188617628495400e+00 4.966332385624758317e+00 4.955723236955253519e+00 4.940362874552362449e+00 4.920470479292954558e+00 4.899030292099681994e+00 4.881333142889823229e+00 4.867982479016054853e+00 4.856735322409793554e+00 4.845004413266054577e+00 4.830287801640213097e+00 4.809574892796203649e+00 4.780772345554356484e+00 4.747843490703837155e+00 4.723428127283020750e+00 4.708777036374186764e+00 4.706174994445390780e+00 4.745539001086502395e+00 4.769635575148601703e+00 4.893191091330373332e+00 4.847205867678347602e+00 4.387616121530188984e+00 7.960756353693302145e+00 1.109847187376298194e+01 1.360025931406167743e+01 1.559528877196853003e+01 1.509479461020879931e+01 1.142447255823546115e+01 1.000000000000000020e+30 1.000000000000000020e+30 1.000000000000000020e+30 1.000000000000000020e+30 1.000000000000000020e+30 1.000000000000000020e+30 1.000000000000000020e+30 1.000000000000000020e+30 1.000000000000000020e+30 1.000000000000000020e+30 1.000000000000000020e+30 1.000000000000000020e+30 1.000000000000000020e+30 1.000000000000000020e+30 1.000000000000000020e+30 1.000000000000000020e+30 1.000000000000000020e+30 1.000000000000000020e+30 1.000000000000000020e+30 1.000000000000000020e+30
4.983766262068627384e+00 4.983645278397730749e+00 4.983382841162211641e+00 4.982926254694088897e+00 4.982174428001957089e+00 4.980950735417343900e+00 4.978955008949757399e+00 4.975680654841670325e+00 4.970281628387718698e+00 4.961383638055755441e+00 4.946872989516432284e+00 4.923824616034426782e+00 4.889111391295873688e+00 4.841836906499598747e+00 4.788880034825209187e+00 4.748184626527038432e+00 4.719366338605718525e+00 4.695481036921990814e+00 4.670908156192633776e+00 4.641234999456461452e+00 4.600016567776347820e+00 4.540049910360391294e+00 4.469685885248075863e+00 4.439750361162694503e+00 4.451534632279323667e+00 4.497193550037684062e+00 4.766355219328103132e+00 4.880820988534343208e+00 5.643034779986314753e+00 6.043655993829212925e+00 6.815127207825533162e+00 8.110283570177962531e+00 9.733914903490228809e+00 1.123512233513680236e+01 1.531427423956522027e+01 1.539876344818659248e+01 1.186352560033597214e+01 1.000000000000000020e+30 1.000000000000000020e+30 1.000000000000000020e+30 1.000000000000000020e+30 1.000000000000000020e+30 1.000000000000000020e+30 1.000000000000000020e+30 1.000000000000000020e+30 1.000000000000000020e+30 1.000000000000000020e+30 1.000000000000000020e+30 1.000000000000000020e+30 1.000000000000000020e+30 1.000000000000000020e+30 1.000000000000000020e+30 1.000000000000000020e+30 1.000000000000000020e+30 1.000000000000000020e+30 1.000000000000000020e+30 1.000000000000000020e+30
4.983408450934552647e+00 4.983149316339984480e+00 4.982592485856195630e+00 4.981623455347468088e+00 4.980019342688907891e+00 4.977397985124932589e+00 4.973132303470675808e+00 4.966200327167673123e+00 4.954925555461933584e+00 4.936564424452556388e+00 4.906741698532444573e+00 4.858875726817556640e+00 4.784507060803478318e+00 4.676988083954705111e+00 4.547309842989769813e+00 4.460464142141756128e+00 4.404490632430538177e+00 4.358389998080876460e+00 4.311623244907138108e+00 4.258266185892812139e+00 4.187127293345828782e+00 4.068001147544156204e+00 3.894067047482249855e+00 3.880138278319035461e+00 4.006550680321228519e+00 4.068016086669454801e+00 5.295737491561633981e+00 8.440442329457320980e+00 1.211648411466092234e+01 1.297433349750897236e+01 1.117064463175031008e+01 1.121038087945888329e+01 1.294895921436729402e+01 1.211866910432621935e+01 1.617360010371601220e+01 1.675214354694580265e+01 1.438942438436279936e+01 1.040602027597857315e+01 1.000000000000000020e+30 1.000000000000000020e+30 1.000000000000000020e+30 1.000000000000000020e+30 1.000000000000000020e+30 1.000000000000000020e+30 1.000000000000000020e+30 1.000000000000000020e+30 1.000000000000000020e+30 1.000000000000000020e+30 1.000000000000000020e+30 1.000000000000000020e+30 1.000000000000000020e+30 1.000000000000000020e+30 1.000000000000000020e+30 1.000000000000000020e+30 1.000000000000000020e+30 1.000000000000000020e+30 1.000000000000000020e+30
4.982742482000561246e+00 4.982164208977542863e+00 4.980948543827779851e+00 4.978837571617718893e+00 4.975321916306543635e+00 4.969550383339912614e+00 4.960203278354786249e+00 4.945279688743483781e+00 4.921677618398065945e+00 4.884427518231222898e+00 4.825537741873832331e+00 4.732249090433378491e+00 4.585747139768415082e+00 4.359262897492640398e+00 4.037808954742475365e+00 3.877481948954736968e+00 3.787783182240547220e+00 3.710909435831543757e+00 3.602647089479766862e+00 3.505477446797954144e+00 3.399704314964813179e+00 3.223356209767528124e+00 2.728452443845064135e+00 2.852833213009636548e+00 3.553735124622523500e+00 5.791201481150594965e+00 9.194051623526634742e+00 1.505453937919420504e+01 1.855430644026789011e+01 1.971727477394810180e+01 1.900995386308137469e+01 1.775371034426806460e+01 1.597324885984491516e+01 1.389285852717101122e+01 1.791603961593807526e+01 1.852051870070601680e+01 1.611054309900005066e+01 1.117221586935603383e+01 1.000000000000000020e+30 1.000000000000000020e+30 1.000000000000000020e+30 1.000000000000000020e+30 1.000000000000000020e+30 1.000000000000000020e+30 1.000000000000000020e+30 1.000000000000000020e+30 1.000000000000000020e+30 1.000000000000000020e+30 1.000000000000000020e+30 1.000000000000000020e+30 1.000000000000000020e+30 1.000000000000000020e+30 1.000000000000000020e+30 1.000000000000000020e+30 1.000000000000000020e+30 1.000000000000000020e+30 1.000000000000000020e+30
4.981533586661213597e+00 4.980173319218258676e+00 4.977452027294280157e+00 4.972772273660394760e+00 4.964960409274929098e+00 4.952106437005978634e+00 4.931455208679063951e+00 4.899283915411996482e+00 4.850412325877763386e+00 4.776908211974218332e+00 4.666323500949092207e+00 4.497984197530737305e+00 4.242894781622434941e+00 3.835466282738954291e+00 2.979794301277586932e+00 2.784020491165350553e+00 2.655752979121687396e+00 2.506239354731466307e+00 2.343302037512546843e+00 2.234745628904560633e+00 2.163476946730801931e+00 2.187698321767946652e+00 2.736754955163327008e+00 3.348386522172554169e+00 4.863782457364036027e+00 8.473650951432700751e+00 1.547169906911995163e+01 2.091625863083925907e+01 2.416470176097768530e+01 2.534321888657357036e+01 2.459518159642491142e+01 2.211066959004581634e+01 1.680046639564309530e+01 1.658595571987020634e+01 2.066640326589724452e+01 2.083616497110764598e+01 1.793547669021223356e+01 1.227522808134489374e+01 1.000000000000000020e+30 1.000000000000000020e+30 1.000000000000000020e+30 1.000000000000000020e+30 1.000000000000000020e+30 1.000000000000000020e+30 1.000000000000000020e+30 1.000000000000000020e+30 1.000000000000000020e+30 1.000000000000000020e+30 1.000000000000000020e+30 1.000000000000000020e+30 1.000000000000000020e+30 1.000000000000000020e+30 1.000000000000000020e+30 1.000000000000000020e+30 1.000000000000000020e+30 1.000000000000000020e+30 1.000000000000000020e+30
4.979489036157714210e+00 4.976060383829386424e+00 4.969877634019701951e+00 4.959470804018645040e+00 4.942221456852424311e+00 4.913944763034609586e+00 4.869077119040672308e+00 4.801309409971183051e+00 4.703494990484053062e+00 4.564958916538249589e+00 4.369992678663706442e+00 4.086336065022595498e+00 3.701712719306258670e+00 3.302741578848694015e+00 2.598743586465479094e+00 2.803847130505948471e+00 2.741155297597023921e+00 2.591689595945770197e+00 2.426643661746175074e+00 2.318535126537538904e+00 2.263898394055468888e+00 2.287867916896668241e+00 2.575100431153723335e+00 3.437467233166238145e+00 6.419612788745448384e+00 1.509206230295484374e+01 2.213331184880741276e+01 2.679380067337103810e+01 2.947064280222454258e+01 3.061127577795139487e+01 2.969229456737425110e+01 2.700143154518312372e+01 2.157202764661143846e+01 2.393537698699464755e+01 2.503123331250095163e+01 2.384981157486638281e+01 2.015579878917318979e+01 1.376550554625556089e+01 1.000000000000000020e+30 1.000000000000000020e+30 1.000000000000000020e+30 1.000000000000000020e+30 1.000000000000000020e+30 1.000000000000000020e+30 1.000000000000000020e+30 1.000000000000000020e+30 1.000000000000000020e+30 1.000000000000000020e+30 1.000000000000000020e+30 1.000000000000000020e+30 1.000000000000000020e+30 1.000000000000000020e+30 1.000000000000000020e+30 1.000000000000000020e+30 1.000000000000000020e+30 1.000000000000000020e+30 1.000000000000000020e+30
4.976758308823738375e+00 4.967275418050375535e+00 4.953318419304710396e+00 4.930497094479026288e+00 4.893504306261303505e+00 4.833650490859278115e+00 4.740318139244124040e+00 4.604504759232312949e+00 4.420878547257599323e+00 4.177930046154245680e+00 3.841439620343576333e+00 3.329790463037133108e+00 2.540082764460030784e+00 2.285764422972360599e+00 2.525447018187485071e+00 2.571547010729331895e+00 2.488740971263026847e+00 2.359645375763976372e+00 2.185525880256920850e+00 2.081702850046085462e+00 2.022497792553113349e+00 2.041297827955069089e+00 2.330491163342923056e+00 4.719083637674220455e+00 2.079953082094506911e+01 2.806094063303364194e+01 3.454795212063550736e+01 3.938649184064658471e+01 4.413786916462340315e+01 3.812867585462138464e+01 3.564501304065622378e+01 3.329918396726379370e+01 3.099109916005086163e+01 3.043766823501598040e+01 2.947947011752252422e+01 2.711245374717875123e+01 2.278526299047469905e+01 1.594306002648281684e+01 1.000000000000000020e+30 1.000000000000000020e+30 1.000000000000000020e+30 1.000000000000000020e+30 1.000000000000000020e+30 1.000000000000000020e+30 1.000000000000000020e+30 1.000000000000000020e+30 1.000000000000000020e+30 1.000000000000000020e+30 1.000000000000000020e+30 1.000000000000000020e+30 1.000000000000000020e+30 1.000000000000000020e+30 1.000000000000000020e+30 1.000000000000000020e+30 1.000000000000000020e+30 1.000000000000000020e+30 1.000000000000000020e+30
1.000000000000000020e+30 4.947125785386747410e+00 4.917362071602070728e+00 4.868762013287762258e+00 4.793468299521484788e+00 4.674606269938559322e+00 4.492961513286897635e+00 4.239101809595310577e+00 3.910095644731362174e+00 3.430769696200347330e+00 2.951878407178329056e+00 2.127396366817275730e+00 2.321011436502207204e+00 2.276507800106085888e+00 2.293076618094403329e+00 2.206302191632991239e+00 2.095455362757493667e+00 1.969317413423113283e+00 1.991409281604354931e+00 1.977315421551751884e+00 1.000000000000000020e+30 2.089885047258176698e+00 3.428135933874354890e+00 2.041153059920912582e+01 3.186974147888133402e+01 1.000000000000000020e+30 1.000000000000000020e+30 1.000000000000000020e+30 6.631307133632640216e+01 5.511069038858949654e+01 4.244082400842081171e+01 3.896644764081539591e+01 3.687077042652206416e+01 3.531482673947733986e+01 3.326589742346667578e+01 3.018102440435818323e+01 2.570238832911881843e+01 1.979717566698601416e+01 1.355533628643841837e+01 1.000000000000000020e+30 1.000000000000000020e+30 1.000000000000000020e+30 1.000000000000000020e+30 1.000000000000000020e+30 1.000000000000000020e+30 1.000000000000000020e+30 1.000000000000000020e+30 1.000000000000000020e+30 1.000000000000000020e+30 1.000000000000000020e+30 1.000000000000000020e+30 1.000000000000000020e+30 1.000000000000000020e+30 1.000000000000000020e+30 1.000000000000000020e+30 1.000000000000000020e+30 1.000000000000000020e+30
1.000000000000000020e+30 4.922300659576780646e+00 4.842323256032551981e+00 4.741909286856820671e+00 4.599958826330356132e+00 4.383998760046967647e+00 4.058817385648328724e+00 3.584995184131809953e+00 3.037320234764005367e+00 2.000094853585607346e+00 1.488133023390677989e+00 1.955367719710589869e+00 2.031614550073428838e+00 2.005817061875761809e+00 1.966461812070054327e+00 1.993796158325567003e+00 1.977535652579736070e+00 1.000000000000000020e+30 1.000000000000000020e+30 1.000000000000000020e+30 1.000000000000000020e+30 1.000000000000000020e+30 1.000000000000000020e+30 1.000000000000000020e+30 1.000000000000000020e+30 1.000000000000000020e+30 1.000000000000000020e+30 1.000000000000000020e+30 7.975774687845714084e+01 7.194811277575503539e+01 5.714368532284484559e+01 4.349493965709764609e+01 4.082994321289719153e+01 3.876647305544285160e+01 3.613065379768602270e+01 3.257438098808371052e+01 2.783047310178075051e+01 2.171778721941985424e+01 1.421530208079287583e+01 1.000000000000000020e+30 1.000000000000000020e+30 1.000000000000000020e+30 1.000000000000000020e+30 1.000000000000000020e+30 1.000000000000000020e+30 1.000000000000000020e+30 1.000000000000000020e+30 1.000000000000000020e+30 1.000000000000000020e+30 1.000000000000000020e+30 1.000000000000000020e+30 1.000000000000000020e+30 1.000000000000000020e+30 1.000000000000000020e+30 1.000000000000000020e+30 1.000000000000000020e+30 1.000000000000000020e+30
1.000000000000000020e+30 1.000000000000000020e+30 4.677438052916588873e+00 4.492139212265352732e+00 4.253192263455431998e+00 3.900013925351285771e+00 3.333845690256773686e+00 2.338606308498596409e+00 1.766337172707797443e+00 1.948901659402494380e+00 1.910769472661364432e+00 1.956589272603567409e+00 1.000000000000000020e+30 1.000000000000000020e+30 1.000000000000000020e+30 1.000000000000000020e+30 1.000000000000000020e+30 1.000000000000000020e+30 1.000000000000000020e+30 1.000000000000000020e+30 1.000000000000000020e+30 1.000000000000000020e+30 1.000000000000000020e+30 1.000000000000000020e+30 1.000000000000000020e+30 1.000000000000000020e+30 1.000000000000000020e+30 1.000000000000000020e+30 1.000000000000000020e+30 1.000000000000000020e+30 5.969120515870633170e+01 4.812499412746705474e+01 4.363233331730245368e+01 4.100965156708669923e+01 3.803253137724043142e+01 3.414443904612390668e+01 2.913486661836641645e+01 2.272871620922360947e+01 1.471157961010874615e+01 1.000000000000000020e+30 1.000000000000000020e+30 1.000000000000000020e+30 1.000000000000000020e+30 1.000000000000000020e+30 1.000000000000000020e+30 1.000000000000000020e+30 1.000000000000000020e+30 1.000000000000000020e+30 1.000000000000000020e+30 1.000000000000000020e+30 1.000000000000000020e+30 1.000000000000000020e+30 1.000000000000000020e+30 1.000000000000000020e+30 1.000000000000000020e+30 1.000000000000000020e+30 1.000000000000000020e+30
1.000000000000000020e+30 1.000000000000000020e+30 4.493134758889734570e+00 4.018582825023473859e+00 3.624566817711699862e+00 3.079085627862034436e+00 2.197080544099725863e+00 2.193925081824037449e+00 1.968960054428023687e+00 1.960698373466160271e+00 1.000000000000000020e+30 1.000000000000000020e+30 1.000000000000000020e+30 1.000000000000000020e+30 1.000000000000000020e+30 1.000000000000000020e+30 1.000000000000000020e+30 1.000000000000000020e+30 1.000000000000000020e+30 1.000000000000000020e+30 1.000000000000000020e+30 1.000000000000000020e+30 1.000000000000000020e+30 1.000000000000000020e+30 1.000000000000000020e+30 1.000000000000000020e+30 1.000000000000000020e+30 1.000000000000000020e+30 1.000000000000000020e+30 1.000000000000000020e+30 1.000000000000000020e+30 5.330823265108450926e+01 4.613366215906459189e+01 4.242889110859341173e+01 3.898694753899415844e+01 3.484380301331903240e+01 2.965204452985206629e+01 2.304549895983621610e+01 1.485751128656407261e+01 1.000000000000000020e+30 1.000000000000000020e+30 1.000000000000000020e+30 1.000000000000000020e+30 1.000000000000000020e+30 1.000000000000000020e+30 1.000000000000000020e+30 1.000000000000000020e+30 1.000000000000000020e+30 1.000000000000000020e+30 1.000000000000000020e+30 1.000000000000000020e+30 1.000000000000000020e+30 1.000000000000000020e+30 1.000000000000000020e+30 1.000000000000000020e+30 1.000000000000000020e+30 1.000000000000000020e+30
1.000000000000000020e+30 1.000000000000000020e+30 1.000000000000000020e+30 3.005393051241476599e+00 2.695379852815765087e+00 1.879763657095931961e+00 2.040789915061677284e+00 1.998989071291277231e+00 1.964366497857969796e+00 1.000000000000000020e+30 1.000000000000000020e+30 1.000000000000000020e+30 1.000000000000000020e+30 1.000000000000000020e+30 1.000000000000000020e+30 1.000000000000000020e+30 1.000000000000000020e+30 1.000000000000000020e+30 1.000000000000000020e+30 1.000000000000000020e+30 1.000000000000000020e+30 1.000000000000000020e+30 1.000000000000000020e+30 1.000000000000000020e+30 1.000000000000000020e+30 1.000000000000000020e+30 1.000000000000000020e+30 1.000000000000000020e+30 1.000000000000000020e+30 1.000000000000000020e+30 1.000000000000000020e+30 1.000000000000000020e+30 5.127834311898578079e+01 4.420932160180512227e+01 3.933390823290535110e+01 3.457275793706063638e+01 2.937449904991780869e+01 2.261448140944319363e+01 1.456154012763985151e+01 1.000000000000000020e+30 1.000000000000000020e+30 1.000000000000000020e+30 1.000000000000000020e+30 1.000000000000000020e+30 1.000000000000000020e+30 1.000000000000000020e+30 1.000000000000000020e+30 1.000000000000000020e+30 1.000000000000000020e+30 1.000000000000000020e+30 1.000000000000000020e+30 1.000000000000000020e+30 1.000000000000000020e+30 1.000000000000000020e+30 1.000000000000000020e+30 1.000000000000000020e+30 1.000000000000000020e+30
1.000000000000000020e+30 1.000000000000000020e+30 1.000000000000000020e+30 1.701119097127359092e+00 1.508005201721112520e+00 1.900983999424881832e+00 1.966165745298491752e+00 1.963775317080689531e+00 1.000000000000000020e+30 1.000000000000000020e+30 1.000000000000000020e+30 1.000000000000000020e+30 1.000000000000000020e+30 1.000000000000000020e+30 1.000000000000000020e+30 1.000000000000000020e+30 1.000000000000000020e+30 1.000000000000000020e+30 1.000000000000000020e+30 1.000000000000000020e+30 1.000000000000000020e+30 1.000000000000000020e+30 1.000000000000000020e+30 1.000000000000000020e+30 1.000000000000000020e+30 1.000000000000000020e+30 1.000000000000000020e+30 1.000000000000000020e+30 1.000000000000000020e+30 1.000000000000000020e+30 1.000000000000000020e+30 1.000000000000000020e+30 1.000000000000000020e+30 4.900849469490130872e+01 4.055243786573293363e+01 3.350487646349269255e+01 2.839289844905249893e+01 2.110624081061834190e+01 1.372903966341666226e+01 1.000000000000000020e+30 1.000000000000000020e+30 1.000000000000000020e+30 1.000000000000000020e+30 1.000000000000000020e+30 1.000000000000000020e+30 1.000000000000000020e+30 1.000000000000000020e+30 1.000000000000000020e+30 1.000000000000000020e+30 1.000000000000000020e+30 1.000000000000000020e+30 1.000000000000000020e+30 1.000000000000000020e+30 1.000000000000000020e+30 1.000000000000000020e+30 1.000000000000000020e+30 1.000000000000000020e+30
1.000000000000000020e+30 1.000000000000000020e+30 1.000000000000000020e+30 1.000000000000000020e+30 1.932534465801617252e+00 1.953462293783861714e+00 1.959389165582175574e+00 1.000000000000000020e+30 1.000000000000000020e+30 1.000000000000000020e+30 1.000000000000000020e+30 1.000000000000000020e+30 1.000000000000000020e+30 1.000000000000000020e+30 1.000000000000000020e+30 1.000000000000000020e+30 1.000000000000000020e+30 1.000000000000000020e+30 1.000000000000000020e+30 1.000000000000000020e+30 1.000000000000000020e+30 1.000000000000000020e+30 1.000000000000000020e+30 1.000000000000000020e+30 1.000000000000000020e+30 1.000000000000000020e+30 1.000000000000000020e+30 1.000000000000000020e+30 1.000000000000000020e+30 1.000000000000000020e+30 1.000000000000000020e+30 1.000000000000000020e+30 1.000000000000000020e+30 1.000000000000000020e+30 4.255783210377845904e+01 3.284039360463553692e+01 2.771322252226247329e+01 1.731485923281335815e+01 1.246048180822868723e+01 1.000000000000000020e+30 1.000000000000000020e+30 1.000000000000000020e+30 1.000000000000000020e+30 1.000000000000000020e+30 1.000000000000000020e+30 1.000000000000000020e+30 1.000000000000000020e+30 1.000000000000000020e+30 1.000000000000000020e+30 1.000000000000000020e+30 1.000000000000000020e+30 1.000000000000000020e+30 1.000000000000000020e+30 1.000000000000000020e+30 1.000000000000000020e+30 1.000000000000000020e+30 1.000000000000000020e+30
1.000000000000000020e+30 1.000000000000000020e+30 1.000000000000000020e+30 1.000000000000000020e+30 1.957504119262816200e+00 1.000000000000000020e+30 1.000000000000000020e+30 1.000000000000000020e+30 1.000000000000000020e+30 1.000000000000000020e+30 1.000000000000000020e+30 1.000000000000000020e+30 1.000000000000000020e+30 1.000000000000000020e+30 1.000000000000000020e+30 1.000000000000000020e+30 1.000000000000000020e+30 1.000000000000000020e+30 1.000000000000000020e+30 1.000000000000000020e+30 1.000000000000000020e+30 1.000000000000000020e+30 1.000000000000000020e+30 1.000000000000000020e+30 1.000000000000000020e+30 1.000000000000000020e+30 1.000000000000000020e+30 1.000000000000000020e+30 1.000000000000000020e+30 1.000000000000000020e+30 1.000000000000000020e+30 1.000000000000000020e+30 1.000000000000000020e+30 1.000000000000000020e+30 1.000000000000000020e+30 3.352691810133422479e+01 3.131506531167068630e+01 1.000000000000000020e+30 1.000000000000000020e+30 1.000000000000000020e+30 1.000000000000000020e+30 1.000000000000000020e+30 1.000000000000000020e+30 1.000000000000000020e+30 1.000000000000000020e+30 1.000000000000000020e+30 1.000000000000000020e+30 1.000000000000000020e+30 1.000000000000000020e+30 1.000000000000000020e+30 1.000000000000000020e+30 1.000000000000000020e+30 1.000000000000000020e+30 1.000000000000000020e+30 1.000000000000000020e+30 1.000000000000000020e+30 1.000000000000000020e+30
