1.000000000000000020e+30 1.000000000000000020e+30 1.000000000000000020e+30 1.000000000000000020e+30 1.000000000000000020e+30 1.000000000000000020e+30 1.000000000000000020e+30 1.000000000000000020e+30 1.000000000000000020e+30 1.000000000000000020e+30 1.000000000000000020e+30 1.000000000000000020e+30 1.000000000000000020e+30 1.000000000000000020e+30 1.000000000000000020e+30 1.000000000000000020e+30 1.000000000000000020e+30 1.000000000000000020e+30 1.000000000000000020e+30 1.000000000000000020e+30 1.000000000000000020e+30 1.000000000000000020e+30 1.000000000000000020e+30 1.000000000000000020e+30 1.000000000000000020e+30 1.000000000000000020e+30 1.000000000000000020e+30 1.000000000000000020e+30 1.000000000000000020e+30 1.000000000000000020e+30 1.000000000000000020e+30 1.000000000000000020e+30 1.000000000000000020e+30 1.000000000000000020e+30 1.000000000000000020e+30 1.000000000000000020e+30 1.000000000000000020e+30 1.000000000000000020e+30 1.000000000000000020e+30 1.000000000000000020e+30 1.000000000000000020e+30 1.000000000000000020e+30 1.000000000000000020e+30 1.000000000000000020e+30 1.000000000000000020e+30 1.000000000000000020e+30 1.000000000000000020e+30 1.000000000000000020e+30 1.000000000000000020e+30 1.000000000000000020e+30 1.000000000000000020e+30 1.000000000000000020e+30 1.000000000000000020e+30 1.000000000000000020e+30 1.000000000000000020e+30 1.000000000000000020e+30 1.000000000000000020e+30
1.000000000000000020e+30 1.000000000000000020e+30 1.000000000000000020e+30 1.000000000000000020e+30 1.000000000000000020e+30 1.000000000000000020e+30 1.000000000000000020e+30 1.000000000000000020e+30 1.000000000000000020e+30 1.000000000000000020e+30 1.000000000000000020e+30 1.000000000000000020e+30 1.000000000000000020e+30 1.000000000000000020e+30 1.000000000000000020e+30 1.000000000000000020e+30 1.000000000000000020e+30 1.000000000000000020e+30 1.000000000000000020e+30 1.000000000000000020e+30 1.000000000000000020e+30 1.000000000000000020e+30 1.000000000000000020e+30 1.000000000000000020e+30 1.000000000000000020e+30 1.000000000000000020e+30 1.000000000000000020e+30 8.765192248093526928e+00 8.765192620269562696e+00 8.765193043397060180e+00 8.765193495942039448e+00 8.765194022438516086e+00 8.765194679596922001e+00 8.765195519998915330e+00 8.765196585139934271e+00 8.765197906264004857e+00 8.765199514236631018e+00 8.765201455423504484e+00 8.765203796413723936e+00 8.765206581079219461e+00 8.765209700949903038e+00 8.765212699738482272e+00 8.765214687281865480e+00 1.000000000000000020e+30 1.000000000000000020e+30 1.000000000000000020e+30 1.000000000000000020e+30 1.000000000000000020e+30 1.000000000000000020e+30 1.000000000000000020e+30 1.000000000000000020e+30 1.000000000000000020e+30 1.000000000000000020e+30 1.000000000000000020e+30 1.000000000000000020e+30 1.000000000000000020e+30 1.000000000000000020e+30
1.000000000000000020e+30 1.000000000000000020e+30 1.000000000000000020e+30 1.000000000000000020e+30 1.000000000000000020e+30 1.000000000000000020e+30 1.000000000000000020e+30 1.000000000000000020e+30 1.000000000000000020e+30 1.000000000000000020e+30 1.000000000000000020e+30 1.000000000000000020e+30 1.000000000000000020e+30 1.000000000000000020e+30 1.000000000000000020e+30 1.000000000000000020e+30 1.000000000000000020e+30 1.000000000000000020e+30 1.000000000000000020e+30 1.000000000000000020e+30 1.000000000000000020e+30 1.000000000000000020e+30 1.000000000000000020e+30 1.000000000000000020e+30 8.765185631078100670e+00 8.765187706924676192e+00 8.765189676016007070e+00 8.765191351231109707e+00 8.765192291053837792e+00 8.765193014611552869e+00 8.765193722075967031e+00 8.765194544104128127e+00 8.765195590082582200e+00 8.765196951848640339e+00 8.765198696981064685e+00 8.765200867478975866e+00 8.765203497968554913e+00 8.765206660079289946e+00 8.765210508632204522e+00 8.765215246994149112e+00 8.765220882747248865e+00 8.765226723415700860e+00 8.765230931814590676e+00 8.765231314743665791e+00 8.765213877361025752e+00 8.765178954163300062e+00 8.765131607280764570e+00 8.765085895511873559e+00 1.000000000000000020e+30 1.000000000000000020e+30 1.000000000000000020e+30 1.000000000000000020e+30 1.000000000000000020e+30 1.000000000000000020e+30 1.000000000000000020e+30 1.000000000000000020e+30 1.000000000000000020e+30
1.000000000000000020e+30 1.000000000000000020e+30 1.000000000000000020e+30 1.000000000000000020e+30 1.000000000000000020e+30 1.000000000000000020e+30 1.000000000000000020e+30 1.000000000000000020e+30 1.000000000000000020e+30 1.000000000000000020e+30 1.000000000000000020e+30 1.000000000000000020e+30 1.000000000000000020e+30 1.000000000000000020e+30 1.000000000000000020e+30 1.000000000000000020e+30 1.000000000000000020e+30 1.000000000000000020e+30 1.000000000000000020e+30 1.000000000000000020e+30 1.000000000000000020e+30 8.765141613174549207e+00 8.765154773868458093e+00 8.765167534368638158e+00 8.765178618849361669e+00 8.765184259859330140e+00 8.765187727779862215e+00 8.765190063723053981e+00 8.765191676689052969e+00 8.765192979445215471e+00 8.765194280997492982e+00 8.765195838009779195e+00 8.765197880662633168e+00 8.765200606651957216e+00 8.765204155393291785e+00 8.765208588136589540e+00 8.765213919057673664e+00 8.765220243303309289e+00 8.765227938607912606e+00 8.765237736098537624e+00 8.765250229539063298e+00 8.765264396640686684e+00 8.765275362654010749e+00 8.765273041180103419e+00 8.765243385403344689e+00 8.765180540230593564e+00 8.765088191659279104e+00 8.764968335843306591e+00 8.764807423192053193e+00 1.000000000000000020e+30 1.000000000000000020e+30 1.000000000000000020e+30 1.000000000000000020e+30 1.000000000000000020e+30 1.000000000000000020e+30 1.000000000000000020e+30 1.000000000000000020e+30
1.000000000000000020e+30 1.000000000000000020e+30 1.000000000000000020e+30 1.000000000000000020e+30 1.000000000000000020e+30 1.000000000000000020e+30 1.000000000000000020e+30 1.000000000000000020e+30 1.000000000000000020e+30 1.000000000000000020e+30 1.000000000000000020e+30 1.000000000000000020e+30 1.000000000000000020e+30 1.000000000000000020e+30 1.000000000000000020e+30 1.000000000000000020e+30 1.000000000000000020e+30 1.000000000000000020e+30 8.764884675902894884e+00 8.764954422623278063e+00 8.765026594125503223e+00 8.765094168322667301e+00 8.765129667375703093e+00 8.765152209997975064e+00 8.765167435816747954e+00 8.765177129735118200e+00 8.765183367144272708e+00 8.765187512690214788e+00 8.765190460881550294e+00 8.765192900166233869e+00 8.765195404945663071e+00 8.765198504263791435e+00 8.765202708569272971e+00 8.765208478504572298e+00 8.765216136868675179e+00 8.765225770549671225e+00 8.765237248730949560e+00 8.765250542373937748e+00 8.765266409107917767e+00 8.765287008050378859e+00 8.765315190339073581e+00 8.765350795593663591e+00 8.765383727308577733e+00 8.765388556129501296e+00 8.765331688937939347e+00 8.765197330590616787e+00 8.764999130021745799e+00 8.764740551082802256e+00 8.764388606302350837e+00 8.763877636059627108e+00 1.000000000000000020e+30 1.000000000000000020e+30 1.000000000000000020e+30 1.000000000000000020e+30 1.000000000000000020e+30 1.000000000000000020e+30 1.000000000000000020e+30
1.000000000000000020e+30 1.000000000000000020e+30 1.000000000000000020e+30 1.000000000000000020e+30 1.000000000000000020e+30 1.000000000000000020e+30 1.000000000000000020e+30 1.000000000000000020e+30 1.000000000000000020e+30 1.000000000000000020e+30 1.000000000000000020e+30 1.000000000000000020e+30 1.000000000000000020e+30 1.000000000000000020e+30 1.000000000000000020e+30 1.000000000000000020e+30 8.764039898991795141e+00 8.764289127762488363e+00 8.764609175227262128e+00 8.764792822944517781e+00 8.764920182422208939e+00 8.765012868596270934e+00 8.765075267008962001e+00 8.765116982891184350e+00 8.765144712539242988e+00 8.765162844058242086e+00 8.765174644812452343e+00 8.765182470600731079e+00 8.765188031681566017e+00 8.765192658315445584e+00 8.765197505414109358e+00 8.765203701250740664e+00 8.765212408356276796e+00 8.765224744432590143e+00 8.765241524963208519e+00 8.765262893211852813e+00 8.765288150610400564e+00 8.765316405638264641e+00 8.765348579176238886e+00 8.765390056687010656e+00 8.765450624142387070e+00 8.765536056434921619e+00 8.765628101683674345e+00 8.765664144633921850e+00 8.765552637176817541e+00 8.765253783721172809e+00 8.764827074568254162e+00 8.764298368302030795e+00 8.763589425184738602e+00 8.762486114255391811e+00 8.760488240675451621e+00 8.758698273411598123e+00 1.000000000000000020e+30 1.000000000000000020e+30 1.000000000000000020e+30 1.000000000000000020e+30 1.000000000000000020e+30
1.000000000000000020e+30 1.000000000000000020e+30 1.000000000000000020e+30 1.000000000000000020e+30 1.000000000000000020e+30 1.000000000000000020e+30 1.000000000000000020e+30 1.000000000000000020e+30 1.000000000000000020e+30 1.000000000000000020e+30 1.000000000000000020e+30 1.000000000000000020e+30 1.000000000000000020e+30 1.000000000000000020e+30 1.000000000000000020e+30 8.762147761399956991e+00 8.763018447711845127e+00 8.763613607271839356e+00 8.764079877332795476e+00 8.764420270593845430e+00 8.764666357439837796e+00 8.764841673687413959e+00 8.764963011667536108e+00 8.765045029470497795e+00 8.765099363155488987e+00 8.765134752209879920e+00 8.765157628467722617e+00 8.765172642950203041e+00 8.765183194981862158e+00 8.765191938092211643e+00 8.765201228987647752e+00 8.765213486341560056e+00 8.765231377017665082e+00 8.765257671428262398e+00 8.765294573867372208e+00 8.765342514577627142e+00 8.765399054832661463e+00 8.765459724315499912e+00 8.765523189237585555e+00 8.765600369504481293e+00 8.765719089639164352e+00 8.765907124670428985e+00 8.766138068524448101e+00 8.766263528940154259e+00 8.766038499364094960e+00 8.765365374320087000e+00 8.764456861366529239e+00 8.763416619170762090e+00 8.762103370139154634e+00 8.760167489193012358e+00 8.757098909872187420e+00 8.752483829129534598e+00 8.745326952469923754e+00 1.000000000000000020e+30 1.000000000000000020e+30 1.000000000000000020e+30 1.000000000000000020e+30
1.000000000000000020e+30 1.000000000000000020e+30 1.000000000000000020e+30 1.000000000000000020e+30 1.000000000000000020e+30 1.000000000000000020e+30 1.000000000000000020e+30 1.000000000000000020e+30 1.000000000000000020e+30 1.000000000000000020e+30 1.000000000000000020e+30 1.000000000000000020e+30 1.000000000000000020e+30 1.000000000000000020e+30 8.756934755721513142e+00 8.759219034071881183e+00 8.760805906318967828e+00 8.762004664593748160e+00 8.762929750290721742e+00 8.763624793530539137e+00 8.764131336621305834e+00 8.764489889434118552e+00 8.764736607966852944e+00 8.764902045084749460e+00 8.765010490298340784e+00 8.765080305507103375e+00 8.765124860200979029e+00 8.765153675521496268e+00 8.765173600527100817e+00 8.765189931645585020e+00 8.765207438670410411e+00 8.765231253152204971e+00 8.765267456214854036e+00 8.765322951552915853e+00 8.765403924673330849e+00 8.765512313928029542e+00 8.765641239413950458e+00 8.765774149977646701e+00 8.765896371491272987e+00 8.766022534101844954e+00 8.766219841295100679e+00 8.766579269178629730e+00 8.767079713467639479e+00 8.767391221815895364e+00 8.766902116743287010e+00 8.765404236342373423e+00 8.763528441804343316e+00 8.761543609405144650e+00 8.759136997248521794e+00 8.755566660365696308e+00 8.749693480707566806e+00 8.739910094981869548e+00 8.723961218071494272e+00 8.699312783166403662e+00 1.000000000000000020e+30 1.000000000000000020e+30 1.000000000000000020e+30
1.000000000000000020e+30 1.000000000000000020e+30 1.000000000000000020e+30 1.000000000000000020e+30 1.000000000000000020e+30 1.000000000000000020e+30 1.000000000000000020e+30 1.000000000000000020e+30 1.000000000000000020e+30 1.000000000000000020e+30 1.000000000000000020e+30 1.000000000000000020e+30 1.000000000000000020e+30 8.743201470031669587e+00 8.748961403041915830e+00 8.752878809902680857e+00 8.755975805409214274e+00 8.758498927047826399e+00 8.760478931924103208e+00 8.761962659340442272e+00 8.763032553734461771e+00 8.763779659833145885e+00 8.764286651416384188e+00 8.764621867614838635e+00 8.764838483585078777e+00 8.764975939923440151e+00 8.765062368323345510e+00 8.765117350066411461e+00 8.765154636069084404e+00 8.765184670953212631e+00 8.765216924481849858e+00 8.765262056251183154e+00 8.765333683409792798e+00 8.765448816539230137e+00 8.765624867094423678e+00 8.765870369721032063e+00 8.766169227361508831e+00 8.766469311869654391e+00 8.766703431158607174e+00 8.766864521453538117e+00 8.767087471365714535e+00 8.767611744864549195e+00 8.768463402973162957e+00 8.768968645366415515e+00 8.767773763645815066e+00 8.764608273668018867e+00 8.760993874161796313e+00 8.757418868517044430e+00 8.753154618008640142e+00 8.746619179279003120e+00 8.735255585405399259e+00 8.715034412217484316e+00 8.679997687142309459e+00 8.623017701562174508e+00 8.539464472281842689e+00 1.000000000000000020e+30 1.000000000000000020e+30
1.000000000000000020e+30 1.000000000000000020e+30 1.000000000000000020e+30 1.000000000000000020e+30 1.000000000000000020e+30 1.000000000000000020e+30 1.000000000000000020e+30 1.000000000000000020e+30 1.000000000000000020e+30 1.000000000000000020e+30 1.000000000000000020e+30 1.000000000000000020e+30 8.706485847089748376e+00 8.721750070334543636e+00 8.731251028880734566e+00 8.738582159581563147e+00 8.745204821234841219e+00 8.750869412006240466e+00 8.755282935587757720e+00 8.758517347288924171e+00 8.760798485647130818e+00 8.762360495312487174e+00 8.763401765403171950e+00 8.764078677275627172e+00 8.764508995483067721e+00 8.764777782976125309e+00 8.764944180335019652e+00 8.765048249285293025e+00 8.765117312504147051e+00 8.765171598018550725e+00 8.765229406717004679e+00 8.765312191627508298e+00 8.765449498075030377e+00 8.765682032016240299e+00 8.766057448778051153e+00 8.766608660188367708e+00 8.767306271448978450e+00 8.768004904691201418e+00 8.768466835060596765e+00 8.768556502965248356e+00 8.768484913257061919e+00 8.768782958290135099e+00 8.769589002974749192e+00 8.769661493750660952e+00 8.766495590708325736e+00 8.760393418208044736e+00 8.754116935018378953e+00 8.748170035252076815e+00 8.740973334439066988e+00 8.729344842923170589e+00 8.707722051470080160e+00 8.666337339974578668e+00 8.589108769565758195e+00 8.454896984506785174e+00 8.266965685777439177e+00 1.000000000000000020e+30 1.000000000000000020e+30
1.000000000000000020e+30 1.000000000000000020e+30 1.000000000000000020e+30 1.000000000000000020e+30 1.000000000000000020e+30 1.000000000000000020e+30 1.000000000000000020e+30 1.000000000000000020e+30 1.000000000000000020e+30 1.000000000000000020e+30 1.000000000000000020e+30 8.597600365366751873e+00 8.646716667368000486e+00 8.673243795536830447e+00 8.689987206266069464e+00 8.704865258730690059e+00 8.720498597757744719e+00 8.734079801673432897e+00 8.744243220678640682e+00 8.751391073443238966e+00 8.756278227877507092e+00 8.759544617158990576e+00 8.761676578836981477e+00 8.763035625759467706e+00 8.763883869404548221e+00 8.764404825626019857e+00 8.764722306202111568e+00 8.764917591403625252e+00 8.765044261950874827e+00 8.765140666995421270e+00 8.765241000695805695e+00 8.765386601307946890e+00 8.765638604031742886e+00 8.766089734556464563e+00 8.766863370744303552e+00 8.768069863082155635e+00 8.769678888330290079e+00 8.771327517562374609e+00 8.772295435428787869e+00 8.771998768603916474e+00 8.770660798234036548e+00 8.769334402744293655e+00 8.768313544144364258e+00 8.765597740923830372e+00 8.757555182933307591e+00 8.746667875688238780e+00 8.736597663777542877e+00 8.727300362261001254e+00 8.715702887012678701e+00 8.695767172802046474e+00 8.655828994964281264e+00 8.573250290601865942e+00 8.406800952422631923e+00 8.080846398016653609e+00 7.415114655325561799e+00 5.929273742545030146e+00 1.000000000000000020e+30
1.000000000000000020e+30 1.000000000000000020e+30 1.000000000000000020e+30 1.000000000000000020e+30 1.000000000000000020e+30 1.000000000000000020e+30 1.000000000000000020e+30 1.000000000000000020e+30 1.000000000000000020e+30 1.000000000000000020e+30 8.184743634121565137e+00 8.409819655460591292e+00 8.512838449289048981e+00 8.559565750330936140e+00 8.589047831220726792e+00 8.621199328587614730e+00 8.662073355279979125e+00 8.696659065074298312e+00 8.720640335206015337e+00 8.736600498157388373e+00 8.747132865566802806e+00 8.753979793363280137e+00 8.758337361834959367e+00 8.761050647623926935e+00 8.762708609861222797e+00 8.763708433346760529e+00 8.764308368885259881e+00 8.764671778842696881e+00 8.764902228470191403e+00 8.765070775730261943e+00 8.765238827264106192e+00 8.765481616332854387e+00 8.765917449413551665e+00 8.766742668695004070e+00 8.768251127909572062e+00 8.770763709322739743e+00 8.774325838807351730e+00 8.778129065214036686e+00 8.780244102566475917e+00 8.778881528514837385e+00 8.774155657349615112e+00 8.768146939352176261e+00 8.761303246682254908e+00 8.750868213091768766e+00 8.732845935683096528e+00 8.711607157483351571e+00 8.694156464194167100e+00 8.679439806028252491e+00 8.661408621614320680e+00 8.628925352879813104e+00 8.558760575840215878e+00 8.403327433199569541e+00 8.085135462902286463e+00 7.522572641909810898e+00 6.539831113569450238e+00 7.125312445612897783e+00 1.000000000000000020e+30
1.000000000000000020e+30 1.000000000000000020e+30 1.000000000000000020e+30 1.000000000000000020e+30 1.000000000000000020e+30 1.000000000000000020e+30 1.000000000000000020e+30 1.000000000000000020e+30 1.000000000000000020e+30 5.651667887934288537e+00 7.476399781982761894e+00 8.038607507011196418e+00 8.217541533382124896e+00 8.285414331217168638e+00 8.332933980119445749e+00 8.404618450167404831e+00 8.521616774728569155e+00 8.612979048173347252e+00 8.669734742330790667e+00 8.705563046448229869e+00 8.728507493830289121e+00 8.742982388307204644e+00 8.751908499352435200e+00 8.757303593505767481e+00 8.760517156363913926e+00 8.762416550671101589e+00 8.763539435984657899e+00 8.764210872202639280e+00 8.764628002582568911e+00 8.764919553018284404e+00 8.765191157283430456e+00 8.765570238483126886e+00 8.766265742954811202e+00 8.767652618906504713e+00 8.770353462869611150e+00 8.775163780171293837e+00 8.782434255637939557e+00 8.790581656672987521e+00 8.795025572418262882e+00 8.791337766709466095e+00 8.779659213905180337e+00 8.764174675757391952e+00 8.745006457450120507e+00 8.717032949290835830e+00 8.674405608823160918e+00 8.623689855160002082e+00 8.588886146767062968e+00 8.565015123794927021e+00 8.538591917039388690e+00 8.490004611555528768e+00 8.375971680119072005e+00 8.096802494958030394e+00 7.489930369648678088e+00 6.600841308411743213e+00 7.452723303892910600e+00 7.845951675311353846e+00 1.000000000000000020e+30
1.000000000000000020e+30 1.000000000000000020e+30 1.000000000000000020e+30 1.000000000000000020e+30 1.000000000000000020e+30 1.000000000000000020e+30 1.000000000000000020e+30 1.000000000000000020e+30 7.573411861807299417e+00 6.203002853947565676e+00 7.135312948199042715e+00 7.456061553077902637e+00 7.571170929870715050e+00 7.625716824867937227e+00 7.688233855496037883e+00 7.839356969235200978e+00 8.193889831620392528e+00 8.430758672956242705e+00 8.559026628913187551e+00 8.639191993878270637e+00 8.690071926318703177e+00 8.721162871898041402e+00 8.739570312380713801e+00 8.750276052889875089e+00 8.756456051839833776e+00 8.760028879355054698e+00 8.762112770499394188e+00 8.763347308692516435e+00 8.764101858096282172e+00 8.764605140838536812e+00 8.765031754383407758e+00 8.765580072033207770e+00 8.766577052458407238e+00 8.768643174990481626e+00 8.772899338992164786e+00 8.780962453946619561e+00 8.793902748490319610e+00 8.809074354145268515e+00 8.817106263330854787e+00 8.808942954420158955e+00 8.785860027429459151e+00 8.755072756706153925e+00 8.714182567508965249e+00 8.648974748346716979e+00 8.539989377832112538e+00 8.394666865080571583e+00 8.319170499160390975e+00 8.282202622534247993e+00 8.248400172329700908e+00 8.187567042380152316e+00 8.034934969150789641e+00 7.603211967956144512e+00 6.389632183069929638e+00 7.380769510270341449e+00 7.979175765703676149e+00 8.236210491262905720e+00 1.000000000000000020e+30
1.000000000000000020e+30 1.000000000000000020e+30 1.000000000000000020e+30 1.000000000000000020e+30 1.000000000000000020e+30 1.000000000000000020e+30 1.000000000000000020e+30 8.476303977853806515e+00 8.105779073244580246e+00 7.415840017881095925e+00 6.340858153663274877e+00 6.159404290814889826e+00 6.142547729318262206e+00 6.156131700005966323e+00 6.203843649551023631e+00 6.424229745739903130e+00 7.522720453187505818e+00 8.065597269929837054e+00 8.316241345392347384e+00 8.494419959052001090e+00 8.609793599305046286e+00 8.677711665767196436e+00 8.715935697384464831e+00 8.737146421178199063e+00 8.748945615417024868e+00 8.755610159316148611e+00 8.759456219063052274e+00 8.761724617922094893e+00 8.763096462159337463e+00 8.763973438778647207e+00 8.764637255443293640e+00 8.765371982736651191e+00 8.766617331398270707e+00 8.769218429374916468e+00 8.774782320488181853e+00 8.785819061482728287e+00 8.804356361094271222e+00 8.826784089568747049e+00 8.837812987387280828e+00 8.822616815062616524e+00 8.785486378555356524e+00 8.734283527618082132e+00 8.658560377217071391e+00 8.519170082207404349e+00 8.242214265785049676e+00 7.783543160851763787e+00 7.634901992250660463e+00 7.593485718955122366e+00 7.563150185413582527e+00 7.510160147242862294e+00 7.392360965961646713e+00 7.098880613567147613e+00 6.327297993486173944e+00 7.686050412163146106e+00 8.238210163971782407e+00 8.435870989169249157e+00 1.000000000000000020e+30
1.000000000000000020e+30 1.000000000000000020e+30 1.000000000000000020e+30 1.000000000000000020e+30 1.000000000000000020e+30 1.000000000000000020e+30 8.684371608648520535e+00 8.601742865083048528e+00 8.437794128528501858e+00 8.159638214681486090e+00 7.804002980170647419e+00 7.667422286332196357e+00 7.627341592997209041e+00 7.608554329459536802e+00 7.562685460981112051e+00 7.381429537070438585e+00 6.606856723188069935e+00 7.438644532727013647e+00 7.771535721647229167e+00 8.179234567911141340e+00 8.443780407076282302e+00 8.591795088182170304e+00 8.670804885074185009e+00 8.712605088196568204e+00 8.734977980805854969e+00 8.747352532818412740e+00 8.754457602078122846e+00 8.758652653120742926e+00 8.761176312032374014e+00 8.762736296785158530e+00 8.763791794435745075e+00 8.764731116536239597e+00 8.766057779552953733e+00 8.768670182462246387e+00 8.774257847693329282e+00 8.785485944424490157e+00 8.804549540830626242e+00 8.827493870395578313e+00 8.836974689354512691e+00 8.814951937049547936e+00 8.765681970419819891e+00 8.691370135689478360e+00 8.567259392266263873e+00 8.309838132837695568e+00 7.698066807748705997e+00 6.180117948289236551e+00 6.049608229013295535e+00 6.074820147822738825e+00 6.077071778324363294e+00 6.044302225760849190e+00 5.979787698511612071e+00 6.001308093298904467e+00 7.272329712341939256e+00 8.062403133559401525e+00 8.423180873586630923e+00 8.555074178796717277e+00 1.000000000000000020e+30
1.000000000000000020e+30 1.000000000000000020e+30 1.000000000000000020e+30 1.000000000000000020e+30 1.000000000000000020e+30 8.714485536549986477e+00 8.703818051919988363e+00 8.671370576553901088e+00 8.607092343498200293e+00 8.505818038485164934e+00 8.388750871173963120e+00 8.325502589867356917e+00 8.296616100112521153e+00 8.270909193406149384e+00 8.208798711066942033e+00 8.023116422248007140e+00 7.512236892349675621e+00 6.464802033948666704e+00 6.472642715806710356e+00 7.546044050826199445e+00 8.121965663910797772e+00 8.426952522783269117e+00 8.585175333681023702e+00 8.666398708318640232e+00 8.708522854084439047e+00 8.731571008769186903e+00 8.744869441977925817e+00 8.752764446993355207e+00 8.757495762313778798e+00 8.760347825059412230e+00 8.762113719163540537e+00 8.763348743918662365e+00 8.764579637747800689e+00 8.766549521464666483e+00 8.770501350716028099e+00 8.778218619846335002e+00 8.790777157464360059e+00 8.804315147111877238e+00 8.804846403066356686e+00 8.775671240051002187e+00 8.714574051193801907e+00 8.611958675904054061e+00 8.430683218671294554e+00 8.075499739147748102e+00 7.324944963624990812e+00 6.172043818002380000e+00 7.114489518667178380e+00 7.425523320607828381e+00 7.504083117148234727e+00 7.461418628875428283e+00 7.232579568840615813e+00 6.420318708774603422e+00 7.748985554151644806e+00 8.314363261855485021e+00 8.548415038790462717e+00 8.632045337259121709e+00 1.000000000000000020e+30
1.000000000000000020e+30 1.000000000000000020e+30 1.000000000000000020e+30 1.000000000000000020e+30 1.000000000000000020e+30 8.687994171274210586e+00 8.698967513590671885e+00 8.697823310420874421e+00 8.680337679744692281e+00 8.648173259564270410e+00 8.610797181348543106e+00 8.585506286334195991e+00 8.569233546589073214e+00 8.549672425036934698e+00 8.505972098231714185e+00 8.397582690921352011e+00 8.157863757919876946e+00 7.762888530387353825e+00 7.445106721683979245e+00 6.653129245593129681e+00 7.579137241115994073e+00 8.125517744923321573e+00 8.423689917791518766e+00 8.577982176937986480e+00 8.656606728038928722e+00 8.700241592693458870e+00 8.725946658648462417e+00 8.741288060360460577e+00 8.750387774280387276e+00 8.755749368990962012e+00 8.758882106367774867e+00 8.760696830402540769e+00 8.761792875986078144e+00 8.762687641955118067e+00 8.763977689205043831e+00 8.766243586192336679e+00 8.769116276048263714e+00 8.768745729655778476e+00 8.754763056544614841e+00 8.712056619997822438e+00 8.625310225552125232e+00 8.463853491722552747e+00 8.177586292455481853e+00 7.688736228837212749e+00 6.423786470865904263e+00 6.973583525800370886e+00 7.704132177747682775e+00 8.054991135791938817e+00 8.176198906613201700e+00 8.181325502403105077e+00 8.098962219111223604e+00 7.959951758767407348e+00 8.295720698564695184e+00 8.526922387373083723e+00 8.641015370421630593e+00 8.685287175777164137e+00 1.000000000000000020e+30
1.000000000000000020e+30 1.000000000000000020e+30 1.000000000000000020e+30 1.000000000000000020e+30 8.481053817012382368e+00 8.589902529695629951e+00 8.656116763599840169e+00 8.689669056732988395e+00 8.701173381456900557e+00 8.699263768952501863e+00 8.691340197968294490e+00 8.683758857730454750e+00 8.676626293683760593e+00 8.665353156439433491e+00 8.640766335988313784e+00 8.586643800515451730e+00 8.480052601313865068e+00 8.306363544989324055e+00 8.064480921435624339e+00 7.565605546903737100e+00 6.685018761279724941e+00 7.586011030672482391e+00 8.120100046771929314e+00 8.405567282004639651e+00 8.549322496138451299e+00 8.634850072021157175e+00 8.687324180642626459e+00 8.718504253941494753e+00 8.736515780676191056e+00 8.746837836348872131e+00 8.752656894232591966e+00 8.755697373920984461e+00 8.756812893297288625e+00 8.756340542365922630e+00 8.754226938244686451e+00 8.749857439347911381e+00 8.741317942479684078e+00 8.723960774486517522e+00 8.688779413883626290e+00 8.618551216610583765e+00 8.473555015859448147e+00 8.174327935561178649e+00 7.648042586682052502e+00 7.317932267024153781e+00 6.904531869833081537e+00 6.479539607603128637e+00 7.836268298860252557e+00 8.313222433892907048e+00 8.473334457725856694e+00 8.512325199618969052e+00 8.499705946877297080e+00 8.483578169337286923e+00 8.572697429714880357e+00 8.653211305558901500e+00 8.700287646987854728e+00 8.720490286882236930e+00 1.000000000000000020e+30
1.000000000000000020e+30 1.000000000000000020e+30 1.000000000000000020e+30 1.000000000000000020e+30 8.123098890479463208e+00 8.383892541645622032e+00 8.557316077657548092e+00 8.645913496079401739e+00 8.687616094573787251e+00 8.706035136578947231e+00 8.713535814980918559e+00 8.716421468415157747e+00 8.716503116565599285e+00 8.712612614871934724e+00 8.701140217323700909e+00 8.675713372488385033e+00 8.627119720308940032e+00 8.543773753265476500e+00 8.401443160455855264e+00 8.117115921861611127e+00 7.585581501518658953e+00 6.688011441542671243e+00 7.570762037978073344e+00 8.070321472072700786e+00 8.314498283201043449e+00 8.491997510746566391e+00 8.606417440486740844e+00 8.672628504851122244e+00 8.709085879190892499e+00 8.729309376097548423e+00 8.740462017751953638e+00 8.746075789257375277e+00 8.747604400633660404e+00 8.745249814510941633e+00 8.738162966443413282e+00 8.724173830082184722e+00 8.698770185759924445e+00 8.654046961710877284e+00 8.581284188684719538e+00 8.464175222272762866e+00 8.219206666226554603e+00 7.628805432842352019e+00 6.134157443497550766e+00 6.019617514453754481e+00 6.244385642177812556e+00 7.461920827569398007e+00 8.180411046851602919e+00 8.503387713589876995e+00 8.635459719665094624e+00 8.675217928267946021e+00 8.676490579962237604e+00 8.673249860217385532e+00 8.694081970234309509e+00 8.717932560142807930e+00 8.734429053105024821e+00 8.742299417257362038e+00 1.000000000000000020e+30
1.000000000000000020e+30 1.000000000000000020e+30 1.000000000000000020e+30 5.072350109144418084e+00 6.963167043791462341e+00 7.928451690900124582e+00 8.363568682239685970e+00 8.552427990386094692e+00 8.638422063189242550e+00 8.680213260884059423e+00 8.702445209424656269e+00 8.715857918306474161e+00 8.724090923383183593e+00 8.727785349431151474e+00 8.725844501632460393e+00 8.715829174142491809e+00 8.693686706825918264e+00 8.652272340392283212e+00 8.575190578930305563e+00 8.422398149419757729e+00 8.126551900740782486e+00 7.582788880263137798e+00 6.657291338047197193e+00 7.450640754704489055e+00 7.773612001624245593e+00 8.177491193210641995e+00 8.437818414135168865e+00 8.580264937577133821e+00 8.653917054830200684e+00 8.693945796711972207e+00 8.715882249239518487e+00 8.726973544603964683e+00 8.729777431090784745e+00 8.724251214654247022e+00 8.708071207850188955e+00 8.676257828647475634e+00 8.618356613723138437e+00 8.514172761861587446e+00 8.356638742679383114e+00 8.176393429232428289e+00 7.859405304206276810e+00 7.202153137397600879e+00 6.159547593983007552e+00 7.141716856309400896e+00 7.601238244735234240e+00 8.104642691341329197e+00 8.449484795348043420e+00 8.647087035842451641e+00 8.757632236576165852e+00 8.783429510410922347e+00 8.772330645029065010e+00 8.756505210009743578e+00 8.750345113826289989e+00 8.750684122220832251e+00 8.753292299763291595e+00 8.755182420019401945e+00 1.000000000000000020e+30
1.000000000000000020e+30 1.000000000000000020e+30 1.000000000000000020e+30 4.656739617895477856e+00 5.476605754328724096e+00 7.301197711370991605e+00 8.060753002321794369e+00 8.379806757827504171e+00 8.531267854067657197e+00 8.608708236651606782e+00 8.653387469328716719e+00 8.684401384591460271e+00 8.706605228583304878e+00 8.721808243646295367e+00 8.730093620636766971e+00 8.731003144251944903e+00 8.723293201741263658e+00 8.703645074950614458e+00 8.663647936246208658e+00 8.583991699021851218e+00 8.427242916333916867e+00 8.123276106437861799e+00 7.547129602954810501e+00 6.474834468763937423e+00 6.475073856832255892e+00 7.542795288619036143e+00 8.109020732971949030e+00 8.398615882540775956e+00 8.540090652492361656e+00 8.619850743353477895e+00 8.664301235608364848e+00 8.687664915988131398e+00 8.693875422323264601e+00 8.682110066673287108e+00 8.646568785513961686e+00 8.577528634653793560e+00 8.453952169284317364e+00 8.208164962661856023e+00 7.813709181893555566e+00 7.541670175198418313e+00 7.140355416915390663e+00 6.155797526225454952e+00 7.048241824478822082e+00 7.708004979848712246e+00 8.086150623417569960e+00 8.373131621184155549e+00 8.581730436235249115e+00 8.738623808201268162e+00 8.884742933471827087e+00 8.886703918446089645e+00 8.846620749132695138e+00 8.807819230099884322e+00 8.781680457663068040e+00 8.767025850243646445e+00 8.762712129415275442e+00 8.762126801597784009e+00 1.000000000000000020e+30
1.000000000000000020e+30 1.000000000000000020e+30 1.000000000000000020e+30 4.392528992981680425e+00 4.927179235104280686e+00 6.629046999688377184e+00 7.583061017304653539e+00 8.034440066103584854e+00 8.297749277049916827e+00 8.440596511008489955e+00 8.528147539128161370e+00 8.598521142144191387e+00 8.651667931304404036e+00 8.690938000995670265e+00 8.716649221839729123e+00 8.730368127194722661e+00 8.733929615926788514e+00 8.727642387010993374e+00 8.708676835104864011e+00 8.668792974969038667e+00 8.590793826889822071e+00 8.442864899897235986e+00 8.177491731672283493e+00 7.770418348074779935e+00 7.446216165157712119e+00 6.646008401832082413e+00 7.551775318118171043e+00 8.055848911752059749e+00 8.295327715849557748e+00 8.458066229328389696e+00 8.550881276041900847e+00 8.603665289829452334e+00 8.619086220746456917e+00 8.594417761802739975e+00 8.514294449044955471e+00 8.364643533869701386e+00 8.136331527187390833e+00 7.603377671842624252e+00 6.493190941731560528e+00 6.207419221900091877e+00 5.984328968328396670e+00 1.000000000000000020e+30 1.000000000000000020e+30 1.000000000000000020e+30 1.000000000000000020e+30 1.000000000000000020e+30 1.000000000000000020e+30 1.000000000000000020e+30 9.048670093699723083e+00 8.982532326756205165e+00 8.905504821309436991e+00 8.844420278839811189e+00 8.799112106811190159e+00 8.766503768698756360e+00 8.762168035477417405e+00 8.763949632853009319e+00 1.000000000000000020e+30
1.000000000000000020e+30 1.000000000000000020e+30 4.067413764897540140e+00 4.182077663189647687e+00 4.453939667711757977e+00 5.163740785342977979e+00 6.608055951583396315e+00 7.238466973923417314e+00 7.770040430545886778e+00 8.042827732007395980e+00 8.215829195899388537e+00 8.388396071663997589e+00 8.516979592671651389e+00 8.614891014028817295e+00 8.678719204566654355e+00 8.714854198516503558e+00 8.732205454850506143e+00 8.736822749995836190e+00 8.730877537668666477e+00 8.712579999199739689e+00 8.675533262207096641e+00 8.607424430751979827e+00 8.490569956685899200e+00 8.310662667590847263e+00 8.063056867715296505e+00 7.552329982954205434e+00 6.639534803292260534e+00 7.431319734126497600e+00 7.739810016531532888e+00 8.100969746968846863e+00 8.292465037363891511e+00 8.419333778299067816e+00 8.459556910086082127e+00 8.411192698498776821e+00 8.227345665500696015e+00 7.887295948666077194e+00 7.622395745351169261e+00 6.851406985723724752e+00 7.732632204271951082e+00 7.888275989981756275e+00 7.388061749160412361e+00 1.000000000000000020e+30 1.000000000000000020e+30 1.000000000000000020e+30 1.000000000000000020e+30 1.000000000000000020e+30 1.000000000000000020e+30 1.000000000000000020e+30 1.000000000000000020e+30 1.000000000000000020e+30 8.910741565332941150e+00 8.858681869521410235e+00 8.799300583508491869e+00 8.720229850934501314e+00 8.741094817106814574e+00 8.760361577314100145e+00 1.000000000000000020e+30
1.000000000000000020e+30 1.000000000000000020e+30 4.042511348499084001e+00 4.085204376587173947e+00 4.193944510065057862e+00 4.443222541892912325e+00 4.887021362711144512e+00 5.374048181792418610e+00 6.655108630076924214e+00 7.115567424065314839e+00 7.428698697561588737e+00 7.888951871576959540e+00 8.195356686043410832e+00 8.444616852634000637e+00 8.598373232680129874e+00 8.679872654889528860e+00 8.719486885198532988e+00 8.736477392194558433e+00 8.740322228450031261e+00 8.734353153248781254e+00 8.717830981649779432e+00 8.686636890126477439e+00 8.633392599480547602e+00 8.546665088061633497e+00 8.400307872079237015e+00 8.105126967672850569e+00 7.531813681717686393e+00 6.455986540069640789e+00 6.425955123408287228e+00 7.380000774098763650e+00 7.700781650047403559e+00 8.019600174774760504e+00 8.118162900419768846e+00 8.049729145958501419e+00 7.658924590742923755e+00 6.737418381128091660e+00 6.920563966786952292e+00 8.281649319785811869e+00 9.185574140088146322e+00 9.784649730100586140e+00 1.000000000000000020e+30 1.000000000000000020e+30 1.000000000000000020e+30 1.000000000000000020e+30 1.000000000000000020e+30 1.000000000000000020e+30 1.000000000000000020e+30 1.000000000000000020e+30 1.000000000000000020e+30 1.000000000000000020e+30 1.000000000000000020e+30 1.000000000000000020e+30 1.000000000000000020e+30 8.500348402725457220e+00 8.677700676627743803e+00 1.000000000000000020e+30 1.000000000000000020e+30
1.000000000000000020e+30 4.015904834944262980e+00 4.024225382810311835e+00 4.041351109047631951e+00 4.080627999137947270e+00 4.162357825732335037e+00 4.301842380656924369e+00 4.494471417462854390e+00 4.845433156741334457e+00 5.089065103990307648e+00 5.485372075995125662e+00 6.805074989218583781e+00 7.437782015489311505e+00 8.086166880679382274e+00 8.446146491060343209e+00 8.617472986830671644e+00 8.694892284803442450e+00 8.728793009972916295e+00 8.742037527569809896e+00 8.744151981319582490e+00 8.738328299370074603e+00 8.724292456938458784e+00 8.699101540901514440e+00 8.656085622036556515e+00 8.579577793532907393e+00 8.433344678231918579e+00 8.167557950016593793e+00 7.753060637476806072e+00 7.386894711203065178e+00 6.399095365851900752e+00 6.360075728179019450e+00 7.233680600852131271e+00 7.399313745637114970e+00 7.434710773404023421e+00 6.934995151794964841e+00 8.216680692449900292e+00 9.095496923133310929e+00 1.016562788065903966e+01 1.158947432720800919e+01 1.338870216952300218e+01 1.000000000000000020e+30 1.000000000000000020e+30 1.000000000000000020e+30 1.000000000000000020e+30 1.000000000000000020e+30 1.000000000000000020e+30 1.000000000000000020e+30 1.000000000000000020e+30 1.000000000000000020e+30 1.000000000000000020e+30 1.000000000000000020e+30 1.000000000000000020e+30 1.000000000000000020e+30 1.000000000000000020e+30 1.000000000000000020e+30 1.000000000000000020e+30 1.000000000000000020e+30
1.000000000000000020e+30 4.013960929139829936e+00 4.016811344602833067e+00 4.023201048206627384e+00 4.036747824318337230e+00 4.062895398855900453e+00 4.106489719901126101e+00 4.171048266577672692e+00 4.272670100570658214e+00 4.378046717115105402e+00 4.571856115794609821e+00 5.028556387169589748e+00 5.677940453733963722e+00 7.440369481223755521e+00 8.200071275202564181e+00 8.522554366910631174e+00 8.657860839147168974e+00 8.714884117377746264e+00 8.738600879951158973e+00 8.747133282557024714e+00 8.747554871603323789e+00 8.742075350604359585e+00 8.730208795425269841e+00 8.708941267067638492e+00 8.671196692978808684e+00 8.603370323753503968e+00 8.487800608102322286e+00 8.312967097924545357e+00 8.086917494648917071e+00 7.678209903996383368e+00 7.256478907603541195e+00 6.152437705450169325e+00 5.875684708286391889e+00 6.511793019868047594e+00 8.381763861753121603e+00 9.996933069362214042e+00 1.171476871933600705e+01 1.325746788071463911e+01 1.634888750488688913e+01 1.000000000000000020e+30 1.000000000000000020e+30 1.000000000000000020e+30 1.000000000000000020e+30 1.000000000000000020e+30 1.000000000000000020e+30 1.000000000000000020e+30 1.000000000000000020e+30 1.000000000000000020e+30 1.000000000000000020e+30 1.000000000000000020e+30 1.000000000000000020e+30 1.000000000000000020e+30 1.000000000000000020e+30 1.000000000000000020e+30 1.000000000000000020e+30 1.000000000000000020e+30 1.000000000000000020e+30
4.011951605466522075e+00 4.012568647757976059e+00 4.013704637348757487e+00 4.016046085208105687e+00 4.020668507165271244e+00 4.029073931405551257e+00 4.042818246888061573e+00 4.063696910327643685e+00 4.095681982607865201e+00 4.140237987657546803e+00 4.232839557961186827e+00 4.461760736864102128e+00 5.031470031488943562e+00 6.812916252411672424e+00 7.902048576638506461e+00 8.401614001135099485e+00 8.610058797856620316e+00 8.695719076293444871e+00 8.731290527347107755e+00 8.745721417684547916e+00 8.750406523835673411e+00 8.749674902426880507e+00 8.744652334420948137e+00 8.734475163455938329e+00 8.716272343006817636e+00 8.684699606241379044e+00 8.632300095636965764e+00 8.550255927819259583e+00 8.423822915494074692e+00 8.202115134416287034e+00 7.845524865643734636e+00 7.147529848930235019e+00 6.142289850481525981e+00 7.844152785840812214e+00 1.014737767743875807e+01 1.301111965504999723e+01 1.736918678671904814e+01 1.915063986839141918e+01 2.016966667253727152e+01 1.000000000000000020e+30 1.000000000000000020e+30 1.000000000000000020e+30 1.000000000000000020e+30 1.000000000000000020e+30 1.000000000000000020e+30 1.000000000000000020e+30 1.000000000000000020e+30 1.000000000000000020e+30 1.000000000000000020e+30 1.000000000000000020e+30 1.000000000000000020e+30 1.000000000000000020e+30 1.000000000000000020e+30 1.000000000000000020e+30 1.000000000000000020e+30 1.000000000000000020e+30 1.000000000000000020e+30
4.011801944996218339e+00 4.012010006596894662e+00 4.012443659299375298e+00 4.013296570574933497e+00 4.014889766579342378e+00 4.017666740382883184e+00 4.022170388446237865e+00 4.029236179839192467e+00 4.040742551858341969e+00 4.061146870047222635e+00 4.108927226499137220e+00 4.235648090102005270e+00 4.580285779399050128e+00 5.505282976540992301e+00 7.467046202879127570e+00 8.249944196342088532e+00 8.552847494638726289e+00 8.671819474224703228e+00 8.720288356971936494e+00 8.740480180766795115e+00 8.748537395088707314e+00 8.750822172806593358e+00 8.749674995475832162e+00 8.745459682327432205e+00 8.737140709249715087e+00 8.722065648438343644e+00 8.695293882951405706e+00 8.647605123006755434e+00 8.559245359611367121e+00 8.385349916661242631e+00 8.048828027436925936e+00 7.439486108747702886e+00 6.786110107626163845e+00 8.385869250495368021e+00 1.288789007962842526e+01 1.847499499964365199e+01 2.186114212058844330e+01 2.408979699496259386e+01 2.886399572794400470e+01 1.000000000000000020e+30 1.000000000000000020e+30 1.000000000000000020e+30 1.000000000000000020e+30 1.000000000000000020e+30 1.000000000000000020e+30 1.000000000000000020e+30 1.000000000000000020e+30 1.000000000000000020e+30 1.000000000000000020e+30 1.000000000000000020e+30 1.000000000000000020e+30 1.000000000000000020e+30 1.000000000000000020e+30 1.000000000000000020e+30 1.000000000000000020e+30 1.000000000000000020e+30 1.000000000000000020e+30
4.011702856430058084e+00 4.011776890376434146e+00 4.011939999383501210e+00 4.012252016303234470e+00 4.012814843008812637e+00 4.013778477589956317e+00 4.015373481265472222e+00 4.018068250270229846e+00 4.023094160414269815e+00 4.034098293184274375e+00 4.063207041443475553e+00 4.147594490730861949e+00 4.399834615333563903e+00 5.146039106613915060e+00 7.236307607964048927e+00 8.134283286154646575e+00 8.496969128517237735e+00 8.643387660650812876e+00 8.704115740106376009e+00 8.729888162145323705e+00 8.740887995106694675e+00 8.745425574918430200e+00 8.746888530106224025e+00 8.746481465412106360e+00 8.744226386049966493e+00 8.738354103869584222e+00 8.723717042915479780e+00 8.687972767319596556e+00 8.602840401955504035e+00 8.406770511336501883e+00 7.978136814351150186e+00 7.052168676442541972e+00 9.287632418391899236e+00 1.255253968925288888e+01 1.857379832377075957e+01 2.271448244080596979e+01 2.581941409993845227e+01 2.857012581342290503e+01 1.000000000000000020e+30 1.000000000000000020e+30 1.000000000000000020e+30 1.000000000000000020e+30 1.000000000000000020e+30 1.000000000000000020e+30 1.000000000000000020e+30 1.000000000000000020e+30 1.000000000000000020e+30 1.000000000000000020e+30 1.000000000000000020e+30 1.000000000000000020e+30 1.000000000000000020e+30 1.000000000000000020e+30 1.000000000000000020e+30 1.000000000000000020e+30 1.000000000000000020e+30 1.000000000000000020e+30 1.000000000000000020e+30
4.011652473136400054e+00 4.011679632793948791e+00 4.011741000784763145e+00 4.011857013982302433e+00 4.012064376945832400e+00 4.012425928632152861e+00 4.013066751154751088e+00 4.014299909304505753e+00 4.017035793695453272e+00 4.024130437850702791e+00 4.044974584392420525e+00 4.110516381403062525e+00 4.322292396567462447e+00 4.998681079555257867e+00 7.045586534532042755e+00 8.006244633852329429e+00 8.424245346731014550e+00 8.601534893318953934e+00 8.676677250973083844e+00 8.708411417928259013e+00 8.722094865998052171e+00 8.728580346379855470e+00 8.732335568723689434e+00 8.735309052690205078e+00 8.739207184747435520e+00 8.743300310044018531e+00 8.741550587939123318e+00 8.716000569148153687e+00 8.624345630928381468e+00 8.389353846884155530e+00 7.973992934621607631e+00 7.886391279596987935e+00 1.188801618052032261e+01 1.779956131080518489e+01 2.231667765913850587e+01 2.570139958520322310e+01 2.845383715240661004e+01 3.057024836914451882e+01 1.000000000000000020e+30 1.000000000000000020e+30 1.000000000000000020e+30 1.000000000000000020e+30 1.000000000000000020e+30 1.000000000000000020e+30 1.000000000000000020e+30 1.000000000000000020e+30 1.000000000000000020e+30 1.000000000000000020e+30 1.000000000000000020e+30 1.000000000000000020e+30 1.000000000000000020e+30 1.000000000000000020e+30 1.000000000000000020e+30 1.000000000000000020e+30 1.000000000000000020e+30 1.000000000000000020e+30 1.000000000000000020e+30
4.011629363435709195e+00 4.011639575871205565e+00 4.011663041928970941e+00 4.011707736292597026e+00 4.011789574346438236e+00 4.011941642278297415e+00 4.012244287124454800e+00 4.012922245101660401e+00 4.014658579186506593e+00 4.019639207862006458e+00 4.035134516438407815e+00 4.085851980467059441e+00 4.255799617341130769e+00 4.821055032972157761e+00 6.632650322463039316e+00 7.757300001713410609e+00 8.292254383187113831e+00 8.525962869887573348e+00 8.623378397113965477e+00 8.661242796549283085e+00 8.676503848227214988e+00 8.684565378215229003e+00 8.690860471591557612e+00 8.697375091674890868e+00 8.711325263322438062e+00 8.735913993490999729e+00 8.766523351519571960e+00 8.777530801848520525e+00 8.694430131292962827e+00 8.339000852337459690e+00 7.429891421466176205e+00 1.042550265100937779e+01 1.589384198919374924e+01 2.036076175985342118e+01 2.418473187989255280e+01 2.718583099182640694e+01 2.941794672775837682e+01 3.104450690023812243e+01 1.000000000000000020e+30 1.000000000000000020e+30 1.000000000000000020e+30 1.000000000000000020e+30 1.000000000000000020e+30 1.000000000000000020e+30 1.000000000000000020e+30 1.000000000000000020e+30 1.000000000000000020e+30 1.000000000000000020e+30 1.000000000000000020e+30 1.000000000000000020e+30 1.000000000000000020e+30 1.000000000000000020e+30 1.000000000000000020e+30 1.000000000000000020e+30 1.000000000000000020e+30 1.000000000000000020e+30 1.000000000000000020e+30
4.011619365631458045e+00 4.011623354376459893e+00 4.011632709201824909e+00 4.011651069852325335e+00 4.011686675780437028e+00 4.011759484729346070e+00 4.011923360762881252e+00 4.012335408372818435e+00 4.013474907142387416e+00 4.016849203535850066e+00 4.027307606997228007e+00 4.060561073718339742e+00 4.166249465785771378e+00 4.488532770952693873e+00 5.369970347633272745e+00 7.239871361685348283e+00 8.041600762913235556e+00 8.380485816093957041e+00 8.511088011073715265e+00 8.548576654855022383e+00 8.559719189502867920e+00 8.567875183651041837e+00 8.577743490625556078e+00 8.584795900820237691e+00 8.617701987575353328e+00 8.692821415826395892e+00 8.820415494913303789e+00 8.978864029186810924e+00 9.073420521648390746e+00 8.807529512851807851e+00 8.071982694327301644e+00 1.273538339512250417e+01 1.654444434474378767e+01 2.013937728968085139e+01 2.443274628175228003e+01 2.746268813546117826e+01 2.906136255827957982e+01 1.000000000000000020e+30 1.000000000000000020e+30 1.000000000000000020e+30 1.000000000000000020e+30 1.000000000000000020e+30 1.000000000000000020e+30 1.000000000000000020e+30 1.000000000000000020e+30 1.000000000000000020e+30 1.000000000000000020e+30 1.000000000000000020e+30 1.000000000000000020e+30 1.000000000000000020e+30 1.000000000000000020e+30 1.000000000000000020e+30 1.000000000000000020e+30 1.000000000000000020e+30 1.000000000000000020e+30 1.000000000000000020e+30 1.000000000000000020e+30
4.011615274203247594e+00 4.011616955096245718e+00 4.011620961408857156e+00 4.011629047680384197e+00 4.011645477879225652e+00 4.011681371549951969e+00 4.011768662497043003e+00 4.012004828833023673e+00 4.012694184489629556e+00 4.014790127817907894e+00 4.021285039617564117e+00 4.041592045982993042e+00 4.105097509979433568e+00 4.301207736235131307e+00 4.890191515294663560e+00 6.623057924982314049e+00 7.618542225094115494e+00 8.095839081498166223e+00 8.260638015596146744e+00 8.260583472629624779e+00 8.247259157755438608e+00 8.251248780489589763e+00 8.271958351610226856e+00 8.256857317521664186e+00 8.324372217154003550e+00 8.520910949875426965e+00 8.919054297920169461e+00 9.538935043116234525e+00 1.033409642326260069e+01 1.035849026592334710e+01 9.891849628761686830e+00 1.124864117016212184e+01 1.338670388385850885e+01 1.597195663567535462e+01 2.330185800000996821e+01 2.701013739574036521e+01 2.854922801820591971e+01 1.000000000000000020e+30 1.000000000000000020e+30 1.000000000000000020e+30 1.000000000000000020e+30 1.000000000000000020e+30 1.000000000000000020e+30 1.000000000000000020e+30 1.000000000000000020e+30 1.000000000000000020e+30 1.000000000000000020e+30 1.000000000000000020e+30 1.000000000000000020e+30 1.000000000000000020e+30 1.000000000000000020e+30 1.000000000000000020e+30 1.000000000000000020e+30 1.000000000000000020e+30 1.000000000000000020e+30 1.000000000000000020e+30 1.000000000000000020e+30
4.011613777464429376e+00 4.011614473227556488e+00 4.011615901635596337e+00 4.011618045856156556e+00 4.011620329260134454e+00 4.011620684806370463e+00 4.011617438849410355e+00 4.011629118140001005e+00 4.011781268061549888e+00 4.012588035677431719e+00 4.015765653136158519e+00 4.026549962365737478e+00 4.060126794515009685e+00 4.160508104857400191e+00 4.446887576295175393e+00 5.190348119185323128e+00 6.728920606351823430e+00 7.498257623165384800e+00 7.689768756728972754e+00 7.508642847840828694e+00 7.420304100241390088e+00 7.402799713935646508e+00 7.476395708658027495e+00 7.319131859090417080e+00 7.448637437177206166e+00 7.913972234263878747e+00 9.029727934530955125e+00 1.095125608739528467e+01 1.442792561933565665e+01 1.488833267929327064e+01 1.257708627077406049e+01 1.301392685217196465e+01 1.593338950962167111e+01 1.596642743036366419e+01 2.291401547100434755e+01 2.651709468196404984e+01 2.779796758831318471e+01 2.756735320738068395e+01 1.000000000000000020e+30 1.000000000000000020e+30 1.000000000000000020e+30 1.000000000000000020e+30 1.000000000000000020e+30 1.000000000000000020e+30 1.000000000000000020e+30 1.000000000000000020e+30 1.000000000000000020e+30 1.000000000000000020e+30 1.000000000000000020e+30 1.000000000000000020e+30 1.000000000000000020e+30 1.000000000000000020e+30 1.000000000000000020e+30 1.000000000000000020e+30 1.000000000000000020e+30 1.000000000000000020e+30 1.000000000000000020e+30
4.011613176714549311e+00 4.011612422821444923e+00 4.011609267760488429e+00 4.011598688229955023e+00 4.011565413849657702e+00 4.011464842914961970e+00 4.011188657354029630e+00 4.010534360138612975e+00 4.009264055325591158e+00 4.007397395651352667e+00 4.005895340794529247e+00 4.008144077077379741e+00 4.020943008813126163e+00 4.061364445677169144e+00 4.173757818808882192e+00 4.460266981605868430e+00 5.087516976772566757e+00 6.341670568081211101e+00 6.447665651243949192e+00 5.511603900067786554e+00 5.259779200910497110e+00 5.217673375638905320e+00 5.817118042492141150e+00 4.994411146899955689e+00 5.383124684192367226e+00 6.396603640678542035e+00 9.320681044307997709e+00 1.375316413933041204e+01 1.677148064447815301e+01 1.781495640511939982e+01 1.758163372484275300e+01 1.759006585232629405e+01 1.756000118154883793e+01 1.672492902137060966e+01 2.325240119781872750e+01 2.625846962273429952e+01 2.663281183023207532e+01 2.532547992108188950e+01 1.000000000000000020e+30 1.000000000000000020e+30 1.000000000000000020e+30 1.000000000000000020e+30 1.000000000000000020e+30 1.000000000000000020e+30 1.000000000000000020e+30 1.000000000000000020e+30 1.000000000000000020e+30 1.000000000000000020e+30 1.000000000000000020e+30 1.000000000000000020e+30 1.000000000000000020e+30 1.000000000000000020e+30 1.000000000000000020e+30 1.000000000000000020e+30 1.000000000000000020e+30 1.000000000000000020e+30 1.000000000000000020e+30
4.011611182228128847e+00 4.011603221499791871e+00 4.011578499183396040e+00 4.011512114232270498e+00 4.011332932080587277e+00 4.010829903568131627e+00 4.009470944757917543e+00 4.006188848695759752e+00 3.999470862732308341e+00 3.988180616343132368e+00 3.972906346055943949e+00 3.959628181062437857e+00 3.951009239521854788e+00 3.947179225330636587e+00 3.950015500737499519e+00 3.996112071176246339e+00 4.101874455243319062e+00 4.318746929782360411e+00 4.562069931557671154e+00 5.440541765556875298e+00 5.477846096931789255e+00 5.138677758680191054e+00 4.060998015687645513e+00 4.162652883198827425e+00 6.213805925254592744e+00 8.304222344592137262e+00 1.026567235708555970e+01 1.272693648830423463e+01 1.667675666002836010e+01 1.819792644462385311e+01 1.873780708016664320e+01 1.862036026894246987e+01 1.653865348636749033e+01 1.828132935261804093e+01 2.451628212287051056e+01 2.643893400489668721e+01 2.496685337739305055e+01 1.940032079261551701e+01 1.000000000000000020e+30 1.000000000000000020e+30 1.000000000000000020e+30 1.000000000000000020e+30 1.000000000000000020e+30 1.000000000000000020e+30 1.000000000000000020e+30 1.000000000000000020e+30 1.000000000000000020e+30 1.000000000000000020e+30 1.000000000000000020e+30 1.000000000000000020e+30 1.000000000000000020e+30 1.000000000000000020e+30 1.000000000000000020e+30 1.000000000000000020e+30 1.000000000000000020e+30 1.000000000000000020e+30 1.000000000000000020e+30
4.011600885565965058e+00 4.011554677016733628e+00 4.011423239719960065e+00 4.011103245562181563e+00 4.010325310972427282e+00 4.008265979806725277e+00 4.002795270095931279e+00 3.989548894444499894e+00 3.962375358011293258e+00 3.916908141955220302e+00 3.852891104882434803e+00 3.794716041682629548e+00 3.744659321022270060e+00 3.685594885478891136e+00 3.543871029213853330e+00 3.391023750365776745e+00 3.362377736416621410e+00 3.389058222263597653e+00 4.310123496128542619e+00 4.677937584038471819e+00 4.647918410244769483e+00 4.334767094548436006e+00 3.964141510006064184e+00 4.552858816061705838e+00 7.505324011166807807e+00 1.494646512799722338e+01 1.764597321016324827e+01 1.755891869111839654e+01 1.407254768145355861e+01 1.539547598695903652e+01 1.690552708257554571e+01 1.822979290357045556e+01 1.959202498491007560e+01 2.467542888880177543e+01 2.757160804677815236e+01 2.773567481563318537e+01 2.490105170560638115e+01 1.809786622623060737e+01 1.000000000000000020e+30 1.000000000000000020e+30 1.000000000000000020e+30 1.000000000000000020e+30 1.000000000000000020e+30 1.000000000000000020e+30 1.000000000000000020e+30 1.000000000000000020e+30 1.000000000000000020e+30 1.000000000000000020e+30 1.000000000000000020e+30 1.000000000000000020e+30 1.000000000000000020e+30 1.000000000000000020e+30 1.000000000000000020e+30 1.000000000000000020e+30 1.000000000000000020e+30 1.000000000000000020e+30 1.000000000000000020e+30
4.011568510696432277e+00 4.011332700811430563e+00 4.010707066091893758e+00 4.009291019003285328e+00 4.006218551702510844e+00 3.998698912057998101e+00 3.979340483609826506e+00 3.932766375354771693e+00 3.838283481849174450e+00 3.687377261535510264e+00 3.451720997238413524e+00 3.242563096170071546e+00 3.064387061989418459e+00 2.911845844216712997e+00 2.827354548567130088e+00 2.697491171483978434e+00 3.385078573902804866e+00 3.369529426251139270e+00 3.134815146650358209e+00 2.835151977520595779e+00 2.472795120716704265e+00 2.376660054508837661e+00 2.615813843375490055e+00 5.320258992934626896e+00 2.320519892914653681e+01 2.845398091060561185e+01 3.096683193910322984e+01 3.150477917165157749e+01 3.303543235238282705e+01 2.705984861390184193e+01 2.709059616057628617e+01 2.796158503188388522e+01 2.906106287509152253e+01 3.056608453138176884e+01 3.105716620575197595e+01 2.979692664950239589e+01 2.617720615844704568e+01 1.908487992909266140e+01 1.000000000000000020e+30 1.000000000000000020e+30 1.000000000000000020e+30 1.000000000000000020e+30 1.000000000000000020e+30 1.000000000000000020e+30 1.000000000000000020e+30 1.000000000000000020e+30 1.000000000000000020e+30 1.000000000000000020e+30 1.000000000000000020e+30 1.000000000000000020e+30 1.000000000000000020e+30 1.000000000000000020e+30 1.000000000000000020e+30 1.000000000000000020e+30 1.000000000000000020e+30 1.000000000000000020e+30 1.000000000000000020e+30
1.000000000000000020e+30 4.010435223535462335e+00 4.007685024633314441e+00 4.001783359985826571e+00 3.990561449810891670e+00 3.966027786447808179e+00 3.906618062924790191e+00 3.766734998192030837e+00 3.476676530924794672e+00 2.996348495671634637e+00 2.514731224403809584e+00 2.252031255625313921e+00 2.119016424854073044e+00 2.074985633532377971e+00 2.831438096218958034e+00 2.621972406217639939e+00 2.407082852500520787e+00 1.997081204850388758e+00 2.151036731459910811e+00 2.102802767513769489e+00 1.000000000000000020e+30 2.166900391160944128e+00 3.749050426750747622e+00 2.368991260238271224e+01 3.685216374502567049e+01 1.000000000000000020e+30 1.000000000000000020e+30 1.000000000000000020e+30 5.856446719641746768e+01 4.765296619978261106e+01 3.682046906784255924e+01 3.572534724940709339e+01 3.547889427020020747e+01 3.524339647793085817e+01 3.428575566593524115e+01 3.212795595525451375e+01 2.837766879926690677e+01 2.274254902145694857e+01 1.602822278924158184e+01 1.000000000000000020e+30 1.000000000000000020e+30 1.000000000000000020e+30 1.000000000000000020e+30 1.000000000000000020e+30 1.000000000000000020e+30 1.000000000000000020e+30 1.000000000000000020e+30 1.000000000000000020e+30 1.000000000000000020e+30 1.000000000000000020e+30 1.000000000000000020e+30 1.000000000000000020e+30 1.000000000000000020e+30 1.000000000000000020e+30 1.000000000000000020e+30 1.000000000000000020e+30 1.000000000000000020e+30
1.000000000000000020e+30 4.008299144995906005e+00 3.996114113050977856e+00 3.972956569010110961e+00 3.935127650650181774e+00 3.864374023332219465e+00 3.711607873731929796e+00 3.350598818268644141e+00 2.740809742106159685e+00 2.048361294281338729e+00 1.446315503862817264e+00 1.305306756513806121e+00 1.986243147806299625e+00 2.001368524913371250e+00 1.978434652867055332e+00 2.080948310660314160e+00 2.041047132744691517e+00 1.000000000000000020e+30 1.000000000000000020e+30 1.000000000000000020e+30 1.000000000000000020e+30 1.000000000000000020e+30 1.000000000000000020e+30 1.000000000000000020e+30 1.000000000000000020e+30 1.000000000000000020e+30 1.000000000000000020e+30 1.000000000000000020e+30 7.386931171820987174e+01 6.660933315174119684e+01 5.368505131203499303e+01 4.171625138188100834e+01 4.001073672877015497e+01 3.877175012399909804e+01 3.692037593042970656e+01 3.411834095975090975e+01 3.006743057798047758e+01 2.438290317731516055e+01 1.656074253841005728e+01 1.000000000000000020e+30 1.000000000000000020e+30 1.000000000000000020e+30 1.000000000000000020e+30 1.000000000000000020e+30 1.000000000000000020e+30 1.000000000000000020e+30 1.000000000000000020e+30 1.000000000000000020e+30 1.000000000000000020e+30 1.000000000000000020e+30 1.000000000000000020e+30 1.000000000000000020e+30 1.000000000000000020e+30 1.000000000000000020e+30 1.000000000000000020e+30 1.000000000000000020e+30 1.000000000000000020e+30
1.000000000000000020e+30 1.000000000000000020e+30 3.955824516269585089e+00 3.872452929613576789e+00 3.756903610892247780e+00 3.576039193100770230e+00 3.234078647204213119e+00 2.619859483026187874e+00 1.932932663256821781e+00 1.261046839442599543e+00 1.859868420214146445e+00 1.898493639732694582e+00 1.000000000000000020e+30 1.000000000000000020e+30 1.000000000000000020e+30 1.000000000000000020e+30 1.000000000000000020e+30 1.000000000000000020e+30 1.000000000000000020e+30 1.000000000000000020e+30 1.000000000000000020e+30 1.000000000000000020e+30 1.000000000000000020e+30 1.000000000000000020e+30 1.000000000000000020e+30 1.000000000000000020e+30 1.000000000000000020e+30 1.000000000000000020e+30 1.000000000000000020e+30 1.000000000000000020e+30 5.815420509537352700e+01 4.717954319817189202e+01 4.330904129355791810e+01 4.123400018917636345e+01 3.881329473177612499e+01 3.552545633328608687e+01 3.114073240621051397e+01 2.519597478116892830e+01 1.694130827614974777e+01 1.000000000000000020e+30 1.000000000000000020e+30 1.000000000000000020e+30 1.000000000000000020e+30 1.000000000000000020e+30 1.000000000000000020e+30 1.000000000000000020e+30 1.000000000000000020e+30 1.000000000000000020e+30 1.000000000000000020e+30 1.000000000000000020e+30 1.000000000000000020e+30 1.000000000000000020e+30 1.000000000000000020e+30 1.000000000000000020e+30 1.000000000000000020e+30 1.000000000000000020e+30 1.000000000000000020e+30
1.000000000000000020e+30 1.000000000000000020e+30 3.878085163769394939e+00 3.555387852939536852e+00 3.204333798687144075e+00 2.812961244766933877e+00 2.359413250474475809e+00 1.791024466955369432e+00 1.967951219164737697e+00 1.909448950638485076e+00 1.000000000000000020e+30 1.000000000000000020e+30 1.000000000000000020e+30 1.000000000000000020e+30 1.000000000000000020e+30 1.000000000000000020e+30 1.000000000000000020e+30 1.000000000000000020e+30 1.000000000000000020e+30 1.000000000000000020e+30 1.000000000000000020e+30 1.000000000000000020e+30 1.000000000000000020e+30 1.000000000000000020e+30 1.000000000000000020e+30 1.000000000000000020e+30 1.000000000000000020e+30 1.000000000000000020e+30 1.000000000000000020e+30 1.000000000000000020e+30 1.000000000000000020e+30 5.298982546556508311e+01 4.624440360953590101e+01 4.293603907586173563e+01 3.989984851408795663e+01 3.623074300002809878e+01 3.158727642097644051e+01 2.542881038208726352e+01 1.703143747703618160e+01 1.000000000000000020e+30 1.000000000000000020e+30 1.000000000000000020e+30 1.000000000000000020e+30 1.000000000000000020e+30 1.000000000000000020e+30 1.000000000000000020e+30 1.000000000000000020e+30 1.000000000000000020e+30 1.000000000000000020e+30 1.000000000000000020e+30 1.000000000000000020e+30 1.000000000000000020e+30 1.000000000000000020e+30 1.000000000000000020e+30 1.000000000000000020e+30 1.000000000000000020e+30 1.000000000000000020e+30
1.000000000000000020e+30 1.000000000000000020e+30 1.000000000000000020e+30 2.811582569985262126e+00 2.399040245121173864e+00 1.954291878051856113e+00 1.501195239238335644e+00 1.927138969396571699e+00 1.975564066384503104e+00 1.000000000000000020e+30 1.000000000000000020e+30 1.000000000000000020e+30 1.000000000000000020e+30 1.000000000000000020e+30 1.000000000000000020e+30 1.000000000000000020e+30 1.000000000000000020e+30 1.000000000000000020e+30 1.000000000000000020e+30 1.000000000000000020e+30 1.000000000000000020e+30 1.000000000000000020e+30 1.000000000000000020e+30 1.000000000000000020e+30 1.000000000000000020e+30 1.000000000000000020e+30 1.000000000000000020e+30 1.000000000000000020e+30 1.000000000000000020e+30 1.000000000000000020e+30 1.000000000000000020e+30 1.000000000000000020e+30 5.180711364910610683e+01 4.503352916850154486e+01 4.046298528550531159e+01 3.608873666842013250e+01 3.135058036940879944e+01 2.500081590962848921e+01 1.673896674472353396e+01 1.000000000000000020e+30 1.000000000000000020e+30 1.000000000000000020e+30 1.000000000000000020e+30 1.000000000000000020e+30 1.000000000000000020e+30 1.000000000000000020e+30 1.000000000000000020e+30 1.000000000000000020e+30 1.000000000000000020e+30 1.000000000000000020e+30 1.000000000000000020e+30 1.000000000000000020e+30 1.000000000000000020e+30 1.000000000000000020e+30 1.000000000000000020e+30 1.000000000000000020e+30 1.000000000000000020e+30
1.000000000000000020e+30 1.000000000000000020e+30 1.000000000000000020e+30 2.165159920597567567e+00 1.719469683529570858e+00 1.993435283601486807e+00 1.939950735382587999e+00 1.973369347460159906e+00 1.000000000000000020e+30 1.000000000000000020e+30 1.000000000000000020e+30 1.000000000000000020e+30 1.000000000000000020e+30 1.000000000000000020e+30 1.000000000000000020e+30 1.000000000000000020e+30 1.000000000000000020e+30 1.000000000000000020e+30 1.000000000000000020e+30 1.000000000000000020e+30 1.000000000000000020e+30 1.000000000000000020e+30 1.000000000000000020e+30 1.000000000000000020e+30 1.000000000000000020e+30 1.000000000000000020e+30 1.000000000000000020e+30 1.000000000000000020e+30 1.000000000000000020e+30 1.000000000000000020e+30 1.000000000000000020e+30 1.000000000000000020e+30 1.000000000000000020e+30 5.017386731679142287e+01 4.195785868354329295e+01 3.520201419455973024e+01 3.043948956448647536e+01 2.348136353441942603e+01 1.593032912729541906e+01 1.000000000000000020e+30 1.000000000000000020e+30 1.000000000000000020e+30 1.000000000000000020e+30 1.000000000000000020e+30 1.000000000000000020e+30 1.000000000000000020e+30 1.000000000000000020e+30 1.000000000000000020e+30 1.000000000000000020e+30 1.000000000000000020e+30 1.000000000000000020e+30 1.000000000000000020e+30 1.000000000000000020e+30 1.000000000000000020e+30 1.000000000000000020e+30 1.000000000000000020e+30 1.000000000000000020e+30
1.000000000000000020e+30 1.000000000000000020e+30 1.000000000000000020e+30 1.000000000000000020e+30 1.950817200215513969e+00 1.981969077166808146e+00 1.977414656870037257e+00 1.000000000000000020e+30 1.000000000000000020e+30 1.000000000000000020e+30 1.000000000000000020e+30 1.000000000000000020e+30 1.000000000000000020e+30 1.000000000000000020e+30 1.000000000000000020e+30 1.000000000000000020e+30 1.000000000000000020e+30 1.000000000000000020e+30 1.000000000000000020e+30 1.000000000000000020e+30 1.000000000000000020e+30 1.000000000000000020e+30 1.000000000000000020e+30 1.000000000000000020e+30 1.000000000000000020e+30 1.000000000000000020e+30 1.000000000000000020e+30 1.000000000000000020e+30 1.000000000000000020e+30 1.000000000000000020e+30 1.000000000000000020e+30 1.000000000000000020e+30 1.000000000000000020e+30 1.000000000000000020e+30 4.418424739575343096e+01 3.460841132635388107e+01 2.968908010138772724e+01 1.935790961239981556e+01 1.462454109403780933e+01 1.000000000000000020e+30 1.000000000000000020e+30 1.000000000000000020e+30 1.000000000000000020e+30 1.000000000000000020e+30 1.000000000000000020e+30 1.000000000000000020e+30 1.000000000000000020e+30 1.000000000000000020e+30 1.000000000000000020e+30 1.000000000000000020e+30 1.000000000000000020e+30 1.000000000000000020e+30 1.000000000000000020e+30 1.000000000000000020e+30 1.000000000000000020e+30 1.000000000000000020e+30 1.000000000000000020e+30
1.000000000000000020e+30 1.000000000000000020e+30 1.000000000000000020e+30 1.000000000000000020e+30 1.974768684867516333e+00 1.000000000000000020e+30 1.000000000000000020e+30 1.000000000000000020e+30 1.000000000000000020e+30 1.000000000000000020e+30 1.000000000000000020e+30 1.000000000000000020e+30 1.000000000000000020e+30 1.000000000000000020e+30 1.000000000000000020e+30 1.000000000000000020e+30 1.000000000000000020e+30 1.000000000000000020e+30 1.000000000000000020e+30 1.000000000000000020e+30 1.000000000000000020e+30 1.000000000000000020e+30 1.000000000000000020e+30 1.000000000000000020e+30 1.000000000000000020e+30 1.000000000000000020e+30 1.000000000000000020e+30 1.000000000000000020e+30 1.000000000000000020e+30 1.000000000000000020e+30 1.000000000000000020e+30 1.000000000000000020e+30 1.000000000000000020e+30 1.000000000000000020e+30 1.000000000000000020e+30 3.521588246018698243e+01 3.309114828612815984e+01 1.000000000000000020e+30 1.000000000000000020e+30 1.000000000000000020e+30 1.000000000000000020e+30 1.000000000000000020e+30 1.000000000000000020e+30 1.000000000000000020e+30 1.000000000000000020e+30 1.000000000000000020e+30 1.000000000000000020e+30 1.000000000000000020e+30 1.000000000000000020e+30 1.000000000000000020e+30 1.000000000000000020e+30 1.000000000000000020e+30 1.000000000000000020e+30 1.000000000000000020e+30 1.000000000000000020e+30 1.000000000000000020e+30 1.000000000000000020e+30
