1.000000000000000020e+30 1.000000000000000020e+30 1.000000000000000020e+30 1.000000000000000020e+30 1.000000000000000020e+30 1.000000000000000020e+30 1.000000000000000020e+30 1.000000000000000020e+30 1.000000000000000020e+30 1.000000000000000020e+30 1.000000000000000020e+30 1.000000000000000020e+30 1.000000000000000020e+30 1.000000000000000020e+30 1.000000000000000020e+30 1.000000000000000020e+30 1.000000000000000020e+30 1.000000000000000020e+30 1.000000000000000020e+30 1.000000000000000020e+30 1.000000000000000020e+30 1.000000000000000020e+30 1.000000000000000020e+30 1.000000000000000020e+30 1.000000000000000020e+30 1.000000000000000020e+30 1.000000000000000020e+30 1.000000000000000020e+30 1.000000000000000020e+30 1.000000000000000020e+30 1.000000000000000020e+30 1.000000000000000020e+30 1.000000000000000020e+30 1.000000000000000020e+30 1.000000000000000020e+30 1.000000000000000020e+30 1.000000000000000020e+30 1.000000000000000020e+30 1.000000000000000020e+30 1.000000000000000020e+30 1.000000000000000020e+30 1.000000000000000020e+30 1.000000000000000020e+30 1.000000000000000020e+30 1.000000000000000020e+30 1.000000000000000020e+30 1.000000000000000020e+30 1.000000000000000020e+30 1.000000000000000020e+30 1.000000000000000020e+30 1.000000000000000020e+30 1.000000000000000020e+30 1.000000000000000020e+30 1.000000000000000020e+30 1.000000000000000020e+30 1.000000000000000020e+30 1.000000000000000020e+30
1.000000000000000020e+30 1.000000000000000020e+30 1.000000000000000020e+30 1.000000000000000020e+30 1.000000000000000020e+30 1.000000000000000020e+30 1.000000000000000020e+30 1.000000000000000020e+30 1.000000000000000020e+30 1.000000000000000020e+30 1.000000000000000020e+30 1.000000000000000020e+30 1.000000000000000020e+30 1.000000000000000020e+30 1.000000000000000020e+30 1.000000000000000020e+30 1.000000000000000020e+30 1.000000000000000020e+30 1.000000000000000020e+30 1.000000000000000020e+30 1.000000000000000020e+30 1.000000000000000020e+30 1.000000000000000020e+30 1.000000000000000020e+30 1.000000000000000020e+30 1.000000000000000020e+30 1.000000000000000020e+30 1.043211410296393815e+01 1.043226754675190904e+01 1.043247322890838369e+01 1.043269503347597116e+01 1.043291687564066628e+01 1.043313090147228550e+01 1.043333247485837489e+01 1.043351873535081253e+01 1.043368794256299026e+01 1.043383915596211686e+01 1.043397205043527265e+01 1.043408676895013798e+01 1.043418373683952893e+01 1.043426331577146904e+01 1.043432493259521188e+01 1.043436438158879298e+01 1.000000000000000020e+30 1.000000000000000020e+30 1.000000000000000020e+30 1.000000000000000020e+30 1.000000000000000020e+30 1.000000000000000020e+30 1.000000000000000020e+30 1.000000000000000020e+30 1.000000000000000020e+30 1.000000000000000020e+30 1.000000000000000020e+30 1.000000000000000020e+30 1.000000000000000020e+30 1.000000000000000020e+30
1.000000000000000020e+30 1.000000000000000020e+30 1.000000000000000020e+30 1.000000000000000020e+30 1.000000000000000020e+30 1.000000000000000020e+30 1.000000000000000020e+30 1.000000000000000020e+30 1.000000000000000020e+30 1.000000000000000020e+30 1.000000000000000020e+30 1.000000000000000020e+30 1.000000000000000020e+30 1.000000000000000020e+30 1.000000000000000020e+30 1.000000000000000020e+30 1.000000000000000020e+30 1.000000000000000020e+30 1.000000000000000020e+30 1.000000000000000020e+30 1.000000000000000020e+30 1.000000000000000020e+30 1.000000000000000020e+30 1.000000000000000020e+30 1.043114552562093067e+01 1.043135101861468605e+01 1.043163819258012914e+01 1.043197297886831265e+01 1.043222762818024663e+01 1.043246942641040143e+01 1.043270667991358280e+01 1.043293655299299871e+01 1.043315527028195255e+01 1.043335974225465002e+01 1.043354776645984039e+01 1.043371792856194169e+01 1.043386948231074207e+01 1.043400225726495023e+01 1.043411658317925017e+01 1.043421322583950861e+01 1.043429341096710239e+01 1.043435926183583717e+01 1.043441614676084406e+01 1.043448364192128430e+01 1.043452836428072494e+01 1.043455829286634717e+01 1.043457770964611164e+01 1.043458853451072699e+01 1.000000000000000020e+30 1.000000000000000020e+30 1.000000000000000020e+30 1.000000000000000020e+30 1.000000000000000020e+30 1.000000000000000020e+30 1.000000000000000020e+30 1.000000000000000020e+30 1.000000000000000020e+30
1.000000000000000020e+30 1.000000000000000020e+30 1.000000000000000020e+30 1.000000000000000020e+30 1.000000000000000020e+30 1.000000000000000020e+30 1.000000000000000020e+30 1.000000000000000020e+30 1.000000000000000020e+30 1.000000000000000020e+30 1.000000000000000020e+30 1.000000000000000020e+30 1.000000000000000020e+30 1.000000000000000020e+30 1.000000000000000020e+30 1.000000000000000020e+30 1.000000000000000020e+30 1.000000000000000020e+30 1.000000000000000020e+30 1.000000000000000020e+30 1.000000000000000020e+30 1.042992943318315113e+01 1.043017520480537463e+01 1.043052777919562502e+01 1.043095235165316126e+01 1.043128165692050047e+01 1.043160289983405065e+01 1.043192261444801261e+01 1.043221160785178725e+01 1.043248115640141549e+01 1.043273667260911886e+01 1.043297848897333324e+01 1.043320511779857185e+01 1.043341480798990517e+01 1.043360610829330604e+01 1.043377805085174970e+01 1.043393018965891983e+01 1.043406259786739199e+01 1.043417585394203329e+01 1.043427103990898885e+01 1.043434981702900899e+01 1.043441466644603288e+01 1.043446938895369591e+01 1.043451864034252807e+01 1.043455544040042327e+01 1.043458111715228043e+01 1.043459862954413175e+01 1.043461167268271161e+01 1.043462687104299746e+01 1.000000000000000020e+30 1.000000000000000020e+30 1.000000000000000020e+30 1.000000000000000020e+30 1.000000000000000020e+30 1.000000000000000020e+30 1.000000000000000020e+30 1.000000000000000020e+30
1.000000000000000020e+30 1.000000000000000020e+30 1.000000000000000020e+30 1.000000000000000020e+30 1.000000000000000020e+30 1.000000000000000020e+30 1.000000000000000020e+30 1.000000000000000020e+30 1.000000000000000020e+30 1.000000000000000020e+30 1.000000000000000020e+30 1.000000000000000020e+30 1.000000000000000020e+30 1.000000000000000020e+30 1.000000000000000020e+30 1.000000000000000020e+30 1.000000000000000020e+30 1.000000000000000020e+30 1.042857135137039570e+01 1.042882820079561945e+01 1.042921300157958520e+01 1.042969597899297085e+01 1.043008071990088403e+01 1.043046809956010179e+01 1.043086485446053224e+01 1.043123129051653564e+01 1.043157997597628395e+01 1.043191385362543144e+01 1.043222608845354493e+01 1.043251808362640887e+01 1.043279160401797512e+01 1.043304691811618490e+01 1.043328331138542708e+01 1.043349976934190693e+01 1.043369539883679487e+01 1.043386963969831172e+01 1.043402236034817321e+01 1.043415390199606030e+01 1.043426509989661177e+01 1.043435726432383603e+01 1.043443222535825399e+01 1.043449231833448998e+01 1.043454024850918671e+01 1.043457826811932598e+01 1.043460588954937052e+01 1.043462442587512840e+01 1.043463639048289693e+01 1.043464504434336604e+01 1.043465438229501174e+01 1.043466761287685607e+01 1.000000000000000020e+30 1.000000000000000020e+30 1.000000000000000020e+30 1.000000000000000020e+30 1.000000000000000020e+30 1.000000000000000020e+30 1.000000000000000020e+30
1.000000000000000020e+30 1.000000000000000020e+30 1.000000000000000020e+30 1.000000000000000020e+30 1.000000000000000020e+30 1.000000000000000020e+30 1.000000000000000020e+30 1.000000000000000020e+30 1.000000000000000020e+30 1.000000000000000020e+30 1.000000000000000020e+30 1.000000000000000020e+30 1.000000000000000020e+30 1.000000000000000020e+30 1.000000000000000020e+30 1.000000000000000020e+30 1.042761621342079792e+01 1.042788549999071712e+01 1.042832681697382213e+01 1.042871256500710153e+01 1.042912714129721685e+01 1.042957102801604741e+01 1.042999437696365739e+01 1.043040969325588740e+01 1.043081841213436078e+01 1.043120961427638704e+01 1.043158293848711260e+01 1.043193792528609798e+01 1.043227209585145232e+01 1.043258484312129397e+01 1.043287615644132416e+01 1.043314574590536914e+01 1.043339299451906044e+01 1.043361719754540218e+01 1.043381779676949428e+01 1.043399453867651872e+01 1.043414756874043547e+01 1.043427748568820412e+01 1.043438536809377837e+01 1.043447276672541335e+01 1.043454164239845383e+01 1.043459431440255614e+01 1.043463322593693476e+01 1.043466053325561660e+01 1.043467770741861145e+01 1.043468666312879911e+01 1.043468985769116486e+01 1.043469012521009276e+01 1.043469040706326467e+01 1.043469315586777668e+01 1.043470030732319387e+01 1.043470059012772566e+01 1.000000000000000020e+30 1.000000000000000020e+30 1.000000000000000020e+30 1.000000000000000020e+30 1.000000000000000020e+30
1.000000000000000020e+30 1.000000000000000020e+30 1.000000000000000020e+30 1.000000000000000020e+30 1.000000000000000020e+30 1.000000000000000020e+30 1.000000000000000020e+30 1.000000000000000020e+30 1.000000000000000020e+30 1.000000000000000020e+30 1.000000000000000020e+30 1.000000000000000020e+30 1.000000000000000020e+30 1.000000000000000020e+30 1.000000000000000020e+30 1.042701425992444442e+01 1.042735924006851356e+01 1.042772578338080258e+01 1.042814884254905650e+01 1.042857864760939357e+01 1.042902250673837905e+01 1.042947720062120709e+01 1.042992685773926631e+01 1.043036881599664234e+01 1.043080053167594734e+01 1.043121696617143712e+01 1.043161548044435882e+01 1.043199413738879677e+01 1.043235092205935999e+01 1.043268448920188085e+01 1.043299393377336948e+01 1.043327846746222853e+01 1.043353733948389106e+01 1.043376991843038226e+01 1.043397581395426066e+01 1.043415497997290053e+01 1.043430778871069897e+01 1.043443508033725386e+01 1.043453818412441336e+01 1.043461890173151119e+01 1.043467943760374617e+01 1.043472228520401224e+01 1.043475004528596983e+01 1.043476519856032070e+01 1.043477005730772689e+01 1.043476702942059475e+01 1.043475868896132752e+01 1.043474765783355274e+01 1.043473636874192678e+01 1.043472671108184002e+01 1.043471953176884170e+01 1.043471318432068706e+01 1.043471136463129945e+01 1.000000000000000020e+30 1.000000000000000020e+30 1.000000000000000020e+30 1.000000000000000020e+30
1.000000000000000020e+30 1.000000000000000020e+30 1.000000000000000020e+30 1.000000000000000020e+30 1.000000000000000020e+30 1.000000000000000020e+30 1.000000000000000020e+30 1.000000000000000020e+30 1.000000000000000020e+30 1.000000000000000020e+30 1.000000000000000020e+30 1.000000000000000020e+30 1.000000000000000020e+30 1.000000000000000020e+30 1.042628067606629827e+01 1.042668159191465804e+01 1.042709246953495494e+01 1.042752085422834440e+01 1.042797454512976607e+01 1.042844135313724863e+01 1.042891787164347583e+01 1.042939935119420269e+01 1.042987808351067969e+01 1.043034930803538174e+01 1.043080912337077315e+01 1.043125349157232939e+01 1.043167919982484904e+01 1.043208361114176697e+01 1.043246442050501699e+01 1.043281976862399674e+01 1.043314818138717470e+01 1.043344845951502009e+01 1.043371964354221859e+01 1.043396105301450305e+01 1.043417235562854906e+01 1.043435363482478628e+01 1.043450544589390994e+01 1.043462885803774753e+01 1.043472547205920797e+01 1.043479739677640161e+01 1.043484716925037858e+01 1.043487762511353623e+01 1.043489173289186311e+01 1.043489244073711220e+01 1.043488261808454531e+01 1.043486509722423428e+01 1.043484266900870594e+01 1.043481796100430969e+01 1.043479326666908769e+01 1.043477034816758753e+01 1.043475031156155808e+01 1.043473365453192336e+01 1.043472185589759071e+01 1.043471604438070344e+01 1.000000000000000020e+30 1.000000000000000020e+30 1.000000000000000020e+30
1.000000000000000020e+30 1.000000000000000020e+30 1.000000000000000020e+30 1.000000000000000020e+30 1.000000000000000020e+30 1.000000000000000020e+30 1.000000000000000020e+30 1.000000000000000020e+30 1.000000000000000020e+30 1.000000000000000020e+30 1.000000000000000020e+30 1.000000000000000020e+30 1.000000000000000020e+30 1.042544124679796447e+01 1.042589207098533066e+01 1.042635063547070295e+01 1.042681935335215293e+01 1.042730119872724259e+01 1.042779794562174445e+01 1.042830531854989928e+01 1.042881933010863804e+01 1.042933536941305306e+01 1.042984799087370895e+01 1.043035242889741987e+01 1.043084442575560011e+01 1.043131998900814139e+01 1.043177558512403635e+01 1.043220811925190006e+01 1.043261487646081598e+01 1.043299353850629174e+01 1.043334217248537854e+01 1.043365920804473923e+01 1.043394344190663148e+01 1.043419407342459060e+01 1.043441075454760281e+01 1.043459364052099936e+01 1.043474343687873862e+01 1.043486143857040460e+01 1.043494954686941334e+01 1.043501024289826518e+01 1.043504649981282917e+01 1.043506163718295099e+01 1.043505914449113803e+01 1.043504252672680011e+01 1.043501520467324895e+01 1.043498046545096436e+01 1.043494140204643905e+01 1.043490079188881481e+01 1.043486096761320781e+01 1.043482372157880889e+01 1.043479031388731393e+01 1.043476166985793796e+01 1.043473881480798404e+01 1.043472254340777283e+01 1.043471344543154800e+01 1.000000000000000020e+30 1.000000000000000020e+30
1.000000000000000020e+30 1.000000000000000020e+30 1.000000000000000020e+30 1.000000000000000020e+30 1.000000000000000020e+30 1.000000000000000020e+30 1.000000000000000020e+30 1.000000000000000020e+30 1.000000000000000020e+30 1.000000000000000020e+30 1.000000000000000020e+30 1.000000000000000020e+30 1.042450544191230932e+01 1.042500273171134140e+01 1.042550742312007905e+01 1.042602074547064817e+01 1.042654375580403858e+01 1.042707752968246027e+01 1.042762177002457413e+01 1.042817377341750174e+01 1.042872993769914025e+01 1.042928601682899448e+01 1.042983732504788996e+01 1.043037926933491555e+01 1.043090747908314064e+01 1.043141781513794264e+01 1.043190644526718636e+01 1.043236987494143619e+01 1.043280495920113360e+01 1.043320892894059781e+01 1.043357941507203179e+01 1.043391447358785840e+01 1.043421262125552396e+01 1.043447288120547789e+01 1.043469483139924314e+01 1.043487865235417189e+01 1.043502517469130986e+01 1.043513592253126099e+01 1.043521313558056640e+01 1.043525974295796566e+01 1.043527926533104022e+01 1.043527564731604507e+01 1.043525305115313095e+01 1.043521566326809236e+01 1.043516755185933498e+01 1.043511255597694642e+01 1.043505416920564066e+01 1.043499540303785267e+01 1.043493870246727084e+01 1.043488588036226616e+01 1.043483819021965431e+01 1.043479651275587372e+01 1.043476162852267208e+01 1.043473438593095359e+01 1.043471665766121426e+01 1.000000000000000020e+30 1.000000000000000020e+30
1.000000000000000020e+30 1.000000000000000020e+30 1.000000000000000020e+30 1.000000000000000020e+30 1.000000000000000020e+30 1.000000000000000020e+30 1.000000000000000020e+30 1.000000000000000020e+30 1.000000000000000020e+30 1.000000000000000020e+30 1.000000000000000020e+30 1.042347987187040381e+01 1.042402045922332654e+01 1.042456855509526825e+01 1.042512544792852758e+01 1.042569185971934154e+01 1.042626831117137520e+01 1.042685448091904377e+01 1.042744900746468595e+01 1.042804929334871211e+01 1.042865188174104318e+01 1.042925270586109754e+01 1.042984731981397850e+01 1.043043117557376220e+01 1.043099977743201734e+01 1.043154876165951350e+01 1.043207396658700326e+01 1.043257148699101222e+01 1.043303772206742686e+01 1.043346942846587311e+01 1.043386377736372417e+01 1.043421841524273752e+01 1.043453152745991375e+01 1.043480190043784184e+01 1.043502897928600603e+01 1.043521292319301352e+01 1.043535466322922467e+01 1.043545595902535084e+01 1.043551943361955558e+01 1.043554855210229348e+01 1.043554751290338167e+01 1.043552104802081537e+01 1.043547416844052478e+01 1.043541191483136465e+01 1.043533915894655806e+01 1.043526044126017460e+01 1.043517979678693486e+01 1.043510054313736646e+01 1.043502520865119187e+01 1.043495556247389722e+01 1.043489269604958203e+01 1.043483720969390660e+01 1.043478941654385039e+01 1.043474919202631490e+01 1.043471447663191576e+01 1.043467755290954457e+01 1.000000000000000020e+30
1.000000000000000020e+30 1.000000000000000020e+30 1.000000000000000020e+30 1.000000000000000020e+30 1.000000000000000020e+30 1.000000000000000020e+30 1.000000000000000020e+30 1.000000000000000020e+30 1.000000000000000020e+30 1.000000000000000020e+30 1.042237014920963567e+01 1.042295158929642795e+01 1.042353975539117528e+01 1.042413697019617480e+01 1.042474471954689719e+01 1.042536388545962645e+01 1.042599425199583685e+01 1.042663427319550173e+01 1.042728174601757374e+01 1.042793380291718641e+01 1.042858689677250084e+01 1.042923692702487060e+01 1.042987942128026724e+01 1.043050972242616226e+01 1.043112312401957098e+01 1.043171496175810731e+01 1.043228068804913811e+01 1.043281594084572106e+01 1.043331661500683261e+01 1.043377894182525800e+01 1.043419957684552202e+01 1.043457569260700168e+01 1.043490507010237245e+01 1.043518618251228247e+01 1.043541827001613420e+01 1.043560141224741322e+01 1.043573660666815783e+01 1.043582584980871708e+01 1.043587219623513107e+01 1.043587975066418672e+01 1.043585354910370100e+01 1.043579931548964623e+01 1.043572313315861599e+01 1.043563111369368102e+01 1.043552914193142556e+01 1.043542268722621280e+01 1.043531654134145192e+01 1.043521436571795036e+01 1.043511870713782841e+01 1.043503115221937705e+01 1.043495248446118850e+01 1.043488287564183636e+01 1.043482227692060604e+01 1.043477098040585282e+01 1.043472710577884044e+01 1.043472250342840368e+01 1.000000000000000020e+30
1.000000000000000020e+30 1.000000000000000020e+30 1.000000000000000020e+30 1.000000000000000020e+30 1.000000000000000020e+30 1.000000000000000020e+30 1.000000000000000020e+30 1.000000000000000020e+30 1.000000000000000020e+30 1.042116312230943187e+01 1.042180101121692104e+01 1.042242840560937900e+01 1.042306145524419669e+01 1.042370573552480906e+01 1.042436360609340440e+01 1.042503585117459686e+01 1.042572175153017078e+01 1.042641789074113490e+01 1.042712122136511788e+01 1.042782861986974297e+01 1.042853633228032528e+01 1.042924005690295353e+01 1.042993511806795404e+01 1.043061661449435107e+01 1.043127952946475645e+01 1.043191881407553367e+01 1.043252946112250434e+01 1.043310658237955657e+01 1.043364549704232225e+01 1.043414183485366564e+01 1.043459165258026111e+01 1.043499155749861806e+01 1.043533882807614788e+01 1.043563152370715308e+01 1.043586858371640069e+01 1.043604992600009496e+01 1.043617655769132746e+01 1.043625069621884549e+01 1.043627587084902331e+01 1.043625694608436127e+01 1.043620000002112391e+01 1.043611202099933699e+01 1.043600045935708565e+01 1.043587276332505631e+01 1.043573606928295128e+01 1.043559709079270625e+01 1.043546185065818221e+01 1.043533430154286279e+01 1.043521680266488083e+01 1.043511058097305444e+01 1.043501591851985033e+01 1.043493221159202555e+01 1.043485852044505791e+01 1.043479798602200681e+01 1.043478254461465582e+01 1.043477519162899192e+01 1.000000000000000020e+30
1.000000000000000020e+30 1.000000000000000020e+30 1.000000000000000020e+30 1.000000000000000020e+30 1.000000000000000020e+30 1.000000000000000020e+30 1.000000000000000020e+30 1.000000000000000020e+30 1.042002241965432141e+01 1.042060700676244345e+01 1.042125420615576559e+01 1.042191104451312000e+01 1.042258294406641994e+01 1.042327206225705893e+01 1.042397934046768349e+01 1.042470542020879165e+01 1.042545031069740169e+01 1.042620565496758722e+01 1.042696800042519101e+01 1.042773451646215754e+01 1.042850116259144322e+01 1.042926327470833137e+01 1.043001583702530688e+01 1.043075359481394138e+01 1.043147112807437615e+01 1.043216291647593508e+01 1.043282340774523576e+01 1.043344710014332222e+01 1.043402864502121830e+01 1.043456297123941390e+01 1.043504542852872774e+01 1.043547194106898601e+01 1.043583915874623358e+01 1.043614459653914928e+01 1.043638676353898731e+01 1.043656529622772133e+01 1.043668111440324431e+01 1.043673660270189352e+01 1.043673578526987100e+01 1.043668441728024909e+01 1.043658988673342947e+01 1.043646083420490278e+01 1.043630649499930207e+01 1.043613596429848478e+01 1.043595778965232235e+01 1.043578025766986173e+01 1.043561202825981482e+01 1.043545684485343905e+01 1.043531635405568281e+01 1.043519120372080344e+01 1.043508112693518441e+01 1.043498423356694005e+01 1.043489429732171736e+01 1.043486210062423503e+01 1.043484240896962589e+01 1.043483287234290202e+01 1.000000000000000020e+30
1.000000000000000020e+30 1.000000000000000020e+30 1.000000000000000020e+30 1.000000000000000020e+30 1.000000000000000020e+30 1.000000000000000020e+30 1.000000000000000020e+30 1.041884592739251936e+01 1.041945012872932352e+01 1.042006958772906344e+01 1.042070924933247689e+01 1.042138975487342911e+01 1.042209848445166109e+01 1.042283155783639437e+01 1.042358761771969355e+01 1.042436753352411749e+01 1.042517978549526347e+01 1.042599781215835542e+01 1.042682203244675954e+01 1.042765172846149291e+01 1.042848198623156719e+01 1.042930751996094507e+01 1.043012287414671668e+01 1.043092236857058985e+01 1.043170010398448433e+01 1.043245000405442546e+01 1.043316587699193398e+01 1.043384150408954447e+01 1.043447075689369896e+01 1.043504774204437169e+01 1.043556696994447464e+01 1.043602353746114275e+01 1.043641331025107100e+01 1.043673309381639669e+01 1.043698079591967165e+01 1.043715560015855104e+01 1.043725817873638739e+01 1.043729095933467832e+01 1.043725842045208196e+01 1.043716732426008420e+01 1.043702671896339140e+01 1.043684749299335834e+01 1.043664134617493922e+01 1.043641941784868266e+01 1.043619142390854471e+01 1.043596665754155417e+01 1.043576174232214626e+01 1.043557736845606598e+01 1.043541331560329510e+01 1.043526953012778691e+01 1.043514590680166876e+01 1.043504202141491888e+01 1.043495459892208288e+01 1.043492634516515061e+01 1.043490462940477137e+01 1.043489336107354326e+01 1.000000000000000020e+30
1.000000000000000020e+30 1.000000000000000020e+30 1.000000000000000020e+30 1.000000000000000020e+30 1.000000000000000020e+30 1.000000000000000020e+30 1.041765646129894840e+01 1.041825401925427386e+01 1.041887443003485814e+01 1.041952348610130130e+01 1.042020413795427736e+01 1.042092107969287973e+01 1.042167058783773825e+01 1.042244899460400021e+01 1.042325297423033525e+01 1.042407824165365682e+01 1.042491492055839331e+01 1.042579522939259640e+01 1.042668207053449159e+01 1.042757988167037908e+01 1.042847904942999371e+01 1.042937347810589799e+01 1.043025734224003997e+01 1.043112453301206699e+01 1.043196861828013056e+01 1.043278288502363260e+01 1.043356039731280838e+01 1.043429409832866561e+01 1.043497694760266903e+01 1.043560208682101909e+01 1.043616303169261350e+01 1.043665388179664610e+01 1.043706953313416186e+01 1.043740588056827967e+01 1.043766001276630107e+01 1.043783042483417844e+01 1.043791729102207277e+01 1.043792283764491557e+01 1.043785182168993053e+01 1.043771203723894914e+01 1.043751461601964969e+01 1.043727366171970417e+01 1.043700464787862181e+01 1.043672159934805599e+01 1.043643443671759208e+01 1.043614577612770056e+01 1.043590351417131856e+01 1.043569024904032183e+01 1.043550276612025307e+01 1.043534048552733751e+01 1.043520372561201093e+01 1.043509608904998132e+01 1.043503800719030394e+01 1.043499669301831823e+01 1.043496891110974190e+01 1.043495492508906075e+01 1.000000000000000020e+30
1.000000000000000020e+30 1.000000000000000020e+30 1.000000000000000020e+30 1.000000000000000020e+30 1.000000000000000020e+30 1.041654451135030435e+01 1.041707119336981968e+01 1.041765114479222376e+01 1.041828167830012752e+01 1.041895707307374686e+01 1.041967416661176671e+01 1.042043134108404523e+01 1.042122532266181700e+01 1.042205239630064106e+01 1.042290857160184636e+01 1.042378904490572822e+01 1.042468742447962882e+01 1.042559763206882018e+01 1.042654268494978709e+01 1.042751824466813737e+01 1.042849242861681347e+01 1.042946159388732141e+01 1.043042011499482946e+01 1.043136149855130768e+01 1.043227872555328695e+01 1.043316436694699689e+01 1.043401062025061243e+01 1.043480944534028865e+01 1.043555273541682382e+01 1.043623250406813163e+01 1.043684109548713224e+01 1.043737141776627908e+01 1.043781718385730173e+01 1.043817314326522272e+01 1.043843530336417835e+01 1.043860116770953184e+01 1.043867005000814174e+01 1.043864354593907251e+01 1.043852624594624601e+01 1.043832671153990077e+01 1.043805850993744500e+01 1.043774050398902986e+01 1.043739469163750400e+01 1.043704060656857990e+01 1.043669160227235260e+01 1.043636067474041518e+01 1.043609847552526837e+01 1.043585959703342247e+01 1.043564934037393144e+01 1.043546828578295127e+01 1.043531478367203746e+01 1.043518293118024864e+01 1.043511737293419550e+01 1.043506615611326716e+01 1.043503190313287732e+01 1.043501484605217300e+01 1.000000000000000020e+30
1.000000000000000020e+30 1.000000000000000020e+30 1.000000000000000020e+30 1.000000000000000020e+30 1.000000000000000020e+30 1.041603011630041387e+01 1.041644460109521297e+01 1.041700938989094105e+01 1.041765541176964938e+01 1.041836042973866228e+01 1.041911566821076462e+01 1.041991638424883604e+01 1.042075858160630197e+01 1.042163832457582906e+01 1.042255147944121241e+01 1.042349351930073453e+01 1.042445966809891900e+01 1.042544628068688795e+01 1.042645391940673250e+01 1.042746961943784889e+01 1.042852247112760367e+01 1.042957201232543163e+01 1.043061172067310949e+01 1.043163438228645745e+01 1.043263226542884503e+01 1.043359716537320736e+01 1.043452025261254690e+01 1.043539232010468787e+01 1.043620401682685461e+01 1.043694604839082274e+01 1.043760939228183382e+01 1.043818554879369209e+01 1.043866680973081529e+01 1.043904651860454003e+01 1.043931930939214681e+01 1.043948134247916215e+01 1.043953060248300702e+01 1.043946738777487049e+01 1.043929521011119732e+01 1.043902240788584024e+01 1.043866468953069848e+01 1.043824778462570890e+01 1.043780574446568998e+01 1.043736728598874208e+01 1.043694339035786101e+01 1.043658905887184396e+01 1.043628274521846500e+01 1.043601300257527420e+01 1.043577946161683201e+01 1.043558132866117028e+01 1.043541699698470104e+01 1.043528582822057160e+01 1.043519513792393383e+01 1.043513131074051614e+01 1.043509020414875899e+01 1.043507005277169419e+01 1.000000000000000020e+30
1.000000000000000020e+30 1.000000000000000020e+30 1.000000000000000020e+30 1.000000000000000020e+30 1.041446495138286465e+01 1.041511341913470901e+01 1.041567978524645532e+01 1.041629826447716667e+01 1.041698163452820936e+01 1.041772516005820037e+01 1.041852332218916288e+01 1.041937160475582580e+01 1.042026599204666049e+01 1.042120255352897829e+01 1.042217718901728674e+01 1.042318553532442316e+01 1.042422308858959035e+01 1.042528556468123213e+01 1.042636878433839875e+01 1.042746507051126237e+01 1.042856754357259064e+01 1.042970399440353724e+01 1.043083213785290830e+01 1.043194387536920686e+01 1.043303070965785118e+01 1.043408378826874738e+01 1.043509297865684360e+01 1.043604765549484448e+01 1.043693702876099394e+01 1.043775031164910949e+01 1.043847690637564263e+01 1.043910666760905315e+01 1.043963020469366576e+01 1.044003917877317456e+01 1.044032655768730145e+01 1.044048681652082067e+01 1.044051611719540418e+01 1.044041260281984940e+01 1.044017715844195315e+01 1.043981540672857200e+01 1.043934255124797517e+01 1.043879284191215540e+01 1.043822596944942838e+01 1.043769218649457109e+01 1.043720793148673920e+01 1.043678209615151609e+01 1.043644308940740473e+01 1.043614288445668947e+01 1.043588691274840485e+01 1.043567335766602611e+01 1.043549885673197686e+01 1.043536104564852174e+01 1.043525879630290021e+01 1.043518640918740736e+01 1.043514005524215627e+01 1.043511745124986057e+01 1.000000000000000020e+30
1.000000000000000020e+30 1.000000000000000020e+30 1.000000000000000020e+30 1.000000000000000020e+30 1.041382876481096176e+01 1.041429082718606836e+01 1.041487477947081963e+01 1.041553383550748180e+01 1.041625936459971768e+01 1.041704693793684555e+01 1.041789254303225221e+01 1.041879244272854343e+01 1.041974300492782568e+01 1.042074050294171172e+01 1.042178095473458832e+01 1.042286007404924142e+01 1.042397330572406133e+01 1.042511584513978029e+01 1.042628235384943025e+01 1.042746612750213053e+01 1.042865996348930224e+01 1.042985609442936656e+01 1.043108080128414095e+01 1.043229017576005191e+01 1.043347490686838519e+01 1.043462639564543259e+01 1.043573238679250537e+01 1.043678048540988179e+01 1.043775829623371720e+01 1.043865338434144796e+01 1.043945335892240500e+01 1.044014616351184799e+01 1.044072043242103476e+01 1.044116585465506830e+01 1.044147347290043371e+01 1.044163584750596918e+01 1.044164701224037195e+01 1.044150223056711013e+01 1.044119782945431751e+01 1.044073192785495685e+01 1.044010977283870290e+01 1.043936770367952072e+01 1.043862586329054842e+01 1.043798036210095503e+01 1.043742682207599692e+01 1.043697058543042289e+01 1.043657729545761192e+01 1.043624121051751175e+01 1.043596467090189250e+01 1.043573910493105750e+01 1.043555683168619552e+01 1.043541351267988126e+01 1.043530536253207153e+01 1.043522814601735327e+01 1.043517866296960861e+01 1.043515458932913376e+01 1.000000000000000020e+30
1.000000000000000020e+30 1.000000000000000020e+30 1.000000000000000020e+30 1.041200322791853772e+01 1.041274273515917237e+01 1.041335850571939048e+01 1.041400670171487519e+01 1.041471465442838884e+01 1.041548684197779906e+01 1.041632244814756270e+01 1.041721921629827108e+01 1.041817440483606916e+01 1.041918493192671136e+01 1.042024737069927021e+01 1.042135790117551508e+01 1.042251231422299362e+01 1.042370601841660616e+01 1.042493397846905268e+01 1.042619051238971828e+01 1.042746900134920018e+01 1.042876197886255341e+01 1.043006104854407923e+01 1.043135671928108366e+01 1.043267310105729173e+01 1.043396442187201956e+01 1.043522668199967640e+01 1.043644195129652985e+01 1.043759589749809358e+01 1.043867455620534912e+01 1.043966378889275326e+01 1.044054916932508625e+01 1.044131641534984745e+01 1.044195183259543214e+01 1.044244280766455013e+01 1.044277823548867090e+01 1.044294875227191532e+01 1.044294649037578360e+01 1.044276403046873725e+01 1.044239247384485125e+01 1.044181715566587165e+01 1.044100942298324597e+01 1.043995496858319960e+01 1.043901175663107317e+01 1.043825897066948905e+01 1.043763078370403008e+01 1.043710885513659470e+01 1.043666697609713268e+01 1.043629266565040403e+01 1.043600415800349168e+01 1.043577430485171398e+01 1.043558863767304068e+01 1.043544362116566937e+01 1.043533376814437830e+01 1.043525481762941709e+01 1.043520436574821098e+01 1.043517999717913192e+01 1.000000000000000020e+30
1.000000000000000020e+30 1.000000000000000020e+30 1.000000000000000020e+30 1.041134540784606521e+01 1.041179252425767920e+01 1.041240578674958606e+01 1.041309066660854477e+01 1.041384312936478906e+01 1.041466279420426133e+01 1.041554862973975659e+01 1.041649927957043431e+01 1.041751288275377441e+01 1.041858686735679740e+01 1.041971809343786504e+01 1.042090289503216027e+01 1.042213716457146155e+01 1.042341636570858121e+01 1.042473544464210455e+01 1.042608865534284668e+01 1.042746935621665649e+01 1.042886988703947182e+01 1.043028139292608891e+01 1.043169347857628360e+01 1.043309315039024376e+01 1.043449515282401485e+01 1.043588622529945553e+01 1.043722519711977803e+01 1.043849899506586532e+01 1.043969261906560320e+01 1.044079036594628640e+01 1.044177539100846808e+01 1.044263078879599149e+01 1.044334005874877924e+01 1.044388783064459325e+01 1.044426056154589766e+01 1.044444715347934860e+01 1.044443886456586057e+01 1.044422754587791147e+01 1.044380341454394667e+01 1.044314729413797949e+01 1.044216831917783850e+01 1.044044360334029342e+01 1.043928953322342146e+01 1.043842576862017602e+01 1.043774128475924101e+01 1.043717980128121958e+01 1.043670176399944616e+01 1.043627097313780006e+01 1.043599765262277579e+01 1.043577801529644944e+01 1.043559253091177297e+01 1.043545134392677376e+01 1.043534402429411578e+01 1.043526563635020388e+01 1.043521648016333359e+01 1.043519337836808347e+01 1.000000000000000020e+30
1.000000000000000020e+30 1.000000000000000020e+30 1.000000000000000020e+30 1.041032210895658316e+01 1.041075776587236845e+01 1.041139354371618353e+01 1.041211897288244437e+01 1.041291641433308257e+01 1.041378455403248893e+01 1.041472189534055559e+01 1.041572826659748863e+01 1.041680290611693671e+01 1.041794355040538100e+01 1.041914726067882491e+01 1.042041043498165820e+01 1.042172907572425977e+01 1.042309881555080864e+01 1.042451477194476261e+01 1.042597133458436964e+01 1.042746194358258194e+01 1.042897890365387426e+01 1.043051324767775867e+01 1.043205475474955435e+01 1.043359257126540030e+01 1.043511861304518185e+01 1.043661021848985015e+01 1.043808606630456559e+01 1.043949476535885879e+01 1.044081904210331757e+01 1.044204208869617112e+01 1.044314360960672161e+01 1.044410365950862030e+01 1.044490222657769785e+01 1.044552046408562340e+01 1.044594171910490665e+01 1.044615319406774212e+01 1.044614701456127825e+01 1.044591655180357037e+01 1.044545894622497961e+01 1.044481283913353664e+01 1.044408548864616471e+01 1.000000000000000020e+30 1.000000000000000020e+30 1.000000000000000020e+30 1.000000000000000020e+30 1.000000000000000020e+30 1.000000000000000020e+30 1.043610426484272757e+01 1.043594990026993585e+01 1.043576013325917629e+01 1.043556486101262415e+01 1.043543794198517638e+01 1.043533805000662973e+01 1.043525981461339569e+01 1.043521500870055618e+01 1.043519599530748110e+01 1.000000000000000020e+30
1.000000000000000020e+30 1.000000000000000020e+30 1.040808677742091604e+01 1.040894478598885264e+01 1.040960450237202117e+01 1.041030379360361202e+01 1.041108736628541109e+01 1.041193113974808249e+01 1.041284916682094241e+01 1.041383810346957262e+01 1.041490094021615676e+01 1.041603892345257698e+01 1.041724922163141009e+01 1.041852905499694337e+01 1.041987460793471243e+01 1.042128197372338683e+01 1.042274712075654541e+01 1.042426557270356291e+01 1.042583208104823633e+01 1.042744033576427043e+01 1.042908272028538796e+01 1.043075013182031796e+01 1.043243192171455291e+01 1.043411600341227974e+01 1.043578882673773656e+01 1.043743197576616133e+01 1.043902661904219542e+01 1.044058755081443834e+01 1.044205927924776311e+01 1.044342786242062893e+01 1.044466576295431537e+01 1.044575046295256371e+01 1.044665723140354174e+01 1.044736269726890576e+01 1.044784538463215284e+01 1.044808967637582420e+01 1.044809222287101491e+01 1.044784541519661047e+01 1.044738518410941808e+01 1.044664172442621464e+01 1.044535739900031857e+01 1.000000000000000020e+30 1.000000000000000020e+30 1.000000000000000020e+30 1.000000000000000020e+30 1.000000000000000020e+30 1.000000000000000020e+30 1.000000000000000020e+30 1.000000000000000020e+30 1.000000000000000020e+30 1.043548122554461166e+01 1.043540991583166466e+01 1.043532290732966317e+01 1.043523310084432509e+01 1.043520018032987196e+01 1.043519193141050394e+01 1.000000000000000020e+30
1.000000000000000020e+30 1.000000000000000020e+30 1.040731041852542482e+01 1.040784725471349148e+01 1.040849314002789683e+01 1.040921129143816692e+01 1.041000778217745015e+01 1.041088383245855553e+01 1.041185499145936788e+01 1.041289246540871893e+01 1.041401051088176111e+01 1.041521469600507288e+01 1.041649747330764342e+01 1.041785729080561040e+01 1.041928915364774255e+01 1.042078927105249520e+01 1.042235428500225680e+01 1.042398048287111045e+01 1.042566328015205102e+01 1.042739684575352577e+01 1.042917379393053778e+01 1.043098493393422288e+01 1.043281909715608435e+01 1.043466302088682163e+01 1.043650111213663401e+01 1.043831474271617132e+01 1.044008308783821626e+01 1.044178221559822894e+01 1.044341533664351296e+01 1.044495693961873961e+01 1.044635367452436547e+01 1.044758773352703685e+01 1.044862611795286256e+01 1.044944038011365350e+01 1.045000020780118533e+01 1.045028070668296216e+01 1.045029956034806062e+01 1.045006998911703811e+01 1.044960727788290455e+01 1.044902397346068845e+01 1.000000000000000020e+30 1.000000000000000020e+30 1.000000000000000020e+30 1.000000000000000020e+30 1.000000000000000020e+30 1.000000000000000020e+30 1.000000000000000020e+30 1.000000000000000020e+30 1.000000000000000020e+30 1.000000000000000020e+30 1.000000000000000020e+30 1.000000000000000020e+30 1.000000000000000020e+30 1.043515714500833447e+01 1.043517299337657711e+01 1.000000000000000020e+30 1.000000000000000020e+30
1.000000000000000020e+30 1.040529563273359059e+01 1.040607883081969831e+01 1.040672225194835221e+01 1.040739101626661700e+01 1.040812213325948044e+01 1.040893037023582224e+01 1.040982308918617250e+01 1.041080669552769322e+01 1.041187840465128112e+01 1.041304607620090117e+01 1.041432401563914389e+01 1.041568085865778315e+01 1.041712571066937620e+01 1.041864771562867809e+01 1.042024394616160343e+01 1.042191252001429191e+01 1.042365104314716362e+01 1.042545599163094572e+01 1.042732230830679363e+01 1.042924305684983821e+01 1.043120911242471749e+01 1.043320891367634573e+01 1.043522828925624069e+01 1.043725033399558377e+01 1.043925536720559144e+01 1.044122145001931123e+01 1.044312524410945464e+01 1.044494528812245449e+01 1.044664359373194706e+01 1.044821691360053428e+01 1.044963330630433695e+01 1.045083178525899292e+01 1.045178522415779554e+01 1.045244715265694957e+01 1.045281586085066117e+01 1.045283773408005068e+01 1.045254033998056187e+01 1.045196249990527804e+01 1.045083536720953532e+01 1.000000000000000020e+30 1.000000000000000020e+30 1.000000000000000020e+30 1.000000000000000020e+30 1.000000000000000020e+30 1.000000000000000020e+30 1.000000000000000020e+30 1.000000000000000020e+30 1.000000000000000020e+30 1.000000000000000020e+30 1.000000000000000020e+30 1.000000000000000020e+30 1.000000000000000020e+30 1.000000000000000020e+30 1.000000000000000020e+30 1.000000000000000020e+30 1.000000000000000020e+30
1.000000000000000020e+30 1.040459405772029022e+01 1.040506849937114708e+01 1.040565337284110292e+01 1.040630819624577796e+01 1.040703760362523411e+01 1.040785024680553406e+01 1.040875316218639846e+01 1.040975197024595467e+01 1.041085004612562948e+01 1.041205301918189718e+01 1.041336663943081575e+01 1.041478846766312216e+01 1.041632927510742235e+01 1.041794440660475729e+01 1.041963864388898031e+01 1.042141314849985534e+01 1.042326750737298546e+01 1.042519969160784399e+01 1.042720575504509206e+01 1.042927948523620607e+01 1.043141204488878770e+01 1.043359165792857191e+01 1.043580339793707878e+01 1.043802911877287443e+01 1.044024757504603329e+01 1.044243483002943584e+01 1.044456482306878442e+01 1.044660979750964813e+01 1.044853766833925768e+01 1.045031948038466219e+01 1.045190951496829435e+01 1.045329522868831695e+01 1.045443435891642636e+01 1.045526982439868746e+01 1.045571067601204973e+01 1.045570793382082542e+01 1.045530382989586649e+01 1.045487960158728491e+01 1.000000000000000020e+30 1.000000000000000020e+30 1.000000000000000020e+30 1.000000000000000020e+30 1.000000000000000020e+30 1.000000000000000020e+30 1.000000000000000020e+30 1.000000000000000020e+30 1.000000000000000020e+30 1.000000000000000020e+30 1.000000000000000020e+30 1.000000000000000020e+30 1.000000000000000020e+30 1.000000000000000020e+30 1.000000000000000020e+30 1.000000000000000020e+30 1.000000000000000020e+30 1.000000000000000020e+30
1.040285115147769268e+01 1.040349962542399709e+01 1.040402929288393885e+01 1.040459603499791541e+01 1.040523259645317111e+01 1.040595166539457317e+01 1.040676162585091546e+01 1.040766908540787128e+01 1.040867972178822143e+01 1.040979854434225160e+01 1.041103103923929574e+01 1.041238275198705487e+01 1.041385882106101946e+01 1.041547088051676440e+01 1.041717442798079851e+01 1.041896552901286199e+01 1.042084635014708383e+01 1.042281855043559524e+01 1.042488193797375473e+01 1.042703402334037577e+01 1.042926963973595456e+01 1.043158051753561999e+01 1.043395487427210000e+01 1.043637712419035246e+01 1.043882779194521149e+01 1.044128367182994310e+01 1.044371824473305566e+01 1.044610226553793986e+01 1.044840428771150975e+01 1.045059066950920723e+01 1.045262666205035096e+01 1.045447253610321603e+01 1.045608775463022333e+01 1.045746969055725550e+01 1.045849997165352363e+01 1.045906195410288930e+01 1.045899228058410735e+01 1.045813656710008210e+01 1.045699206593364217e+01 1.000000000000000020e+30 1.000000000000000020e+30 1.000000000000000020e+30 1.000000000000000020e+30 1.000000000000000020e+30 1.000000000000000020e+30 1.000000000000000020e+30 1.000000000000000020e+30 1.000000000000000020e+30 1.000000000000000020e+30 1.000000000000000020e+30 1.000000000000000020e+30 1.000000000000000020e+30 1.000000000000000020e+30 1.000000000000000020e+30 1.000000000000000020e+30 1.000000000000000020e+30 1.000000000000000020e+30
1.040228427764311014e+01 1.040260550270029150e+01 1.040303452196737943e+01 1.040355062087168569e+01 1.040415631203235414e+01 1.040485669197129326e+01 1.040565730115657317e+01 1.040656362000471979e+01 1.040758110260454217e+01 1.040871520541289819e+01 1.040997163797528202e+01 1.041135626203151610e+01 1.041287495900474980e+01 1.041453342810801352e+01 1.041632941039446258e+01 1.041821523426224338e+01 1.042020068125383325e+01 1.042229088040066820e+01 1.042448797344684230e+01 1.042679131123645853e+01 1.042919716086342774e+01 1.043169818958623374e+01 1.043428288713443486e+01 1.043693511617914105e+01 1.043963394667122557e+01 1.044235381483859904e+01 1.044506502358347078e+01 1.044773459125750925e+01 1.045032734893565163e+01 1.045280700045624123e+01 1.045513688458867207e+01 1.045727910894512469e+01 1.045919615539150094e+01 1.046086957840673648e+01 1.046221135411992620e+01 1.046305779545834547e+01 1.046300860708159242e+01 1.046220133233477689e+01 1.045990813288202048e+01 1.000000000000000020e+30 1.000000000000000020e+30 1.000000000000000020e+30 1.000000000000000020e+30 1.000000000000000020e+30 1.000000000000000020e+30 1.000000000000000020e+30 1.000000000000000020e+30 1.000000000000000020e+30 1.000000000000000020e+30 1.000000000000000020e+30 1.000000000000000020e+30 1.000000000000000020e+30 1.000000000000000020e+30 1.000000000000000020e+30 1.000000000000000020e+30 1.000000000000000020e+30 1.000000000000000020e+30
1.040147775560139820e+01 1.040168514762562602e+01 1.040203419760064385e+01 1.040249743813086347e+01 1.040306719388754253e+01 1.040374336781611042e+01 1.040452909166644524e+01 1.040542882783795342e+01 1.040644774793742755e+01 1.040759144802855296e+01 1.040886590921577159e+01 1.041027750643011096e+01 1.041183314727312492e+01 1.041354038364890933e+01 1.041540713968123377e+01 1.041737793842868776e+01 1.041946284695608860e+01 1.042166885651183961e+01 1.042400030561916857e+01 1.042645869014207882e+01 1.042904219127602694e+01 1.043174494421822018e+01 1.043455613994824915e+01 1.043745927068466806e+01 1.044043182625040522e+01 1.044344540928048737e+01 1.044646629647805014e+01 1.044945665218274478e+01 1.045237649919325307e+01 1.045518610701673623e+01 1.045784776588488185e+01 1.046032383306299351e+01 1.046263087383733215e+01 1.046468384978613742e+01 1.046643106066466800e+01 1.046749008783961266e+01 1.046809095654694488e+01 1.046832979837694211e+01 1.000000000000000020e+30 1.000000000000000020e+30 1.000000000000000020e+30 1.000000000000000020e+30 1.000000000000000020e+30 1.000000000000000020e+30 1.000000000000000020e+30 1.000000000000000020e+30 1.000000000000000020e+30 1.000000000000000020e+30 1.000000000000000020e+30 1.000000000000000020e+30 1.000000000000000020e+30 1.000000000000000020e+30 1.000000000000000020e+30 1.000000000000000020e+30 1.000000000000000020e+30 1.000000000000000020e+30 1.000000000000000020e+30
1.040054542309284535e+01 1.040070471488850146e+01 1.040100125562123168e+01 1.040141960771022589e+01 1.040195354227078184e+01 1.040260239272365617e+01 1.040336872522869704e+01 1.040425673688749342e+01 1.040527156446203350e+01 1.040641891330459678e+01 1.040770497261276084e+01 1.040913656439100521e+01 1.041072160489593657e+01 1.041246978858892369e+01 1.041439348241161333e+01 1.041643923229837831e+01 1.041861657397160812e+01 1.042093399645978025e+01 1.042339829331743672e+01 1.042601359856883825e+01 1.042878070628647791e+01 1.043169606736195121e+01 1.043475030046612240e+01 1.043792683971526358e+01 1.044120151073866509e+01 1.044454254942082727e+01 1.044791100089755709e+01 1.045126219190119521e+01 1.045454892384876366e+01 1.045772623281283664e+01 1.046075730684923144e+01 1.046362037433617154e+01 1.046633271809852950e+01 1.046881695774549748e+01 1.047070995349349154e+01 1.047208239846314015e+01 1.047309913424911798e+01 1.047352958648862042e+01 1.000000000000000020e+30 1.000000000000000020e+30 1.000000000000000020e+30 1.000000000000000020e+30 1.000000000000000020e+30 1.000000000000000020e+30 1.000000000000000020e+30 1.000000000000000020e+30 1.000000000000000020e+30 1.000000000000000020e+30 1.000000000000000020e+30 1.000000000000000020e+30 1.000000000000000020e+30 1.000000000000000020e+30 1.000000000000000020e+30 1.000000000000000020e+30 1.000000000000000020e+30 1.000000000000000020e+30 1.000000000000000020e+30
1.039953538859440840e+01 1.039966863047945189e+01 1.039992812173136727e+01 1.040030810207674605e+01 1.040080688703057632e+01 1.040142585334735337e+01 1.040216856278840396e+01 1.040303975899420585e+01 1.040404487233073638e+01 1.040518972036585943e+01 1.040648049314389390e+01 1.040792407740980963e+01 1.040952882081823638e+01 1.041130569206977619e+01 1.041327048489067231e+01 1.041538170554064457e+01 1.041764295542837537e+01 1.042006492762542003e+01 1.042265791050989776e+01 1.042542938741785719e+01 1.042838374133502022e+01 1.043152117645849764e+01 1.043483505780026022e+01 1.043830918684757059e+01 1.044191773202102880e+01 1.044562519132890266e+01 1.044938592028717572e+01 1.045314520996080354e+01 1.045684385743476952e+01 1.046042572231053924e+01 1.046384799663824339e+01 1.046715053616572888e+01 1.047027581602593571e+01 1.047285653197212874e+01 1.047490062350202145e+01 1.047646258962756072e+01 1.047722651103274849e+01 1.047601786041154881e+01 1.000000000000000020e+30 1.000000000000000020e+30 1.000000000000000020e+30 1.000000000000000020e+30 1.000000000000000020e+30 1.000000000000000020e+30 1.000000000000000020e+30 1.000000000000000020e+30 1.000000000000000020e+30 1.000000000000000020e+30 1.000000000000000020e+30 1.000000000000000020e+30 1.000000000000000020e+30 1.000000000000000020e+30 1.000000000000000020e+30 1.000000000000000020e+30 1.000000000000000020e+30 1.000000000000000020e+30 1.000000000000000020e+30
1.039847370868083587e+01 1.039858790952045631e+01 1.039881616340532489e+01 1.039915973944095029e+01 1.039962199053798741e+01 1.040020750676175787e+01 1.040092182037358803e+01 1.040177082949735521e+01 1.040276051133844426e+01 1.040389671728805432e+01 1.040518524970679159e+01 1.040663237858349710e+01 1.040824584132457176e+01 1.041003571308691455e+01 1.041201382502650574e+01 1.041418698428674183e+01 1.041652141858132019e+01 1.041903757509679096e+01 1.042175171824195168e+01 1.042467501557609566e+01 1.042781649717675663e+01 1.043118273201172208e+01 1.043477251962935348e+01 1.043857009285181014e+01 1.044254801715319481e+01 1.044666754839978573e+01 1.045087529304704788e+01 1.045510193971073853e+01 1.045926870983353574e+01 1.046329799218214163e+01 1.046717429014045209e+01 1.047096652625445934e+01 1.047423937785294434e+01 1.047698835638248482e+01 1.047924217904057897e+01 1.048097067543722893e+01 1.048187835664844947e+01 1.000000000000000020e+30 1.000000000000000020e+30 1.000000000000000020e+30 1.000000000000000020e+30 1.000000000000000020e+30 1.000000000000000020e+30 1.000000000000000020e+30 1.000000000000000020e+30 1.000000000000000020e+30 1.000000000000000020e+30 1.000000000000000020e+30 1.000000000000000020e+30 1.000000000000000020e+30 1.000000000000000020e+30 1.000000000000000020e+30 1.000000000000000020e+30 1.000000000000000020e+30 1.000000000000000020e+30 1.000000000000000020e+30 1.000000000000000020e+30
1.039737942896330125e+01 1.039747476132759374e+01 1.039767058835217917e+01 1.039797468987248408e+01 1.039839579829087235e+01 1.039894231789069501e+01 1.039962230896161621e+01 1.040044322013227784e+01 1.040141173327154789e+01 1.040253355456747997e+01 1.040381350948820405e+01 1.040525633376826953e+01 1.040686841195790180e+01 1.040865955504077256e+01 1.041064433528347877e+01 1.041284387535965905e+01 1.041523102497533770e+01 1.041782502205975725e+01 1.042064910402934963e+01 1.042371520935734353e+01 1.042703732570798358e+01 1.043063365225793504e+01 1.043451518607687412e+01 1.043866368041839365e+01 1.044304974523532081e+01 1.044763474896902089e+01 1.045235883891411888e+01 1.045713804896666943e+01 1.046188008329475494e+01 1.046645224884292169e+01 1.047090576055196820e+01 1.047489467502460592e+01 1.047834741386546042e+01 1.048125470852452068e+01 1.048364194347130685e+01 1.048535158407655032e+01 1.048637358496053729e+01 1.000000000000000020e+30 1.000000000000000020e+30 1.000000000000000020e+30 1.000000000000000020e+30 1.000000000000000020e+30 1.000000000000000020e+30 1.000000000000000020e+30 1.000000000000000020e+30 1.000000000000000020e+30 1.000000000000000020e+30 1.000000000000000020e+30 1.000000000000000020e+30 1.000000000000000020e+30 1.000000000000000020e+30 1.000000000000000020e+30 1.000000000000000020e+30 1.000000000000000020e+30 1.000000000000000020e+30 1.000000000000000020e+30 1.000000000000000020e+30
1.039627141992758474e+01 1.039634275342860548e+01 1.039649847687735296e+01 1.039675465975418867e+01 1.039712619456560283e+01 1.039762563481416358e+01 1.039826382207423627e+01 1.039905002001573031e+01 1.039999178006796754e+01 1.040109446191089759e+01 1.040236104206253565e+01 1.040379306021166705e+01 1.040539390210663306e+01 1.040717183775427657e+01 1.040914232259555305e+01 1.041132608382075198e+01 1.041374669944544884e+01 1.041639522368146409e+01 1.041931724728441289e+01 1.042251217939415930e+01 1.042599679423532777e+01 1.042980391992439060e+01 1.043399021903341684e+01 1.043852866423156911e+01 1.044337708698270184e+01 1.044851050582381902e+01 1.045388122836284062e+01 1.045938526635654142e+01 1.046490392737738695e+01 1.046998874390587631e+01 1.047466137702068423e+01 1.047881316381471706e+01 1.048235071101607474e+01 1.048526401929552776e+01 1.048764836216451179e+01 1.048948909817848651e+01 1.049120448226903868e+01 1.049375723625905188e+01 1.000000000000000020e+30 1.000000000000000020e+30 1.000000000000000020e+30 1.000000000000000020e+30 1.000000000000000020e+30 1.000000000000000020e+30 1.000000000000000020e+30 1.000000000000000020e+30 1.000000000000000020e+30 1.000000000000000020e+30 1.000000000000000020e+30 1.000000000000000020e+30 1.000000000000000020e+30 1.000000000000000020e+30 1.000000000000000020e+30 1.000000000000000020e+30 1.000000000000000020e+30 1.000000000000000020e+30 1.000000000000000020e+30
1.039517367930731062e+01 1.039520799458639644e+01 1.039530766532907258e+01 1.039550133554356037e+01 1.039581071402463586e+01 1.039625220858395593e+01 1.039683929062569590e+01 1.039758328283407884e+01 1.039849304864700130e+01 1.039957369106159213e+01 1.040082530624295742e+01 1.040224302041033688e+01 1.040382430972461236e+01 1.040557366613424684e+01 1.040750928329472380e+01 1.040965380082705138e+01 1.041204741663137412e+01 1.041470480887161365e+01 1.041764978161484301e+01 1.042093140092138448e+01 1.042456632196928190e+01 1.042860698146092702e+01 1.043315465726814395e+01 1.043814207446613374e+01 1.044354880017866805e+01 1.044934944986639103e+01 1.045550773629736518e+01 1.046184779961928868e+01 1.046780165290988052e+01 1.047330722027727745e+01 1.047826102439057649e+01 1.048251739136105698e+01 1.048602648319785757e+01 1.048889472200619899e+01 1.049123789881164903e+01 1.049306576769687993e+01 1.049451181860283988e+01 1.049562317496926767e+01 1.000000000000000020e+30 1.000000000000000020e+30 1.000000000000000020e+30 1.000000000000000020e+30 1.000000000000000020e+30 1.000000000000000020e+30 1.000000000000000020e+30 1.000000000000000020e+30 1.000000000000000020e+30 1.000000000000000020e+30 1.000000000000000020e+30 1.000000000000000020e+30 1.000000000000000020e+30 1.000000000000000020e+30 1.000000000000000020e+30 1.000000000000000020e+30 1.000000000000000020e+30 1.000000000000000020e+30 1.000000000000000020e+30
1.039412322096433350e+01 1.039408951787644853e+01 1.039410462244415356e+01 1.039421437896414169e+01 1.039444516751401615e+01 1.039481522850284811e+01 1.039533984661271937e+01 1.039603281537039692e+01 1.039690558403903076e+01 1.039796416051844119e+01 1.039920564786937440e+01 1.040061148638010202e+01 1.040216869037885061e+01 1.040387135135022589e+01 1.040574960767123258e+01 1.040781480136224069e+01 1.041010668761508740e+01 1.041269862268518942e+01 1.041563685173117193e+01 1.041900660197572037e+01 1.042278030223777030e+01 1.042702262479368081e+01 1.043190100385590924e+01 1.043744797843356409e+01 1.044354272688073237e+01 1.045012952412035112e+01 1.045715431696424602e+01 1.046398919481135081e+01 1.047041522435397987e+01 1.047639348718598207e+01 1.048166317661358882e+01 1.048606108981076090e+01 1.048957779984017691e+01 1.049240724596753793e+01 1.049465689515356459e+01 1.049633818218912040e+01 1.049746735480557547e+01 1.049791359482241759e+01 1.000000000000000020e+30 1.000000000000000020e+30 1.000000000000000020e+30 1.000000000000000020e+30 1.000000000000000020e+30 1.000000000000000020e+30 1.000000000000000020e+30 1.000000000000000020e+30 1.000000000000000020e+30 1.000000000000000020e+30 1.000000000000000020e+30 1.000000000000000020e+30 1.000000000000000020e+30 1.000000000000000020e+30 1.000000000000000020e+30 1.000000000000000020e+30 1.000000000000000020e+30 1.000000000000000020e+30 1.000000000000000020e+30
1.039318805671562806e+01 1.039300386557949274e+01 1.039288869472198051e+01 1.039288846230942909e+01 1.039302240166271041e+01 1.039330574962046327e+01 1.039375409432892994e+01 1.039438462283222186e+01 1.039521445278862011e+01 1.039625390292646046e+01 1.039750379848274520e+01 1.039891067726451190e+01 1.040044968005763515e+01 1.040207483533000321e+01 1.040378934586780879e+01 1.040567318006887021e+01 1.040782759901375876e+01 1.041032661836629636e+01 1.041309170295975584e+01 1.041636382682012396e+01 1.042024875216059776e+01 1.042454036830046427e+01 1.042968503717873574e+01 1.043586618984085845e+01 1.044291798646682601e+01 1.045085033462778057e+01 1.045872716015879078e+01 1.046617315907157142e+01 1.047293426016527107e+01 1.047958233959062646e+01 1.048520118279671642e+01 1.048971249238746850e+01 1.049320048626485580e+01 1.049588357616159229e+01 1.049795820926821754e+01 1.049947644670766778e+01 1.050041916334541803e+01 1.050066311649704609e+01 1.000000000000000020e+30 1.000000000000000020e+30 1.000000000000000020e+30 1.000000000000000020e+30 1.000000000000000020e+30 1.000000000000000020e+30 1.000000000000000020e+30 1.000000000000000020e+30 1.000000000000000020e+30 1.000000000000000020e+30 1.000000000000000020e+30 1.000000000000000020e+30 1.000000000000000020e+30 1.000000000000000020e+30 1.000000000000000020e+30 1.000000000000000020e+30 1.000000000000000020e+30 1.000000000000000020e+30 1.000000000000000020e+30
1.039251866807726365e+01 1.039193081821107967e+01 1.039163959077073507e+01 1.039151041256779884e+01 1.039153225036902661e+01 1.039171333092903815e+01 1.039206825247283028e+01 1.039261924441141183e+01 1.039339584317747622e+01 1.039441534770358722e+01 1.039563834019752697e+01 1.039698581325327709e+01 1.039845413888278891e+01 1.039995898705714872e+01 1.040144923558600709e+01 1.040290642029292734e+01 1.040476982658146810e+01 1.040727538601639957e+01 1.040877252765399597e+01 1.041047835742871364e+01 1.041241262162552239e+01 1.041677607684531282e+01 1.042304382867206236e+01 1.043165454321427355e+01 1.044260448386474494e+01 1.045172243474897478e+01 1.046025472282308399e+01 1.046862647313830230e+01 1.047726994019047808e+01 1.048414364739086402e+01 1.048942357741305464e+01 1.049375150761069797e+01 1.049694978954976321e+01 1.049928214603017551e+01 1.050112965269280707e+01 1.050250378229021742e+01 1.050338290876295133e+01 1.050366947330098633e+01 1.000000000000000020e+30 1.000000000000000020e+30 1.000000000000000020e+30 1.000000000000000020e+30 1.000000000000000020e+30 1.000000000000000020e+30 1.000000000000000020e+30 1.000000000000000020e+30 1.000000000000000020e+30 1.000000000000000020e+30 1.000000000000000020e+30 1.000000000000000020e+30 1.000000000000000020e+30 1.000000000000000020e+30 1.000000000000000020e+30 1.000000000000000020e+30 1.000000000000000020e+30 1.000000000000000020e+30 1.000000000000000020e+30
1.000000000000000020e+30 1.039064270031028769e+01 1.039031004560227345e+01 1.039006309150137675e+01 1.038996488252080930e+01 1.039002913814886142e+01 1.039026847871814496e+01 1.039071039573518718e+01 1.039135091664188515e+01 1.039216853030059440e+01 1.039322286050396116e+01 1.039444813433632575e+01 1.039588884827040616e+01 1.039722513962118278e+01 1.039846590597616149e+01 1.039826476282104473e+01 1.039752582715066787e+01 1.038531912029976567e+01 1.040203303529900225e+01 1.040392522816270393e+01 1.040604581818718266e+01 1.041082355419101901e+01 1.041873632675881822e+01 1.043143658859373524e+01 1.044259438862408729e+01 1.045241692790707155e+01 1.046160821820920717e+01 1.047082677541003903e+01 1.048091883782128875e+01 1.048797573758304935e+01 1.049367812556613089e+01 1.049789360794893867e+01 1.050053947469984550e+01 1.050247907313956119e+01 1.050408799650279157e+01 1.050533949663040545e+01 1.050625221682413901e+01 1.050697529602559221e+01 1.050815859315226497e+01 1.000000000000000020e+30 1.000000000000000020e+30 1.000000000000000020e+30 1.000000000000000020e+30 1.000000000000000020e+30 1.000000000000000020e+30 1.000000000000000020e+30 1.000000000000000020e+30 1.000000000000000020e+30 1.000000000000000020e+30 1.000000000000000020e+30 1.000000000000000020e+30 1.000000000000000020e+30 1.000000000000000020e+30 1.000000000000000020e+30 1.000000000000000020e+30 1.000000000000000020e+30 1.000000000000000020e+30
1.000000000000000020e+30 1.038976878924069958e+01 1.038897639094030723e+01 1.038854875019658053e+01 1.038831705784867587e+01 1.038825190951893163e+01 1.038834826445829407e+01 1.038858958241645070e+01 1.038886292352069773e+01 1.038903094015898532e+01 1.038861027527058489e+01 1.038896083176512519e+01 1.039057534823536066e+01 1.038965805172145807e+01 1.037568401892201386e+01 1.039040685281634957e+01 1.039026947958584479e+01 1.000000000000000020e+30 1.000000000000000020e+30 1.000000000000000020e+30 1.000000000000000020e+30 1.000000000000000020e+30 1.000000000000000020e+30 1.000000000000000020e+30 1.000000000000000020e+30 1.000000000000000020e+30 1.000000000000000020e+30 1.000000000000000020e+30 1.048646998747831205e+01 1.049069335592901808e+01 1.049765761595311631e+01 1.050176144699859115e+01 1.050367937382484129e+01 1.050531977753348123e+01 1.050671709304384116e+01 1.050782723715950162e+01 1.050862399806827696e+01 1.050913382619658343e+01 1.050935475733396096e+01 1.000000000000000020e+30 1.000000000000000020e+30 1.000000000000000020e+30 1.000000000000000020e+30 1.000000000000000020e+30 1.000000000000000020e+30 1.000000000000000020e+30 1.000000000000000020e+30 1.000000000000000020e+30 1.000000000000000020e+30 1.000000000000000020e+30 1.000000000000000020e+30 1.000000000000000020e+30 1.000000000000000020e+30 1.000000000000000020e+30 1.000000000000000020e+30 1.000000000000000020e+30 1.000000000000000020e+30
1.000000000000000020e+30 1.000000000000000020e+30 1.038735950287605903e+01 1.038692003825233279e+01 1.038658440680559103e+01 1.038637505747507284e+01 1.038623662500194555e+01 1.038607629488902617e+01 1.038564388695407636e+01 1.038282410906710496e+01 1.038037765612546437e+01 1.038144324716894396e+01 1.000000000000000020e+30 1.000000000000000020e+30 1.000000000000000020e+30 1.000000000000000020e+30 1.000000000000000020e+30 1.000000000000000020e+30 1.000000000000000020e+30 1.000000000000000020e+30 1.000000000000000020e+30 1.000000000000000020e+30 1.000000000000000020e+30 1.000000000000000020e+30 1.000000000000000020e+30 1.000000000000000020e+30 1.000000000000000020e+30 1.000000000000000020e+30 1.000000000000000020e+30 1.000000000000000020e+30 1.050273155805475689e+01 1.050447808279660578e+01 1.050618513411927601e+01 1.050767015021911099e+01 1.050894647299457318e+01 1.050994155678765551e+01 1.051059573766001698e+01 1.051089388684866144e+01 1.051078477960521695e+01 1.000000000000000020e+30 1.000000000000000020e+30 1.000000000000000020e+30 1.000000000000000020e+30 1.000000000000000020e+30 1.000000000000000020e+30 1.000000000000000020e+30 1.000000000000000020e+30 1.000000000000000020e+30 1.000000000000000020e+30 1.000000000000000020e+30 1.000000000000000020e+30 1.000000000000000020e+30 1.000000000000000020e+30 1.000000000000000020e+30 1.000000000000000020e+30 1.000000000000000020e+30 1.000000000000000020e+30
1.000000000000000020e+30 1.000000000000000020e+30 1.038626359956821865e+01 1.038521752526592046e+01 1.038459902064394313e+01 1.038408731282817854e+01 1.038351813428960391e+01 1.038253968524091420e+01 1.037821890541171044e+01 1.037556619858344931e+01 1.037344571197950138e+01 1.000000000000000020e+30 1.000000000000000020e+30 1.000000000000000020e+30 1.000000000000000020e+30 1.000000000000000020e+30 1.000000000000000020e+30 1.000000000000000020e+30 1.000000000000000020e+30 1.000000000000000020e+30 1.000000000000000020e+30 1.000000000000000020e+30 1.000000000000000020e+30 1.000000000000000020e+30 1.000000000000000020e+30 1.000000000000000020e+30 1.000000000000000020e+30 1.000000000000000020e+30 1.000000000000000020e+30 1.000000000000000020e+30 1.000000000000000020e+30 1.050681448443159027e+01 1.050823311526085746e+01 1.050958110522920919e+01 1.051076984326164876e+01 1.051170971388487274e+01 1.051223635790630162e+01 1.051237371685743582e+01 1.051211863906626931e+01 1.000000000000000020e+30 1.000000000000000020e+30 1.000000000000000020e+30 1.000000000000000020e+30 1.000000000000000020e+30 1.000000000000000020e+30 1.000000000000000020e+30 1.000000000000000020e+30 1.000000000000000020e+30 1.000000000000000020e+30 1.000000000000000020e+30 1.000000000000000020e+30 1.000000000000000020e+30 1.000000000000000020e+30 1.000000000000000020e+30 1.000000000000000020e+30 1.000000000000000020e+30 1.000000000000000020e+30
1.000000000000000020e+30 1.000000000000000020e+30 1.000000000000000020e+30 1.038277393490824352e+01 1.038197075586384877e+01 1.038086276257057960e+01 1.037886262280853522e+01 1.037469680545180495e+01 1.037173934238444417e+01 1.000000000000000020e+30 1.000000000000000020e+30 1.000000000000000020e+30 1.000000000000000020e+30 1.000000000000000020e+30 1.000000000000000020e+30 1.000000000000000020e+30 1.000000000000000020e+30 1.000000000000000020e+30 1.000000000000000020e+30 1.000000000000000020e+30 1.000000000000000020e+30 1.000000000000000020e+30 1.000000000000000020e+30 1.000000000000000020e+30 1.000000000000000020e+30 1.000000000000000020e+30 1.000000000000000020e+30 1.000000000000000020e+30 1.000000000000000020e+30 1.000000000000000020e+30 1.000000000000000020e+30 1.000000000000000020e+30 1.051013281096557428e+01 1.051125639020966318e+01 1.051228300927174608e+01 1.051320363910305211e+01 1.051357885483345456e+01 1.051355835945808082e+01 1.051321036449317425e+01 1.000000000000000020e+30 1.000000000000000020e+30 1.000000000000000020e+30 1.000000000000000020e+30 1.000000000000000020e+30 1.000000000000000020e+30 1.000000000000000020e+30 1.000000000000000020e+30 1.000000000000000020e+30 1.000000000000000020e+30 1.000000000000000020e+30 1.000000000000000020e+30 1.000000000000000020e+30 1.000000000000000020e+30 1.000000000000000020e+30 1.000000000000000020e+30 1.000000000000000020e+30 1.000000000000000020e+30
1.000000000000000020e+30 1.000000000000000020e+30 1.000000000000000020e+30 1.038071178583601473e+01 1.037846800255829116e+01 1.037352549370396027e+01 1.036942619479578553e+01 1.036753805094248015e+01 1.000000000000000020e+30 1.000000000000000020e+30 1.000000000000000020e+30 1.000000000000000020e+30 1.000000000000000020e+30 1.000000000000000020e+30 1.000000000000000020e+30 1.000000000000000020e+30 1.000000000000000020e+30 1.000000000000000020e+30 1.000000000000000020e+30 1.000000000000000020e+30 1.000000000000000020e+30 1.000000000000000020e+30 1.000000000000000020e+30 1.000000000000000020e+30 1.000000000000000020e+30 1.000000000000000020e+30 1.000000000000000020e+30 1.000000000000000020e+30 1.000000000000000020e+30 1.000000000000000020e+30 1.000000000000000020e+30 1.000000000000000020e+30 1.000000000000000020e+30 1.051286821201938437e+01 1.051375886090682599e+01 1.051448232275847872e+01 1.051462931029098513e+01 1.051438263519926686e+01 1.051396701604809003e+01 1.000000000000000020e+30 1.000000000000000020e+30 1.000000000000000020e+30 1.000000000000000020e+30 1.000000000000000020e+30 1.000000000000000020e+30 1.000000000000000020e+30 1.000000000000000020e+30 1.000000000000000020e+30 1.000000000000000020e+30 1.000000000000000020e+30 1.000000000000000020e+30 1.000000000000000020e+30 1.000000000000000020e+30 1.000000000000000020e+30 1.000000000000000020e+30 1.000000000000000020e+30 1.000000000000000020e+30
1.000000000000000020e+30 1.000000000000000020e+30 1.000000000000000020e+30 1.000000000000000020e+30 1.035639745721125315e+01 1.036218828681978543e+01 1.036128671435922577e+01 1.000000000000000020e+30 1.000000000000000020e+30 1.000000000000000020e+30 1.000000000000000020e+30 1.000000000000000020e+30 1.000000000000000020e+30 1.000000000000000020e+30 1.000000000000000020e+30 1.000000000000000020e+30 1.000000000000000020e+30 1.000000000000000020e+30 1.000000000000000020e+30 1.000000000000000020e+30 1.000000000000000020e+30 1.000000000000000020e+30 1.000000000000000020e+30 1.000000000000000020e+30 1.000000000000000020e+30 1.000000000000000020e+30 1.000000000000000020e+30 1.000000000000000020e+30 1.000000000000000020e+30 1.000000000000000020e+30 1.000000000000000020e+30 1.000000000000000020e+30 1.000000000000000020e+30 1.000000000000000020e+30 1.051509039641945265e+01 1.051543550500409907e+01 1.051537275285231843e+01 1.051468781140011544e+01 1.051432095881957984e+01 1.000000000000000020e+30 1.000000000000000020e+30 1.000000000000000020e+30 1.000000000000000020e+30 1.000000000000000020e+30 1.000000000000000020e+30 1.000000000000000020e+30 1.000000000000000020e+30 1.000000000000000020e+30 1.000000000000000020e+30 1.000000000000000020e+30 1.000000000000000020e+30 1.000000000000000020e+30 1.000000000000000020e+30 1.000000000000000020e+30 1.000000000000000020e+30 1.000000000000000020e+30 1.000000000000000020e+30
1.000000000000000020e+30 1.000000000000000020e+30 1.000000000000000020e+30 1.000000000000000020e+30 1.033985891103129440e+01 1.000000000000000020e+30 1.000000000000000020e+30 1.000000000000000020e+30 1.000000000000000020e+30 1.000000000000000020e+30 1.000000000000000020e+30 1.000000000000000020e+30 1.000000000000000020e+30 1.000000000000000020e+30 1.000000000000000020e+30 1.000000000000000020e+30 1.000000000000000020e+30 1.000000000000000020e+30 1.000000000000000020e+30 1.000000000000000020e+30 1.000000000000000020e+30 1.000000000000000020e+30 1.000000000000000020e+30 1.000000000000000020e+30 1.000000000000000020e+30 1.000000000000000020e+30 1.000000000000000020e+30 1.000000000000000020e+30 1.000000000000000020e+30 1.000000000000000020e+30 1.000000000000000020e+30 1.000000000000000020e+30 1.000000000000000020e+30 1.000000000000000020e+30 1.000000000000000020e+30 1.051607471263525539e+01 1.051606615041479742e+01 1.000000000000000020e+30 1.000000000000000020e+30 1.000000000000000020e+30 1.000000000000000020e+30 1.000000000000000020e+30 1.000000000000000020e+30 1.000000000000000020e+30 1.000000000000000020e+30 1.000000000000000020e+30 1.000000000000000020e+30 1.000000000000000020e+30 1.000000000000000020e+30 1.000000000000000020e+30 1.000000000000000020e+30 1.000000000000000020e+30 1.000000000000000020e+30 1.000000000000000020e+30 1.000000000000000020e+30 1.000000000000000020e+30 1.000000000000000020e+30
