1.000000000000000020e+30 1.000000000000000020e+30 1.000000000000000020e+30 1.000000000000000020e+30 1.000000000000000020e+30 1.000000000000000020e+30 1.000000000000000020e+30 1.000000000000000020e+30 1.000000000000000020e+30 1.000000000000000020e+30 1.000000000000000020e+30 1.000000000000000020e+30 1.000000000000000020e+30 1.000000000000000020e+30 1.000000000000000020e+30 1.000000000000000020e+30 1.000000000000000020e+30 1.000000000000000020e+30 1.000000000000000020e+30 1.000000000000000020e+30 1.000000000000000020e+30 1.000000000000000020e+30 1.000000000000000020e+30 1.000000000000000020e+30 1.000000000000000020e+30 1.000000000000000020e+30 1.000000000000000020e+30 1.000000000000000020e+30 1.000000000000000020e+30 1.000000000000000020e+30 1.000000000000000020e+30 1.000000000000000020e+30 1.000000000000000020e+30 1.000000000000000020e+30 1.000000000000000020e+30 1.000000000000000020e+30 1.000000000000000020e+30 1.000000000000000020e+30 1.000000000000000020e+30 1.000000000000000020e+30 1.000000000000000020e+30 1.000000000000000020e+30 1.000000000000000020e+30 1.000000000000000020e+30 1.000000000000000020e+30 1.000000000000000020e+30 1.000000000000000020e+30 1.000000000000000020e+30 1.000000000000000020e+30 1.000000000000000020e+30 1.000000000000000020e+30 1.000000000000000020e+30 1.000000000000000020e+30 1.000000000000000020e+30 1.000000000000000020e+30 1.000000000000000020e+30 1.000000000000000020e+30
1.000000000000000020e+30 1.000000000000000020e+30 1.000000000000000020e+30 1.000000000000000020e+30 1.000000000000000020e+30 1.000000000000000020e+30 1.000000000000000020e+30 1.000000000000000020e+30 1.000000000000000020e+30 1.000000000000000020e+30 1.000000000000000020e+30 1.000000000000000020e+30 1.000000000000000020e+30 1.000000000000000020e+30 1.000000000000000020e+30 1.000000000000000020e+30 1.000000000000000020e+30 1.000000000000000020e+30 1.000000000000000020e+30 1.000000000000000020e+30 1.000000000000000020e+30 1.000000000000000020e+30 1.000000000000000020e+30 1.000000000000000020e+30 1.000000000000000020e+30 1.000000000000000020e+30 1.000000000000000020e+30 9.093050385695079285e+00 9.096765093163794447e+00 9.101375515772392788e+00 9.106045045171601515e+00 9.110521837987805682e+00 9.114747389887282836e+00 9.118735565970046864e+00 9.122531059173164536e+00 9.126193442590741611e+00 9.129790124899972881e+00 9.133392204114880286e+00 9.137069247697793273e+00 9.140876576142778376e+00 9.144818021686507592e+00 9.148732025045470451e+00 9.151925821421746932e+00 1.000000000000000020e+30 1.000000000000000020e+30 1.000000000000000020e+30 1.000000000000000020e+30 1.000000000000000020e+30 1.000000000000000020e+30 1.000000000000000020e+30 1.000000000000000020e+30 1.000000000000000020e+30 1.000000000000000020e+30 1.000000000000000020e+30 1.000000000000000020e+30 1.000000000000000020e+30 1.000000000000000020e+30
1.000000000000000020e+30 1.000000000000000020e+30 1.000000000000000020e+30 1.000000000000000020e+30 1.000000000000000020e+30 1.000000000000000020e+30 1.000000000000000020e+30 1.000000000000000020e+30 1.000000000000000020e+30 1.000000000000000020e+30 1.000000000000000020e+30 1.000000000000000020e+30 1.000000000000000020e+30 1.000000000000000020e+30 1.000000000000000020e+30 1.000000000000000020e+30 1.000000000000000020e+30 1.000000000000000020e+30 1.000000000000000020e+30 1.000000000000000020e+30 1.000000000000000020e+30 1.000000000000000020e+30 1.000000000000000020e+30 1.000000000000000020e+30 9.061165033357454490e+00 9.066979666543810268e+00 9.075156383396974391e+00 9.085371273781731816e+00 9.091907417576102546e+00 9.097357393014902982e+00 9.102281566443439331e+00 9.106819254150620324e+00 9.111032681344150674e+00 9.114977105741864705e+00 9.118712975281827227e+00 9.122306488086051601e+00 9.125828698266039041e+00 9.129355304878243871e+00 9.132967866812562008e+00 9.136758209924419560e+00 9.140843623441206489e+00 9.145429121159105890e+00 9.151076715835385400e+00 9.159920897884026303e+00 9.173251161138578524e+00 9.192337963715337068e+00 9.218796531107152248e+00 9.198012248870810481e+00 1.000000000000000020e+30 1.000000000000000020e+30 1.000000000000000020e+30 1.000000000000000020e+30 1.000000000000000020e+30 1.000000000000000020e+30 1.000000000000000020e+30 1.000000000000000020e+30 1.000000000000000020e+30
1.000000000000000020e+30 1.000000000000000020e+30 1.000000000000000020e+30 1.000000000000000020e+30 1.000000000000000020e+30 1.000000000000000020e+30 1.000000000000000020e+30 1.000000000000000020e+30 1.000000000000000020e+30 1.000000000000000020e+30 1.000000000000000020e+30 1.000000000000000020e+30 1.000000000000000020e+30 1.000000000000000020e+30 1.000000000000000020e+30 1.000000000000000020e+30 1.000000000000000020e+30 1.000000000000000020e+30 1.000000000000000020e+30 1.000000000000000020e+30 1.000000000000000020e+30 9.020210354700125777e+00 9.027438402657582017e+00 9.037909493174721476e+00 9.051364261227419661e+00 9.060635444080222811e+00 9.069141659474279749e+00 9.077401074264564329e+00 9.084170347652252175e+00 9.089903119098394768e+00 9.094945300442931924e+00 9.099483996094999583e+00 9.103631669933696102e+00 9.107472718960501368e+00 9.111082478843490762e+00 9.114534277006663743e+00 9.117902528253228667e+00 9.121265708647353421e+00 9.124712187819797649e+00 9.128353705705936960e+00 9.132357640773905771e+00 9.137023512252667956e+00 9.142949433737419085e+00 9.151281742968379262e+00 9.163265810266745248e+00 9.180653944906040920e+00 9.206558505188832342e+00 9.172859974112904879e+00 9.142841459208506549e+00 1.000000000000000020e+30 1.000000000000000020e+30 1.000000000000000020e+30 1.000000000000000020e+30 1.000000000000000020e+30 1.000000000000000020e+30 1.000000000000000020e+30 1.000000000000000020e+30
1.000000000000000020e+30 1.000000000000000020e+30 1.000000000000000020e+30 1.000000000000000020e+30 1.000000000000000020e+30 1.000000000000000020e+30 1.000000000000000020e+30 1.000000000000000020e+30 1.000000000000000020e+30 1.000000000000000020e+30 1.000000000000000020e+30 1.000000000000000020e+30 1.000000000000000020e+30 1.000000000000000020e+30 1.000000000000000020e+30 1.000000000000000020e+30 1.000000000000000020e+30 1.000000000000000020e+30 8.973475297376063864e+00 8.981417862565431065e+00 8.993309155550113232e+00 9.008967423614629766e+00 9.020185630412772326e+00 9.030923463631717496e+00 9.041753966216141691e+00 9.051069437396185080e+00 9.059392725212152442e+00 9.066945460778359944e+00 9.073498735172906393e+00 9.079172051957106859e+00 9.084148112714709455e+00 9.088577687509417302e+00 9.092576722041629367e+00 9.096239595069354422e+00 9.099649172767632521e+00 9.102882383169719205e+00 9.106013445429592679e+00 9.109117014198844231e+00 9.112273701030652262e+00 9.115581639764538835e+00 9.119180228274432309e+00 9.123294969344058813e+00 9.128307436480037396e+00 9.134821149701837228e+00 9.143635417688198430e+00 9.156134861106906442e+00 9.175699939882019152e+00 9.139678579102513467e+00 9.108511289316560067e+00 9.076280827122758410e+00 1.000000000000000020e+30 1.000000000000000020e+30 1.000000000000000020e+30 1.000000000000000020e+30 1.000000000000000020e+30 1.000000000000000020e+30 1.000000000000000020e+30
1.000000000000000020e+30 1.000000000000000020e+30 1.000000000000000020e+30 1.000000000000000020e+30 1.000000000000000020e+30 1.000000000000000020e+30 1.000000000000000020e+30 1.000000000000000020e+30 1.000000000000000020e+30 1.000000000000000020e+30 1.000000000000000020e+30 1.000000000000000020e+30 1.000000000000000020e+30 1.000000000000000020e+30 1.000000000000000020e+30 1.000000000000000020e+30 8.936783573595723951e+00 8.946023073912227730e+00 8.961482719305115197e+00 8.973425308334123329e+00 8.985507353773073191e+00 8.998141616469048643e+00 9.009398035326217524e+00 9.019837163547865799e+00 9.029658604864980731e+00 9.038502078708271270e+00 9.046426587983805945e+00 9.053506704340357203e+00 9.059728843738040993e+00 9.065163605387732915e+00 9.069925641077761114e+00 9.074132242825621475e+00 9.077889448604935296e+00 9.081291327887337061e+00 9.084422341746339669e+00 9.087359277354186915e+00 9.090172322212895395e+00 9.092925876822844700e+00 9.095680068190461043e+00 9.098494211011812993e+00 9.101433367405302732e+00 9.104577291986323928e+00 9.108023424907690568e+00 9.111857583672428262e+00 9.116046715144889845e+00 9.120203901466556573e+00 9.117750986309681949e+00 9.097303408831875160e+00 9.070942228012807362e+00 9.039768171877449632e+00 9.000329447177758624e+00 8.978809069143846244e+00 1.000000000000000020e+30 1.000000000000000020e+30 1.000000000000000020e+30 1.000000000000000020e+30 1.000000000000000020e+30
1.000000000000000020e+30 1.000000000000000020e+30 1.000000000000000020e+30 1.000000000000000020e+30 1.000000000000000020e+30 1.000000000000000020e+30 1.000000000000000020e+30 1.000000000000000020e+30 1.000000000000000020e+30 1.000000000000000020e+30 1.000000000000000020e+30 1.000000000000000020e+30 1.000000000000000020e+30 1.000000000000000020e+30 1.000000000000000020e+30 8.910132955721350001e+00 8.923462160058498682e+00 8.935729252517255361e+00 8.948946631081479808e+00 8.961243451758559075e+00 8.973112471986475214e+00 8.984661894021643391e+00 8.995404318531324606e+00 9.005352811814590908e+00 9.014532588394608581e+00 9.022851410951457041e+00 9.030308176791493224e+00 9.036934161150369960e+00 9.042758729636609871e+00 9.047843691507846842e+00 9.052277031779800254e+00 9.056156372589429182e+00 9.059578383159740511e+00 9.062634171868094057e+00 9.065407422327698583e+00 9.067973089295437106e+00 9.070395687201022739e+00 9.072726768842084510e+00 9.075001201259253136e+00 9.077231409506300253e+00 9.079397604117474430e+00 9.081429435614523982e+00 9.083168610669291709e+00 9.084291049271504548e+00 9.084166146264085029e+00 9.081818355794078812e+00 9.073419157973626525e+00 9.056506654639020937e+00 9.033879033851096807e+00 9.007224290139747680e+00 8.978105903128113852e+00 8.952971569613621838e+00 8.927771401966536402e+00 1.000000000000000020e+30 1.000000000000000020e+30 1.000000000000000020e+30 1.000000000000000020e+30
1.000000000000000020e+30 1.000000000000000020e+30 1.000000000000000020e+30 1.000000000000000020e+30 1.000000000000000020e+30 1.000000000000000020e+30 1.000000000000000020e+30 1.000000000000000020e+30 1.000000000000000020e+30 1.000000000000000020e+30 1.000000000000000020e+30 1.000000000000000020e+30 1.000000000000000020e+30 1.000000000000000020e+30 8.876558633479186611e+00 8.892694041760782042e+00 8.907106897415593139e+00 8.920400924537128517e+00 8.933259847969297951e+00 8.945428232756480469e+00 8.956985508895794368e+00 8.967946657793280707e+00 8.978170438259809316e+00 8.987610739293875994e+00 8.996248028920263096e+00 9.004049489495750791e+00 9.011012672184222083e+00 9.017159850833969870e+00 9.022528969569428625e+00 9.027179282744089761e+00 9.031188581139355520e+00 9.034645276589538199e+00 9.037641049033965146e+00 9.040265547731397788e+00 9.042602448598859866e+00 9.044725837605188445e+00 9.046696079318540029e+00 9.048554333929743621e+00 9.050314453606006282e+00 9.051950063218578535e+00 9.053373279650202221e+00 9.054400015400993595e+00 9.054694171086202559e+00 9.053664669929654352e+00 9.050128937218952174e+00 9.043963802304524791e+00 9.033215017119259116e+00 9.017078229176039628e+00 8.996516626924870863e+00 8.972820400489082360e+00 8.947558774429211326e+00 8.922833177998807486e+00 8.898161047373898569e+00 8.872427012371193911e+00 1.000000000000000020e+30 1.000000000000000020e+30 1.000000000000000020e+30
1.000000000000000020e+30 1.000000000000000020e+30 1.000000000000000020e+30 1.000000000000000020e+30 1.000000000000000020e+30 1.000000000000000020e+30 1.000000000000000020e+30 1.000000000000000020e+30 1.000000000000000020e+30 1.000000000000000020e+30 1.000000000000000020e+30 1.000000000000000020e+30 1.000000000000000020e+30 8.837740489341591399e+00 8.856272543532597297e+00 8.872846664499201452e+00 8.887755782665573534e+00 8.901408162588770878e+00 8.914176262375232085e+00 8.926147898759765553e+00 8.937388802533892118e+00 8.947912449571900240e+00 8.957672346858259971e+00 8.966631777727290142e+00 8.974766358940788891e+00 8.982059045459060087e+00 8.988511696807321982e+00 8.994146640390793479e+00 8.999004741783343420e+00 9.003145428373324322e+00 9.006644117758003887e+00 9.009587191997807665e+00 9.012066353453901613e+00 9.014173290650212778e+00 9.015994639230502372e+00 9.017606844459066906e+00 9.019070405142741720e+00 9.020422681912354079e+00 9.021667649701180736e+00 9.022759501064836485e+00 9.023575230636769362e+00 9.023871756497083396e+00 9.023238579585887820e+00 9.021157726636721108e+00 9.014939625856600358e+00 9.006260624846053275e+00 8.994001982873342627e+00 8.977701559680946630e+00 8.957924100167350190e+00 8.935609114980680445e+00 8.912079022418074814e+00 8.888204268258760976e+00 8.865120896554190111e+00 8.842131152148100526e+00 8.823843632537984760e+00 1.000000000000000020e+30 1.000000000000000020e+30
1.000000000000000020e+30 1.000000000000000020e+30 1.000000000000000020e+30 1.000000000000000020e+30 1.000000000000000020e+30 1.000000000000000020e+30 1.000000000000000020e+30 1.000000000000000020e+30 1.000000000000000020e+30 1.000000000000000020e+30 1.000000000000000020e+30 1.000000000000000020e+30 8.794069784884603891e+00 8.815000290660085724e+00 8.833763858370753397e+00 8.850506549247080912e+00 8.865523854202367104e+00 8.879177770621842214e+00 8.891781120026918117e+00 8.903502897113163783e+00 8.914425345214969099e+00 8.924568247900451112e+00 8.933910175584442115e+00 8.942421297411732084e+00 8.950077413804828907e+00 8.956865713543304963e+00 8.962790821248431072e+00 8.967877055213522297e+00 8.972168162501882094e+00 8.975726259502090798e+00 8.978629298137674297e+00 8.980967061633542414e+00 8.982836259288969671e+00 8.984335121842494942e+00 8.985557602583622128e+00 8.986587180605923209e+00 8.987490249546439713e+00 8.988308822977433721e+00 8.989051292992835229e+00 8.989677606154936385e+00 8.990070527513898568e+00 8.989974047517025113e+00 8.988842786790636197e+00 8.985375056953225581e+00 8.977736385912844952e+00 8.967687602642428146e+00 8.954402865952181045e+00 8.937383660539158114e+00 8.917445649238551653e+00 8.895169468636559884e+00 8.872465593178308296e+00 8.848258174499457951e+00 8.827394631814790671e+00 8.802467504776405605e+00 8.778103109313914132e+00 1.000000000000000020e+30 1.000000000000000020e+30
1.000000000000000020e+30 1.000000000000000020e+30 1.000000000000000020e+30 1.000000000000000020e+30 1.000000000000000020e+30 1.000000000000000020e+30 1.000000000000000020e+30 1.000000000000000020e+30 1.000000000000000020e+30 1.000000000000000020e+30 1.000000000000000020e+30 8.745051287733428325e+00 8.768850856138406868e+00 8.790177557471233527e+00 8.809058620087608205e+00 8.825702130748794616e+00 8.840486872463035439e+00 8.853847751642073050e+00 8.866133555270423017e+00 8.877537643730805783e+00 8.888134715469274028e+00 8.897929768461468214e+00 8.906893713828292647e+00 8.914989635786916722e+00 8.922187812467656798e+00 8.928473663107984848e+00 8.933852355451055161e+00 8.938350483241039868e+00 8.942015723915423209e+00 8.944915356051140520e+00 8.947133732043937471e+00 8.948768689115423669e+00 8.949926934010933977e+00 8.950718404425659358e+00 8.951249646930852677e+00 8.951616509264386679e+00 8.951896888590948009e+00 8.952144585402566079e+00 8.952384778272961086e+00 8.952609325982132660e+00 8.952766035940994627e+00 8.952735416104330213e+00 8.952309218941888247e+00 8.946432435923963311e+00 8.938425575555410063e+00 8.927857714877420747e+00 8.914056212803080470e+00 8.895498902740701652e+00 8.874800994390637854e+00 8.850621346308839676e+00 8.829772932943646069e+00 8.800334144100387945e+00 8.764183512049596558e+00 8.733721874983562117e+00 8.703245843570091012e+00 8.661526304158693179e+00 1.000000000000000020e+30
1.000000000000000020e+30 1.000000000000000020e+30 1.000000000000000020e+30 1.000000000000000020e+30 1.000000000000000020e+30 1.000000000000000020e+30 1.000000000000000020e+30 1.000000000000000020e+30 1.000000000000000020e+30 1.000000000000000020e+30 8.688804247546801918e+00 8.716851471959076392e+00 8.741759717466010216e+00 8.763500863959455600e+00 8.782330147158647904e+00 8.798525131869418203e+00 8.812667020339766566e+00 8.825407437969355229e+00 8.837201151966366908e+00 8.848229612909474184e+00 8.858511265608662200e+00 8.868000829468646984e+00 8.876635364437619913e+00 8.884355905027488731e+00 8.891119318405468874e+00 8.896904708343315704e+00 8.901716165627947319e+00 8.905582941606128955e+00 8.908558129691966698e+00 8.910716639317469046e+00 8.912152659812921485e+00 8.912976409437529668e+00 8.913309753137625080e+00 8.913280223536128588e+00 8.913013200739484887e+00 8.912622673949195828e+00 8.912202240672764120e+00 8.911819589038570300e+00 8.911518575668047504e+00 8.911330647645021585e+00 8.911288856444782525e+00 8.911428386811351743e+00 8.911790674975916815e+00 8.905029364945603376e+00 8.897105618908593527e+00 8.886704361439939248e+00 8.873906539031954921e+00 8.851179518255051448e+00 8.831029859266182669e+00 8.798094565774439602e+00 8.761145894858035632e+00 8.726070541560648763e+00 8.690548260743675257e+00 8.660243764082245832e+00 8.634883761615554931e+00 8.615060537308936617e+00 1.000000000000000020e+30
1.000000000000000020e+30 1.000000000000000020e+30 1.000000000000000020e+30 1.000000000000000020e+30 1.000000000000000020e+30 1.000000000000000020e+30 1.000000000000000020e+30 1.000000000000000020e+30 1.000000000000000020e+30 8.615878954627172348e+00 8.656203202217525927e+00 8.687314795780675780e+00 8.713424530424504155e+00 8.735379450526822964e+00 8.753920501938539545e+00 8.769119298964401565e+00 8.781994898986923204e+00 8.793684607805092313e+00 8.804826762583424227e+00 8.815481044818575640e+00 8.825510450021448960e+00 8.834773342720758649e+00 8.843151296827947760e+00 8.850551469409573713e+00 8.856910973492105654e+00 8.862199928750353450e+00 8.866421263045547008e+00 8.869608275025218092e+00 8.871821527746551084e+00 8.873146050280205088e+00 8.873688960274945359e+00 8.873576920743138530e+00 8.872952396668635444e+00 8.871967505360773387e+00 8.870774488306908623e+00 8.869512798984910518e+00 8.868295046981003793e+00 8.867198009019258365e+00 8.866269710608866816e+00 8.865563927756472395e+00 8.865195371462100127e+00 8.865349009477609954e+00 8.866102348728192695e+00 8.860126916013259191e+00 8.853616281691211398e+00 8.843304337935659731e+00 8.839028843504745936e+00 8.799599669150378389e+00 8.761312189187835386e+00 8.724429798445424211e+00 8.685898640130860215e+00 8.647496113349436797e+00 8.606928190479649743e+00 8.577045211068043074e+00 8.556202441658125935e+00 8.543988532807661684e+00 1.000000000000000020e+30
1.000000000000000020e+30 1.000000000000000020e+30 1.000000000000000020e+30 1.000000000000000020e+30 1.000000000000000020e+30 1.000000000000000020e+30 1.000000000000000020e+30 1.000000000000000020e+30 8.667382877871567359e+00 8.644378525551699610e+00 8.628165872529915958e+00 8.658222792451907068e+00 8.684762019816021805e+00 8.706246735792625202e+00 8.724473599141257196e+00 8.737694116111388354e+00 8.748197098396016003e+00 8.758225471825099362e+00 8.768682303498733788e+00 8.779123537261611432e+00 8.789064283145592071e+00 8.798238450672403843e+00 8.806469645684328995e+00 8.813626763941078579e+00 8.819624171984445482e+00 8.824423310581602564e+00 8.828028512200413402e+00 8.830480347217266157e+00 8.831849713382961653e+00 8.832234112592198372e+00 8.831755976550210718e+00 8.830561815415318705e+00 8.828820255557712215e+00 8.826716610812148645e+00 8.824441556227830219e+00 8.822172204186898625e+00 8.820046716701515521e+00 8.818140869064567511e+00 8.816468921663062730e+00 8.815048438668451780e+00 8.814064123012567364e+00 8.814030915495790097e+00 8.815180585484704068e+00 8.811008196344362275e+00 8.809183436691133906e+00 8.789120900890610599e+00 8.757600463841441751e+00 8.722528939823135374e+00 8.685419129557130802e+00 8.647638609735926352e+00 8.605738993892682487e+00 8.566284644863143782e+00 8.507792037007783748e+00 8.479959910312494742e+00 8.464037079872188230e+00 8.455845505714284727e+00 1.000000000000000020e+30
1.000000000000000020e+30 1.000000000000000020e+30 1.000000000000000020e+30 1.000000000000000020e+30 1.000000000000000020e+30 1.000000000000000020e+30 1.000000000000000020e+30 8.705790415110483238e+00 8.685812037796337037e+00 8.661423327881465184e+00 8.626218247559682695e+00 8.628015028532526998e+00 8.656594854367208214e+00 8.675870546639973924e+00 8.695580341396615509e+00 8.704571835484578912e+00 8.710491388820139846e+00 8.717986005819357231e+00 8.728232601716516825e+00 8.738975606127306506e+00 8.749121241578569297e+00 8.758407505833591955e+00 8.766644243412118342e+00 8.773661845269574044e+00 8.779350373752309977e+00 8.783666909122437971e+00 8.786624032141688190e+00 8.788275681245137250e+00 8.788706935556730215e+00 8.788029456083441104e+00 8.786381694078267302e+00 8.783931614279781641e+00 8.780878805426569400e+00 8.777452120656786150e+00 8.773898151721445160e+00 8.770455051005429326e+00 8.767307311476951526e+00 8.764525524836230375e+00 8.762021492562249492e+00 8.759608869419546195e+00 8.757376775666307012e+00 8.756789069091659883e+00 8.754531292573631163e+00 8.754691490799618947e+00 8.728140224212008746e+00 8.703886711112751584e+00 8.674908902668137856e+00 8.642690115867354805e+00 8.605392378876098647e+00 8.570151247298426256e+00 8.518293346903345054e+00 8.499243759345128879e+00 8.512914493361819268e+00 8.507745034503162884e+00 8.500985433490489740e+00 8.496875416504275691e+00 1.000000000000000020e+30
1.000000000000000020e+30 1.000000000000000020e+30 1.000000000000000020e+30 1.000000000000000020e+30 1.000000000000000020e+30 1.000000000000000020e+30 8.736371311762630043e+00 8.721340467061775570e+00 8.704149108831666481e+00 8.684693844666323770e+00 8.664046083423162514e+00 8.651586309527882435e+00 8.633098420429680786e+00 8.640475510349716615e+00 8.672871576253678327e+00 8.670022864130933371e+00 8.666741549269824318e+00 8.670557993252311135e+00 8.682888439839970829e+00 8.695065043386822623e+00 8.705712151497470686e+00 8.715331367961463016e+00 8.723769915108837480e+00 8.730780392442415661e+00 8.736221202904244976e+00 8.740056751679347258e+00 8.742322284395866561e+00 8.743095605160775108e+00 8.742480732803500132e+00 8.740603338930425181e+00 8.737615043269665094e+00 8.733702792131225578e+00 8.729098841644287177e+00 8.724086086390780537e+00 8.718991720272315504e+00 8.714158079239719967e+00 8.709873460090260977e+00 8.706244641367431925e+00 8.703016004175044174e+00 8.699418763626393769e+00 8.694341335762608480e+00 8.687865450905940534e+00 8.671419627251756523e+00 8.658393753497708900e+00 8.639903063265341743e+00 8.618506373031118883e+00 8.590607555102332427e+00 8.563084090491676292e+00 8.518451240184145234e+00 8.504409116762909449e+00 8.523337988589835490e+00 8.526453615245106477e+00 8.532030396525788873e+00 8.532295824851345856e+00 8.530466908690279126e+00 8.528981634379556809e+00 1.000000000000000020e+30
1.000000000000000020e+30 1.000000000000000020e+30 1.000000000000000020e+30 1.000000000000000020e+30 1.000000000000000020e+30 8.757091475661908930e+00 8.747080826886161731e+00 8.734678808298040664e+00 8.720317681093622042e+00 8.704656705873176747e+00 8.689112052637513628e+00 8.676563787653075011e+00 8.666459297013872742e+00 8.667346675665308808e+00 8.680794685313532710e+00 8.631313589350460447e+00 8.611319224244279980e+00 8.610073299738973063e+00 8.633207728635472478e+00 8.648242826076941725e+00 8.658932589914346778e+00 8.669075627639911019e+00 8.677996773943824849e+00 8.685169881900018041e+00 8.690421287617592583e+00 8.693758124255829500e+00 8.695266972797549343e+00 8.695066252926237027e+00 8.693283778156128960e+00 8.690055047923030074e+00 8.685535359023333513e+00 8.679920282795434261e+00 8.673468740560746681e+00 8.666522975045481303e+00 8.659518464863282361e+00 8.652968888940430148e+00 8.647391145880620300e+00 8.643105664285755552e+00 8.639835957439224501e+00 8.636055592667528202e+00 8.627912647305018723e+00 8.609216407014587347e+00 8.579910445663218255e+00 8.562593453065117544e+00 8.549634380330573435e+00 8.534714083505210880e+00 8.501024616238787246e+00 8.495684976758919760e+00 8.519414009175287461e+00 8.527944944905469171e+00 8.539368099265336909e+00 8.546422841214221577e+00 8.551724642129292064e+00 8.554235668365004486e+00 8.554912383789147867e+00 8.554916612414860566e+00 1.000000000000000020e+30
1.000000000000000020e+30 1.000000000000000020e+30 1.000000000000000020e+30 1.000000000000000020e+30 1.000000000000000020e+30 8.762845882578844225e+00 8.755895306647802911e+00 8.745651150513051419e+00 8.733416310587106324e+00 8.720080888636474015e+00 8.706705040486147240e+00 8.694572930192252969e+00 8.684256833736919035e+00 8.677053779188499405e+00 8.669253433269513920e+00 8.645246713919759074e+00 8.625336501544845547e+00 8.609403117240328029e+00 8.587032935072727469e+00 8.601234684985023193e+00 8.608217097110594906e+00 8.619605575137024189e+00 8.629576866806155877e+00 8.637121224484126003e+00 8.642204136936847192e+00 8.644977108914682518e+00 8.645626267366669282e+00 8.644333658353309247e+00 8.641252994581492430e+00 8.636517647374189366e+00 8.630265991806489012e+00 8.622678741158781079e+00 8.614020810726589872e+00 8.604682861524064919e+00 8.595222316022800513e+00 8.586397373368150454e+00 8.579150901990450606e+00 8.574414396877568123e+00 8.572539708706960582e+00 8.572314077394128873e+00 8.567156949596963500e+00 8.527753698818580474e+00 8.471355366747724602e+00 8.457395074120185541e+00 8.456321159328831882e+00 8.464714735030023363e+00 8.496840612584929175e+00 8.512985893873512566e+00 8.530729953566693169e+00 8.543807804956848884e+00 8.555050232726374659e+00 8.563477850518289358e+00 8.569581516606641358e+00 8.573408230931638840e+00 8.575442840822761426e+00 8.576275557151264550e+00 1.000000000000000020e+30
1.000000000000000020e+30 1.000000000000000020e+30 1.000000000000000020e+30 1.000000000000000020e+30 8.778228813755209359e+00 8.771311830797632325e+00 8.763745591134137314e+00 8.754328059499162151e+00 8.743295713501820998e+00 8.731185817146439376e+00 8.718652927426202126e+00 8.706324360914996063e+00 8.694460234116558439e+00 8.682840840622139567e+00 8.669362376153939564e+00 8.650491237982354420e+00 8.630760701766771348e+00 8.610532947854350638e+00 8.586611433518624992e+00 8.556825234535917701e+00 8.548517132268692365e+00 8.567029850494170873e+00 8.579112261732879219e+00 8.587105061458331079e+00 8.591901747921872001e+00 8.593950392294530616e+00 8.593576182349044856e+00 8.591049768332984726e+00 8.586543299858767853e+00 8.580162828018114141e+00 8.571992277688774919e+00 8.562155139519720848e+00 8.550880016981750487e+00 8.538563980011556254e+00 8.525851172663532651e+00 8.513759022668772047e+00 8.503850794356816678e+00 8.498235127053382243e+00 8.498873931423181816e+00 8.508667849109770032e+00 8.535673894091907243e+00 8.468677928609853467e+00 8.422333610786285618e+00 8.444515746558279190e+00 8.461198363706035508e+00 8.479808541157208168e+00 8.503734665591823116e+00 8.523868476305642261e+00 8.541973558865004534e+00 8.556832763269195397e+00 8.568929530491395496e+00 8.578283447972230746e+00 8.585175818399502390e+00 8.589857215321876183e+00 8.592672765429487214e+00 8.593971794005005549e+00 1.000000000000000020e+30
1.000000000000000020e+30 1.000000000000000020e+30 1.000000000000000020e+30 1.000000000000000020e+30 8.780947667887675223e+00 8.776212175278988781e+00 8.769214762691198928e+00 8.760366556959127138e+00 8.749972328509576514e+00 8.738402888898942678e+00 8.726053087616188364e+00 8.713234866421652569e+00 8.700009078069077972e+00 8.686043963745468943e+00 8.670386976410673796e+00 8.652084909526669421e+00 8.632140024268124989e+00 8.610778873439066672e+00 8.587426601379821278e+00 8.562763161039017135e+00 8.541869644436468789e+00 8.516266831079118305e+00 8.528181923926359431e+00 8.535779385877111380e+00 8.539881261385373179e+00 8.540910033978663662e+00 8.539262950773055749e+00 8.535344233888768173e+00 8.529312577664500239e+00 8.521202829692818170e+00 8.510982384827414648e+00 8.498651256624423667e+00 8.484337482633719674e+00 8.468364928440344386e+00 8.451337230390047139e+00 8.434357650769378267e+00 8.419609926126696564e+00 8.411071569983299412e+00 8.411226369095574640e+00 8.422867778236380332e+00 8.447501828351590802e+00 8.383795205173074194e+00 8.403215308891656576e+00 8.432050508020962454e+00 8.459155976580557734e+00 8.484685653461081500e+00 8.509617963158763843e+00 8.532060137279124490e+00 8.551816619479257753e+00 8.568034264570332681e+00 8.581015397139557521e+00 8.591053223739230305e+00 8.598513155774757166e+00 8.603724995421750066e+00 8.606983915780915595e+00 8.608538056507896385e+00 1.000000000000000020e+30
1.000000000000000020e+30 1.000000000000000020e+30 1.000000000000000020e+30 8.787909369189289777e+00 8.784212237144403801e+00 8.779175115561868026e+00 8.772321639728771103e+00 8.763721807932066454e+00 8.753573695686528211e+00 8.742125985708602443e+00 8.729621601937772368e+00 8.716225814871906508e+00 8.701942008628364533e+00 8.686554665379105700e+00 8.669642110554079295e+00 8.650875517538787918e+00 8.630456576929855572e+00 8.608498800694576403e+00 8.584989534519671395e+00 8.560316243993231211e+00 8.535278663664419341e+00 8.507637479871908326e+00 8.476929125982286095e+00 8.483362212052620421e+00 8.486389300429420857e+00 8.486033677825231436e+00 8.482732682099340948e+00 8.477278155709505825e+00 8.469694089609655308e+00 8.459887487525088900e+00 8.447608383100238427e+00 8.432636808009480234e+00 8.414931276412630723e+00 8.394657423035177146e+00 8.372157587796630551e+00 8.348039632197270521e+00 8.324395920697993390e+00 8.310364648387993824e+00 8.307144327211110735e+00 8.319015844774948931e+00 8.316336966330432290e+00 8.309801526594267074e+00 8.369541578939447390e+00 8.416291772389788761e+00 8.453774831383469746e+00 8.485344721790616163e+00 8.513268070240327390e+00 8.538294990940199725e+00 8.560625521562432283e+00 8.577955581064587776e+00 8.591572610076605443e+00 8.601963694449805686e+00 8.609686742231232870e+00 8.615152038387051903e+00 8.618616328786925962e+00 8.620280363205919727e+00 1.000000000000000020e+30
1.000000000000000020e+30 1.000000000000000020e+30 1.000000000000000020e+30 8.787434862647423017e+00 8.784637510670664895e+00 8.779766499796505030e+00 8.772977148491346355e+00 8.764413265572931877e+00 8.754245733747669789e+00 8.742657681984475460e+00 8.729812575245061268e+00 8.715813397534949658e+00 8.700663200935256469e+00 8.684249944125030041e+00 8.666383610455758557e+00 8.646921718728506789e+00 8.625883179974136894e+00 8.603304868646638681e+00 8.579208889338339361e+00 8.553678927135889509e+00 8.526688303951262426e+00 8.497415950150308817e+00 8.465276381837648856e+00 8.429678601728261000e+00 8.431650838463569997e+00 8.429506469536741875e+00 8.423783498199183484e+00 8.416785295113111687e+00 8.407750346523457097e+00 8.396497086456994552e+00 8.382369632314624397e+00 8.364777804692073104e+00 8.343480443596218876e+00 8.318514211380694690e+00 8.289870279852351587e+00 8.256441160254734513e+00 8.214668798143749839e+00 8.193857064328794237e+00 8.182886019525261290e+00 8.179184952330505354e+00 8.183784561003689006e+00 8.251705624354181978e+00 8.343729907172670934e+00 8.404812436262920627e+00 8.449440625654442982e+00 8.484889203840856098e+00 8.515145992766246508e+00 8.542638772735259067e+00 8.569918220988910207e+00 8.587126766869417338e+00 8.600933689560509521e+00 8.611151221972914271e+00 8.618749370577534208e+00 8.624227246082966758e+00 8.627704706937223023e+00 8.629346837015136273e+00 1.000000000000000020e+30
1.000000000000000020e+30 1.000000000000000020e+30 1.000000000000000020e+30 8.785588260166585783e+00 8.782962641701770323e+00 8.778095487996449009e+00 8.771218473203026278e+00 8.762507786310163027e+00 8.752123768451200547e+00 8.740216035161754604e+00 8.726909748061984828e+00 8.712285042091842513e+00 8.696359808780190548e+00 8.679088270144942996e+00 8.660386301559322320e+00 8.640183452202489178e+00 8.618458527865302088e+00 8.595203469183442024e+00 8.570397974203102009e+00 8.543993664790663800e+00 8.515821010777157696e+00 8.485444906077539429e+00 8.452397900978324330e+00 8.416181036465049559e+00 8.376310014279836125e+00 8.371869316311174813e+00 8.361440963575139662e+00 8.353677179169761047e+00 8.343382302039964671e+00 8.331339613972996716e+00 8.315944293362850459e+00 8.295949683686966836e+00 8.270984311460004790e+00 8.241278382788449264e+00 8.207524278809090745e+00 8.168246806701400686e+00 8.161228632361540392e+00 8.145354501347169318e+00 8.127065178613603891e+00 8.104507622002017797e+00 8.066294943031433462e+00 1.000000000000000020e+30 1.000000000000000020e+30 1.000000000000000020e+30 1.000000000000000020e+30 1.000000000000000020e+30 1.000000000000000020e+30 1.000000000000000020e+30 8.584808288223074513e+00 8.595276045945425381e+00 8.609499093998453034e+00 8.618601785396959869e+00 8.625595820999997443e+00 8.630980557909266437e+00 8.634313399580573645e+00 8.635743552228644759e+00 1.000000000000000020e+30
1.000000000000000020e+30 1.000000000000000020e+30 8.782444120753662986e+00 8.782199436590490293e+00 8.779358152478089039e+00 8.774257349430403252e+00 8.767109640863553821e+00 8.758081516640103814e+00 8.747319336417985980e+00 8.734953156684728270e+00 8.721090361976774119e+00 8.705805454676173838e+00 8.689132555585619144e+00 8.671066699213398010e+00 8.651577369551331387e+00 8.630630129334770473e+00 8.608199169751650004e+00 8.584256091328059668e+00 8.558753197079102648e+00 8.531602362779819870e+00 8.502634572617559172e+00 8.471565442330611262e+00 8.438043638660294832e+00 8.401615234684902234e+00 8.361486915253426133e+00 8.315433205742850831e+00 8.291654606264293292e+00 8.288338128703285790e+00 8.276009965672079360e+00 8.264786664064637023e+00 8.249362024391770021e+00 8.227310995363914969e+00 8.198403241271051911e+00 8.163202915460479048e+00 8.125736435756611087e+00 8.121619177910547549e+00 8.111581588033944357e+00 8.094167515778243782e+00 8.070359581365215362e+00 8.040265716842192489e+00 8.009436006217843129e+00 1.000000000000000020e+30 1.000000000000000020e+30 1.000000000000000020e+30 1.000000000000000020e+30 1.000000000000000020e+30 1.000000000000000020e+30 1.000000000000000020e+30 1.000000000000000020e+30 1.000000000000000020e+30 8.618828543369778217e+00 8.623828258507693079e+00 8.629737203880164742e+00 8.635485988495604559e+00 8.638530941728649992e+00 8.639277935462411406e+00 1.000000000000000020e+30
1.000000000000000020e+30 1.000000000000000020e+30 8.778523183925196705e+00 8.777239793533334833e+00 8.773842356090227668e+00 8.768291217245812064e+00 8.760698690541872224e+00 8.751197508304921158e+00 8.739916231285103976e+00 8.726971938625551317e+00 8.712464337387409330e+00 8.696469777538940349e+00 8.679037263906423050e+00 8.660188979284814792e+00 8.639926148061684685e+00 8.618237420444522456e+00 8.595103062502042590e+00 8.570490371145341513e+00 8.544344605971760487e+00 8.516577429454947890e+00 8.487053656550166636e+00 8.455589677692723072e+00 8.421984116899729145e+00 8.386063634366976771e+00 8.347816243947361770e+00 8.308007748123069192e+00 8.271404869513647284e+00 8.227127823349693614e+00 8.202654621699876358e+00 8.197566509179329941e+00 8.184534655387079027e+00 8.160632279121255550e+00 8.127168797576093340e+00 8.082377500972503626e+00 8.080761825976411572e+00 8.075853784801898527e+00 8.064264432876903754e+00 8.044311700938022724e+00 8.014837589950314367e+00 7.971591397536593071e+00 1.000000000000000020e+30 1.000000000000000020e+30 1.000000000000000020e+30 1.000000000000000020e+30 1.000000000000000020e+30 1.000000000000000020e+30 1.000000000000000020e+30 1.000000000000000020e+30 1.000000000000000020e+30 1.000000000000000020e+30 1.000000000000000020e+30 1.000000000000000020e+30 1.000000000000000020e+30 8.638602280726889404e+00 8.640766799909785689e+00 1.000000000000000020e+30 1.000000000000000020e+30
1.000000000000000020e+30 8.770065955590599316e+00 8.771718044232011735e+00 8.770224894171073871e+00 8.766307462178982490e+00 8.760189561814474501e+00 8.752012111691794161e+00 8.741900453804364091e+00 8.729972803747786614e+00 8.716339056052046175e+00 8.701097200810735899e+00 8.684329411715024705e+00 8.666099011830864285e+00 8.646449362141925832e+00 8.625404847273985709e+00 8.602972706341152076e+00 8.579143426924705551e+00 8.553888494767530659e+00 8.527156970027798266e+00 8.498872677442554036e+00 8.468934740166517372e+00 8.437228401185750570e+00 8.403655122878598505e+00 8.368187477245713879e+00 8.330978014201962267e+00 8.292563621990417744e+00 8.253940416913824407e+00 8.213601610967970146e+00 8.175933330377795016e+00 8.133291164173137133e+00 8.125586223172682310e+00 8.098497860158063943e+00 8.062189836859529279e+00 8.025643787181358846e+00 8.033973860921342691e+00 8.031711721399341641e+00 8.020277669651024510e+00 7.998939919042458158e+00 7.968015971629349714e+00 7.939427688707088926e+00 1.000000000000000020e+30 1.000000000000000020e+30 1.000000000000000020e+30 1.000000000000000020e+30 1.000000000000000020e+30 1.000000000000000020e+30 1.000000000000000020e+30 1.000000000000000020e+30 1.000000000000000020e+30 1.000000000000000020e+30 1.000000000000000020e+30 1.000000000000000020e+30 1.000000000000000020e+30 1.000000000000000020e+30 1.000000000000000020e+30 1.000000000000000020e+30 1.000000000000000020e+30
1.000000000000000020e+30 8.764241907631696193e+00 8.763886658861238743e+00 8.761461020186398940e+00 8.756797437441814935e+00 8.749966025538414627e+00 8.741070989666898328e+00 8.730221828412698670e+00 8.717527795565356286e+00 8.703095061546987310e+00 8.687023805350552408e+00 8.669405063178890813e+00 8.650317567035941124e+00 8.629824800896129133e+00 8.607972337746764069e+00 8.584785375983249978e+00 8.560266523984916276e+00 8.534394398058610776e+00 8.507124043688492065e+00 8.478390135115688508e+00 8.448114348289472275e+00 8.416219605012265959e+00 8.382654206445957712e+00 8.347426873279086834e+00 8.310650175827460018e+00 8.272558146755914166e+00 8.233341178219239609e+00 8.192464658522363052e+00 8.149161173664056790e+00 8.096308436707328582e+00 8.080916863157028729e+00 8.040449941701300673e+00 7.992261045314569934e+00 7.987242267217992797e+00 7.992644185876164542e+00 7.991678345705778064e+00 7.981168714253280783e+00 7.958131762580121560e+00 7.913803579401354149e+00 1.000000000000000020e+30 1.000000000000000020e+30 1.000000000000000020e+30 1.000000000000000020e+30 1.000000000000000020e+30 1.000000000000000020e+30 1.000000000000000020e+30 1.000000000000000020e+30 1.000000000000000020e+30 1.000000000000000020e+30 1.000000000000000020e+30 1.000000000000000020e+30 1.000000000000000020e+30 1.000000000000000020e+30 1.000000000000000020e+30 1.000000000000000020e+30 1.000000000000000020e+30 1.000000000000000020e+30
8.751625537659190712e+00 8.754597194162005991e+00 8.753949066313296612e+00 8.750756101055957359e+00 8.745273314418033905e+00 8.737617922648617252e+00 8.727888076937155404e+00 8.716183109810465623e+00 8.702606045010895741e+00 8.687262216579700436e+00 8.670257160545219222e+00 8.651693964027584727e+00 8.631669725450668906e+00 8.610270695570235944e+00 8.587566024193316494e+00 8.563600926933514046e+00 8.538391269727540589e+00 8.511921985528243084e+00 8.484150374125050575e+00 8.455013912953113220e+00 8.424441779178904355e+00 8.392369522373950730e+00 8.358756301712073622e+00 8.323602695129297402e+00 8.286963059341909243e+00 8.248933306392469689e+00 8.209578783527954116e+00 8.168841188931383002e+00 8.126917870306893832e+00 8.085255970454321428e+00 8.056136613819703030e+00 7.984878847296149829e+00 7.941991189312164856e+00 7.933160941260871013e+00 7.952531517675966555e+00 7.956122100640828698e+00 7.949566072676012674e+00 7.933275137061360560e+00 7.892734023485520112e+00 1.000000000000000020e+30 1.000000000000000020e+30 1.000000000000000020e+30 1.000000000000000020e+30 1.000000000000000020e+30 1.000000000000000020e+30 1.000000000000000020e+30 1.000000000000000020e+30 1.000000000000000020e+30 1.000000000000000020e+30 1.000000000000000020e+30 1.000000000000000020e+30 1.000000000000000020e+30 1.000000000000000020e+30 1.000000000000000020e+30 1.000000000000000020e+30 1.000000000000000020e+30 1.000000000000000020e+30
8.744469406221289987e+00 8.744389582423542251e+00 8.742372687574835766e+00 8.738155843677088086e+00 8.731731414561105353e+00 8.723147108748813494e+00 8.712474720687897189e+00 8.699801156601408181e+00 8.685224450887609748e+00 8.668851204836721891e+00 8.650794995099412077e+00 8.631174555060205478e+00 8.610110269379667614e+00 8.587717456567601104e+00 8.564095683533681225e+00 8.539315529704268215e+00 8.513407522272215644e+00 8.486359297093573062e+00 8.458122141212578882e+00 8.428624220030815906e+00 8.397786824934387440e+00 8.365540084729126136e+00 8.331835339986572109e+00 8.296651775274892060e+00 8.259996868023982586e+00 8.221899492749953353e+00 8.182391475433060890e+00 8.141508420567918236e+00 8.099415521275906471e+00 8.056541742042975685e+00 8.013261733283888688e+00 7.959583122464686689e+00 7.914669956302981646e+00 7.905691952721259241e+00 7.923031515431909533e+00 7.925648210015365791e+00 7.921819100978201966e+00 7.919729829533094012e+00 8.153401564598141249e+00 1.000000000000000020e+30 1.000000000000000020e+30 1.000000000000000020e+30 1.000000000000000020e+30 1.000000000000000020e+30 1.000000000000000020e+30 1.000000000000000020e+30 1.000000000000000020e+30 1.000000000000000020e+30 1.000000000000000020e+30 1.000000000000000020e+30 1.000000000000000020e+30 1.000000000000000020e+30 1.000000000000000020e+30 1.000000000000000020e+30 1.000000000000000020e+30 1.000000000000000020e+30 1.000000000000000020e+30
8.733203190516910297e+00 8.731928769067438978e+00 8.728803939652786781e+00 8.723568362481769256e+00 8.716148547150721626e+00 8.706555842324876338e+00 8.694844589561951054e+00 8.681093498583424051e+00 8.665398027505093026e+00 8.647867629940664713e+00 8.628625787407665726e+00 8.607810475848319598e+00 8.585572208217893575e+00 8.562066196588096645e+00 8.537435779877718289e+00 8.511788008960623486e+00 8.485170822683047120e+00 8.457567765866329523e+00 8.428910471134283711e+00 8.399100987776469296e+00 8.368036341827027158e+00 8.335628114417616530e+00 8.301812378683496974e+00 8.266545597011553781e+00 8.229794297844318152e+00 8.191537566877880039e+00 8.151771370838885034e+00 8.110497465970055941e+00 8.067712746589508654e+00 8.023146144533631841e+00 7.975585819054400005e+00 7.920219669328465883e+00 7.908961800579263901e+00 7.903182976394391268e+00 7.903113451062610650e+00 7.898314711421605239e+00 7.880175866099349946e+00 7.806364685984376273e+00 1.000000000000000020e+30 1.000000000000000020e+30 1.000000000000000020e+30 1.000000000000000020e+30 1.000000000000000020e+30 1.000000000000000020e+30 1.000000000000000020e+30 1.000000000000000020e+30 1.000000000000000020e+30 1.000000000000000020e+30 1.000000000000000020e+30 1.000000000000000020e+30 1.000000000000000020e+30 1.000000000000000020e+30 1.000000000000000020e+30 1.000000000000000020e+30 1.000000000000000020e+30 1.000000000000000020e+30 1.000000000000000020e+30
8.719012660777913482e+00 8.717118336949415180e+00 8.713142888001787156e+00 8.706958510458422396e+00 8.698524875564803693e+00 8.687860515643736292e+00 8.675020885616273603e+00 8.660084346314119941e+00 8.643146367322128043e+00 8.624319205449513248e+00 8.603735834934163051e+00 8.581555563858604074e+00 8.557967082438608486e+00 8.533182344135145314e+00 8.507413162031822296e+00 8.480826086575918410e+00 8.453491768801017159e+00 8.425376968798143906e+00 8.396370911857662378e+00 8.366324387690230679e+00 8.335089897728671815e+00 8.302549802518969457e+00 8.268628240942673457e+00 8.233268464864256231e+00 8.196392654440060710e+00 8.157924762365945881e+00 8.117834849746746073e+00 8.076100225439503788e+00 8.032811462840200534e+00 7.987669403245517330e+00 7.940534762848879602e+00 7.891731121462655985e+00 7.892525919189135486e+00 7.889794085317246797e+00 7.886405923572780807e+00 7.877411932506393377e+00 7.855533468997345281e+00 7.808330318206590626e+00 1.000000000000000020e+30 1.000000000000000020e+30 1.000000000000000020e+30 1.000000000000000020e+30 1.000000000000000020e+30 1.000000000000000020e+30 1.000000000000000020e+30 1.000000000000000020e+30 1.000000000000000020e+30 1.000000000000000020e+30 1.000000000000000020e+30 1.000000000000000020e+30 1.000000000000000020e+30 1.000000000000000020e+30 1.000000000000000020e+30 1.000000000000000020e+30 1.000000000000000020e+30 1.000000000000000020e+30 1.000000000000000020e+30
8.702506118097081966e+00 8.700176809719240012e+00 8.695474599609898547e+00 8.688377039192225482e+00 8.678902622106742015e+00 8.667100658647807876e+00 8.653041664909952857e+00 8.636809653443146217e+00 8.618500230406374030e+00 8.598224483067740564e+00 8.576119312209293355e+00 8.552362483479505784e+00 8.527187308456516845e+00 8.500886364207989487e+00 8.473785620782262384e+00 8.446162233754142434e+00 8.418117718719065223e+00 8.389575483905526099e+00 8.360342732090916940e+00 8.330178139138419979e+00 8.298860763578527866e+00 8.266231057158144324e+00 8.232223161294164981e+00 8.196806629257480381e+00 8.159835675207533612e+00 8.121134029207727423e+00 8.080684197730867879e+00 8.038332648002004532e+00 7.994766813274846839e+00 7.949108238008403049e+00 7.901986278566583977e+00 7.868231892727754584e+00 7.874450273930353461e+00 7.875798449768402598e+00 7.873669082449774592e+00 7.865359171086361734e+00 7.848045194221382914e+00 7.820359839644269506e+00 1.000000000000000020e+30 1.000000000000000020e+30 1.000000000000000020e+30 1.000000000000000020e+30 1.000000000000000020e+30 1.000000000000000020e+30 1.000000000000000020e+30 1.000000000000000020e+30 1.000000000000000020e+30 1.000000000000000020e+30 1.000000000000000020e+30 1.000000000000000020e+30 1.000000000000000020e+30 1.000000000000000020e+30 1.000000000000000020e+30 1.000000000000000020e+30 1.000000000000000020e+30 1.000000000000000020e+30 1.000000000000000020e+30
8.684104311763610085e+00 8.681381175304878184e+00 8.675969700751494429e+00 8.667934389536753770e+00 8.657359752829494326e+00 8.644337155404363315e+00 8.628959801175057009e+00 8.611319428504058848e+00 8.591507644275850453e+00 8.569623936813462350e+00 8.545794097281710577e+00 8.520199865585095012e+00 8.493115917786182578e+00 8.464942107242514169e+00 8.436201795117080238e+00 8.407410523248850964e+00 8.378703501655929031e+00 8.349898592165706290e+00 8.320652548590114606e+00 8.290562033735394465e+00 8.259290694132996435e+00 8.226603909659585767e+00 8.192503384358193586e+00 8.157135357819642607e+00 8.120200534150455951e+00 8.081232584087837623e+00 8.040521731648514248e+00 7.996806817951220836e+00 7.953782920565900305e+00 7.906916424207563132e+00 7.844340748794827789e+00 7.853399824848922073e+00 7.859365229186810353e+00 7.863390482958455330e+00 7.865104824133571704e+00 7.860384882690112818e+00 7.848663896305504650e+00 1.000000000000000020e+30 1.000000000000000020e+30 1.000000000000000020e+30 1.000000000000000020e+30 1.000000000000000020e+30 1.000000000000000020e+30 1.000000000000000020e+30 1.000000000000000020e+30 1.000000000000000020e+30 1.000000000000000020e+30 1.000000000000000020e+30 1.000000000000000020e+30 1.000000000000000020e+30 1.000000000000000020e+30 1.000000000000000020e+30 1.000000000000000020e+30 1.000000000000000020e+30 1.000000000000000020e+30 1.000000000000000020e+30 1.000000000000000020e+30
8.664184123851201846e+00 8.661029268954195004e+00 8.654837836317934574e+00 8.645772474399066709e+00 8.633993957726477930e+00 8.619642420068066357e+00 8.602836961461443721e+00 8.583675840821818781e+00 8.562238324249278776e+00 8.538593681633788179e+00 8.512826867099988704e+00 8.485086771053122590e+00 8.455657782741420547e+00 8.425049895806424161e+00 8.394117023590567328e+00 8.363987571213744587e+00 8.334768084120083742e+00 8.306014056900581366e+00 8.277129566751357359e+00 8.247420621359330184e+00 8.216399480168940173e+00 8.183620827504105577e+00 8.149244799584048238e+00 8.114185014290789866e+00 8.077709245365321422e+00 8.038136403835359545e+00 7.998375148428496395e+00 7.949397624618483427e+00 7.910966561755400583e+00 7.873877646742402092e+00 7.837746234895808684e+00 7.839973327719722107e+00 7.844352018488254252e+00 7.851435781661078472e+00 7.861507875703220627e+00 7.861877503960867486e+00 7.855194810915587134e+00 1.000000000000000020e+30 1.000000000000000020e+30 1.000000000000000020e+30 1.000000000000000020e+30 1.000000000000000020e+30 1.000000000000000020e+30 1.000000000000000020e+30 1.000000000000000020e+30 1.000000000000000020e+30 1.000000000000000020e+30 1.000000000000000020e+30 1.000000000000000020e+30 1.000000000000000020e+30 1.000000000000000020e+30 1.000000000000000020e+30 1.000000000000000020e+30 1.000000000000000020e+30 1.000000000000000020e+30 1.000000000000000020e+30 1.000000000000000020e+30
8.643157426248070152e+00 8.639448605531820036e+00 8.632306729965211645e+00 8.622040512420744207e+00 8.608902879449848555e+00 8.593084887433569463e+00 8.574731233180902024e+00 8.553944926716541275e+00 8.530783456942016230e+00 8.505259830739245075e+00 8.477369629418317842e+00 8.447157326438187397e+00 8.414827526915450662e+00 8.380883685226956814e+00 8.346582856636816317e+00 8.314967054062114116e+00 8.285644100916583099e+00 8.257506064283964164e+00 8.229649054644548656e+00 8.200781260783582383e+00 8.170426054220634171e+00 8.136891291491719969e+00 8.100489500038296597e+00 8.066242574485556815e+00 8.031721939232619789e+00 7.988226588900231739e+00 7.958489360946669144e+00 7.941414212925326233e+00 7.914980251554974977e+00 7.886433767055006427e+00 7.856706407774501244e+00 7.848909707362405008e+00 7.854803142460489163e+00 7.855481027493039115e+00 7.866247209523067774e+00 7.869368280000256455e+00 7.866770705886841242e+00 7.861474348872576456e+00 1.000000000000000020e+30 1.000000000000000020e+30 1.000000000000000020e+30 1.000000000000000020e+30 1.000000000000000020e+30 1.000000000000000020e+30 1.000000000000000020e+30 1.000000000000000020e+30 1.000000000000000020e+30 1.000000000000000020e+30 1.000000000000000020e+30 1.000000000000000020e+30 1.000000000000000020e+30 1.000000000000000020e+30 1.000000000000000020e+30 1.000000000000000020e+30 1.000000000000000020e+30 1.000000000000000020e+30 1.000000000000000020e+30
8.621555221798198332e+00 8.617011419137149630e+00 8.608600264210837238e+00 8.596867235231922422e+00 8.582160673428059994e+00 8.564708901341447245e+00 8.544677431945705948e+00 8.522177896834229216e+00 8.497244401699731498e+00 8.469806032381693939e+00 8.439702042592678310e+00 8.406760827305786776e+00 8.370968824117442253e+00 8.332369878481644676e+00 8.291597583664099602e+00 8.258838129923937288e+00 8.230481619876227839e+00 8.203833051614825678e+00 8.175832618418244380e+00 8.147279129596530112e+00 8.117975899856078925e+00 8.085507495297516556e+00 8.040474839980854327e+00 8.010649021444883999e+00 7.988022220026930853e+00 7.979344511528689843e+00 7.960201979432172337e+00 7.941228376295379476e+00 7.920169146296921703e+00 7.899385202767120973e+00 7.881510017592852968e+00 7.872300185738255962e+00 7.868747552226696307e+00 7.866503241328633322e+00 7.877290567363221641e+00 7.881636775309094567e+00 7.880096735957808463e+00 7.872958749641827403e+00 1.000000000000000020e+30 1.000000000000000020e+30 1.000000000000000020e+30 1.000000000000000020e+30 1.000000000000000020e+30 1.000000000000000020e+30 1.000000000000000020e+30 1.000000000000000020e+30 1.000000000000000020e+30 1.000000000000000020e+30 1.000000000000000020e+30 1.000000000000000020e+30 1.000000000000000020e+30 1.000000000000000020e+30 1.000000000000000020e+30 1.000000000000000020e+30 1.000000000000000020e+30 1.000000000000000020e+30 1.000000000000000020e+30
8.600186325837826828e+00 8.594123799026585075e+00 8.583884453421186222e+00 8.570319184047859196e+00 8.553791875427130265e+00 8.534512876446260776e+00 8.512659493064973049e+00 8.488375660294455116e+00 8.461698942444934701e+00 8.432458432195948816e+00 8.400256927860052514e+00 8.364536619663715200e+00 8.325166112847908195e+00 8.281197548040328371e+00 8.223680897195773554e+00 8.193331140096484333e+00 8.166624379033448733e+00 8.139620296611440153e+00 8.110265821452451007e+00 8.081639178121836409e+00 8.054669354297073980e+00 8.032857443415299059e+00 8.030114858734448191e+00 8.012775497092670562e+00 7.994389588462422758e+00 7.978993270791256087e+00 7.960929306479787471e+00 7.942544222431601852e+00 7.924800178820633256e+00 7.909182096634312487e+00 7.897020387707587297e+00 7.888729355448911740e+00 7.880198439208800032e+00 7.882376697585703695e+00 7.893854327536059756e+00 7.898883945496129932e+00 7.898102190203879047e+00 7.890198647608469784e+00 1.000000000000000020e+30 1.000000000000000020e+30 1.000000000000000020e+30 1.000000000000000020e+30 1.000000000000000020e+30 1.000000000000000020e+30 1.000000000000000020e+30 1.000000000000000020e+30 1.000000000000000020e+30 1.000000000000000020e+30 1.000000000000000020e+30 1.000000000000000020e+30 1.000000000000000020e+30 1.000000000000000020e+30 1.000000000000000020e+30 1.000000000000000020e+30 1.000000000000000020e+30 1.000000000000000020e+30 1.000000000000000020e+30
8.580540496555768115e+00 8.571062549502476813e+00 8.558125731661576197e+00 8.542341769794589368e+00 8.523753818763870171e+00 8.502435798868484440e+00 8.478577060870071236e+00 8.452426998344718001e+00 8.424128197133159190e+00 8.393426434722035978e+00 8.359620638984115004e+00 8.321177019313365619e+00 8.279089118784222379e+00 8.238582847145369925e+00 8.192258176194883390e+00 8.185658126321937900e+00 8.168115647858293471e+00 8.145194172549551581e+00 8.118905151093393613e+00 8.091803212156078118e+00 8.065700277839320975e+00 8.044951606537228628e+00 8.032267924354233202e+00 8.016312456266209807e+00 7.998982127942571907e+00 7.981261458455278124e+00 7.962053160084578529e+00 7.943484415849993319e+00 7.927909762975078323e+00 7.916289588032290325e+00 7.909094390543147668e+00 7.904868773958982686e+00 7.899828013102075275e+00 7.908010154460602514e+00 7.915974633784741421e+00 7.921059344907554589e+00 7.922331548168577875e+00 7.918859506972156126e+00 1.000000000000000020e+30 1.000000000000000020e+30 1.000000000000000020e+30 1.000000000000000020e+30 1.000000000000000020e+30 1.000000000000000020e+30 1.000000000000000020e+30 1.000000000000000020e+30 1.000000000000000020e+30 1.000000000000000020e+30 1.000000000000000020e+30 1.000000000000000020e+30 1.000000000000000020e+30 1.000000000000000020e+30 1.000000000000000020e+30 1.000000000000000020e+30 1.000000000000000020e+30 1.000000000000000020e+30 1.000000000000000020e+30
8.566003237550837923e+00 8.547071827003730249e+00 8.530799958315753884e+00 8.512724400261673097e+00 8.491964890154168444e+00 8.468376159500444089e+00 8.442214892420063066e+00 8.414003293817042817e+00 8.384279190791270153e+00 8.352753681284291076e+00 8.316767170566539136e+00 8.272123805510382510e+00 8.218058844047702038e+00 8.188655624296410807e+00 8.190132885540874597e+00 8.184676095886596059e+00 8.171456622393401759e+00 8.151182433628173740e+00 8.128487640773375489e+00 8.106129508908539449e+00 8.078359182510912007e+00 8.054814211105155053e+00 8.040354182397367211e+00 8.025867919142438467e+00 8.009880923382882045e+00 7.987476343001558732e+00 7.967589629584026056e+00 7.949209725387720304e+00 7.934037747937727758e+00 7.922839984036810890e+00 7.921237565594053898e+00 7.923234099491825333e+00 7.926557672937175170e+00 7.932979502940487926e+00 7.940108791968370383e+00 7.946184103817568456e+00 7.950424110462487981e+00 7.952565061157593540e+00 1.000000000000000020e+30 1.000000000000000020e+30 1.000000000000000020e+30 1.000000000000000020e+30 1.000000000000000020e+30 1.000000000000000020e+30 1.000000000000000020e+30 1.000000000000000020e+30 1.000000000000000020e+30 1.000000000000000020e+30 1.000000000000000020e+30 1.000000000000000020e+30 1.000000000000000020e+30 1.000000000000000020e+30 1.000000000000000020e+30 1.000000000000000020e+30 1.000000000000000020e+30 1.000000000000000020e+30 1.000000000000000020e+30
1.000000000000000020e+30 8.515987305332709312e+00 8.500807783301926435e+00 8.481280963940566409e+00 8.458451133490907381e+00 8.432283458267352927e+00 8.403240005366816590e+00 8.372367401142840393e+00 8.340025119485501293e+00 8.302210334313027573e+00 8.261590748162948472e+00 8.204054638382698883e+00 8.207342636560920113e+00 8.197133563348536711e+00 8.193286027311867059e+00 8.189219871282885421e+00 8.183031483823189234e+00 8.167609923258597249e+00 8.130938055091187167e+00 8.120057016728928545e+00 1.000000000000000020e+30 8.054331966620928540e+00 8.045975353136098462e+00 8.035393313085112510e+00 8.026526569631416308e+00 1.000000000000000020e+30 1.000000000000000020e+30 1.000000000000000020e+30 7.942334309973962725e+00 7.936628866820266026e+00 7.934932887923532796e+00 7.942214363408590216e+00 7.948966386222198643e+00 7.956386782877992836e+00 7.964451382856452710e+00 7.972297289460546388e+00 7.979750077267159902e+00 7.988326369874998889e+00 8.004454027102202218e+00 1.000000000000000020e+30 1.000000000000000020e+30 1.000000000000000020e+30 1.000000000000000020e+30 1.000000000000000020e+30 1.000000000000000020e+30 1.000000000000000020e+30 1.000000000000000020e+30 1.000000000000000020e+30 1.000000000000000020e+30 1.000000000000000020e+30 1.000000000000000020e+30 1.000000000000000020e+30 1.000000000000000020e+30 1.000000000000000020e+30 1.000000000000000020e+30 1.000000000000000020e+30 1.000000000000000020e+30
1.000000000000000020e+30 8.495580441582953668e+00 8.470622189463671958e+00 8.448551395837251121e+00 8.423633153922082784e+00 8.394362638192504278e+00 8.361321754421684460e+00 8.323655865366388795e+00 8.282287058593642115e+00 8.206854825333934400e+00 8.133757903672444556e+00 8.181381769998182563e+00 8.199224955768203316e+00 8.201718760063712921e+00 8.208920972684284223e+00 8.194396564619776058e+00 8.191668870352740939e+00 1.000000000000000020e+30 1.000000000000000020e+30 1.000000000000000020e+30 1.000000000000000020e+30 1.000000000000000020e+30 1.000000000000000020e+30 1.000000000000000020e+30 1.000000000000000020e+30 1.000000000000000020e+30 1.000000000000000020e+30 1.000000000000000020e+30 7.949404805580322808e+00 7.949130174157450490e+00 7.955214307629221437e+00 7.961144469904718690e+00 7.969004384022797538e+00 7.978314487034930735e+00 7.988181919379292673e+00 7.997969257638795959e+00 8.007102094216934418e+00 8.015654135561057103e+00 8.023537975364014585e+00 1.000000000000000020e+30 1.000000000000000020e+30 1.000000000000000020e+30 1.000000000000000020e+30 1.000000000000000020e+30 1.000000000000000020e+30 1.000000000000000020e+30 1.000000000000000020e+30 1.000000000000000020e+30 1.000000000000000020e+30 1.000000000000000020e+30 1.000000000000000020e+30 1.000000000000000020e+30 1.000000000000000020e+30 1.000000000000000020e+30 1.000000000000000020e+30 1.000000000000000020e+30 1.000000000000000020e+30
1.000000000000000020e+30 1.000000000000000020e+30 8.432925437822776260e+00 8.413984620771426393e+00 8.388419296380821066e+00 8.354971898044167844e+00 8.313882711483618237e+00 8.252657848565833731e+00 8.197601865615679273e+00 8.200675398896223101e+00 8.170650260363620632e+00 8.180293729283434345e+00 1.000000000000000020e+30 1.000000000000000020e+30 1.000000000000000020e+30 1.000000000000000020e+30 1.000000000000000020e+30 1.000000000000000020e+30 1.000000000000000020e+30 1.000000000000000020e+30 1.000000000000000020e+30 1.000000000000000020e+30 1.000000000000000020e+30 1.000000000000000020e+30 1.000000000000000020e+30 1.000000000000000020e+30 1.000000000000000020e+30 1.000000000000000020e+30 1.000000000000000020e+30 1.000000000000000020e+30 7.972884751114956536e+00 7.977306877499338533e+00 7.986989181786918301e+00 7.998598835981812982e+00 8.011171400699153011e+00 8.023469326827552095e+00 8.034193636580768683e+00 8.042777653597399379e+00 8.048603745238347429e+00 1.000000000000000020e+30 1.000000000000000020e+30 1.000000000000000020e+30 1.000000000000000020e+30 1.000000000000000020e+30 1.000000000000000020e+30 1.000000000000000020e+30 1.000000000000000020e+30 1.000000000000000020e+30 1.000000000000000020e+30 1.000000000000000020e+30 1.000000000000000020e+30 1.000000000000000020e+30 1.000000000000000020e+30 1.000000000000000020e+30 1.000000000000000020e+30 1.000000000000000020e+30 1.000000000000000020e+30
1.000000000000000020e+30 1.000000000000000020e+30 8.409427423842291915e+00 8.380218954840428225e+00 8.352093256010515887e+00 8.310809688083214297e+00 8.255116274367317430e+00 8.252382455673288320e+00 8.229050495131863485e+00 8.216983389223690537e+00 1.000000000000000020e+30 1.000000000000000020e+30 1.000000000000000020e+30 1.000000000000000020e+30 1.000000000000000020e+30 1.000000000000000020e+30 1.000000000000000020e+30 1.000000000000000020e+30 1.000000000000000020e+30 1.000000000000000020e+30 1.000000000000000020e+30 1.000000000000000020e+30 1.000000000000000020e+30 1.000000000000000020e+30 1.000000000000000020e+30 1.000000000000000020e+30 1.000000000000000020e+30 1.000000000000000020e+30 1.000000000000000020e+30 1.000000000000000020e+30 1.000000000000000020e+30 7.993375201523913454e+00 8.004275731742600541e+00 8.018071573111043904e+00 8.033618976472780560e+00 8.049719849400656102e+00 8.062586772703051352e+00 8.071789015857948613e+00 8.075931846267391023e+00 1.000000000000000020e+30 1.000000000000000020e+30 1.000000000000000020e+30 1.000000000000000020e+30 1.000000000000000020e+30 1.000000000000000020e+30 1.000000000000000020e+30 1.000000000000000020e+30 1.000000000000000020e+30 1.000000000000000020e+30 1.000000000000000020e+30 1.000000000000000020e+30 1.000000000000000020e+30 1.000000000000000020e+30 1.000000000000000020e+30 1.000000000000000020e+30 1.000000000000000020e+30 1.000000000000000020e+30
1.000000000000000020e+30 1.000000000000000020e+30 1.000000000000000020e+30 8.334033475946133862e+00 8.310114221445386917e+00 8.242594458017030945e+00 8.252898331518622399e+00 8.255260001510603018e+00 8.246746819080007285e+00 1.000000000000000020e+30 1.000000000000000020e+30 1.000000000000000020e+30 1.000000000000000020e+30 1.000000000000000020e+30 1.000000000000000020e+30 1.000000000000000020e+30 1.000000000000000020e+30 1.000000000000000020e+30 1.000000000000000020e+30 1.000000000000000020e+30 1.000000000000000020e+30 1.000000000000000020e+30 1.000000000000000020e+30 1.000000000000000020e+30 1.000000000000000020e+30 1.000000000000000020e+30 1.000000000000000020e+30 1.000000000000000020e+30 1.000000000000000020e+30 1.000000000000000020e+30 1.000000000000000020e+30 1.000000000000000020e+30 8.023741726863587331e+00 8.039166667304593616e+00 8.057115443382244280e+00 8.078381143666161890e+00 8.093804802237420049e+00 8.104988111494098035e+00 8.106858795081530289e+00 1.000000000000000020e+30 1.000000000000000020e+30 1.000000000000000020e+30 1.000000000000000020e+30 1.000000000000000020e+30 1.000000000000000020e+30 1.000000000000000020e+30 1.000000000000000020e+30 1.000000000000000020e+30 1.000000000000000020e+30 1.000000000000000020e+30 1.000000000000000020e+30 1.000000000000000020e+30 1.000000000000000020e+30 1.000000000000000020e+30 1.000000000000000020e+30 1.000000000000000020e+30 1.000000000000000020e+30
1.000000000000000020e+30 1.000000000000000020e+30 1.000000000000000020e+30 8.294039804050967746e+00 8.276607974763226849e+00 8.264391311127255335e+00 8.264472891624365047e+00 8.263948462817115370e+00 1.000000000000000020e+30 1.000000000000000020e+30 1.000000000000000020e+30 1.000000000000000020e+30 1.000000000000000020e+30 1.000000000000000020e+30 1.000000000000000020e+30 1.000000000000000020e+30 1.000000000000000020e+30 1.000000000000000020e+30 1.000000000000000020e+30 1.000000000000000020e+30 1.000000000000000020e+30 1.000000000000000020e+30 1.000000000000000020e+30 1.000000000000000020e+30 1.000000000000000020e+30 1.000000000000000020e+30 1.000000000000000020e+30 1.000000000000000020e+30 1.000000000000000020e+30 1.000000000000000020e+30 1.000000000000000020e+30 1.000000000000000020e+30 1.000000000000000020e+30 8.063971442983504545e+00 8.086708000704495802e+00 8.110603444655600569e+00 8.128419050269480195e+00 8.146622598678694871e+00 8.141036027596801006e+00 1.000000000000000020e+30 1.000000000000000020e+30 1.000000000000000020e+30 1.000000000000000020e+30 1.000000000000000020e+30 1.000000000000000020e+30 1.000000000000000020e+30 1.000000000000000020e+30 1.000000000000000020e+30 1.000000000000000020e+30 1.000000000000000020e+30 1.000000000000000020e+30 1.000000000000000020e+30 1.000000000000000020e+30 1.000000000000000020e+30 1.000000000000000020e+30 1.000000000000000020e+30 1.000000000000000020e+30
1.000000000000000020e+30 1.000000000000000020e+30 1.000000000000000020e+30 1.000000000000000020e+30 8.289234632544346226e+00 8.276209730805513587e+00 8.274466128708738211e+00 1.000000000000000020e+30 1.000000000000000020e+30 1.000000000000000020e+30 1.000000000000000020e+30 1.000000000000000020e+30 1.000000000000000020e+30 1.000000000000000020e+30 1.000000000000000020e+30 1.000000000000000020e+30 1.000000000000000020e+30 1.000000000000000020e+30 1.000000000000000020e+30 1.000000000000000020e+30 1.000000000000000020e+30 1.000000000000000020e+30 1.000000000000000020e+30 1.000000000000000020e+30 1.000000000000000020e+30 1.000000000000000020e+30 1.000000000000000020e+30 1.000000000000000020e+30 1.000000000000000020e+30 1.000000000000000020e+30 1.000000000000000020e+30 1.000000000000000020e+30 1.000000000000000020e+30 1.000000000000000020e+30 8.117544303652389104e+00 8.138627698034754943e+00 8.160252969807167744e+00 8.211157605689962224e+00 8.174076412569728944e+00 1.000000000000000020e+30 1.000000000000000020e+30 1.000000000000000020e+30 1.000000000000000020e+30 1.000000000000000020e+30 1.000000000000000020e+30 1.000000000000000020e+30 1.000000000000000020e+30 1.000000000000000020e+30 1.000000000000000020e+30 1.000000000000000020e+30 1.000000000000000020e+30 1.000000000000000020e+30 1.000000000000000020e+30 1.000000000000000020e+30 1.000000000000000020e+30 1.000000000000000020e+30 1.000000000000000020e+30
1.000000000000000020e+30 1.000000000000000020e+30 1.000000000000000020e+30 1.000000000000000020e+30 8.304658805054694781e+00 1.000000000000000020e+30 1.000000000000000020e+30 1.000000000000000020e+30 1.000000000000000020e+30 1.000000000000000020e+30 1.000000000000000020e+30 1.000000000000000020e+30 1.000000000000000020e+30 1.000000000000000020e+30 1.000000000000000020e+30 1.000000000000000020e+30 1.000000000000000020e+30 1.000000000000000020e+30 1.000000000000000020e+30 1.000000000000000020e+30 1.000000000000000020e+30 1.000000000000000020e+30 1.000000000000000020e+30 1.000000000000000020e+30 1.000000000000000020e+30 1.000000000000000020e+30 1.000000000000000020e+30 1.000000000000000020e+30 1.000000000000000020e+30 1.000000000000000020e+30 1.000000000000000020e+30 1.000000000000000020e+30 1.000000000000000020e+30 1.000000000000000020e+30 1.000000000000000020e+30 8.148950036699982746e+00 8.156478439356440902e+00 1.000000000000000020e+30 1.000000000000000020e+30 1.000000000000000020e+30 1.000000000000000020e+30 1.000000000000000020e+30 1.000000000000000020e+30 1.000000000000000020e+30 1.000000000000000020e+30 1.000000000000000020e+30 1.000000000000000020e+30 1.000000000000000020e+30 1.000000000000000020e+30 1.000000000000000020e+30 1.000000000000000020e+30 1.000000000000000020e+30 1.000000000000000020e+30 1.000000000000000020e+30 1.000000000000000020e+30 1.000000000000000020e+30 1.000000000000000020e+30
