1.000000000000000020e+30 1.000000000000000020e+30 1.000000000000000020e+30 1.000000000000000020e+30 1.000000000000000020e+30 1.000000000000000020e+30 1.000000000000000020e+30 1.000000000000000020e+30 1.000000000000000020e+30 1.000000000000000020e+30 1.000000000000000020e+30 1.000000000000000020e+30 1.000000000000000020e+30 1.000000000000000020e+30 1.000000000000000020e+30 1.000000000000000020e+30 1.000000000000000020e+30 1.000000000000000020e+30 1.000000000000000020e+30 1.000000000000000020e+30 1.000000000000000020e+30 1.000000000000000020e+30 1.000000000000000020e+30 1.000000000000000020e+30 1.000000000000000020e+30 1.000000000000000020e+30 1.000000000000000020e+30 1.000000000000000020e+30 1.000000000000000020e+30 1.000000000000000020e+30 1.000000000000000020e+30 1.000000000000000020e+30 1.000000000000000020e+30 1.000000000000000020e+30 1.000000000000000020e+30 1.000000000000000020e+30 1.000000000000000020e+30 1.000000000000000020e+30 1.000000000000000020e+30 1.000000000000000020e+30 1.000000000000000020e+30 1.000000000000000020e+30 1.000000000000000020e+30 1.000000000000000020e+30 1.000000000000000020e+30 1.000000000000000020e+30 1.000000000000000020e+30 1.000000000000000020e+30 1.000000000000000020e+30 1.000000000000000020e+30 1.000000000000000020e+30 1.000000000000000020e+30 1.000000000000000020e+30 1.000000000000000020e+30 1.000000000000000020e+30 1.000000000000000020e+30 1.000000000000000020e+30
1.000000000000000020e+30 1.000000000000000020e+30 1.000000000000000020e+30 1.000000000000000020e+30 1.000000000000000020e+30 1.000000000000000020e+30 1.000000000000000020e+30 1.000000000000000020e+30 1.000000000000000020e+30 1.000000000000000020e+30 1.000000000000000020e+30 1.000000000000000020e+30 1.000000000000000020e+30 1.000000000000000020e+30 1.000000000000000020e+30 1.000000000000000020e+30 1.000000000000000020e+30 1.000000000000000020e+30 1.000000000000000020e+30 1.000000000000000020e+30 1.000000000000000020e+30 1.000000000000000020e+30 1.000000000000000020e+30 1.000000000000000020e+30 1.000000000000000020e+30 1.000000000000000020e+30 1.000000000000000020e+30 1.034285229416819263e+01 1.034508365733739588e+01 1.034739031249460695e+01 1.034908325657610284e+01 1.034991291128642388e+01 1.034978057809296281e+01 1.034864856459801707e+01 1.034650993335333879e+01 1.034337793231140523e+01 1.033928328701200883e+01 1.033427658665966220e+01 1.032843704029842868e+01 1.032189469906148638e+01 1.031488890462640740e+01 1.030793853272094118e+01 1.030239241642922465e+01 1.000000000000000020e+30 1.000000000000000020e+30 1.000000000000000020e+30 1.000000000000000020e+30 1.000000000000000020e+30 1.000000000000000020e+30 1.000000000000000020e+30 1.000000000000000020e+30 1.000000000000000020e+30 1.000000000000000020e+30 1.000000000000000020e+30 1.000000000000000020e+30 1.000000000000000020e+30 1.000000000000000020e+30
1.000000000000000020e+30 1.000000000000000020e+30 1.000000000000000020e+30 1.000000000000000020e+30 1.000000000000000020e+30 1.000000000000000020e+30 1.000000000000000020e+30 1.000000000000000020e+30 1.000000000000000020e+30 1.000000000000000020e+30 1.000000000000000020e+30 1.000000000000000020e+30 1.000000000000000020e+30 1.000000000000000020e+30 1.000000000000000020e+30 1.000000000000000020e+30 1.000000000000000020e+30 1.000000000000000020e+30 1.000000000000000020e+30 1.000000000000000020e+30 1.000000000000000020e+30 1.000000000000000020e+30 1.000000000000000020e+30 1.000000000000000020e+30 1.031836106915973339e+01 1.032329439265871684e+01 1.032984644912613348e+01 1.033743600650541872e+01 1.034182823001789764e+01 1.034482865301996668e+01 1.034677416203612843e+01 1.034770372075274381e+01 1.034760792624627257e+01 1.034647940474853200e+01 1.034432191388672173e+01 1.034115136325365825e+01 1.033699613288542984e+01 1.033189815074184459e+01 1.032591456254401940e+01 1.031911724640283090e+01 1.031157583634879948e+01 1.030326000747974646e+01 1.029355924403662392e+01 1.027903434214278100e+01 1.026623707513377681e+01 1.025468313960280931e+01 1.024474806391748594e+01 1.023783494138987216e+01 1.000000000000000020e+30 1.000000000000000020e+30 1.000000000000000020e+30 1.000000000000000020e+30 1.000000000000000020e+30 1.000000000000000020e+30 1.000000000000000020e+30 1.000000000000000020e+30 1.000000000000000020e+30
1.000000000000000020e+30 1.000000000000000020e+30 1.000000000000000020e+30 1.000000000000000020e+30 1.000000000000000020e+30 1.000000000000000020e+30 1.000000000000000020e+30 1.000000000000000020e+30 1.000000000000000020e+30 1.000000000000000020e+30 1.000000000000000020e+30 1.000000000000000020e+30 1.000000000000000020e+30 1.000000000000000020e+30 1.000000000000000020e+30 1.000000000000000020e+30 1.000000000000000020e+30 1.000000000000000020e+30 1.000000000000000020e+30 1.000000000000000020e+30 1.000000000000000020e+30 1.028068921228168442e+01 1.028785395073768072e+01 1.029789878071114728e+01 1.031018685776016675e+01 1.031844649682760640e+01 1.032559496659491316e+01 1.033201925513438013e+01 1.033677651606579495e+01 1.034014030357922209e+01 1.034230281038243504e+01 1.034334301756635099e+01 1.034329002091005734e+01 1.034215783221643292e+01 1.033995987017611640e+01 1.033671443073958685e+01 1.033244656926918736e+01 1.032718805765490266e+01 1.032097466230859339e+01 1.031383667550958272e+01 1.030577215199937591e+01 1.029668062338225099e+01 1.028624081075049901e+01 1.027396210954334776e+01 1.026161795271296917e+01 1.024966009631729591e+01 1.023829727784028698e+01 1.022747617424180433e+01 1.021563189241392422e+01 1.000000000000000020e+30 1.000000000000000020e+30 1.000000000000000020e+30 1.000000000000000020e+30 1.000000000000000020e+30 1.000000000000000020e+30 1.000000000000000020e+30 1.000000000000000020e+30
1.000000000000000020e+30 1.000000000000000020e+30 1.000000000000000020e+30 1.000000000000000020e+30 1.000000000000000020e+30 1.000000000000000020e+30 1.000000000000000020e+30 1.000000000000000020e+30 1.000000000000000020e+30 1.000000000000000020e+30 1.000000000000000020e+30 1.000000000000000020e+30 1.000000000000000020e+30 1.000000000000000020e+30 1.000000000000000020e+30 1.000000000000000020e+30 1.000000000000000020e+30 1.000000000000000020e+30 1.023300319455680985e+01 1.024157191202725592e+01 1.025416058359437166e+01 1.027018850906727288e+01 1.028165672308349166e+01 1.029236414125016807e+01 1.030277948416784994e+01 1.031146841386581414e+01 1.031884306834792042e+01 1.032505953567775947e+01 1.032991902008415686e+01 1.033346126741912663e+01 1.033576614399286875e+01 1.033688959603308533e+01 1.033686443207806249e+01 1.033571168331926238e+01 1.033344902140597910e+01 1.033009531001732029e+01 1.032567240408632969e+01 1.032020472755271534e+01 1.031371608410948859e+01 1.030622197852352606e+01 1.029771514220566075e+01 1.028814704692374349e+01 1.027743359017234326e+01 1.026559845980714414e+01 1.025322600172003007e+01 1.024062640478060082e+01 1.022785905588761679e+01 1.021466768216287413e+01 1.020028515772840549e+01 1.018407871706983059e+01 1.000000000000000020e+30 1.000000000000000020e+30 1.000000000000000020e+30 1.000000000000000020e+30 1.000000000000000020e+30 1.000000000000000020e+30 1.000000000000000020e+30
1.000000000000000020e+30 1.000000000000000020e+30 1.000000000000000020e+30 1.000000000000000020e+30 1.000000000000000020e+30 1.000000000000000020e+30 1.000000000000000020e+30 1.000000000000000020e+30 1.000000000000000020e+30 1.000000000000000020e+30 1.000000000000000020e+30 1.000000000000000020e+30 1.000000000000000020e+30 1.000000000000000020e+30 1.000000000000000020e+30 1.000000000000000020e+30 1.019398572205754760e+01 1.020419133458971572e+01 1.022096577441342724e+01 1.023410796178383642e+01 1.024731288107342664e+01 1.026088330940833870e+01 1.027288634327743289e+01 1.028381551395895421e+01 1.029381883991369406e+01 1.030254673603110049e+01 1.031000948406453332e+01 1.031623165391338759e+01 1.032116481913734596e+01 1.032481351608412545e+01 1.032720957562250774e+01 1.032838531383874425e+01 1.032836600898185075e+01 1.032717137687570741e+01 1.032481885995948545e+01 1.032132615815555887e+01 1.031671242176422609e+01 1.031099797726968248e+01 1.030420237640959336e+01 1.029634066063985465e+01 1.028741892864924701e+01 1.027743475084533742e+01 1.026639770820094100e+01 1.025439291804745423e+01 1.024165193238602356e+01 1.022832037557757445e+01 1.021437347257641370e+01 1.019954425419677158e+01 1.018321987550049812e+01 1.016428889648408074e+01 1.013988264507690396e+01 1.012565255042236778e+01 1.000000000000000020e+30 1.000000000000000020e+30 1.000000000000000020e+30 1.000000000000000020e+30 1.000000000000000020e+30
1.000000000000000020e+30 1.000000000000000020e+30 1.000000000000000020e+30 1.000000000000000020e+30 1.000000000000000020e+30 1.000000000000000020e+30 1.000000000000000020e+30 1.000000000000000020e+30 1.000000000000000020e+30 1.000000000000000020e+30 1.000000000000000020e+30 1.000000000000000020e+30 1.000000000000000020e+30 1.000000000000000020e+30 1.000000000000000020e+30 1.016546849260864782e+01 1.018019453303492483e+01 1.019406799994981760e+01 1.020905573533879718e+01 1.022311717513107787e+01 1.023667254329684084e+01 1.024975556804984400e+01 1.026183291874360215e+01 1.027286530576011003e+01 1.028283251765395967e+01 1.029161156447778325e+01 1.029915657456763789e+01 1.030544807847207878e+01 1.031046208846474599e+01 1.031419371260951401e+01 1.031665370731041875e+01 1.031785841915451130e+01 1.031782422880172412e+01 1.031656633335541962e+01 1.031409948830677514e+01 1.031043910509141170e+01 1.030560197072284012e+01 1.029960631810392080e+01 1.029247122754616761e+01 1.028421573239954867e+01 1.027485890909832555e+01 1.026442396908019283e+01 1.025295065111656712e+01 1.024051485780579362e+01 1.022722821469802135e+01 1.021315666361124919e+01 1.019826269777564853e+01 1.018237179996515529e+01 1.016517452686724354e+01 1.014633985214650025e+01 1.012601038066621761e+01 1.010769068920007285e+01 1.008877652994042329e+01 1.000000000000000020e+30 1.000000000000000020e+30 1.000000000000000020e+30 1.000000000000000020e+30
1.000000000000000020e+30 1.000000000000000020e+30 1.000000000000000020e+30 1.000000000000000020e+30 1.000000000000000020e+30 1.000000000000000020e+30 1.000000000000000020e+30 1.000000000000000020e+30 1.000000000000000020e+30 1.000000000000000020e+30 1.000000000000000020e+30 1.000000000000000020e+30 1.000000000000000020e+30 1.000000000000000020e+30 1.012899958391049360e+01 1.014706807738243022e+01 1.016362744697272014e+01 1.017924466202418365e+01 1.019453417315491173e+01 1.020913582427740351e+01 1.022304717909269733e+01 1.023621380224124700e+01 1.024843902740275858e+01 1.025962550203605872e+01 1.026970666184805658e+01 1.027860604089000063e+01 1.028627234041310246e+01 1.029267304983389231e+01 1.029778506916436420e+01 1.030159761493454518e+01 1.030411053501850027e+01 1.030532986883971702e+01 1.030526441145628347e+01 1.030392418164360180e+01 1.030132022475973486e+01 1.029746501480294008e+01 1.029237297481415148e+01 1.028606090994633071e+01 1.027854839132614906e+01 1.026985841527806542e+01 1.026001902168588131e+01 1.024906677311121328e+01 1.023705208060530403e+01 1.022404232458082873e+01 1.021011093696716010e+01 1.019530160738859692e+01 1.017959817086182284e+01 1.016291601801651012e+01 1.014513461464202848e+01 1.012620718938634035e+01 1.010639688989367713e+01 1.008654622135019707e+01 1.006603860286669061e+01 1.004424576150402793e+01 1.000000000000000020e+30 1.000000000000000020e+30 1.000000000000000020e+30
1.000000000000000020e+30 1.000000000000000020e+30 1.000000000000000020e+30 1.000000000000000020e+30 1.000000000000000020e+30 1.000000000000000020e+30 1.000000000000000020e+30 1.000000000000000020e+30 1.000000000000000020e+30 1.000000000000000020e+30 1.000000000000000020e+30 1.000000000000000020e+30 1.000000000000000020e+30 1.008612020495566242e+01 1.010714061784886475e+01 1.012644396688454407e+01 1.014432232154967117e+01 1.016112064368713952e+01 1.017711872694074948e+01 1.019230734977255182e+01 1.020667124911355295e+01 1.022015741804305122e+01 1.023266367702301594e+01 1.024410290324692596e+01 1.025440278331854671e+01 1.026349822898752251e+01 1.027133888563739283e+01 1.027788861778541474e+01 1.028312236306414640e+01 1.028702520469108528e+01 1.028959060649675372e+01 1.029081782371222253e+01 1.029070968107939343e+01 1.028927129460061884e+01 1.028650967276239570e+01 1.028243390690608017e+01 1.027705570095139009e+01 1.027039013109266818e+01 1.026245669034516084e+01 1.025328082037360033e+01 1.024289616642152900e+01 1.023134746742125678e+01 1.021869288008475962e+01 1.020500240293955585e+01 1.019034730661281429e+01 1.017477931057966067e+01 1.015831195324205183e+01 1.014091810952972317e+01 1.012255611836641833e+01 1.010322679412521474e+01 1.008304506896344677e+01 1.006222892050238116e+01 1.004070579240705996e+01 1.001851976620994300e+01 9.995930120724370482e+00 1.000000000000000020e+30 1.000000000000000020e+30
1.000000000000000020e+30 1.000000000000000020e+30 1.000000000000000020e+30 1.000000000000000020e+30 1.000000000000000020e+30 1.000000000000000020e+30 1.000000000000000020e+30 1.000000000000000020e+30 1.000000000000000020e+30 1.000000000000000020e+30 1.000000000000000020e+30 1.000000000000000020e+30 1.003730798725034923e+01 1.006117032234545050e+01 1.008313751239606759e+01 1.010344632831985479e+01 1.012235944475704308e+01 1.014011219307858447e+01 1.015687868286461892e+01 1.017271769065703779e+01 1.018763217157324164e+01 1.020158164760504071e+01 1.021449390622446174e+01 1.022629212235028362e+01 1.023690571944187333e+01 1.024627342270606434e+01 1.025434632605449359e+01 1.026108784038354749e+01 1.026647191536854642e+01 1.027048132799441227e+01 1.027310581897693531e+01 1.027434015706217707e+01 1.027418255130301716e+01 1.027263368983264868e+01 1.026969643117550035e+01 1.026537603539959065e+01 1.025968081577563673e+01 1.025262317368840037e+01 1.024422110567938304e+01 1.023450037747239172e+01 1.022349751149348052e+01 1.021126329753187179e+01 1.019786545514092602e+01 1.018338744812706409e+01 1.016791947892578207e+01 1.015154016174012597e+01 1.013429533774806934e+01 1.011618902891216010e+01 1.009720141940410087e+01 1.007730917867141152e+01 1.005648992749731008e+01 1.003473124013911466e+01 1.001209372881061377e+01 9.989201461871482834e+00 9.969290193335478278e+00 1.000000000000000020e+30 1.000000000000000020e+30
1.000000000000000020e+30 1.000000000000000020e+30 1.000000000000000020e+30 1.000000000000000020e+30 1.000000000000000020e+30 1.000000000000000020e+30 1.000000000000000020e+30 1.000000000000000020e+30 1.000000000000000020e+30 1.000000000000000020e+30 1.000000000000000020e+30 9.982356154105024970e+00 1.000935599457077352e+01 1.003410409719999308e+01 1.005685344672582637e+01 1.007797515023050394e+01 1.009774909523250486e+01 1.011634031904181263e+01 1.013387182119650376e+01 1.015041024407735470e+01 1.016596408368890181e+01 1.018049349284680360e+01 1.019392891858344541e+01 1.020619283269422795e+01 1.021721325472394959e+01 1.022692961208767315e+01 1.023529449259384450e+01 1.024227265485293437e+01 1.024783881541236319e+01 1.025197536552348687e+01 1.025467032396105083e+01 1.025591563104478610e+01 1.025570591460802206e+01 1.025403781973555972e+01 1.025090990449443673e+01 1.024632303398537836e+01 1.024028119470448672e+01 1.023279271991813566e+01 1.022387206948334892e+01 1.021354250636982286e+01 1.020184011645915056e+01 1.018881932247597355e+01 1.017455889459408880e+01 1.015916512931709192e+01 1.014276588765392084e+01 1.012548822696188466e+01 1.010741958901267878e+01 1.008857719562517907e+01 1.006894236235110363e+01 1.004846302489054111e+01 1.002697020750235168e+01 1.000415740452978852e+01 9.979727973464035173e+00 9.952835061825620500e+00 9.918624284232540944e+00 9.866837517529255308e+00 1.000000000000000020e+30
1.000000000000000020e+30 1.000000000000000020e+30 1.000000000000000020e+30 1.000000000000000020e+30 1.000000000000000020e+30 1.000000000000000020e+30 1.000000000000000020e+30 1.000000000000000020e+30 1.000000000000000020e+30 1.000000000000000020e+30 9.919167520712496966e+00 9.951085468865120021e+00 9.979473100845121181e+00 1.000493517678372157e+01 1.002817449743550426e+01 1.004989877580046453e+01 1.007043498804927317e+01 1.008980533708361271e+01 1.010809526160822891e+01 1.012538072993944205e+01 1.014166577996331320e+01 1.015689238633313352e+01 1.017097176866091779e+01 1.018381205211135843e+01 1.019533391846441717e+01 1.020547571403970544e+01 1.021419251393357364e+01 1.022145266657225449e+01 1.022723398510883897e+01 1.023152057995849162e+01 1.023430051877907410e+01 1.023556421710620690e+01 1.023530346548185399e+01 1.023351104876035578e+01 1.023018091600365942e+01 1.022530881836631700e+01 1.021889329892332121e+01 1.021093696908238435e+01 1.020144822400874141e+01 1.019044398243361726e+01 1.017795459941018166e+01 1.016403239869827146e+01 1.014876438462990116e+01 1.013228612052656352e+01 1.011478608289449888e+01 1.009647922491210181e+01 1.007752567027558932e+01 1.005792159276624176e+01 1.003764659232550294e+01 1.001670282185754424e+01 9.994793801904222619e+00 9.971170649949954168e+00 9.945738334156787985e+00 9.919630829655115889e+00 9.881296800478796882e+00 9.882121130201255710e+00 1.000000000000000020e+30
1.000000000000000020e+30 1.000000000000000020e+30 1.000000000000000020e+30 1.000000000000000020e+30 1.000000000000000020e+30 1.000000000000000020e+30 1.000000000000000020e+30 1.000000000000000020e+30 1.000000000000000020e+30 9.826191883360262835e+00 9.882771516685840751e+00 9.918969583110371246e+00 9.948231806818903067e+00 9.973792411212464515e+00 9.996890414173650541e+00 1.001896423405642622e+01 1.004031283057647350e+01 1.006044600037552428e+01 1.007948347279508283e+01 1.009757268547035558e+01 1.011470316372555445e+01 1.013076721411712100e+01 1.014562900677817758e+01 1.015916655516478073e+01 1.017128803897506195e+01 1.018193165018670499e+01 1.019105843000229328e+01 1.019864416965525500e+01 1.020467300357470997e+01 1.020913316615643751e+01 1.021201445282149933e+01 1.021330680042342820e+01 1.021299962035627118e+01 1.021108175071888979e+01 1.020754198550025471e+01 1.020237007524357509e+01 1.019555796057822228e+01 1.018710095003607030e+01 1.017699878906516631e+01 1.016525732032685703e+01 1.015189285461178059e+01 1.013694318621355706e+01 1.012049006538622997e+01 1.010269454380053311e+01 1.008383300162321383e+01 1.006429071966705813e+01 1.004441065978472025e+01 1.002402066456761709e+01 1.000305883913722482e+01 9.981901662573109846e+00 9.960276688226786135e+00 9.935884912644890932e+00 9.908255533119110225e+00 9.894418461595828163e+00 9.892844268903923322e+00 9.893904272271148770e+00 1.000000000000000020e+30
1.000000000000000020e+30 1.000000000000000020e+30 1.000000000000000020e+30 1.000000000000000020e+30 1.000000000000000020e+30 1.000000000000000020e+30 1.000000000000000020e+30 1.000000000000000020e+30 9.842697142313424408e+00 9.827249917115125299e+00 9.862157864109574845e+00 9.889303092789534233e+00 9.916302720266511272e+00 9.940804667157623342e+00 9.962401311321542607e+00 9.984604259277451987e+00 1.000733442917272420e+01 1.002818628736334894e+01 1.004789469472907015e+01 1.006686406161241365e+01 1.008500859980123288e+01 1.010210164329103755e+01 1.011791813340921564e+01 1.013228954096160983e+01 1.014511167297682981e+01 1.015632976058446246e+01 1.016591896781186932e+01 1.017386900666389060e+01 1.018017465276403932e+01 1.018483088197178965e+01 1.018783071649496286e+01 1.018916436244277790e+01 1.018881898441154910e+01 1.018677903517079919e+01 1.018302725264812736e+01 1.017754626465277390e+01 1.017032035635124743e+01 1.016133660274966388e+01 1.015058459023737747e+01 1.013805487790865456e+01 1.012373889857047615e+01 1.010763766721885482e+01 1.008979266179074408e+01 1.007035497784793066e+01 1.004969645544377599e+01 1.002852593088154620e+01 1.000784449485901284e+01 9.986686200932263446e+00 9.964618198774234159e+00 9.943477042504941465e+00 9.924389597041580302e+00 9.899647474806975822e+00 9.852725960801883787e+00 9.884907106366989993e+00 9.897455716153672256e+00 9.902451584413569208e+00 1.000000000000000020e+30
1.000000000000000020e+30 1.000000000000000020e+30 1.000000000000000020e+30 1.000000000000000020e+30 1.000000000000000020e+30 1.000000000000000020e+30 1.000000000000000020e+30 9.858722384293752583e+00 9.853347002708149560e+00 9.847590642665240424e+00 9.844620614559966398e+00 9.855190477616643463e+00 9.882362014883129930e+00 9.906291727025266169e+00 9.922953213833499930e+00 9.945446508061369428e+00 9.972053482777351263e+00 9.992973100716362467e+00 1.001302525277357702e+01 1.003303231827841557e+01 1.005248395293248365e+01 1.007089162216307976e+01 1.008788578548358927e+01 1.010324351186318381e+01 1.011686318785724126e+01 1.012871667470749948e+01 1.013880875801489090e+01 1.014715266747566424e+01 1.015375878918570507e+01 1.015863109331380087e+01 1.016176678575267545e+01 1.016315666027213993e+01 1.016278539983794360e+01 1.016063217521187134e+01 1.015667217276373080e+01 1.015087925064804431e+01 1.014322903796249520e+01 1.013370079402024615e+01 1.012227562328194708e+01 1.010892902564033413e+01 1.009361894780065683e+01 1.007627881860241104e+01 1.005684077697717704e+01 1.003533512402190375e+01 1.001211400209540514e+01 9.988257896254609136e+00 9.967692371893223324e+00 9.946156021929233759e+00 9.921105698689869357e+00 9.898815638053397592e+00 9.889935420658730436e+00 9.881317715505417709e+00 9.863527873932486756e+00 9.890718606578928984e+00 9.905334818559964560e+00 9.911722094346798073e+00 1.000000000000000020e+30
1.000000000000000020e+30 1.000000000000000020e+30 1.000000000000000020e+30 1.000000000000000020e+30 1.000000000000000020e+30 1.000000000000000020e+30 9.857758083919925696e+00 9.859250550846995864e+00 9.859559748345310126e+00 9.860350271927041277e+00 9.864043095237851944e+00 9.874213013695024799e+00 9.890823680431163112e+00 9.907545944150230710e+00 9.921473669435989962e+00 9.933437760125153559e+00 9.938159378957662327e+00 9.954420552058085292e+00 9.974076883835438778e+00 9.995710716711444732e+00 1.001703079055076628e+01 1.003718878422778715e+01 1.005564265407409152e+01 1.007214035361446847e+01 1.008663090805174178e+01 1.009915357758382370e+01 1.010976745107862840e+01 1.011852073522979190e+01 1.012544314289942626e+01 1.013054811167238078e+01 1.013383679308319074e+01 1.013530037631383074e+01 1.013492057260424772e+01 1.013266985529220676e+01 1.012851332348492051e+01 1.012241309763217600e+01 1.011433443181834768e+01 1.010425069587283886e+01 1.009214208564987025e+01 1.007798106670970384e+01 1.006169905209639381e+01 1.004313850002142949e+01 1.002202238089704345e+01 9.998035899820559180e+00 9.971104661887876475e+00 9.940567441065025989e+00 9.924330288494624952e+00 9.904921063988295415e+00 9.870579459799772692e+00 9.836459849742183792e+00 9.850911866977513753e+00 9.867829748864176409e+00 9.886238217260581607e+00 9.904806065057034203e+00 9.917178255232480311e+00 9.923131371785389732e+00 1.000000000000000020e+30
1.000000000000000020e+30 1.000000000000000020e+30 1.000000000000000020e+30 1.000000000000000020e+30 1.000000000000000020e+30 9.845525079364996657e+00 9.851324193499339188e+00 9.856068117460962341e+00 9.860439647879786662e+00 9.865401838845119897e+00 9.872223537346116018e+00 9.882084704417549048e+00 9.894528838436725593e+00 9.907016804989973835e+00 9.917444588415497364e+00 9.924217387315776406e+00 9.923500450805249784e+00 9.908150148119659661e+00 9.928911296174083745e+00 9.954550450175645437e+00 9.978668519754082311e+00 1.000119169599613578e+01 1.002142149871625421e+01 1.003916621055230429e+01 1.005453677119490052e+01 1.006771062663645644e+01 1.007883224088876517e+01 1.008799264970229537e+01 1.009523885667556264e+01 1.010058993085942269e+01 1.010404878351572222e+01 1.010560664446794732e+01 1.010524213883783773e+01 1.010291930538614302e+01 1.009858889315154151e+01 1.009219531551960714e+01 1.008368862132616783e+01 1.007303772972675482e+01 1.006023660187919155e+01 1.004528802751481464e+01 1.002814467456033576e+01 1.000858819701773328e+01 9.986049802474672887e+00 9.959589380438217177e+00 9.929528169926209458e+00 9.912499036262151009e+00 9.914089510470056155e+00 9.907248332116806111e+00 9.893555810907452397e+00 9.881233097199508819e+00 9.881590458136349397e+00 9.878966637257903471e+00 9.904467418953320390e+00 9.920822449854542313e+00 9.931205622869981653e+00 9.936274649332856868e+00 1.000000000000000020e+30
1.000000000000000020e+30 1.000000000000000020e+30 1.000000000000000020e+30 1.000000000000000020e+30 1.000000000000000020e+30 9.834667954504746845e+00 9.840940936180656351e+00 9.848305762415952458e+00 9.855834652674028362e+00 9.863749634929218857e+00 9.872573444312825686e+00 9.882641565686661522e+00 9.893522616830688676e+00 9.903945013999654989e+00 9.912528469165401646e+00 9.917997290535813804e+00 9.919021113623509578e+00 9.915917599776273406e+00 9.918100049184950251e+00 9.910641999061130747e+00 9.937723810775725752e+00 9.963390819598647141e+00 9.985658271849603196e+00 1.000459925628540070e+01 1.002072391163743070e+01 1.003444812743669523e+01 1.004602263657987749e+01 1.005557223782866139e+01 1.006314533788550314e+01 1.006875503973395247e+01 1.007240170508142896e+01 1.007407768423417416e+01 1.007376064471231381e+01 1.007140503579039148e+01 1.006694044636786245e+01 1.006028176553890674e+01 1.005135076852220699e+01 1.004010592084214792e+01 1.002657129649161227e+01 1.001083898572462694e+01 9.993003639211506695e+00 9.972965151334532763e+00 9.949883085602818866e+00 9.920557275558239851e+00 9.870650983898869413e+00 9.894946528484222625e+00 9.907955313326239022e+00 9.912105697683198713e+00 9.910836368711686717e+00 9.908993605357498069e+00 9.910914837526460630e+00 9.915303984028740913e+00 9.927566876524114292e+00 9.938584490363624013e+00 9.946348276527229970e+00 9.950302589130023634e+00 1.000000000000000020e+30
1.000000000000000020e+30 1.000000000000000020e+30 1.000000000000000020e+30 1.000000000000000020e+30 9.796501199556210793e+00 9.812412570078606677e+00 9.824385051307652716e+00 9.835354228351020467e+00 9.845883294547890685e+00 9.856287122675364998e+00 9.866839067722436241e+00 9.877610709143803902e+00 9.888267098243783693e+00 9.898069969397290890e+00 9.906146497349681113e+00 9.911695932209616089e+00 9.914186413758748984e+00 9.913950360811119467e+00 9.912520350975539074e+00 9.906123222694148467e+00 9.893905217895907711e+00 9.924788260397329864e+00 9.949095512617635251e+00 9.968787067502038468e+00 9.985304433319830864e+00 9.999374370265856626e+00 1.001131528207453236e+01 1.002123643300448563e+01 1.002914677550247902e+01 1.003503108927083431e+01 1.003888266373546934e+01 1.004070183683017881e+01 1.004047402735971950e+01 1.003814589329028806e+01 1.003361585223978558e+01 1.002674784071501080e+01 1.001740573544160107e+01 1.000550883379761657e+01 9.991109107300324865e+00 9.974453460526442328e+00 9.955975620702803397e+00 9.936238885181658986e+00 9.915750400296492018e+00 9.897825355488844679e+00 9.880785173119281950e+00 9.884320716663046014e+00 9.906354442535663551e+00 9.918082326220805101e+00 9.924405375619036462e+00 9.928715638453772030e+00 9.933507568221823902e+00 9.939516976504494394e+00 9.947699159494382215e+00 9.955421998314260890e+00 9.961142616938452932e+00 9.964138926345292191e+00 1.000000000000000020e+30
1.000000000000000020e+30 1.000000000000000020e+30 1.000000000000000020e+30 1.000000000000000020e+30 9.775253861277422018e+00 9.788845943712326303e+00 9.803650297495000387e+00 9.817734441215179686e+00 9.831014376977829983e+00 9.843701171650815596e+00 9.855978713512378420e+00 9.867859973647620464e+00 9.879101187215480806e+00 9.889226632874807521e+00 9.897662097509201118e+00 9.903882740576399613e+00 9.907558240531328053e+00 9.908699786990453617e+00 9.907467507855059807e+00 9.903009496948286028e+00 9.895698186608088420e+00 9.888451088171217762e+00 9.912918631852171814e+00 9.931986862676742689e+00 9.948227383817528136e+00 9.962373191209133338e+00 9.974611830953028502e+00 9.984928272886936185e+00 9.993215964861304812e+00 9.999398967378182235e+00 1.000346523875299987e+01 1.000544532836401856e+01 1.000535645573057231e+01 1.000314713304608460e+01 9.998670987822952938e+00 9.991706723589521388e+00 9.982005012150901635e+00 9.969368978824274308e+00 9.953816576198478927e+00 9.935757837524963776e+00 9.916022338885857934e+00 9.896021519124737154e+00 9.874747071597333559e+00 9.869853462741430050e+00 9.865951263096786050e+00 9.890895885249022967e+00 9.910733149420643429e+00 9.925182171603799119e+00 9.935736058118116887e+00 9.943728547425392250e+00 9.950676652033807912e+00 9.957372893809020908e+00 9.964133983545860218e+00 9.970130274788962410e+00 9.974545193661198184e+00 9.976864982798836934e+00 1.000000000000000020e+30
1.000000000000000020e+30 1.000000000000000020e+30 1.000000000000000020e+30 9.700936018675101025e+00 9.734980835425259826e+00 9.758698582782185937e+00 9.778341291409915925e+00 9.795706435832787662e+00 9.811599408671769496e+00 9.826460003660560716e+00 9.840526890567069529e+00 9.853838934056398102e+00 9.866217375990697036e+00 9.877313943465194868e+00 9.886703405046352700e+00 9.893989943813521037e+00 9.898896450699133709e+00 9.901304762915330571e+00 9.901162762221410674e+00 9.898301246001802056e+00 9.892996983173651060e+00 9.886094153824195985e+00 9.877802811598082044e+00 9.893745774924196823e+00 9.909034497739506619e+00 9.923120250763368233e+00 9.935715150650745286e+00 9.946568462276763611e+00 9.955336017533445769e+00 9.961848277124355278e+00 9.966109630084362792e+00 9.968237106831578487e+00 9.968335356089594868e+00 9.966381088797776400e+00 9.962163285365210896e+00 9.955328606600494012e+00 9.945434143633088198e+00 9.932004730831643258e+00 9.914847743490167176e+00 9.894509745538492496e+00 9.872052716879025525e+00 9.852733409876735848e+00 9.851034230744492248e+00 9.867075925934841507e+00 9.879665754703454539e+00 9.898206521363658084e+00 9.916190666455202418e+00 9.931917001617492247e+00 9.945407635671369206e+00 9.955597613384680855e+00 9.963937437752667492e+00 9.971030042402597715e+00 9.977223530368613424e+00 9.982331025523569323e+00 9.985966183111782968e+00 9.987841793038750637e+00 1.000000000000000020e+30
1.000000000000000020e+30 1.000000000000000020e+30 1.000000000000000020e+30 9.680521899548736542e+00 9.699426812843672252e+00 9.727118406988918053e+00 9.749898970530436415e+00 9.769821792790077453e+00 9.787969406866029232e+00 9.804846777085385767e+00 9.820747525906037723e+00 9.835752821773747101e+00 9.849699562839376199e+00 9.862272871003309405e+00 9.873088497864600299e+00 9.881788772233152329e+00 9.888108173546815038e+00 9.891891015102594054e+00 9.893055005136933033e+00 9.891548989387796809e+00 9.887431943519604971e+00 9.880675758136515441e+00 9.870237828585578299e+00 9.851777680771684587e+00 9.866718522737549790e+00 9.881088412268498544e+00 9.894338448485202164e+00 9.906110922042167033e+00 9.915556309826204284e+00 9.922413281457147960e+00 9.926764585416625764e+00 9.928939211416134114e+00 9.929245125707900854e+00 9.927747179918913645e+00 9.924124316053573480e+00 9.917838370300261275e+00 9.908195454167227467e+00 9.894127266350043470e+00 9.874775260616363681e+00 9.851049866158964718e+00 9.820565303580103489e+00 9.787392892641125997e+00 9.835406338640996893e+00 9.863313882664288101e+00 9.883030606142936492e+00 9.901728805940567923e+00 9.919616172510178131e+00 9.936648990241391033e+00 9.954188122764934477e+00 9.965162712192897843e+00 9.974323549972032410e+00 9.981492667366554272e+00 9.987328390143083823e+00 9.991952555785644563e+00 9.995105283995922463e+00 9.996658925128350859e+00 1.000000000000000020e+30
1.000000000000000020e+30 1.000000000000000020e+30 1.000000000000000020e+30 9.653386927071901269e+00 9.668606117616894480e+00 9.694802333213120349e+00 9.718771753757847520e+00 9.740258639598655677e+00 9.760243559914171030e+00 9.778931816510091579e+00 9.796674724468720896e+00 9.813626396305604516e+00 9.829545659275403580e+00 9.844067102143950976e+00 9.856749813878545652e+00 9.867207042636534808e+00 9.875165710619516091e+00 9.880467779867350586e+00 9.883041925396584659e+00 9.882874922709230958e+00 9.880003989147823518e+00 9.874455355716490246e+00 9.866214794755414630e+00 9.856054664667487586e+00 9.850941722386451715e+00 9.835787627824078783e+00 9.850105240741042323e+00 9.863687926270946704e+00 9.874103086097541393e+00 9.881243273169546981e+00 9.885368503122037964e+00 9.887287688586928525e+00 9.887734517894733344e+00 9.887004923854702199e+00 9.884498866193043298e+00 9.879431828189558118e+00 9.871077262392756069e+00 9.857187922060736796e+00 9.834681042401943074e+00 9.809908463018532032e+00 9.767278210199759059e+00 1.000000000000000020e+30 1.000000000000000020e+30 1.000000000000000020e+30 1.000000000000000020e+30 1.000000000000000020e+30 1.000000000000000020e+30 1.000000000000000020e+30 9.965366407366767376e+00 9.972414299203801846e+00 9.982609226435345207e+00 9.989227410976777577e+00 9.994606365287785010e+00 9.999025210961415056e+00 1.000183228986468897e+01 1.000302279760475699e+01 1.000000000000000020e+30
1.000000000000000020e+30 1.000000000000000020e+30 9.601981896174779152e+00 9.621293407519690533e+00 9.638144139127556187e+00 9.658928773884261076e+00 9.684448084235047105e+00 9.706610457082677001e+00 9.728319432107918274e+00 9.748560621416896055e+00 9.768086549271918884e+00 9.787322143772094307e+00 9.805675667148564756e+00 9.822680741697638496e+00 9.837708138330951257e+00 9.850280657861999245e+00 9.860114716554063463e+00 9.867076939366286936e+00 9.871134448276349005e+00 9.872318663462284150e+00 9.870705700506137603e+00 9.866404844972914034e+00 9.859603043742870554e+00 9.850780085109851925e+00 9.840709729457415733e+00 9.825085555608474408e+00 9.802156382765012665e+00 9.820026309313300672e+00 9.831549860090355253e+00 9.838736264946154719e+00 9.841840625028620337e+00 9.842777275566160000e+00 9.843068444956628582e+00 9.843699466973157897e+00 9.843079323239338763e+00 9.839934670006305950e+00 9.835085428605399471e+00 9.824413160506042075e+00 9.820624803001555492e+00 9.808702921562229449e+00 9.790277061385610935e+00 1.000000000000000020e+30 1.000000000000000020e+30 1.000000000000000020e+30 1.000000000000000020e+30 1.000000000000000020e+30 1.000000000000000020e+30 1.000000000000000020e+30 1.000000000000000020e+30 1.000000000000000020e+30 9.990405216123116716e+00 9.994161700684443872e+00 9.998828453209773315e+00 1.000371403248660052e+01 1.000618832345792342e+01 1.000659185473684865e+01 1.000000000000000020e+30
1.000000000000000020e+30 1.000000000000000020e+30 9.589286931767993849e+00 9.599645899844748698e+00 9.612926130257003265e+00 9.628975373502338897e+00 9.647658878427646911e+00 9.667687190231488259e+00 9.692230243779055954e+00 9.713369177618755401e+00 9.734352937094456593e+00 9.756567191167812680e+00 9.777925392752283784e+00 9.798146359844141173e+00 9.816094931846095051e+00 9.831159758082474553e+00 9.843088485467953674e+00 9.851820820829120251e+00 9.857397497343088233e+00 9.859913337055544957e+00 9.859494240987865865e+00 9.856287721129364243e+00 9.850466985182384505e+00 9.842219099109053460e+00 9.831501373565231461e+00 9.817146836871827986e+00 9.798920289394194683e+00 9.778187496851357352e+00 9.788838638357688637e+00 9.795841615727098883e+00 9.796026055318630910e+00 9.794466218255557521e+00 9.793617420046077271e+00 9.797194553850802734e+00 9.799719576234386054e+00 9.797654895696917166e+00 9.800407295102974814e+00 9.807812773985551402e+00 9.810163361513925651e+00 9.809449129969696202e+00 1.000000000000000020e+30 1.000000000000000020e+30 1.000000000000000020e+30 1.000000000000000020e+30 1.000000000000000020e+30 1.000000000000000020e+30 1.000000000000000020e+30 1.000000000000000020e+30 1.000000000000000020e+30 1.000000000000000020e+30 1.000000000000000020e+30 1.000000000000000020e+30 1.000000000000000020e+30 1.000703613334187558e+01 1.000864205103474269e+01 1.000000000000000020e+30 1.000000000000000020e+30
1.000000000000000020e+30 9.561353697325381873e+00 9.571946550639104601e+00 9.581525929829791011e+00 9.592329610657291283e+00 9.604922453185420039e+00 9.619382180178121189e+00 9.635524864968932235e+00 9.653765213427540459e+00 9.672651384814415110e+00 9.693809930557980792e+00 9.721201048572135406e+00 9.745958177686748769e+00 9.770643463785258831e+00 9.792233529937638181e+00 9.810145320115113421e+00 9.824323042141818618e+00 9.834869428423781201e+00 9.841944930391196777e+00 9.845730052155985845e+00 9.846409428146678522e+00 9.844164437021245107e+00 9.839166486195276562e+00 9.831553906112956653e+00 9.821361907656035228e+00 9.808504887244788861e+00 9.793592407003886890e+00 9.778874873455929873e+00 9.770383438542191712e+00 9.755173252857895605e+00 9.747376824128838990e+00 9.740875821147120917e+00 9.735175413962075197e+00 9.747176104328000079e+00 9.756371556404477730e+00 9.771773538847407181e+00 9.782479586992725018e+00 9.791699899836975973e+00 9.798216139362571298e+00 9.804936458231756191e+00 1.000000000000000020e+30 1.000000000000000020e+30 1.000000000000000020e+30 1.000000000000000020e+30 1.000000000000000020e+30 1.000000000000000020e+30 1.000000000000000020e+30 1.000000000000000020e+30 1.000000000000000020e+30 1.000000000000000020e+30 1.000000000000000020e+30 1.000000000000000020e+30 1.000000000000000020e+30 1.000000000000000020e+30 1.000000000000000020e+30 1.000000000000000020e+30 1.000000000000000020e+30
1.000000000000000020e+30 9.554483058137448026e+00 9.560097761672059491e+00 9.567342532482323136e+00 9.575881764454404532e+00 9.585832118372666244e+00 9.597278605127604223e+00 9.610267464671398585e+00 9.624955197971205578e+00 9.641309708948098134e+00 9.660194135675803651e+00 9.682854251142577695e+00 9.708570993701282958e+00 9.740871299072756173e+00 9.766806846559683564e+00 9.787733357390770550e+00 9.804159466841159798e+00 9.816451562829861643e+00 9.824926930533070646e+00 9.829867043851438169e+00 9.831522236132919090e+00 9.830114211156020687e+00 9.825835626104327147e+00 9.818846236545805795e+00 9.809276831564261556e+00 9.797306584739247981e+00 9.783444485975438809e+00 9.768688921610861442e+00 9.753980844748289414e+00 9.736086479769483049e+00 9.715188368740559355e+00 9.681787615296308047e+00 9.654336692856919200e+00 9.695279739115321149e+00 9.725203799399812610e+00 9.745950365005887406e+00 9.761429995501700319e+00 9.773713898486990459e+00 9.781505993655160935e+00 1.000000000000000020e+30 1.000000000000000020e+30 1.000000000000000020e+30 1.000000000000000020e+30 1.000000000000000020e+30 1.000000000000000020e+30 1.000000000000000020e+30 1.000000000000000020e+30 1.000000000000000020e+30 1.000000000000000020e+30 1.000000000000000020e+30 1.000000000000000020e+30 1.000000000000000020e+30 1.000000000000000020e+30 1.000000000000000020e+30 1.000000000000000020e+30 1.000000000000000020e+30 1.000000000000000020e+30
9.539734308757941150e+00 9.545227557754506265e+00 9.550250520733696291e+00 9.556014674645188833e+00 9.562790156655751161e+00 9.570719656589503188e+00 9.579921197445806058e+00 9.590526542800581922e+00 9.602742556140185570e+00 9.616871181823485770e+00 9.633585503010987594e+00 9.653852206791411206e+00 9.678839471454848464e+00 9.711970076711631705e+00 9.741030354596350804e+00 9.764584685716268808e+00 9.783002874883647948e+00 9.796822472184905095e+00 9.806504315150501583e+00 9.812425770835989880e+00 9.814900004514692355e+00 9.814189182707979242e+00 9.810510962295339255e+00 9.804042620459535229e+00 9.794933268269506499e+00 9.783345637627016700e+00 9.769529452059629193e+00 9.753779632691408352e+00 9.736067011159500240e+00 9.715274136735734700e+00 9.690738512751989830e+00 9.661140992422319940e+00 9.630808978404909126e+00 9.668602401226634058e+00 9.698492543797931020e+00 9.720730713937864920e+00 9.738953141645049882e+00 9.755390075993066290e+00 9.768492920631713261e+00 1.000000000000000020e+30 1.000000000000000020e+30 1.000000000000000020e+30 1.000000000000000020e+30 1.000000000000000020e+30 1.000000000000000020e+30 1.000000000000000020e+30 1.000000000000000020e+30 1.000000000000000020e+30 1.000000000000000020e+30 1.000000000000000020e+30 1.000000000000000020e+30 1.000000000000000020e+30 1.000000000000000020e+30 1.000000000000000020e+30 1.000000000000000020e+30 1.000000000000000020e+30 1.000000000000000020e+30
9.536410214020170528e+00 9.539007393972015691e+00 9.542588741667339391e+00 9.547025553549891796e+00 9.552377205787577097e+00 9.558733990992580587e+00 9.566216283532913423e+00 9.574990757070203529e+00 9.585308294294094367e+00 9.597550143314174775e+00 9.612323874248373201e+00 9.630477667311936329e+00 9.653097061156648451e+00 9.681521226302383099e+00 9.715286308874988563e+00 9.741228716045727154e+00 9.761218543258573632e+00 9.776209843338740768e+00 9.786814586240840441e+00 9.793486629489438045e+00 9.796588354556456935e+00 9.796415626517291031e+00 9.793206805871273346e+00 9.787144471159487935e+00 9.778354429220188493e+00 9.766909940343159846e+00 9.752843924881375415e+00 9.736118150639523350e+00 9.716498579930876289e+00 9.693440240710025080e+00 9.666548314916884266e+00 9.636377242145940158e+00 9.611314111484812628e+00 9.645001098209524670e+00 9.674684674573160947e+00 9.694839470230462553e+00 9.711891102718977820e+00 9.728049056834407793e+00 9.751611286304521897e+00 1.000000000000000020e+30 1.000000000000000020e+30 1.000000000000000020e+30 1.000000000000000020e+30 1.000000000000000020e+30 1.000000000000000020e+30 1.000000000000000020e+30 1.000000000000000020e+30 1.000000000000000020e+30 1.000000000000000020e+30 1.000000000000000020e+30 1.000000000000000020e+30 1.000000000000000020e+30 1.000000000000000020e+30 1.000000000000000020e+30 1.000000000000000020e+30 1.000000000000000020e+30 1.000000000000000020e+30
9.532417917413878783e+00 9.533919712012172809e+00 9.536447419441238083e+00 9.539826507080784168e+00 9.544047057154397606e+00 9.549166809837043246e+00 9.555300164260131623e+00 9.562623996833815809e+00 9.571403640085605957e+00 9.582030257817088170e+00 9.595074550920365652e+00 9.611329057422549837e+00 9.631857630273563231e+00 9.658068233960488413e+00 9.691779045475049870e+00 9.718377263811175837e+00 9.739106969946327297e+00 9.754767804764169270e+00 9.765940103942519102e+00 9.773087646773717552e+00 9.776596667311288513e+00 9.776787403591168157e+00 9.773916960100892837e+00 9.768174137202301210e+00 9.759657316514187997e+00 9.748338331233398435e+00 9.734064517201472810e+00 9.716589629076043622e+00 9.695590310509990317e+00 9.670633028060837688e+00 9.640791782968229029e+00 9.601613264146772408e+00 9.615620085999092126e+00 9.636179358561047792e+00 9.655632636402604163e+00 9.671230266057374791e+00 9.683059355554505032e+00 9.691861380440196072e+00 1.000000000000000020e+30 1.000000000000000020e+30 1.000000000000000020e+30 1.000000000000000020e+30 1.000000000000000020e+30 1.000000000000000020e+30 1.000000000000000020e+30 1.000000000000000020e+30 1.000000000000000020e+30 1.000000000000000020e+30 1.000000000000000020e+30 1.000000000000000020e+30 1.000000000000000020e+30 1.000000000000000020e+30 1.000000000000000020e+30 1.000000000000000020e+30 1.000000000000000020e+30 1.000000000000000020e+30 1.000000000000000020e+30
9.528563488968105233e+00 9.529554933064249056e+00 9.531387737225259116e+00 9.533972824316098382e+00 9.537308201009746966e+00 9.541445697549203686e+00 9.546495559144037912e+00 9.552632698083428409e+00 9.560117097424184252e+00 9.569323275274603802e+00 9.580782804563309440e+00 9.595239374573298008e+00 9.613737412048198649e+00 9.637788314929771616e+00 9.669696740877826713e+00 9.695846040073737626e+00 9.716640738593534721e+00 9.732503651347238716e+00 9.743881760510953782e+00 9.751209805975749489e+00 9.754885881454372409e+00 9.755251353995744168e+00 9.752586918438842289e+00 9.747109559878236240e+00 9.738926378525251337e+00 9.727905807224574986e+00 9.713678742149708611e+00 9.695774451564371788e+00 9.673813199197553558e+00 9.647854971471149454e+00 9.619476420957079554e+00 9.594648815151185062e+00 9.608467925796736253e+00 9.623619057312957636e+00 9.638916070894836707e+00 9.651450766988769914e+00 9.660093287710761700e+00 9.665355224080064644e+00 1.000000000000000020e+30 1.000000000000000020e+30 1.000000000000000020e+30 1.000000000000000020e+30 1.000000000000000020e+30 1.000000000000000020e+30 1.000000000000000020e+30 1.000000000000000020e+30 1.000000000000000020e+30 1.000000000000000020e+30 1.000000000000000020e+30 1.000000000000000020e+30 1.000000000000000020e+30 1.000000000000000020e+30 1.000000000000000020e+30 1.000000000000000020e+30 1.000000000000000020e+30 1.000000000000000020e+30 1.000000000000000020e+30
9.525077331000527892e+00 9.525781178899602963e+00 9.527142889815813476e+00 9.529133482355200968e+00 9.531773127214329122e+00 9.535118159427144136e+00 9.539275782820443084e+00 9.544412183996881183e+00 9.550769635971326110e+00 9.558689459443810321e+00 9.568646276024070474e+00 9.581298987349079255e+00 9.597580121704385903e+00 9.618886103871588489e+00 9.647592269176231028e+00 9.673025340119174587e+00 9.693587326276126959e+00 9.709319848451119839e+00 9.720573417213689282e+00 9.727778084993133234e+00 9.731363400861770430e+00 9.731695344435971506e+00 9.729080817526400082e+00 9.723810940921035595e+00 9.716130294083908936e+00 9.705802675206934182e+00 9.692106269109739713e+00 9.674152584487170969e+00 9.651155916739426743e+00 9.622592196134752029e+00 9.589666213594849609e+00 9.586675988209719890e+00 9.595078859022876827e+00 9.608530753876834751e+00 9.623145378407459205e+00 9.635122344041148423e+00 9.644101488903062958e+00 9.654541445066195493e+00 1.000000000000000020e+30 1.000000000000000020e+30 1.000000000000000020e+30 1.000000000000000020e+30 1.000000000000000020e+30 1.000000000000000020e+30 1.000000000000000020e+30 1.000000000000000020e+30 1.000000000000000020e+30 1.000000000000000020e+30 1.000000000000000020e+30 1.000000000000000020e+30 1.000000000000000020e+30 1.000000000000000020e+30 1.000000000000000020e+30 1.000000000000000020e+30 1.000000000000000020e+30 1.000000000000000020e+30 1.000000000000000020e+30
9.521993496374514976e+00 9.522507902416851522e+00 9.523528745739767487e+00 9.525060099835688021e+00 9.527139823153364162e+00 9.529829384286566452e+00 9.533231983867343828e+00 9.537500996457872304e+00 9.542853854223123378e+00 9.549588043866787501e+00 9.558103465188679593e+00 9.568931540917887446e+00 9.582768510843965970e+00 9.600480467412571883e+00 9.622889207268663370e+00 9.649338606318467626e+00 9.669751101251071290e+00 9.685118136914699249e+00 9.695922854517155187e+00 9.702670820401273488e+00 9.705885726086506793e+00 9.705953086161462906e+00 9.703162198904610847e+00 9.697908801688342351e+00 9.691009379319671879e+00 9.682127731936738257e+00 9.669869501287950087e+00 9.652657249438354015e+00 9.629137919334839424e+00 9.596732470370161749e+00 9.549972651161731108e+00 9.561711337736859662e+00 9.573320478611186957e+00 9.588833921138492755e+00 9.607062573069001132e+00 9.620449456896617235e+00 9.627794292958554934e+00 1.000000000000000020e+30 1.000000000000000020e+30 1.000000000000000020e+30 1.000000000000000020e+30 1.000000000000000020e+30 1.000000000000000020e+30 1.000000000000000020e+30 1.000000000000000020e+30 1.000000000000000020e+30 1.000000000000000020e+30 1.000000000000000020e+30 1.000000000000000020e+30 1.000000000000000020e+30 1.000000000000000020e+30 1.000000000000000020e+30 1.000000000000000020e+30 1.000000000000000020e+30 1.000000000000000020e+30 1.000000000000000020e+30 1.000000000000000020e+30
9.519277173283253290e+00 9.519648820212905704e+00 9.520401798205300636e+00 9.521559039807048208e+00 9.523169999342941949e+00 9.525298914820886864e+00 9.528043421063223661e+00 9.531542319852217560e+00 9.535986288643556463e+00 9.541627156315810154e+00 9.548788943010602992e+00 9.557879981925134771e+00 9.569404435882084670e+00 9.583974303862959232e+00 9.602351373514629529e+00 9.625859554985133570e+00 9.645256706424696347e+00 9.659890767161849467e+00 9.669847594132562563e+00 9.675712501996242665e+00 9.678259692168698081e+00 9.677851806229197607e+00 9.674557073729975087e+00 9.668561052216572804e+00 9.662826787463009381e+00 9.656823500919633929e+00 9.647607673593814326e+00 9.632439011664681416e+00 9.610780764908348317e+00 9.579332855436240024e+00 9.531453930156949639e+00 9.533524930950061815e+00 9.544330026028932323e+00 9.563146730022516806e+00 9.592162377046994592e+00 9.609252538715338687e+00 9.617593520336845003e+00 1.000000000000000020e+30 1.000000000000000020e+30 1.000000000000000020e+30 1.000000000000000020e+30 1.000000000000000020e+30 1.000000000000000020e+30 1.000000000000000020e+30 1.000000000000000020e+30 1.000000000000000020e+30 1.000000000000000020e+30 1.000000000000000020e+30 1.000000000000000020e+30 1.000000000000000020e+30 1.000000000000000020e+30 1.000000000000000020e+30 1.000000000000000020e+30 1.000000000000000020e+30 1.000000000000000020e+30 1.000000000000000020e+30 1.000000000000000020e+30
9.516874043897358249e+00 9.517121880012268775e+00 9.517642234246157074e+00 9.518472573772577050e+00 9.519670156373576830e+00 9.521299409543340531e+00 9.523451128783648301e+00 9.526249947564574327e+00 9.529862730487558053e+00 9.534501949965491718e+00 9.540426229509956002e+00 9.547938114314822755e+00 9.557373944680250588e+00 9.569093343459801559e+00 9.583441533229942522e+00 9.600574691081506629e+00 9.619732097978769048e+00 9.633662891498973480e+00 9.642293410247663843e+00 9.646598208935563079e+00 9.648204063549787435e+00 9.647022300744934498e+00 9.642586970021810089e+00 9.632684721843496334e+00 9.628597351881065691e+00 9.628543551613544693e+00 9.625248044840843065e+00 9.615151126253136837e+00 9.598527964272097535e+00 9.574448405707036258e+00 9.540661108325600992e+00 9.535428167048902282e+00 9.550792253129309017e+00 9.558819564580453232e+00 9.586181951588782724e+00 9.603808086673200961e+00 9.613524115563457428e+00 9.616803287129648936e+00 1.000000000000000020e+30 1.000000000000000020e+30 1.000000000000000020e+30 1.000000000000000020e+30 1.000000000000000020e+30 1.000000000000000020e+30 1.000000000000000020e+30 1.000000000000000020e+30 1.000000000000000020e+30 1.000000000000000020e+30 1.000000000000000020e+30 1.000000000000000020e+30 1.000000000000000020e+30 1.000000000000000020e+30 1.000000000000000020e+30 1.000000000000000020e+30 1.000000000000000020e+30 1.000000000000000020e+30 1.000000000000000020e+30
9.514734442823396421e+00 9.514853758091259550e+00 9.515145913668972000e+00 9.515665923533479287e+00 9.516476362265670730e+00 9.517638798057651783e+00 9.519235727719692619e+00 9.521379353750534236e+00 9.524219930882107832e+00 9.527944574828273616e+00 9.532766789395376250e+00 9.538914822756083822e+00 9.546592068917272300e+00 9.555969471327845355e+00 9.567176447666851047e+00 9.579943232900980377e+00 9.593550529050997255e+00 9.606968736615595361e+00 9.612034984217119771e+00 9.612437833934636799e+00 9.612481795353611247e+00 9.612920859044248090e+00 9.609041699844750539e+00 9.582718816698628572e+00 9.582858411796010500e+00 9.597590002954460076e+00 9.604909478857496907e+00 9.600563047935782635e+00 9.590709023807889366e+00 9.576806534512433799e+00 9.562444549405368477e+00 9.558161609251007107e+00 9.561493213427272764e+00 9.563743873979484889e+00 9.587818422521216633e+00 9.604060134428232587e+00 9.613735326707715245e+00 9.617973659513806339e+00 1.000000000000000020e+30 1.000000000000000020e+30 1.000000000000000020e+30 1.000000000000000020e+30 1.000000000000000020e+30 1.000000000000000020e+30 1.000000000000000020e+30 1.000000000000000020e+30 1.000000000000000020e+30 1.000000000000000020e+30 1.000000000000000020e+30 1.000000000000000020e+30 1.000000000000000020e+30 1.000000000000000020e+30 1.000000000000000020e+30 1.000000000000000020e+30 1.000000000000000020e+30 1.000000000000000020e+30 1.000000000000000020e+30
9.512833690270777964e+00 9.512782065425417599e+00 9.512817114778624017e+00 9.513016592213068279e+00 9.513442034696382166e+00 9.514146315343264604e+00 9.515200233157539600e+00 9.516704457265335648e+00 9.518803305762993716e+00 9.521681779771563825e+00 9.525534780471385687e+00 9.530571911588948453e+00 9.536885994243183617e+00 9.544481712628861914e+00 9.553640484563242552e+00 9.563701163532947191e+00 9.573170184821632844e+00 9.580718689393171061e+00 9.578624168167090502e+00 9.599609288139260954e+00 9.606134062526209050e+00 9.604286991193303535e+00 9.589432563516110619e+00 9.584241179482875239e+00 9.589146525760297024e+00 9.594124355356610678e+00 9.591477602173707595e+00 9.587839795535646914e+00 9.584297409352183550e+00 9.577537827050747410e+00 9.571900501186028976e+00 9.570390086108453431e+00 9.570657459660854016e+00 9.575041744565567114e+00 9.595034725202749470e+00 9.608715043535127620e+00 9.617274577719012285e+00 9.621306833992749219e+00 1.000000000000000020e+30 1.000000000000000020e+30 1.000000000000000020e+30 1.000000000000000020e+30 1.000000000000000020e+30 1.000000000000000020e+30 1.000000000000000020e+30 1.000000000000000020e+30 1.000000000000000020e+30 1.000000000000000020e+30 1.000000000000000020e+30 1.000000000000000020e+30 1.000000000000000020e+30 1.000000000000000020e+30 1.000000000000000020e+30 1.000000000000000020e+30 1.000000000000000020e+30 1.000000000000000020e+30 1.000000000000000020e+30
9.511208129193889249e+00 9.510846761631533752e+00 9.510555513365098079e+00 9.510403374970991308e+00 9.510428085027575307e+00 9.510662959383546777e+00 9.511159528175154421e+00 9.512001461956424819e+00 9.513339479455060754e+00 9.515399858858987869e+00 9.518367617001205261e+00 9.522579720125376568e+00 9.527996852558395346e+00 9.534089879538276691e+00 9.541973373527989466e+00 9.551085313982154545e+00 9.561048255742583990e+00 9.570457517926017843e+00 9.582718800506677681e+00 9.596460315962435317e+00 9.603635701663232993e+00 9.603892846142819906e+00 9.597541193030181716e+00 9.593786374580563603e+00 9.594628694475838770e+00 9.595534398261316156e+00 9.592617921015197169e+00 9.586842762385931138e+00 9.577175685153019202e+00 9.574557325760677529e+00 9.575144062068295270e+00 9.578519610883132529e+00 9.583995421478421761e+00 9.594245326698098708e+00 9.606372654272362865e+00 9.616386553177566299e+00 9.623289524446564158e+00 9.626789559068825497e+00 1.000000000000000020e+30 1.000000000000000020e+30 1.000000000000000020e+30 1.000000000000000020e+30 1.000000000000000020e+30 1.000000000000000020e+30 1.000000000000000020e+30 1.000000000000000020e+30 1.000000000000000020e+30 1.000000000000000020e+30 1.000000000000000020e+30 1.000000000000000020e+30 1.000000000000000020e+30 1.000000000000000020e+30 1.000000000000000020e+30 1.000000000000000020e+30 1.000000000000000020e+30 1.000000000000000020e+30 1.000000000000000020e+30
9.510053912216397620e+00 9.508930029183195742e+00 9.508230063284996092e+00 9.507695161003203665e+00 9.507295563180724329e+00 9.507037134288522040e+00 9.506940626922428805e+00 9.507044227933450387e+00 9.507507893132354226e+00 9.508731088147179378e+00 9.510326231410132891e+00 9.513648612002473470e+00 9.518633814266499016e+00 9.525063360140180180e+00 9.533671103431286653e+00 9.543602119478308055e+00 9.559034528771665151e+00 9.571637261295659727e+00 9.584874159477763556e+00 9.596450498584310651e+00 9.605201842821131208e+00 9.610239965354402614e+00 9.608353525675966011e+00 9.606047247494773345e+00 9.604862908223811502e+00 9.601139675047217992e+00 9.597438563763194708e+00 9.592551426973463080e+00 9.588707807131518379e+00 9.585342616670450511e+00 9.588970022131059423e+00 9.594962408116527897e+00 9.601719444658328939e+00 9.609366494746309328e+00 9.617718690175532714e+00 9.625138849067148783e+00 9.630725216419891765e+00 9.633960392016870600e+00 1.000000000000000020e+30 1.000000000000000020e+30 1.000000000000000020e+30 1.000000000000000020e+30 1.000000000000000020e+30 1.000000000000000020e+30 1.000000000000000020e+30 1.000000000000000020e+30 1.000000000000000020e+30 1.000000000000000020e+30 1.000000000000000020e+30 1.000000000000000020e+30 1.000000000000000020e+30 1.000000000000000020e+30 1.000000000000000020e+30 1.000000000000000020e+30 1.000000000000000020e+30 1.000000000000000020e+30 1.000000000000000020e+30
1.000000000000000020e+30 9.506547349678843517e+00 9.505655897596415826e+00 9.504740195636882660e+00 9.503900647514074151e+00 9.503122007552409656e+00 9.502401004523180816e+00 9.501629352796362227e+00 9.500651146305344241e+00 9.500574855669166041e+00 9.501539032427823273e+00 9.504468844150951057e+00 9.510285602779832814e+00 9.518089424257587083e+00 9.533128276253869160e+00 9.545817821650645740e+00 9.557724773051258893e+00 9.586911148591566345e+00 9.594084619263515634e+00 9.599583200704094210e+00 1.000000000000000020e+30 9.618521867910509116e+00 9.617393418296803276e+00 9.615934573425743537e+00 9.615040457543134522e+00 1.000000000000000020e+30 1.000000000000000020e+30 1.000000000000000020e+30 9.603405624936604212e+00 9.600849438723367157e+00 9.602103175350059416e+00 9.609461487411550706e+00 9.615658670319264800e+00 9.621691200786187892e+00 9.627984431416019007e+00 9.633776757158024395e+00 9.638608353589045663e+00 9.642638957619595885e+00 9.647576166852116941e+00 1.000000000000000020e+30 1.000000000000000020e+30 1.000000000000000020e+30 1.000000000000000020e+30 1.000000000000000020e+30 1.000000000000000020e+30 1.000000000000000020e+30 1.000000000000000020e+30 1.000000000000000020e+30 1.000000000000000020e+30 1.000000000000000020e+30 1.000000000000000020e+30 1.000000000000000020e+30 1.000000000000000020e+30 1.000000000000000020e+30 1.000000000000000020e+30 1.000000000000000020e+30 1.000000000000000020e+30
1.000000000000000020e+30 9.504855286416313831e+00 9.502850123504124724e+00 9.501399713801445657e+00 9.500096820512153428e+00 9.498759526077751758e+00 9.497484638216457498e+00 9.495593703159775245e+00 9.493781079754249674e+00 9.491770929603099205e+00 9.489814677104435603e+00 9.492150827228101662e+00 9.508570051951927837e+00 9.520101084237495570e+00 9.549251974498751849e+00 9.555531304712699736e+00 9.561257752386188358e+00 1.000000000000000020e+30 1.000000000000000020e+30 1.000000000000000020e+30 1.000000000000000020e+30 1.000000000000000020e+30 1.000000000000000020e+30 1.000000000000000020e+30 1.000000000000000020e+30 1.000000000000000020e+30 1.000000000000000020e+30 1.000000000000000020e+30 9.612619132789188114e+00 9.613085497487515951e+00 9.618065948996807890e+00 9.622003056633824158e+00 9.626711799336353792e+00 9.631767221639131904e+00 9.636829185962845656e+00 9.641509637119302312e+00 9.645470361261061498e+00 9.648628466566876227e+00 9.650940667114243254e+00 1.000000000000000020e+30 1.000000000000000020e+30 1.000000000000000020e+30 1.000000000000000020e+30 1.000000000000000020e+30 1.000000000000000020e+30 1.000000000000000020e+30 1.000000000000000020e+30 1.000000000000000020e+30 1.000000000000000020e+30 1.000000000000000020e+30 1.000000000000000020e+30 1.000000000000000020e+30 1.000000000000000020e+30 1.000000000000000020e+30 1.000000000000000020e+30 1.000000000000000020e+30 1.000000000000000020e+30
1.000000000000000020e+30 1.000000000000000020e+30 9.499047956198657161e+00 9.497379794503386208e+00 9.495717274784318818e+00 9.493598191463251013e+00 9.491951338434811092e+00 9.489991424413638299e+00 9.487621696521014059e+00 9.481941982290470250e+00 9.491904803987914363e+00 9.496467243862229068e+00 1.000000000000000020e+30 1.000000000000000020e+30 1.000000000000000020e+30 1.000000000000000020e+30 1.000000000000000020e+30 1.000000000000000020e+30 1.000000000000000020e+30 1.000000000000000020e+30 1.000000000000000020e+30 1.000000000000000020e+30 1.000000000000000020e+30 1.000000000000000020e+30 1.000000000000000020e+30 1.000000000000000020e+30 1.000000000000000020e+30 1.000000000000000020e+30 1.000000000000000020e+30 1.000000000000000020e+30 9.630340433858000537e+00 9.631278215622931071e+00 9.635279658197061892e+00 9.639796821429314377e+00 9.644216027345263953e+00 9.648173299950546067e+00 9.651387286348811045e+00 9.653746165733663176e+00 9.655084028382736605e+00 1.000000000000000020e+30 1.000000000000000020e+30 1.000000000000000020e+30 1.000000000000000020e+30 1.000000000000000020e+30 1.000000000000000020e+30 1.000000000000000020e+30 1.000000000000000020e+30 1.000000000000000020e+30 1.000000000000000020e+30 1.000000000000000020e+30 1.000000000000000020e+30 1.000000000000000020e+30 1.000000000000000020e+30 1.000000000000000020e+30 1.000000000000000020e+30 1.000000000000000020e+30 1.000000000000000020e+30
1.000000000000000020e+30 1.000000000000000020e+30 9.496223190608473530e+00 9.492406469262355984e+00 9.490310208454033614e+00 9.488519914804484756e+00 9.486870878992275991e+00 9.485603879120391824e+00 9.491497927440246229e+00 9.491030282254829586e+00 1.000000000000000020e+30 1.000000000000000020e+30 1.000000000000000020e+30 1.000000000000000020e+30 1.000000000000000020e+30 1.000000000000000020e+30 1.000000000000000020e+30 1.000000000000000020e+30 1.000000000000000020e+30 1.000000000000000020e+30 1.000000000000000020e+30 1.000000000000000020e+30 1.000000000000000020e+30 1.000000000000000020e+30 1.000000000000000020e+30 1.000000000000000020e+30 1.000000000000000020e+30 1.000000000000000020e+30 1.000000000000000020e+30 1.000000000000000020e+30 1.000000000000000020e+30 9.639526135672298324e+00 9.642378721206487313e+00 9.646328423433880417e+00 9.650296166745992110e+00 9.653858535682106279e+00 9.656474150515947485e+00 9.658223453382051460e+00 9.659081011074695411e+00 1.000000000000000020e+30 1.000000000000000020e+30 1.000000000000000020e+30 1.000000000000000020e+30 1.000000000000000020e+30 1.000000000000000020e+30 1.000000000000000020e+30 1.000000000000000020e+30 1.000000000000000020e+30 1.000000000000000020e+30 1.000000000000000020e+30 1.000000000000000020e+30 1.000000000000000020e+30 1.000000000000000020e+30 1.000000000000000020e+30 1.000000000000000020e+30 1.000000000000000020e+30 1.000000000000000020e+30
1.000000000000000020e+30 1.000000000000000020e+30 1.000000000000000020e+30 9.486238346766766583e+00 9.485189862170411601e+00 9.484257554781569510e+00 9.482927934180594320e+00 9.491502637420595079e+00 9.496878464080491966e+00 1.000000000000000020e+30 1.000000000000000020e+30 1.000000000000000020e+30 1.000000000000000020e+30 1.000000000000000020e+30 1.000000000000000020e+30 1.000000000000000020e+30 1.000000000000000020e+30 1.000000000000000020e+30 1.000000000000000020e+30 1.000000000000000020e+30 1.000000000000000020e+30 1.000000000000000020e+30 1.000000000000000020e+30 1.000000000000000020e+30 1.000000000000000020e+30 1.000000000000000020e+30 1.000000000000000020e+30 1.000000000000000020e+30 1.000000000000000020e+30 1.000000000000000020e+30 1.000000000000000020e+30 1.000000000000000020e+30 9.649811151506654028e+00 9.652391428540969542e+00 9.655542825286262953e+00 9.658828043730345314e+00 9.660797015574209112e+00 9.661981278662736372e+00 9.662499401584465630e+00 1.000000000000000020e+30 1.000000000000000020e+30 1.000000000000000020e+30 1.000000000000000020e+30 1.000000000000000020e+30 1.000000000000000020e+30 1.000000000000000020e+30 1.000000000000000020e+30 1.000000000000000020e+30 1.000000000000000020e+30 1.000000000000000020e+30 1.000000000000000020e+30 1.000000000000000020e+30 1.000000000000000020e+30 1.000000000000000020e+30 1.000000000000000020e+30 1.000000000000000020e+30 1.000000000000000020e+30
1.000000000000000020e+30 1.000000000000000020e+30 1.000000000000000020e+30 9.482238650708858074e+00 9.482415194397553648e+00 9.490466829901249568e+00 9.494814297474205134e+00 9.498379712669507313e+00 1.000000000000000020e+30 1.000000000000000020e+30 1.000000000000000020e+30 1.000000000000000020e+30 1.000000000000000020e+30 1.000000000000000020e+30 1.000000000000000020e+30 1.000000000000000020e+30 1.000000000000000020e+30 1.000000000000000020e+30 1.000000000000000020e+30 1.000000000000000020e+30 1.000000000000000020e+30 1.000000000000000020e+30 1.000000000000000020e+30 1.000000000000000020e+30 1.000000000000000020e+30 1.000000000000000020e+30 1.000000000000000020e+30 1.000000000000000020e+30 1.000000000000000020e+30 1.000000000000000020e+30 1.000000000000000020e+30 1.000000000000000020e+30 1.000000000000000020e+30 9.659141577202417395e+00 9.661166808209493695e+00 9.663230965687763074e+00 9.664321520226510032e+00 9.664836271209644281e+00 9.665041471193921652e+00 1.000000000000000020e+30 1.000000000000000020e+30 1.000000000000000020e+30 1.000000000000000020e+30 1.000000000000000020e+30 1.000000000000000020e+30 1.000000000000000020e+30 1.000000000000000020e+30 1.000000000000000020e+30 1.000000000000000020e+30 1.000000000000000020e+30 1.000000000000000020e+30 1.000000000000000020e+30 1.000000000000000020e+30 1.000000000000000020e+30 1.000000000000000020e+30 1.000000000000000020e+30 1.000000000000000020e+30
1.000000000000000020e+30 1.000000000000000020e+30 1.000000000000000020e+30 1.000000000000000020e+30 9.506350981230182740e+00 9.502510210845773742e+00 9.503884434287606098e+00 1.000000000000000020e+30 1.000000000000000020e+30 1.000000000000000020e+30 1.000000000000000020e+30 1.000000000000000020e+30 1.000000000000000020e+30 1.000000000000000020e+30 1.000000000000000020e+30 1.000000000000000020e+30 1.000000000000000020e+30 1.000000000000000020e+30 1.000000000000000020e+30 1.000000000000000020e+30 1.000000000000000020e+30 1.000000000000000020e+30 1.000000000000000020e+30 1.000000000000000020e+30 1.000000000000000020e+30 1.000000000000000020e+30 1.000000000000000020e+30 1.000000000000000020e+30 1.000000000000000020e+30 1.000000000000000020e+30 1.000000000000000020e+30 1.000000000000000020e+30 1.000000000000000020e+30 1.000000000000000020e+30 9.666531259546692567e+00 9.666468510801975000e+00 9.666783554878128015e+00 9.666464121876158444e+00 9.666425695075853142e+00 1.000000000000000020e+30 1.000000000000000020e+30 1.000000000000000020e+30 1.000000000000000020e+30 1.000000000000000020e+30 1.000000000000000020e+30 1.000000000000000020e+30 1.000000000000000020e+30 1.000000000000000020e+30 1.000000000000000020e+30 1.000000000000000020e+30 1.000000000000000020e+30 1.000000000000000020e+30 1.000000000000000020e+30 1.000000000000000020e+30 1.000000000000000020e+30 1.000000000000000020e+30 1.000000000000000020e+30
1.000000000000000020e+30 1.000000000000000020e+30 1.000000000000000020e+30 1.000000000000000020e+30 9.525532854525232906e+00 1.000000000000000020e+30 1.000000000000000020e+30 1.000000000000000020e+30 1.000000000000000020e+30 1.000000000000000020e+30 1.000000000000000020e+30 1.000000000000000020e+30 1.000000000000000020e+30 1.000000000000000020e+30 1.000000000000000020e+30 1.000000000000000020e+30 1.000000000000000020e+30 1.000000000000000020e+30 1.000000000000000020e+30 1.000000000000000020e+30 1.000000000000000020e+30 1.000000000000000020e+30 1.000000000000000020e+30 1.000000000000000020e+30 1.000000000000000020e+30 1.000000000000000020e+30 1.000000000000000020e+30 1.000000000000000020e+30 1.000000000000000020e+30 1.000000000000000020e+30 1.000000000000000020e+30 1.000000000000000020e+30 1.000000000000000020e+30 1.000000000000000020e+30 1.000000000000000020e+30 9.668282761825402361e+00 9.668283397085206232e+00 1.000000000000000020e+30 1.000000000000000020e+30 1.000000000000000020e+30 1.000000000000000020e+30 1.000000000000000020e+30 1.000000000000000020e+30 1.000000000000000020e+30 1.000000000000000020e+30 1.000000000000000020e+30 1.000000000000000020e+30 1.000000000000000020e+30 1.000000000000000020e+30 1.000000000000000020e+30 1.000000000000000020e+30 1.000000000000000020e+30 1.000000000000000020e+30 1.000000000000000020e+30 1.000000000000000020e+30 1.000000000000000020e+30 1.000000000000000020e+30
