1.000000000000000020e+30 1.000000000000000020e+30 1.000000000000000020e+30 1.000000000000000020e+30 1.000000000000000020e+30 1.000000000000000020e+30 1.000000000000000020e+30 1.000000000000000020e+30 1.000000000000000020e+30 1.000000000000000020e+30 1.000000000000000020e+30 1.000000000000000020e+30 1.000000000000000020e+30 1.000000000000000020e+30 1.000000000000000020e+30 1.000000000000000020e+30 1.000000000000000020e+30 1.000000000000000020e+30 1.000000000000000020e+30 1.000000000000000020e+30 1.000000000000000020e+30 1.000000000000000020e+30 1.000000000000000020e+30 1.000000000000000020e+30 1.000000000000000020e+30 1.000000000000000020e+30 1.000000000000000020e+30 1.000000000000000020e+30 1.000000000000000020e+30 1.000000000000000020e+30 1.000000000000000020e+30 1.000000000000000020e+30 1.000000000000000020e+30 1.000000000000000020e+30 1.000000000000000020e+30 1.000000000000000020e+30 1.000000000000000020e+30 1.000000000000000020e+30 1.000000000000000020e+30 1.000000000000000020e+30 1.000000000000000020e+30 1.000000000000000020e+30 1.000000000000000020e+30 1.000000000000000020e+30 1.000000000000000020e+30 1.000000000000000020e+30 1.000000000000000020e+30 1.000000000000000020e+30 1.000000000000000020e+30 1.000000000000000020e+30 1.000000000000000020e+30 1.000000000000000020e+30 1.000000000000000020e+30 1.000000000000000020e+30 1.000000000000000020e+30 1.000000000000000020e+30 1.000000000000000020e+30
1.000000000000000020e+30 1.000000000000000020e+30 1.000000000000000020e+30 1.000000000000000020e+30 1.000000000000000020e+30 1.000000000000000020e+30 1.000000000000000020e+30 1.000000000000000020e+30 1.000000000000000020e+30 1.000000000000000020e+30 1.000000000000000020e+30 1.000000000000000020e+30 1.000000000000000020e+30 1.000000000000000020e+30 1.000000000000000020e+30 1.000000000000000020e+30 1.000000000000000020e+30 1.000000000000000020e+30 1.000000000000000020e+30 1.000000000000000020e+30 1.000000000000000020e+30 1.000000000000000020e+30 1.000000000000000020e+30 1.000000000000000020e+30 1.000000000000000020e+30 1.000000000000000020e+30 1.000000000000000020e+30 9.059318624128989583e+00 9.062936179851030616e+00 9.067363862644693739e+00 9.071762811467605658e+00 9.075872740684644668e+00 9.079623394679488868e+00 9.083014502264783019e+00 9.086075182046807086e+00 9.088849046025698541e+00 9.091388462658496650e+00 9.093752580163606325e+00 9.096005868493875823e+00 9.098212767029465908e+00 9.100417452970001264e+00 9.102577092904658329e+00 9.104344619423370588e+00 1.000000000000000020e+30 1.000000000000000020e+30 1.000000000000000020e+30 1.000000000000000020e+30 1.000000000000000020e+30 1.000000000000000020e+30 1.000000000000000020e+30 1.000000000000000020e+30 1.000000000000000020e+30 1.000000000000000020e+30 1.000000000000000020e+30 1.000000000000000020e+30 1.000000000000000020e+30 1.000000000000000020e+30
1.000000000000000020e+30 1.000000000000000020e+30 1.000000000000000020e+30 1.000000000000000020e+30 1.000000000000000020e+30 1.000000000000000020e+30 1.000000000000000020e+30 1.000000000000000020e+30 1.000000000000000020e+30 1.000000000000000020e+30 1.000000000000000020e+30 1.000000000000000020e+30 1.000000000000000020e+30 1.000000000000000020e+30 1.000000000000000020e+30 1.000000000000000020e+30 1.000000000000000020e+30 1.000000000000000020e+30 1.000000000000000020e+30 1.000000000000000020e+30 1.000000000000000020e+30 1.000000000000000020e+30 1.000000000000000020e+30 1.000000000000000020e+30 9.027464572777835983e+00 9.033294664229378768e+00 9.041458873316248201e+00 9.051620031248921450e+00 9.058041433128844133e+00 9.063300106579621485e+00 9.067946755072199494e+00 9.072109561682395906e+00 9.075837890330779700e+00 9.079172090242421334e+00 9.082156296440572874e+00 9.084839747342606131e+00 9.087276946768289676e+00 9.089528919106909299e+00 9.091666228525387083e+00 9.093774761848479216e+00 9.095967499028780878e+00 9.098422787033163317e+00 9.101527549331152045e+00 9.106506354641320300e+00 9.116077690460636873e+00 9.131296136634240668e+00 9.153588161687094882e+00 9.133919308442781215e+00 1.000000000000000020e+30 1.000000000000000020e+30 1.000000000000000020e+30 1.000000000000000020e+30 1.000000000000000020e+30 1.000000000000000020e+30 1.000000000000000020e+30 1.000000000000000020e+30 1.000000000000000020e+30
1.000000000000000020e+30 1.000000000000000020e+30 1.000000000000000020e+30 1.000000000000000020e+30 1.000000000000000020e+30 1.000000000000000020e+30 1.000000000000000020e+30 1.000000000000000020e+30 1.000000000000000020e+30 1.000000000000000020e+30 1.000000000000000020e+30 1.000000000000000020e+30 1.000000000000000020e+30 1.000000000000000020e+30 1.000000000000000020e+30 1.000000000000000020e+30 1.000000000000000020e+30 1.000000000000000020e+30 1.000000000000000020e+30 1.000000000000000020e+30 1.000000000000000020e+30 8.985954907154205529e+00 8.993308142436504227e+00 9.003928930477604453e+00 9.017537758907899104e+00 9.026867745998115922e+00 9.035372721806101737e+00 9.043573720598637067e+00 9.050218671872544363e+00 9.055750099087225280e+00 9.060502769196210338e+00 9.064651314381503511e+00 9.068293995975938770e+00 9.071499088992458937e+00 9.074324279116913416e+00 9.076824290302978326e+00 9.079054778555441629e+00 9.081076210033337759e+00 9.082960265690264379e+00 9.084802133442849481e+00 9.086746779273942920e+00 9.089048200094437036e+00 9.092200335608650263e+00 9.097187554529732267e+00 9.105627630998434086e+00 9.119355530502918583e+00 9.141490782609420052e+00 9.109308780024459651e+00 9.080328681271245372e+00 1.000000000000000020e+30 1.000000000000000020e+30 1.000000000000000020e+30 1.000000000000000020e+30 1.000000000000000020e+30 1.000000000000000020e+30 1.000000000000000020e+30 1.000000000000000020e+30
1.000000000000000020e+30 1.000000000000000020e+30 1.000000000000000020e+30 1.000000000000000020e+30 1.000000000000000020e+30 1.000000000000000020e+30 1.000000000000000020e+30 1.000000000000000020e+30 1.000000000000000020e+30 1.000000000000000020e+30 1.000000000000000020e+30 1.000000000000000020e+30 1.000000000000000020e+30 1.000000000000000020e+30 1.000000000000000020e+30 1.000000000000000020e+30 1.000000000000000020e+30 1.000000000000000020e+30 8.938033663371331983e+00 8.946210908833750253e+00 8.958419746645576609e+00 8.974452252269429664e+00 8.985901670155229226e+00 8.996815679500937080e+00 9.007779816393956196e+00 9.017163758085418479e+00 9.025492395846093530e+00 9.032985778530957077e+00 9.039408180969539686e+00 9.044869304124684817e+00 9.049540213533035171e+00 9.053558140528160436e+00 9.057023462371837752e+00 9.060012959151547918e+00 9.062590153338728527e+00 9.064811397976477281e+00 9.066729824431128293e+00 9.068399301457011674e+00 9.069880535197148319e+00 9.071252312740728740e+00 9.072632917624163795e+00 9.074221290459263400e+00 9.076367145164509154e+00 9.079669947046342671e+00 9.085072516645084306e+00 9.094128533243299728e+00 9.110897526867494989e+00 9.076529009796443503e+00 9.046350662607201443e+00 9.014678684807918785e+00 1.000000000000000020e+30 1.000000000000000020e+30 1.000000000000000020e+30 1.000000000000000020e+30 1.000000000000000020e+30 1.000000000000000020e+30 1.000000000000000020e+30
1.000000000000000020e+30 1.000000000000000020e+30 1.000000000000000020e+30 1.000000000000000020e+30 1.000000000000000020e+30 1.000000000000000020e+30 1.000000000000000020e+30 1.000000000000000020e+30 1.000000000000000020e+30 1.000000000000000020e+30 1.000000000000000020e+30 1.000000000000000020e+30 1.000000000000000020e+30 1.000000000000000020e+30 1.000000000000000020e+30 1.000000000000000020e+30 8.900010750179600194e+00 8.909606274213578203e+00 8.925623021246444466e+00 8.937961318772519093e+00 8.950400024729301407e+00 8.963364749328922798e+00 8.974879196126705594e+00 8.985515459843622210e+00 8.995477523230670513e+00 9.004398914648106711e+00 9.012335420325374713e+00 9.019357128937073753e+00 9.025443128852060681e+00 9.030654033244799095e+00 9.035092154765187900e+00 9.038860116257749766e+00 9.042046931940936005e+00 9.044727370015413825e+00 9.046964601393788996e+00 9.048812673032619713e+00 9.050318393321516552e+00 9.051523217135088117e+00 9.052465999541455588e+00 9.053187824148531959e+00 9.053740213755689936e+00 9.054197274926430339e+00 9.054665978141448690e+00 9.055268192331093147e+00 9.056009720186683154e+00 9.056273437732135889e+00 9.054162661488899033e+00 9.034559436506956587e+00 9.008833059468411619e+00 8.977937965695264921e+00 8.938340720313680876e+00 8.916569965238716478e+00 1.000000000000000020e+30 1.000000000000000020e+30 1.000000000000000020e+30 1.000000000000000020e+30 1.000000000000000020e+30
1.000000000000000020e+30 1.000000000000000020e+30 1.000000000000000020e+30 1.000000000000000020e+30 1.000000000000000020e+30 1.000000000000000020e+30 1.000000000000000020e+30 1.000000000000000020e+30 1.000000000000000020e+30 1.000000000000000020e+30 1.000000000000000020e+30 1.000000000000000020e+30 1.000000000000000020e+30 1.000000000000000020e+30 1.000000000000000020e+30 8.872173667685562037e+00 8.886104918066079605e+00 8.898894696381217884e+00 8.912632579992612492e+00 8.925380154979761116e+00 8.937644802526198973e+00 8.949539215133377468e+00 8.960564940669355494e+00 8.970734639788098264e+00 8.980073050502278775e+00 8.988484223312457999e+00 8.995962550560827609e+00 9.002533294119491103e+00 9.008217555575656732e+00 9.013066388067926482e+00 9.017154458192846889e+00 9.020563434218443533e+00 9.023371364282985141e+00 9.025648164438369037e+00 9.027454068049049596e+00 9.028838928491692783e+00 9.029841482753164783e+00 9.030488254825614902e+00 9.030791814700146247e+00 9.030747829886337286e+00 9.030329554631112643e+00 9.029476846337363583e+00 9.028072937095389605e+00 9.025895380957088321e+00 9.022522309392574158e+00 9.017191631723299849e+00 9.009917297865943198e+00 8.993677295663644600e+00 8.971411106471471442e+00 8.944787955080856889e+00 8.915353572825805983e+00 8.889610336030919768e+00 8.863411112181436735e+00 1.000000000000000020e+30 1.000000000000000020e+30 1.000000000000000020e+30 1.000000000000000020e+30
1.000000000000000020e+30 1.000000000000000020e+30 1.000000000000000020e+30 1.000000000000000020e+30 1.000000000000000020e+30 1.000000000000000020e+30 1.000000000000000020e+30 1.000000000000000020e+30 1.000000000000000020e+30 1.000000000000000020e+30 1.000000000000000020e+30 1.000000000000000020e+30 1.000000000000000020e+30 1.000000000000000020e+30 8.836906826459058450e+00 8.853873520833801081e+00 8.869001286723991129e+00 8.882922694009970144e+00 8.896351880106715626e+00 8.909025573042772095e+00 8.921026183049587388e+00 8.932370168893422502e+00 8.942913097799047861e+00 8.952606792581567774e+00 8.961429290177335361e+00 8.969343785162283922e+00 8.976342464363920470e+00 8.982440529699388776e+00 8.987666690609858122e+00 8.992068469924747731e+00 8.995709195527037849e+00 8.998659914983351271e+00 9.000991966586061821e+00 9.002771764849228475e+00 9.004057187212485047e+00 9.004894626795852730e+00 9.005315978034357016e+00 9.005334848101668399e+00 9.004940902300328176e+00 9.004090445240704454e+00 9.002690192394421587e+00 9.000570052522718356e+00 8.997440079021702175e+00 8.992829569216084451e+00 8.986034305737257810e+00 8.979930000953524782e+00 8.969588216915962420e+00 8.953742354516313284e+00 8.933235312039442988e+00 8.909303105233398412e+00 8.883485145866163890e+00 8.857881908116480574e+00 8.831951134597670006e+00 8.804596705812990365e+00 1.000000000000000020e+30 1.000000000000000020e+30 1.000000000000000020e+30
1.000000000000000020e+30 1.000000000000000020e+30 1.000000000000000020e+30 1.000000000000000020e+30 1.000000000000000020e+30 1.000000000000000020e+30 1.000000000000000020e+30 1.000000000000000020e+30 1.000000000000000020e+30 1.000000000000000020e+30 1.000000000000000020e+30 1.000000000000000020e+30 1.000000000000000020e+30 8.795890308985839567e+00 8.815496462159465807e+00 8.833005056525900400e+00 8.848729614078335359e+00 8.863102102364807777e+00 8.876513157800728138e+00 8.889056244924177008e+00 8.900800500061388121e+00 8.911760298982404294e+00 8.921887440456790941e+00 8.931142574660034583e+00 8.939497797051418004e+00 8.946931292739650488e+00 8.953438709072337076e+00 8.959034385807436607e+00 8.963749012524244719e+00 8.967629261221995662e+00 8.970734882706384639e+00 8.973133428940116119e+00 8.974894478018862642e+00 8.976084354979990465e+00 8.976761419214270177e+00 8.976971628083020960e+00 8.976743973897095330e+00 8.976085105666648190e+00 8.974971662738278511e+00 8.973337428118243864e+00 8.971050614610945217e+00 8.967875359400458990e+00 8.963411276661327420e+00 8.956995384080785882e+00 8.950519303417337369e+00 8.941843962378586141e+00 8.929668454707332614e+00 8.913342782950739007e+00 8.893327226901392990e+00 8.870512949211404319e+00 8.846175848911688178e+00 8.821214108756095129e+00 8.796611362932329925e+00 8.771900182059836126e+00 8.750606085061159334e+00 1.000000000000000020e+30 1.000000000000000020e+30
1.000000000000000020e+30 1.000000000000000020e+30 1.000000000000000020e+30 1.000000000000000020e+30 1.000000000000000020e+30 1.000000000000000020e+30 1.000000000000000020e+30 1.000000000000000020e+30 1.000000000000000020e+30 1.000000000000000020e+30 1.000000000000000020e+30 1.000000000000000020e+30 8.749484513711658806e+00 8.771754611107551725e+00 8.791695722861868845e+00 8.809470764707116430e+00 8.825398348216596744e+00 8.839861718496841547e+00 8.853190047611001035e+00 8.865560738231959448e+00 8.877059318992026604e+00 8.887705479458547941e+00 8.897475431825153436e+00 8.906335709569965786e+00 8.914257490146507479e+00 8.921222238268386562e+00 8.927227490674834343e+00 8.932288723228888117e+00 8.936438623365704714e+00 8.939725565645760597e+00 8.942210661467953514e+00 8.943963428209384503e+00 8.945056695839921801e+00 8.945561218008590387e+00 8.945540178979612733e+00 8.945043697971595265e+00 8.944103426497051146e+00 8.942727062164047780e+00 8.940891561651660879e+00 8.938531554957767966e+00 8.935516127662371133e+00 8.931605346237690313e+00 8.926388424576499503e+00 8.919279093484023591e+00 8.912131019638147578e+00 8.902147266775378043e+00 8.888754894157100850e+00 8.871457110786515443e+00 8.851009562436882305e+00 8.828004545138378845e+00 8.804216554983959497e+00 8.778879114722588639e+00 8.756031700753418079e+00 8.730404176065016841e+00 8.706618668496711066e+00 1.000000000000000020e+30 1.000000000000000020e+30
1.000000000000000020e+30 1.000000000000000020e+30 1.000000000000000020e+30 1.000000000000000020e+30 1.000000000000000020e+30 1.000000000000000020e+30 1.000000000000000020e+30 1.000000000000000020e+30 1.000000000000000020e+30 1.000000000000000020e+30 1.000000000000000020e+30 8.697148666593326638e+00 8.722591198550283309e+00 8.745370166115730370e+00 8.765525504959631675e+00 8.783290808929399063e+00 8.799072203491697053e+00 8.813329358231150934e+00 8.826428102471785664e+00 8.838569233046888129e+00 8.849828283277052066e+00 8.860207579701031122e+00 8.869673600084484022e+00 8.878184076064709274e+00 8.885703256943696005e+00 8.892209730551750013e+00 8.897700681547002333e+00 8.902193073639679710e+00 8.905722741114054486e+00 8.908342342124880631e+00 8.910118327568799401e+00 8.911126955620085610e+00 8.911449435120285756e+00 8.911166262130025828e+00 8.910350873209374356e+00 8.909063020710734193e+00 8.907342724898780872e+00 8.905205902570553889e+00 8.902641952681776161e+00 8.899610271350278268e+00 8.896025206331570345e+00 8.891705995425144948e+00 8.886240299489641004e+00 8.879613477789554565e+00 8.871448786652285534e+00 8.860694447448535627e+00 8.846548903895135041e+00 8.827490967729421101e+00 8.805986612717816797e+00 8.780984058801839964e+00 8.758480351033885114e+00 8.728697200628870334e+00 8.693531122669810429e+00 8.663357741368701070e+00 8.633408725977934850e+00 8.592540698156643231e+00 1.000000000000000020e+30
1.000000000000000020e+30 1.000000000000000020e+30 1.000000000000000020e+30 1.000000000000000020e+30 1.000000000000000020e+30 1.000000000000000020e+30 1.000000000000000020e+30 1.000000000000000020e+30 1.000000000000000020e+30 1.000000000000000020e+30 8.636888606574590455e+00 8.666983514345744766e+00 8.693687541394808704e+00 8.716980991201964457e+00 8.737162881901605616e+00 8.754549324618858819e+00 8.769759726613214568e+00 8.783478135806509712e+00 8.796177791699854254e+00 8.808042878568079104e+00 8.819086597545252815e+00 8.829256208569999487e+00 8.838480964103906601e+00 8.846694123288310507e+00 8.853844773862011408e+00 8.859903955550993970e+00 8.864866908444019700e+00 8.868752586891513801e+00 8.871601620539287580e+00 8.873473598086933478e+00 8.874443936976522451e+00 8.874600177729634609e+00 8.874037322901971336e+00 8.872851802541196875e+00 8.871133896298156074e+00 8.868959148801375036e+00 8.866380591950029810e+00 8.863425210901240803e+00 8.860098923172754937e+00 8.856401641838148819e+00 8.852343985924218117e+00 8.847942254916514315e+00 8.843189533369404387e+00 8.836336762440526016e+00 8.828167501313775034e+00 8.817410038831980046e+00 8.803999979210880511e+00 8.780683573726502544e+00 8.759142886764889724e+00 8.726115778122339961e+00 8.690362275647281365e+00 8.655690333822226634e+00 8.620610471937240504e+00 8.590634486504271194e+00 8.565648753424371264e+00 8.546185241524892007e+00 1.000000000000000020e+30
1.000000000000000020e+30 1.000000000000000020e+30 1.000000000000000020e+30 1.000000000000000020e+30 1.000000000000000020e+30 1.000000000000000020e+30 1.000000000000000020e+30 1.000000000000000020e+30 1.000000000000000020e+30 8.558485261105596820e+00 8.601966305880861086e+00 8.635434362582666168e+00 8.663468676977133853e+00 8.687026730520491569e+00 8.706958436078480190e+00 8.723383458571117188e+00 8.737373858722175868e+00 8.750113500593094784e+00 8.762261342596609381e+00 8.773866678764976612e+00 8.784774942680790843e+00 8.794829935451788927e+00 8.803901195981573835e+00 8.811885214132418653e+00 8.818709323952358403e+00 8.824334310167635920e+00 8.828753508497308999e+00 8.831989470734004755e+00 8.834089922129924943e+00 8.835124118994508891e+00 8.835179792876633798e+00 8.834360123343701687e+00 8.832779714582139619e+00 8.830558386647979319e+00 8.827811856126382750e+00 8.824639398871994445e+00 8.821110917547990482e+00 8.817259977660448556e+00 8.813094610404137441e+00 8.808639339257139156e+00 8.804007087029438239e+00 8.799442863322717301e+00 8.795165687843024216e+00 8.789161319747005763e+00 8.782222618367290679e+00 8.771494573902215208e+00 8.766043994839488818e+00 8.726755545354844656e+00 8.689904564726756320e+00 8.653663343871340174e+00 8.615739474012782395e+00 8.577645590701678202e+00 8.537120008377623748e+00 8.507439307326585265e+00 8.486865976670236122e+00 8.474856884786049704e+00 1.000000000000000020e+30
1.000000000000000020e+30 1.000000000000000020e+30 1.000000000000000020e+30 1.000000000000000020e+30 1.000000000000000020e+30 1.000000000000000020e+30 1.000000000000000020e+30 1.000000000000000020e+30 8.615575263330587319e+00 8.590111544516062736e+00 8.572178436170741378e+00 8.604493721683095231e+00 8.632953005258487522e+00 8.655967475322499993e+00 8.675567673394379398e+00 8.689994883526086511e+00 8.701614868404282888e+00 8.712748935502041547e+00 8.724326871137128236e+00 8.735856821794854454e+00 8.746813539217194844e+00 8.756909352229085286e+00 8.765952287103315754e+00 8.773797616677356359e+00 8.780347785404901018e+00 8.785553719578226506e+00 8.789409709276506888e+00 8.791945495308009839e+00 8.793219115221736715e+00 8.793312154423682969e+00 8.792327336010501426e+00 8.790387216756357702e+00 8.787632015584984302e+00 8.784214182660292636e+00 8.780287269694134977e+00 8.775987432895700380e+00 8.771408786892946452e+00 8.766581210881446040e+00 8.761473488162252465e+00 8.756063764145864070e+00 8.750524971361734572e+00 8.745492924419773217e+00 8.741988297802169683e+00 8.737636383883971902e+00 8.734750559060156405e+00 8.714957235506869182e+00 8.685046262729155586e+00 8.650857294347536808e+00 8.614633429100804207e+00 8.577448322172042339e+00 8.535820690030606173e+00 8.496546448209405966e+00 8.437276111197476780e+00 8.409613721962097443e+00 8.393981210868632914e+00 8.385976592958520826e+00 1.000000000000000020e+30
1.000000000000000020e+30 1.000000000000000020e+30 1.000000000000000020e+30 1.000000000000000020e+30 1.000000000000000020e+30 1.000000000000000020e+30 1.000000000000000020e+30 8.658380357022906537e+00 8.636206600938372446e+00 8.609324684811747730e+00 8.570857756474486777e+00 8.572544536257590053e+00 8.603059535521339285e+00 8.623537953265786982e+00 8.644601599216528598e+00 8.654697287990346766e+00 8.661655525057247118e+00 8.670284287732391348e+00 8.681814924000340383e+00 8.693824924517095099e+00 8.705146117683311147e+00 8.715500384441590143e+00 8.724682007064073375e+00 8.732504484632610087e+00 8.738843473155167629e+00 8.743644619070641610e+00 8.746910586723309677e+00 8.748685004300302381e+00 8.749040547624797881e+00 8.748073156373628478e+00 8.745901516677847098e+00 8.742669476334279821e+00 8.738548144057254774e+00 8.733733702752701333e+00 8.728436158453334315e+00 8.722853472185498447e+00 8.717126587653755365e+00 8.711279102150035314e+00 8.705170706879449938e+00 8.698548637452583776e+00 8.691379418194943085e+00 8.684773291556476593e+00 8.679560052020788063e+00 8.679294001850170304e+00 8.654140126620315954e+00 8.630812940207402306e+00 8.602899926849479684e+00 8.571545581610548581e+00 8.534855945378025055e+00 8.500190395161141055e+00 8.448043315077907067e+00 8.429920925076924476e+00 8.445702252649033070e+00 8.441514758225221016e+00 8.435306474514838726e+00 8.431460377508894766e+00 1.000000000000000020e+30
1.000000000000000020e+30 1.000000000000000020e+30 1.000000000000000020e+30 1.000000000000000020e+30 1.000000000000000020e+30 1.000000000000000020e+30 8.692571345684045880e+00 8.675825943804984064e+00 8.656765821885842982e+00 8.635287582347858759e+00 8.612560693326051009e+00 8.598718054083059670e+00 8.578338592485666325e+00 8.585688572438428423e+00 8.619801769312127604e+00 8.617760705290571366e+00 8.615272770996611484e+00 8.620191414177190481e+00 8.634128028807596777e+00 8.647817327022345069e+00 8.659810260721886976e+00 8.670655072875623759e+00 8.680184796095907984e+00 8.688127500683981097e+00 8.694323567122561158e+00 8.698725776380166863e+00 8.701360735810020230e+00 8.702297440466436385e+00 8.701628585988007814e+00 8.699464620778769586e+00 8.695937472433252324e+00 8.691209957406792697e+00 8.685486152206562949e+00 8.679017258060095941e+00 8.672095799074455158e+00 8.665026866982094234e+00 8.658059040997862610e+00 8.651256734450354813e+00 8.644319596549586038e+00 8.636432877673092534e+00 8.626433661252193019e+00 8.614337220896766567e+00 8.596987000553109937e+00 8.583926842838701887e+00 8.566259658575553715e+00 8.545790961126263241e+00 8.518714964467559270e+00 8.492074757917931649e+00 8.447544990195488879e+00 8.434893948989779844e+00 8.456517540632901841e+00 8.461398893903020024e+00 8.468590030115571210e+00 8.469940883884456539e+00 8.468774230581592732e+00 8.467604719924080925e+00 1.000000000000000020e+30
1.000000000000000020e+30 1.000000000000000020e+30 1.000000000000000020e+30 1.000000000000000020e+30 1.000000000000000020e+30 8.715870272089421888e+00 8.704682193911070343e+00 8.690907010006002409e+00 8.675016821241662512e+00 8.657727803652015552e+00 8.640558874271981438e+00 8.626575775421624570e+00 8.615039042375851608e+00 8.614786676133395105e+00 8.626310836975330076e+00 8.576435362420498976e+00 8.556658921366459225e+00 8.556277118470008602e+00 8.581918117007578672e+00 8.598768608240732192e+00 8.610914881806372989e+00 8.622444190197484204e+00 8.632617469695899715e+00 8.640859169712516774e+00 8.646973529451653206e+00 8.650958507135291242e+00 8.652895653306529766e+00 8.652897632563616881e+00 8.651082750278419553e+00 8.647571910092954894e+00 8.642500597936118467e+00 8.636040042239896408e+00 8.628421364254549530e+00 8.619956688793294575e+00 8.611050098075612169e+00 8.602183351507891373e+00 8.593840890379063069e+00 8.586309125353118077e+00 8.579277735081934253e+00 8.571204041291757392e+00 8.558271002393990301e+00 8.534394272403222459e+00 8.504669974127715193e+00 8.487680693029791001e+00 8.475674778343384119e+00 8.461857390168985305e+00 8.428564201227580099e+00 8.424958118099455717e+00 8.451790354094406155e+00 8.462594852321585037e+00 8.476240667698954567e+00 8.485102879168969991e+00 8.491882193347235486e+00 8.495467660803480925e+00 8.496834209129875859e+00 8.497173949477510035e+00 1.000000000000000020e+30
1.000000000000000020e+30 1.000000000000000020e+30 1.000000000000000020e+30 1.000000000000000020e+30 1.000000000000000020e+30 8.722496767701610310e+00 8.714784987731563959e+00 8.703469842788178923e+00 8.689996580748324817e+00 8.675333783853803382e+00 8.660614871230317036e+00 8.647195115669093823e+00 8.635632703358311346e+00 8.627268547313008185e+00 8.618270043925010171e+00 8.593564812849043832e+00 8.573275545281097365e+00 8.557017165861536157e+00 8.533652665756580546e+00 8.549612498982376962e+00 8.557853388464303990e+00 8.570833716497011423e+00 8.582250255333937261e+00 8.591006210610002469e+00 8.597054839039651952e+00 8.600548911047201983e+00 8.601677090255194003e+00 8.600620896564107554e+00 8.597527002489053771e+00 8.592514504332074310e+00 8.585701045997458536e+00 8.577241963975501093e+00 8.567374299828401263e+00 8.556460321037354433e+00 8.545030337643300555e+00 8.533818375525967781e+00 8.523746201803591660e+00 8.515721617277582922e+00 8.510060356069613974e+00 8.505533756208969010e+00 8.495664653650331744e+00 8.451734413760055631e+00 8.394088497297873985e+00 8.380893733147074087e+00 8.381333651541959640e+00 8.391829843751215989e+00 8.427333634064174461e+00 8.446123474378477880e+00 8.466553845272553502e+00 8.481984449670770587e+00 8.495319856562705496e+00 8.505499080395424016e+00 8.513008311170008113e+00 8.517876296978265316e+00 8.520593619271142671e+00 8.521762477879562425e+00 1.000000000000000020e+30
1.000000000000000020e+30 1.000000000000000020e+30 1.000000000000000020e+30 1.000000000000000020e+30 8.740095005395479788e+00 8.732300281365569461e+00 8.723933224789416130e+00 8.713600896035568866e+00 8.701543291238133193e+00 8.688334008426343402e+00 8.674671572355762805e+00 8.661222223260153896e+00 8.648261894425948171e+00 8.635591973121860221e+00 8.621117925763913448e+00 8.601431143437034521e+00 8.580993211161985101e+00 8.559979394389843677e+00 8.534880983128964260e+00 8.503294800228040629e+00 8.495192161507107542e+00 8.515953928738499101e+00 8.529735567697452225e+00 8.539072262552716452e+00 8.544915896409840173e+00 8.547737500877730099e+00 8.547875725284455939e+00 8.545608491731195855e+00 8.541103400575359217e+00 8.534451389062022386e+00 8.525712892761578843e+00 8.514983201045071226e+00 8.502461764889664764e+00 8.488518406187735010e+00 8.473774489021979051e+00 8.459233081753444239e+00 8.446456045237001220e+00 8.437551701543405613e+00 8.434414792596372834e+00 8.439834920891717829e+00 8.461668105105045967e+00 8.392978776219869985e+00 8.345729573527179923e+00 8.370380992752194160e+00 8.389346571513129902e+00 8.410462039651232402e+00 8.437265788267433564e+00 8.460143024529589439e+00 8.480863083412204517e+00 8.498063791744730366e+00 8.512195857896632134e+00 8.523246593602364030e+00 8.531490316809849261e+00 8.537175543564336166e+00 8.540653295491322794e+00 8.542279739695310070e+00 1.000000000000000020e+30
1.000000000000000020e+30 1.000000000000000020e+30 1.000000000000000020e+30 1.000000000000000020e+30 8.743427022544024041e+00 8.738183945950771303e+00 8.730527801360064899e+00 8.720912277461476236e+00 8.709662374089766956e+00 8.697172448585355653e+00 8.683864618871572461e+00 8.670075759567717810e+00 8.655883833362565838e+00 8.640972205183365062e+00 8.624401434828293134e+00 8.605241514194350572e+00 8.584451399108305125e+00 8.562162576634099409e+00 8.537700120784295521e+00 8.511791311494054213e+00 8.490018393697800647e+00 8.463143987347534036e+00 8.476780921137718749e+00 8.485765376133587168e+00 8.490945618587446120e+00 8.492761874605065486e+00 8.491631328237463805e+00 8.487977962007215993e+00 8.481956544783002983e+00 8.473583517244552610e+00 8.462796511939931321e+00 8.449561286213777223e+00 8.433973483135069671e+00 8.416329554717245642e+00 8.397212340772716388e+00 8.377717894461669701e+00 8.360062084268077953e+00 8.348315646017365310e+00 8.344845070850887225e+00 8.352288817121024778e+00 8.372430581723905973e+00 8.307199478114222657e+00 8.328626222606366980e+00 8.359929461970930120e+00 8.389610889992580312e+00 8.417845290737947295e+00 8.445615342242295043e+00 8.470865384757026106e+00 8.493293805801043206e+00 8.511867923565521465e+00 8.526859422903184438e+00 8.538550637798769216e+00 8.547315838549183198e+00 8.553494350342578656e+00 8.557389638832910705e+00 8.559257499307959094e+00 1.000000000000000020e+30
1.000000000000000020e+30 1.000000000000000020e+30 1.000000000000000020e+30 8.751806040042641399e+00 8.747560205852646931e+00 8.742020366292422295e+00 8.734597293373239424e+00 8.725349176708245835e+00 8.714480632080835676e+00 8.702254557406954305e+00 8.688930906903609142e+00 8.674691205343149747e+00 8.659551382985220869e+00 8.643305037681702885e+00 8.625535199908876294e+00 8.605910625119303603e+00 8.584604150810836387e+00 8.561681168558131105e+00 8.537090450052275514e+00 8.511238763879642732e+00 8.485002674052012139e+00 8.455937283744800581e+00 8.423520849635634633e+00 8.431320151682593078e+00 8.435406544052998612e+00 8.435803963081697887e+00 8.432977731280610456e+00 8.427774350517514890e+00 8.420204848684644361e+00 8.410151413876448601e+00 8.397321623310451955e+00 8.381449652769527248e+00 8.362456327928702748e+00 8.340479364735502443e+00 8.315836842228712555e+00 8.289112373349174945e+00 8.262443110822150771e+00 8.245425039163645664e+00 8.238920625549491561e+00 8.246545492411993195e+00 8.242128052625623980e+00 8.233554732401017873e+00 8.296009822423206614e+00 8.345488521009119864e+00 8.385748626915317416e+00 8.420166658774464352e+00 8.451015102581326488e+00 8.479000919046942641e+00 8.504233178393960202e+00 8.523968027905825195e+00 8.539590145041588087e+00 8.551594292504606898e+00 8.560577849774929859e+00 8.566974435589491677e+00 8.571045540185386002e+00 8.573004059493333884e+00 1.000000000000000020e+30
1.000000000000000020e+30 1.000000000000000020e+30 1.000000000000000020e+30 8.751661100568652429e+00 8.748575702415456234e+00 8.743308398645185164e+00 8.736041238730637204e+00 8.726928452017096660e+00 8.716148589809211700e+00 8.703894743416324076e+00 8.690341419689397995e+00 8.675601990926136153e+00 8.659687298988073323e+00 8.642489475902580764e+00 8.623817603373398200e+00 8.603520627571645818e+00 8.581596515335563780e+00 8.558053109578001028e+00 8.532887796467926833e+00 8.506175497918002648e+00 8.477880225279550430e+00 8.447102151480887500e+00 8.413204043073701399e+00 8.375571328399610493e+00 8.378545042877387772e+00 8.377058093609388578e+00 8.371683926379239082e+00 8.364908446692778554e+00 8.355892271280470851e+00 8.344428769168219517e+00 8.329793646060267065e+00 8.311328936771746001e+00 8.288750193147743417e+00 8.262073095082785201e+00 8.231266295270286193e+00 8.195113870678207846e+00 8.149771702169033460e+00 8.126562971750280084e+00 8.113357062088294214e+00 8.107404432107626846e+00 8.110373194591769419e+00 8.175866431629779996e+00 8.270728779726146840e+00 8.334663762981703528e+00 8.382172897761817509e+00 8.420556651171864360e+00 8.453838955733633753e+00 8.484520216161079986e+00 8.515372387525173892e+00 8.534946845296962792e+00 8.550761407443758344e+00 8.562529679769010471e+00 8.571335188678824935e+00 8.577717112587219361e+00 8.581765187274614348e+00 8.583668458912931953e+00 1.000000000000000020e+30
1.000000000000000020e+30 1.000000000000000020e+30 1.000000000000000020e+30 8.750221936394190436e+00 8.747381391451682475e+00 8.742187120141544199e+00 8.734903857577961617e+00 8.725722031505668497e+00 8.714809446962808792e+00 8.702322956811528343e+00 8.688395093962753890e+00 8.673112409845396442e+00 8.656496995200715361e+00 8.638503941762611049e+00 8.619045420286711945e+00 8.598041254180992965e+00 8.575453431773301105e+00 8.551252187140159222e+00 8.525395226634056911e+00 8.497814029170339012e+00 8.468312775229856371e+00 8.436409392465286317e+00 8.401591129256265944e+00 8.363317605059576110e+00 8.321056507787796264e+00 8.317105869352955594e+00 8.306686992490185162e+00 8.299165673253202868e+00 8.288892144041591692e+00 8.276721085796689081e+00 8.260911170726476627e+00 8.240104121154566030e+00 8.213883284657136130e+00 8.182489835198545336e+00 8.146681264905113906e+00 8.104885523509734568e+00 8.097746343871301988e+00 8.080952535488409083e+00 8.061545411183212551e+00 8.037985137539447322e+00 7.999569349418265141e+00 1.000000000000000020e+30 1.000000000000000020e+30 1.000000000000000020e+30 1.000000000000000020e+30 1.000000000000000020e+30 1.000000000000000020e+30 1.000000000000000020e+30 8.532532502608548342e+00 8.544493937784119808e+00 8.560847301391801167e+00 8.571348448319854541e+00 8.579474685113511967e+00 8.585781215258869281e+00 8.589631295386832122e+00 8.591243967405699067e+00 1.000000000000000020e+30
1.000000000000000020e+30 1.000000000000000020e+30 8.747777647721200367e+00 8.747257133849025479e+00 8.744164561801882840e+00 8.738762571421794689e+00 8.731255674561079871e+00 8.721812242107224833e+00 8.710582738866060382e+00 8.697701955240457750e+00 8.683282095527474098e+00 8.667401517322131710e+00 8.650096261261117192e+00 8.631360394013048776e+00 8.611158589979428513e+00 8.589446925387477449e+00 8.566185128903837764e+00 8.541326325637319528e+00 8.514801937907769513e+00 8.486500800591338489e+00 8.456225795437172010e+00 8.423656143714254085e+00 8.388400374003921911e+00 8.349956961571276537e+00 8.307452058310724752e+00 8.258449101697342698e+00 8.233599708336246437e+00 8.230966887856940417e+00 8.218563245477076507e+00 8.207405517156649566e+00 8.191753777198726993e+00 8.168989076321002685e+00 8.138845996403674121e+00 8.101934068067508932e+00 8.062648212739079057e+00 8.059456897445453905e+00 8.049882441817361567e+00 8.032447128038308293e+00 8.008363712583536298e+00 7.977886538723505616e+00 7.946234703433652236e+00 1.000000000000000020e+30 1.000000000000000020e+30 1.000000000000000020e+30 1.000000000000000020e+30 1.000000000000000020e+30 1.000000000000000020e+30 1.000000000000000020e+30 1.000000000000000020e+30 1.000000000000000020e+30 8.571695020285975630e+00 8.577497109710327194e+00 8.584428646522818340e+00 8.591330249648155615e+00 8.594776337252032050e+00 8.595476836342127669e+00 1.000000000000000020e+30
1.000000000000000020e+30 1.000000000000000020e+30 8.743956641476147595e+00 8.742511599814410062e+00 8.738892057822660320e+00 8.733065505461619082e+00 8.725145702007619519e+00 8.715266363545440598e+00 8.703558592178683995e+00 8.690142798143925873e+00 8.675121969061050820e+00 8.658574892768500675e+00 8.640551380255914182e+00 8.621071988340492709e+00 8.600133110837658634e+00 8.577714748655019150e+00 8.553784469930706180e+00 8.528293167114545881e+00 8.501166593782082614e+00 8.472293967278790916e+00 8.441514153462232883e+00 8.408614129183675345e+00 8.373362411790884252e+00 8.335558566414864146e+00 8.295177503830640120e+00 8.253041631073873674e+00 8.214333427579630253e+00 8.167241892968394978e+00 8.141669981729641847e+00 8.137247624795984180e+00 8.124351804797438348e+00 8.099866058682081871e+00 8.065154766850630708e+00 8.018288214845192385e+00 8.018345322824625754e+00 8.014921444774978809e+00 8.004399256064289148e+00 7.985115243291675213e+00 7.956105309362900613e+00 7.913493424930767794e+00 1.000000000000000020e+30 1.000000000000000020e+30 1.000000000000000020e+30 1.000000000000000020e+30 1.000000000000000020e+30 1.000000000000000020e+30 1.000000000000000020e+30 1.000000000000000020e+30 1.000000000000000020e+30 1.000000000000000020e+30 1.000000000000000020e+30 1.000000000000000020e+30 1.000000000000000020e+30 8.595653073113176390e+00 8.597733997943389994e+00 1.000000000000000020e+30 1.000000000000000020e+30
1.000000000000000020e+30 8.735695551524450764e+00 8.737240055460027577e+00 8.735592173594413978e+00 8.731466041471479755e+00 8.725088450511249150e+00 8.716601284036540775e+00 8.706131346115062897e+00 8.693799013419987176e+00 8.679716920685804027e+00 8.663985715046376157e+00 8.646689567808792276e+00 8.627892502673804032e+00 8.607636581195059478e+00 8.585942177296891131e+00 8.562809209345228822e+00 8.538217207133712350e+00 8.512123107814122847e+00 8.484458153029677874e+00 8.455125464375450761e+00 8.424001057136244697e+00 8.390945842498272356e+00 8.355838477226344096e+00 8.318635047973518937e+00 8.279487545188610298e+00 8.238967146352674575e+00 8.198148322308503211e+00 8.155390676590160481e+00 8.115475687301897167e+00 8.070141005646208399e+00 8.063102278692790392e+00 8.035505702231221292e+00 7.998122181852153290e+00 7.960616546475091759e+00 7.972010046731019983e+00 7.971999974966599289e+00 7.962221013306658435e+00 7.942074691740490522e+00 7.912033986925593787e+00 7.883845909870512259e+00 1.000000000000000020e+30 1.000000000000000020e+30 1.000000000000000020e+30 1.000000000000000020e+30 1.000000000000000020e+30 1.000000000000000020e+30 1.000000000000000020e+30 1.000000000000000020e+30 1.000000000000000020e+30 1.000000000000000020e+30 1.000000000000000020e+30 1.000000000000000020e+30 1.000000000000000020e+30 1.000000000000000020e+30 1.000000000000000020e+30 1.000000000000000020e+30 1.000000000000000020e+30
1.000000000000000020e+30 8.729812217141686759e+00 8.729373534445294069e+00 8.726800753668292998e+00 8.721932816117693221e+00 8.714844955880396427e+00 8.705643119789773010e+00 8.694438662432782294e+00 8.681343221239888663e+00 8.666465689603843003e+00 8.649908999591016112e+00 8.631766574111665591e+00 8.612118639940906206e+00 8.591028613605702802e+00 8.568539675591157589e+00 8.544671580831705526e+00 8.519417938876657104e+00 8.492744682675921197e+00 8.464590759249201568e+00 8.434871930256818473e+00 8.403489081046910059e+00 8.370343922937408365e+00 8.335365353495909346e+00 8.298547509701604596e+00 8.259996699834957212e+00 8.219949934613623554e+00 8.178593950392940570e+00 8.135321249684851708e+00 8.089264748812553307e+00 8.032666057946430627e+00 8.016904588756016636e+00 7.975402355477556604e+00 7.925654040159347602e+00 7.922861705715187775e+00 7.931557582306613341e+00 7.933376221302765430e+00 7.924982455110502144e+00 7.903539436828966203e+00 7.860752907948274526e+00 1.000000000000000020e+30 1.000000000000000020e+30 1.000000000000000020e+30 1.000000000000000020e+30 1.000000000000000020e+30 1.000000000000000020e+30 1.000000000000000020e+30 1.000000000000000020e+30 1.000000000000000020e+30 1.000000000000000020e+30 1.000000000000000020e+30 1.000000000000000020e+30 1.000000000000000020e+30 1.000000000000000020e+30 1.000000000000000020e+30 1.000000000000000020e+30 1.000000000000000020e+30 1.000000000000000020e+30
8.717042157733619234e+00 8.720021689149291433e+00 8.719291271102189711e+00 8.715946149552845412e+00 8.710251909076543342e+00 8.702329950638958422e+00 8.692281065892123237e+00 8.680206829947476166e+00 8.666212997398092810e+00 8.650408015686402052e+00 8.632900835379144766e+00 8.613798038992475981e+00 8.593199873346199169e+00 8.571194695046450818e+00 8.547851779493276680e+00 8.523213465525572019e+00 8.497288925603429632e+00 8.470052278329221807e+00 8.441446197327191925e+00 8.411390558049422594e+00 8.379795183245102308e+00 8.346576013828384433e+00 8.311674012664575173e+00 8.275074466835537379e+00 8.236819774079609857e+00 8.196994354872670030e+00 8.155641838925813403e+00 8.112652538874389307e+00 8.068142753453257043e+00 8.023416318299247507e+00 7.990894757577357232e+00 7.917957867209337586e+00 7.874603405237168730e+00 7.868036843695614735e+00 7.892466990590312648e+00 7.899515675081658195e+00 7.895401976319500470e+00 7.880713285353041719e+00 7.841698195186013187e+00 1.000000000000000020e+30 1.000000000000000020e+30 1.000000000000000020e+30 1.000000000000000020e+30 1.000000000000000020e+30 1.000000000000000020e+30 1.000000000000000020e+30 1.000000000000000020e+30 1.000000000000000020e+30 1.000000000000000020e+30 1.000000000000000020e+30 1.000000000000000020e+30 1.000000000000000020e+30 1.000000000000000020e+30 1.000000000000000020e+30 1.000000000000000020e+30 1.000000000000000020e+30 1.000000000000000020e+30
8.709700617003520051e+00 8.709581620862824280e+00 8.707460135585311178e+00 8.703072112672327165e+00 8.696415389659822637e+00 8.687540235068166083e+00 8.676520899325529612e+00 8.663446680107083964e+00 8.648418688716590808e+00 8.631547248149201934e+00 8.612950417045446727e+00 8.592752161650794918e+00 8.571078551273018320e+00 8.548050287037872508e+00 8.523770751719510486e+00 8.498311180048199631e+00 8.471698190626902658e+00 8.443910389056632937e+00 8.414885368119339404e+00 8.384534165732494770e+00 8.352759153005155923e+00 8.319471403653164288e+00 8.284604521871639093e+00 8.248122150319234791e+00 8.210018016068341140e+00 8.170307033825896070e+00 8.129002557834942522e+00 8.086113295521188959e+00 8.041778350124651809e+00 7.996435983459098118e+00 7.950664620882840872e+00 7.895109246415420223e+00 7.849305351752697391e+00 7.842696965193074021e+00 7.865254596047106084e+00 7.871398202300175839e+00 7.869835682780519370e+00 7.869568216939605065e+00 8.108821353134509025e+00 1.000000000000000020e+30 1.000000000000000020e+30 1.000000000000000020e+30 1.000000000000000020e+30 1.000000000000000020e+30 1.000000000000000020e+30 1.000000000000000020e+30 1.000000000000000020e+30 1.000000000000000020e+30 1.000000000000000020e+30 1.000000000000000020e+30 1.000000000000000020e+30 1.000000000000000020e+30 1.000000000000000020e+30 1.000000000000000020e+30 1.000000000000000020e+30 1.000000000000000020e+30 1.000000000000000020e+30
8.698102819571937872e+00 8.696767107153096532e+00 8.693512577124383967e+00 8.688077361026904200e+00 8.680392087682367475e+00 8.670470046950649490e+00 8.658367895445962859e+00 8.644166832167949011e+00 8.627965696211784774e+00 8.609878315445664398e+00 8.590033936650803170e+00 8.568578019585045169e+00 8.545670240122554162e+00 8.521475885695680930e+00 8.496147516219165752e+00 8.469797886932575182e+00 8.442474507649736282e+00 8.414153405822387910e+00 8.384752474985642579e+00 8.354155805124955592e+00 8.322240702492587516e+00 8.288899319032033475e+00 8.254050218109730608e+00 8.217635257794398740e+00 8.179608395426379630e+00 8.139937852145990860e+00 8.098609982290932763e+00 8.055617230790327099e+00 8.010953758378386524e+00 7.964354150633414342e+00 7.914633644425784098e+00 7.856881957257923155e+00 7.848011076585931001e+00 7.845273643398967600e+00 7.848987278771674347e+00 7.847157499467176223e+00 7.831467644271656425e+00 7.760783803266375180e+00 1.000000000000000020e+30 1.000000000000000020e+30 1.000000000000000020e+30 1.000000000000000020e+30 1.000000000000000020e+30 1.000000000000000020e+30 1.000000000000000020e+30 1.000000000000000020e+30 1.000000000000000020e+30 1.000000000000000020e+30 1.000000000000000020e+30 1.000000000000000020e+30 1.000000000000000020e+30 1.000000000000000020e+30 1.000000000000000020e+30 1.000000000000000020e+30 1.000000000000000020e+30 1.000000000000000020e+30 1.000000000000000020e+30
8.683443258820949140e+00 8.681470556169141872e+00 8.677337209164342369e+00 8.670916111413884408e+00 8.662171859143192876e+00 8.651125315784071290e+00 8.637834475920335819e+00 8.622380313698100096e+00 8.604861833470186738e+00 8.585396115581199084e+00 8.564123093012407040e+00 8.541212082540617700e+00 8.516865369963905863e+00 8.491311568175232694e+00 8.464779850304047670e+00 8.437450194699042783e+00 8.409397352517229862e+00 8.380581375050001114e+00 8.350875939418623162e+00 8.320110892300432326e+00 8.288116535723808909e+00 8.254754229915123531e+00 8.219930344828409119e+00 8.183575932708665235e+00 8.145602838834467008e+00 8.105928595949768223e+00 8.064524596747702390e+00 8.021371723742309001e+00 7.976581687632408268e+00 7.929848123812842431e+00 7.881034705888504632e+00 7.830475721280836687e+00 7.834991067887754568e+00 7.835885035419903666e+00 7.835842715733003949e+00 7.829684414447688923e+00 7.810323882170224330e+00 7.765517995531239670e+00 1.000000000000000020e+30 1.000000000000000020e+30 1.000000000000000020e+30 1.000000000000000020e+30 1.000000000000000020e+30 1.000000000000000020e+30 1.000000000000000020e+30 1.000000000000000020e+30 1.000000000000000020e+30 1.000000000000000020e+30 1.000000000000000020e+30 1.000000000000000020e+30 1.000000000000000020e+30 1.000000000000000020e+30 1.000000000000000020e+30 1.000000000000000020e+30 1.000000000000000020e+30 1.000000000000000020e+30 1.000000000000000020e+30
8.666329307553317207e+00 8.663903224938737324e+00 8.659009170003772127e+00 8.651628014648055753e+00 8.641785123415900216e+00 8.629533320626475046e+00 8.614946240913834430e+00 8.598110590213460469e+00 8.579125291800858477e+00 8.558106103313534163e+00 8.535197445014210516e+00 8.510589339909548912e+00 8.484533830278317978e+00 8.457349169005002665e+00 8.429391431780157262e+00 8.400964274229130169e+00 8.372179358778845781e+00 8.342952380817713731e+00 8.313070000145227567e+00 8.282263152144388130e+00 8.250284110628557599e+00 8.216949069215884194e+00 8.182172128048939896e+00 8.145917070780951619e+00 8.108028337182902945e+00 8.068324171751378060e+00 8.026805032150136299e+00 7.983318767178442243e+00 7.938644453232229559e+00 7.891849484509733337e+00 7.843555137925960707e+00 7.809392604058939646e+00 7.820021110621015126e+00 7.825060740041674734e+00 7.826239768833164412e+00 7.820748582677241600e+00 7.805582417142818308e+00 7.778868265492895340e+00 1.000000000000000020e+30 1.000000000000000020e+30 1.000000000000000020e+30 1.000000000000000020e+30 1.000000000000000020e+30 1.000000000000000020e+30 1.000000000000000020e+30 1.000000000000000020e+30 1.000000000000000020e+30 1.000000000000000020e+30 1.000000000000000020e+30 1.000000000000000020e+30 1.000000000000000020e+30 1.000000000000000020e+30 1.000000000000000020e+30 1.000000000000000020e+30 1.000000000000000020e+30 1.000000000000000020e+30 1.000000000000000020e+30
8.647178214761433779e+00 8.644335563614328422e+00 8.638689654734138301e+00 8.630311951266389059e+00 8.619296941973896509e+00 8.605741464393011242e+00 8.589742730824326600e+00 8.571395085005988790e+00 8.550792557520590975e+00 8.528037967675819786e+00 8.503263640366638398e+00 8.476664382178990209e+00 8.448538423278474596e+00 8.419322789113618200e+00 8.389591506521059117e+00 8.359912173501422572e+00 8.330437647145178204e+00 8.300972231378809241e+00 8.271141853025783419e+00 8.240500896295964495e+00 8.208680448584980027e+00 8.175416970482048740e+00 8.140679919957058530e+00 8.104634420894431202e+00 8.066963706528598621e+00 8.027177491073585358e+00 7.985639352236680644e+00 7.940978860445913057e+00 7.897285106331538351e+00 7.849733422617607204e+00 7.785686982022046010e+00 7.798134941572257617e+00 7.807673689115709692e+00 7.815193944421525707e+00 7.820496971661222041e+00 7.818683267607349663e+00 7.808891551840581258e+00 1.000000000000000020e+30 1.000000000000000020e+30 1.000000000000000020e+30 1.000000000000000020e+30 1.000000000000000020e+30 1.000000000000000020e+30 1.000000000000000020e+30 1.000000000000000020e+30 1.000000000000000020e+30 1.000000000000000020e+30 1.000000000000000020e+30 1.000000000000000020e+30 1.000000000000000020e+30 1.000000000000000020e+30 1.000000000000000020e+30 1.000000000000000020e+30 1.000000000000000020e+30 1.000000000000000020e+30 1.000000000000000020e+30 1.000000000000000020e+30
8.626364646933003755e+00 8.623060212342583242e+00 8.616579374157552706e+00 8.607097853272584587e+00 8.594791203689693404e+00 8.579807874120840339e+00 8.562272155045613786e+00 8.542284569408158390e+00 8.519924946866298754e+00 8.495262645009018954e+00 8.468385260435979944e+00 8.439451957659599657e+00 8.408772513111813396e+00 8.376905512590523628e+00 8.344787607635524296e+00 8.313659869476412112e+00 8.283650612940380853e+00 8.254282308273943158e+00 8.224912634619419904e+00 8.194770231915736503e+00 8.163335596371073422e+00 8.130137098158593645e+00 8.095235882618013079e+00 8.059675859934051445e+00 8.022669766805336167e+00 7.982390005538604782e+00 7.942150643223008011e+00 7.892011666723133700e+00 7.853605251842621371e+00 7.817000293035903269e+00 7.782314491619349184e+00 7.786996305739195989e+00 7.794400569471465978e+00 7.804677422908414819e+00 7.819372307126619681e+00 7.822785184550419046e+00 7.817983444717309993e+00 1.000000000000000020e+30 1.000000000000000020e+30 1.000000000000000020e+30 1.000000000000000020e+30 1.000000000000000020e+30 1.000000000000000020e+30 1.000000000000000020e+30 1.000000000000000020e+30 1.000000000000000020e+30 1.000000000000000020e+30 1.000000000000000020e+30 1.000000000000000020e+30 1.000000000000000020e+30 1.000000000000000020e+30 1.000000000000000020e+30 1.000000000000000020e+30 1.000000000000000020e+30 1.000000000000000020e+30 1.000000000000000020e+30 1.000000000000000020e+30
8.604303553194030840e+00 8.600402619760561862e+00 8.592897992402194873e+00 8.582122478971886181e+00 8.568350849837086614e+00 8.551786111403005819e+00 8.532579558447332957e+00 8.510835948512808002e+00 8.486610440988568982e+00 8.459910342627097180e+00 8.430725447003435846e+00 8.399100684664166039e+00 8.365259954226257122e+00 8.329755398536423883e+00 8.293961876964951685e+00 8.261213546784505368e+00 8.231107806478165756e+00 8.202443518093721408e+00 8.174273262114382987e+00 8.145117248059808190e+00 8.114508696393013309e+00 8.080783878339712345e+00 8.043797122485441875e+00 8.009279445304883893e+00 7.974584446195189358e+00 7.930071491912642934e+00 7.901158354439620446e+00 7.886771442333572857e+00 7.861884618679724213e+00 7.834554531101988850e+00 7.805568971959228719e+00 7.799821648167195143e+00 7.808830578361793506e+00 7.811498000082970350e+00 7.826624943993666150e+00 7.832764530817215132e+00 7.832392051853515724e+00 7.829308140314407360e+00 1.000000000000000020e+30 1.000000000000000020e+30 1.000000000000000020e+30 1.000000000000000020e+30 1.000000000000000020e+30 1.000000000000000020e+30 1.000000000000000020e+30 1.000000000000000020e+30 1.000000000000000020e+30 1.000000000000000020e+30 1.000000000000000020e+30 1.000000000000000020e+30 1.000000000000000020e+30 1.000000000000000020e+30 1.000000000000000020e+30 1.000000000000000020e+30 1.000000000000000020e+30 1.000000000000000020e+30 1.000000000000000020e+30
8.581540762192572558e+00 8.576738259800327668e+00 8.567862008629097303e+00 8.555500983876788368e+00 8.540034078635919457e+00 8.521705005039118319e+00 8.500687246924263363e+00 8.477093996277282884e+00 8.450953672796027050e+00 8.422181171381764031e+00 8.390595882362731572e+00 8.356004900612816755e+00 8.318397639920940279e+00 8.277826666080294160e+00 8.234971248048703174e+00 8.200960495539147743e+00 8.171922679596022476e+00 8.144878804297457364e+00 8.116755945372972292e+00 8.087985335517986485e+00 8.058496052686079381e+00 8.025736665208274445e+00 7.979225389170123250e+00 7.949674381235712239e+00 7.928317145228596985e+00 7.922861772887011433e+00 7.906024971331079065e+00 7.889572326516764100e+00 7.870683390055298823e+00 7.851800127327384082e+00 7.835583163460035472e+00 7.828112353860182004e+00 7.826186890092392545e+00 7.825311809471665825e+00 7.840154360660437582e+00 7.847324654552067180e+00 7.847736144539638303e+00 7.841917481112178123e+00 1.000000000000000020e+30 1.000000000000000020e+30 1.000000000000000020e+30 1.000000000000000020e+30 1.000000000000000020e+30 1.000000000000000020e+30 1.000000000000000020e+30 1.000000000000000020e+30 1.000000000000000020e+30 1.000000000000000020e+30 1.000000000000000020e+30 1.000000000000000020e+30 1.000000000000000020e+30 1.000000000000000020e+30 1.000000000000000020e+30 1.000000000000000020e+30 1.000000000000000020e+30 1.000000000000000020e+30 1.000000000000000020e+30
8.558924885561548734e+00 8.552482445078954498e+00 8.541628020820466460e+00 8.527283286262052897e+00 8.509847490943009518e+00 8.489546606534046802e+00 8.466566717268156239e+00 8.441055046093152825e+00 8.413041623773795052e+00 8.382330669942437140e+00 8.348487666414754926e+00 8.310887010299332189e+00 8.269403231497490125e+00 8.223026600567123978e+00 8.161919745319353936e+00 8.130474218841246881e+00 8.103330195340824105e+00 8.075794734687555376e+00 8.045887123532283525e+00 8.016892316558912768e+00 7.989867601178946899e+00 7.968776403887614102e+00 7.969085778782821983e+00 7.953526370988267757e+00 7.937064907292964655e+00 7.924291154006944282e+00 7.908873659467068329e+00 7.893248493210796468e+00 7.878118013821540089e+00 7.864918364313346011e+00 7.854803187716102642e+00 7.848014582464695188e+00 7.839866036345526368e+00 7.844057920312285326e+00 7.859305917960053733e+00 7.866791277078356792e+00 7.867604105993049934e+00 7.860618927282749802e+00 1.000000000000000020e+30 1.000000000000000020e+30 1.000000000000000020e+30 1.000000000000000020e+30 1.000000000000000020e+30 1.000000000000000020e+30 1.000000000000000020e+30 1.000000000000000020e+30 1.000000000000000020e+30 1.000000000000000020e+30 1.000000000000000020e+30 1.000000000000000020e+30 1.000000000000000020e+30 1.000000000000000020e+30 1.000000000000000020e+30 1.000000000000000020e+30 1.000000000000000020e+30 1.000000000000000020e+30 1.000000000000000020e+30
8.538042987652382010e+00 8.527917163635176934e+00 8.514141588454066323e+00 8.497391436955371802e+00 8.477728081945366867e+00 8.455233067384746448e+00 8.430104261341998750e+00 8.402602296424786843e+00 8.372867113866332645e+00 8.340604641652040740e+00 8.305078064369906699e+00 8.264536621498258739e+00 8.220125156057195071e+00 8.177696309387110674e+00 8.128736967400199021e+00 8.123075454085110891e+00 8.105661548719439224e+00 8.082502506410209620e+00 8.055860917455015979e+00 8.028510525327394731e+00 8.002525638452242518e+00 7.982740150030133819e+00 7.972127760591690482e+00 7.958150852442724243e+00 7.942934456197957793e+00 7.927789200774844502e+00 7.911502098914448666e+00 7.895990842017186040e+00 7.883389658087402552e+00 7.874757415718488751e+00 7.869996208453533981e+00 7.867459648035718622e+00 7.862950040380708217e+00 7.873875408181404190e+00 7.884281465438413683e+00 7.891171370770575955e+00 7.893642156420941802e+00 7.890823408782094539e+00 1.000000000000000020e+30 1.000000000000000020e+30 1.000000000000000020e+30 1.000000000000000020e+30 1.000000000000000020e+30 1.000000000000000020e+30 1.000000000000000020e+30 1.000000000000000020e+30 1.000000000000000020e+30 1.000000000000000020e+30 1.000000000000000020e+30 1.000000000000000020e+30 1.000000000000000020e+30 1.000000000000000020e+30 1.000000000000000020e+30 1.000000000000000020e+30 1.000000000000000020e+30 1.000000000000000020e+30 1.000000000000000020e+30
8.522529786896503978e+00 8.502223664250532664e+00 8.484824851854552819e+00 8.465581682052585322e+00 8.443573749200522727e+00 8.418648619750628725e+00 8.391069304947643914e+00 8.361394102910487902e+00 8.330186803550912344e+00 8.297062653202520011e+00 8.259378695582363150e+00 8.212129492777492601e+00 8.154630210879226127e+00 8.124002163403256205e+00 8.126977111284338307e+00 8.122440572792088531e+00 8.109550114793321995e+00 8.089193825754398048e+00 8.066363895960970254e+00 8.043910593093304584e+00 8.016394054887600262e+00 7.994372688211962341e+00 7.981587125120814363e+00 7.968856990898363968e+00 7.954781360447668703e+00 7.934916218562563017e+00 7.918022358683521666e+00 7.903176880699001039e+00 7.892719326277490843e+00 7.884426494609487968e+00 7.885306765211572255e+00 7.889332145746323910e+00 7.894136210112560725e+00 7.902255338063073786e+00 7.910983410344075040e+00 7.918320816768577686e+00 7.923429854870129851e+00 7.926052990644707918e+00 1.000000000000000020e+30 1.000000000000000020e+30 1.000000000000000020e+30 1.000000000000000020e+30 1.000000000000000020e+30 1.000000000000000020e+30 1.000000000000000020e+30 1.000000000000000020e+30 1.000000000000000020e+30 1.000000000000000020e+30 1.000000000000000020e+30 1.000000000000000020e+30 1.000000000000000020e+30 1.000000000000000020e+30 1.000000000000000020e+30 1.000000000000000020e+30 1.000000000000000020e+30 1.000000000000000020e+30 1.000000000000000020e+30
1.000000000000000020e+30 8.468786855204713859e+00 8.452482453507565552e+00 8.431632094367095931e+00 8.407399047028354389e+00 8.379740933003095193e+00 8.349110594641256711e+00 8.316655222764275379e+00 8.282799831070775554e+00 8.242805648265870033e+00 8.199873708541437267e+00 8.138582262898479414e+00 8.143347792872877022e+00 8.133487326872890222e+00 8.130571565315545257e+00 8.127360467710847303e+00 8.121609967958528742e+00 8.106130702980209435e+00 8.069430266662127593e+00 8.058539308447491223e+00 1.000000000000000020e+30 7.995829203992186329e+00 7.988460848591645735e+00 7.979155497646228667e+00 7.971356317344522324e+00 1.000000000000000020e+30 1.000000000000000020e+30 1.000000000000000020e+30 7.905573437006291115e+00 7.901388414271518279e+00 7.901968202649436002e+00 7.911451686590196708e+00 7.919632691287407766e+00 7.928264482656017798e+00 7.937429479980248281e+00 7.946159011208942857e+00 7.954254302690195289e+00 7.963312307894636177e+00 7.980077046659376450e+00 1.000000000000000020e+30 1.000000000000000020e+30 1.000000000000000020e+30 1.000000000000000020e+30 1.000000000000000020e+30 1.000000000000000020e+30 1.000000000000000020e+30 1.000000000000000020e+30 1.000000000000000020e+30 1.000000000000000020e+30 1.000000000000000020e+30 1.000000000000000020e+30 1.000000000000000020e+30 1.000000000000000020e+30 1.000000000000000020e+30 1.000000000000000020e+30 1.000000000000000020e+30 1.000000000000000020e+30
1.000000000000000020e+30 8.446745051791170411e+00 8.419746183822399033e+00 8.396089389165521055e+00 8.369639890963187057e+00 8.338754228934648793e+00 8.303882409783605922e+00 8.264225993109564072e+00 8.220353490841180388e+00 8.139443815181225617e+00 8.061110368071256360e+00 8.113832973473297017e+00 8.134323677048769241e+00 8.137930155457153703e+00 8.146527328397091594e+00 8.133214082447626225e+00 8.130783172607580767e+00 1.000000000000000020e+30 1.000000000000000020e+30 1.000000000000000020e+30 1.000000000000000020e+30 1.000000000000000020e+30 1.000000000000000020e+30 1.000000000000000020e+30 1.000000000000000020e+30 1.000000000000000020e+30 1.000000000000000020e+30 1.000000000000000020e+30 7.914899731909677882e+00 7.915908754224611599e+00 7.924915638177223443e+00 7.932971752830875189e+00 7.941892822169322130e+00 7.952129452489953287e+00 7.962787416205354241e+00 7.973191891122551667e+00 7.982752783440839828e+00 7.991575130663012061e+00 7.999618381316120796e+00 1.000000000000000020e+30 1.000000000000000020e+30 1.000000000000000020e+30 1.000000000000000020e+30 1.000000000000000020e+30 1.000000000000000020e+30 1.000000000000000020e+30 1.000000000000000020e+30 1.000000000000000020e+30 1.000000000000000020e+30 1.000000000000000020e+30 1.000000000000000020e+30 1.000000000000000020e+30 1.000000000000000020e+30 1.000000000000000020e+30 1.000000000000000020e+30 1.000000000000000020e+30 1.000000000000000020e+30
1.000000000000000020e+30 1.000000000000000020e+30 8.378659527182048095e+00 8.358291278364857746e+00 8.331229827172911939e+00 8.296173210882876958e+00 8.252660519369916514e+00 8.187272874967966629e+00 8.128420910276272338e+00 8.132438539773742647e+00 8.100865595254502338e+00 8.112113684181428752e+00 1.000000000000000020e+30 1.000000000000000020e+30 1.000000000000000020e+30 1.000000000000000020e+30 1.000000000000000020e+30 1.000000000000000020e+30 1.000000000000000020e+30 1.000000000000000020e+30 1.000000000000000020e+30 1.000000000000000020e+30 1.000000000000000020e+30 1.000000000000000020e+30 1.000000000000000020e+30 1.000000000000000020e+30 1.000000000000000020e+30 1.000000000000000020e+30 1.000000000000000020e+30 1.000000000000000020e+30 7.945407952582615785e+00 7.950794785998205327e+00 7.961412171956340877e+00 7.973789707711734565e+00 7.986975455396042811e+00 7.999713913123594367e+00 8.010699432974419665e+00 8.019385092166134044e+00 8.025179216022747752e+00 1.000000000000000020e+30 1.000000000000000020e+30 1.000000000000000020e+30 1.000000000000000020e+30 1.000000000000000020e+30 1.000000000000000020e+30 1.000000000000000020e+30 1.000000000000000020e+30 1.000000000000000020e+30 1.000000000000000020e+30 1.000000000000000020e+30 1.000000000000000020e+30 1.000000000000000020e+30 1.000000000000000020e+30 1.000000000000000020e+30 1.000000000000000020e+30 1.000000000000000020e+30 1.000000000000000020e+30
1.000000000000000020e+30 1.000000000000000020e+30 8.352850468547067919e+00 8.320933640360806294e+00 8.291121315519339063e+00 8.247723144244242022e+00 8.188590134440145718e+00 8.186455524860090094e+00 8.161826353719140670e+00 8.149552062753359749e+00 1.000000000000000020e+30 1.000000000000000020e+30 1.000000000000000020e+30 1.000000000000000020e+30 1.000000000000000020e+30 1.000000000000000020e+30 1.000000000000000020e+30 1.000000000000000020e+30 1.000000000000000020e+30 1.000000000000000020e+30 1.000000000000000020e+30 1.000000000000000020e+30 1.000000000000000020e+30 1.000000000000000020e+30 1.000000000000000020e+30 1.000000000000000020e+30 1.000000000000000020e+30 1.000000000000000020e+30 1.000000000000000020e+30 1.000000000000000020e+30 1.000000000000000020e+30 7.968094034687442040e+00 7.979780868552423634e+00 7.994220083027981261e+00 8.010266335242844704e+00 8.026703508670568255e+00 8.039714228662912632e+00 8.048902650622252963e+00 8.052917209301018175e+00 1.000000000000000020e+30 1.000000000000000020e+30 1.000000000000000020e+30 1.000000000000000020e+30 1.000000000000000020e+30 1.000000000000000020e+30 1.000000000000000020e+30 1.000000000000000020e+30 1.000000000000000020e+30 1.000000000000000020e+30 1.000000000000000020e+30 1.000000000000000020e+30 1.000000000000000020e+30 1.000000000000000020e+30 1.000000000000000020e+30 1.000000000000000020e+30 1.000000000000000020e+30 1.000000000000000020e+30
1.000000000000000020e+30 1.000000000000000020e+30 1.000000000000000020e+30 8.267994911928514767e+00 8.243027953516936179e+00 8.172350607899129926e+00 8.184888955747076977e+00 8.188406589695325977e+00 8.180122103227201791e+00 1.000000000000000020e+30 1.000000000000000020e+30 1.000000000000000020e+30 1.000000000000000020e+30 1.000000000000000020e+30 1.000000000000000020e+30 1.000000000000000020e+30 1.000000000000000020e+30 1.000000000000000020e+30 1.000000000000000020e+30 1.000000000000000020e+30 1.000000000000000020e+30 1.000000000000000020e+30 1.000000000000000020e+30 1.000000000000000020e+30 1.000000000000000020e+30 1.000000000000000020e+30 1.000000000000000020e+30 1.000000000000000020e+30 1.000000000000000020e+30 1.000000000000000020e+30 1.000000000000000020e+30 1.000000000000000020e+30 8.000069089667873001e+00 8.016014421516269195e+00 8.034347365594550539e+00 8.055891046718471671e+00 8.071368466125429464e+00 8.082451330724362393e+00 8.084136300211326898e+00 1.000000000000000020e+30 1.000000000000000020e+30 1.000000000000000020e+30 1.000000000000000020e+30 1.000000000000000020e+30 1.000000000000000020e+30 1.000000000000000020e+30 1.000000000000000020e+30 1.000000000000000020e+30 1.000000000000000020e+30 1.000000000000000020e+30 1.000000000000000020e+30 1.000000000000000020e+30 1.000000000000000020e+30 1.000000000000000020e+30 1.000000000000000020e+30 1.000000000000000020e+30 1.000000000000000020e+30
1.000000000000000020e+30 1.000000000000000020e+30 1.000000000000000020e+30 8.218927318802876414e+00 8.200096688865203376e+00 8.192296056121607606e+00 8.195290925953472083e+00 8.196317770667617353e+00 1.000000000000000020e+30 1.000000000000000020e+30 1.000000000000000020e+30 1.000000000000000020e+30 1.000000000000000020e+30 1.000000000000000020e+30 1.000000000000000020e+30 1.000000000000000020e+30 1.000000000000000020e+30 1.000000000000000020e+30 1.000000000000000020e+30 1.000000000000000020e+30 1.000000000000000020e+30 1.000000000000000020e+30 1.000000000000000020e+30 1.000000000000000020e+30 1.000000000000000020e+30 1.000000000000000020e+30 1.000000000000000020e+30 1.000000000000000020e+30 1.000000000000000020e+30 1.000000000000000020e+30 1.000000000000000020e+30 1.000000000000000020e+30 1.000000000000000020e+30 8.041346931186890146e+00 8.064391381784885127e+00 8.088489521316160946e+00 8.106275503207978517e+00 8.124289766945208768e+00 8.118484708316055176e+00 1.000000000000000020e+30 1.000000000000000020e+30 1.000000000000000020e+30 1.000000000000000020e+30 1.000000000000000020e+30 1.000000000000000020e+30 1.000000000000000020e+30 1.000000000000000020e+30 1.000000000000000020e+30 1.000000000000000020e+30 1.000000000000000020e+30 1.000000000000000020e+30 1.000000000000000020e+30 1.000000000000000020e+30 1.000000000000000020e+30 1.000000000000000020e+30 1.000000000000000020e+30 1.000000000000000020e+30
1.000000000000000020e+30 1.000000000000000020e+30 1.000000000000000020e+30 1.000000000000000020e+30 8.215680857441116203e+00 8.204891203487138185e+00 8.204576126318382734e+00 1.000000000000000020e+30 1.000000000000000020e+30 1.000000000000000020e+30 1.000000000000000020e+30 1.000000000000000020e+30 1.000000000000000020e+30 1.000000000000000020e+30 1.000000000000000020e+30 1.000000000000000020e+30 1.000000000000000020e+30 1.000000000000000020e+30 1.000000000000000020e+30 1.000000000000000020e+30 1.000000000000000020e+30 1.000000000000000020e+30 1.000000000000000020e+30 1.000000000000000020e+30 1.000000000000000020e+30 1.000000000000000020e+30 1.000000000000000020e+30 1.000000000000000020e+30 1.000000000000000020e+30 1.000000000000000020e+30 1.000000000000000020e+30 1.000000000000000020e+30 1.000000000000000020e+30 1.000000000000000020e+30 8.095574174283870050e+00 8.116769624926718052e+00 8.138309154516646160e+00 8.188868095698722982e+00 8.151586196643762605e+00 1.000000000000000020e+30 1.000000000000000020e+30 1.000000000000000020e+30 1.000000000000000020e+30 1.000000000000000020e+30 1.000000000000000020e+30 1.000000000000000020e+30 1.000000000000000020e+30 1.000000000000000020e+30 1.000000000000000020e+30 1.000000000000000020e+30 1.000000000000000020e+30 1.000000000000000020e+30 1.000000000000000020e+30 1.000000000000000020e+30 1.000000000000000020e+30 1.000000000000000020e+30 1.000000000000000020e+30
1.000000000000000020e+30 1.000000000000000020e+30 1.000000000000000020e+30 1.000000000000000020e+30 8.232198639228077042e+00 1.000000000000000020e+30 1.000000000000000020e+30 1.000000000000000020e+30 1.000000000000000020e+30 1.000000000000000020e+30 1.000000000000000020e+30 1.000000000000000020e+30 1.000000000000000020e+30 1.000000000000000020e+30 1.000000000000000020e+30 1.000000000000000020e+30 1.000000000000000020e+30 1.000000000000000020e+30 1.000000000000000020e+30 1.000000000000000020e+30 1.000000000000000020e+30 1.000000000000000020e+30 1.000000000000000020e+30 1.000000000000000020e+30 1.000000000000000020e+30 1.000000000000000020e+30 1.000000000000000020e+30 1.000000000000000020e+30 1.000000000000000020e+30 1.000000000000000020e+30 1.000000000000000020e+30 1.000000000000000020e+30 1.000000000000000020e+30 1.000000000000000020e+30 1.000000000000000020e+30 8.127285386117790722e+00 8.134790551916418977e+00 1.000000000000000020e+30 1.000000000000000020e+30 1.000000000000000020e+30 1.000000000000000020e+30 1.000000000000000020e+30 1.000000000000000020e+30 1.000000000000000020e+30 1.000000000000000020e+30 1.000000000000000020e+30 1.000000000000000020e+30 1.000000000000000020e+30 1.000000000000000020e+30 1.000000000000000020e+30 1.000000000000000020e+30 1.000000000000000020e+30 1.000000000000000020e+30 1.000000000000000020e+30 1.000000000000000020e+30 1.000000000000000020e+30 1.000000000000000020e+30
