1.000000000000000020e+30 1.000000000000000020e+30 1.000000000000000020e+30 1.000000000000000020e+30 1.000000000000000020e+30 1.000000000000000020e+30 1.000000000000000020e+30 1.000000000000000020e+30 1.000000000000000020e+30 1.000000000000000020e+30 1.000000000000000020e+30 1.000000000000000020e+30 1.000000000000000020e+30 1.000000000000000020e+30 1.000000000000000020e+30 1.000000000000000020e+30 1.000000000000000020e+30 1.000000000000000020e+30 1.000000000000000020e+30 1.000000000000000020e+30 1.000000000000000020e+30 1.000000000000000020e+30 1.000000000000000020e+30 1.000000000000000020e+30 1.000000000000000020e+30 1.000000000000000020e+30 1.000000000000000020e+30 1.000000000000000020e+30 1.000000000000000020e+30 1.000000000000000020e+30 1.000000000000000020e+30 1.000000000000000020e+30 1.000000000000000020e+30 1.000000000000000020e+30 1.000000000000000020e+30 1.000000000000000020e+30 1.000000000000000020e+30 1.000000000000000020e+30 1.000000000000000020e+30 1.000000000000000020e+30 1.000000000000000020e+30 1.000000000000000020e+30 1.000000000000000020e+30 1.000000000000000020e+30 1.000000000000000020e+30 1.000000000000000020e+30 1.000000000000000020e+30 1.000000000000000020e+30 1.000000000000000020e+30 1.000000000000000020e+30 1.000000000000000020e+30 1.000000000000000020e+30 1.000000000000000020e+30 1.000000000000000020e+30 1.000000000000000020e+30 1.000000000000000020e+30 1.000000000000000020e+30
1.000000000000000020e+30 1.000000000000000020e+30 1.000000000000000020e+30 1.000000000000000020e+30 1.000000000000000020e+30 1.000000000000000020e+30 1.000000000000000020e+30 1.000000000000000020e+30 1.000000000000000020e+30 1.000000000000000020e+30 1.000000000000000020e+30 1.000000000000000020e+30 1.000000000000000020e+30 1.000000000000000020e+30 1.000000000000000020e+30 1.000000000000000020e+30 1.000000000000000020e+30 1.000000000000000020e+30 1.000000000000000020e+30 1.000000000000000020e+30 1.000000000000000020e+30 1.000000000000000020e+30 1.000000000000000020e+30 1.000000000000000020e+30 1.000000000000000020e+30 1.000000000000000020e+30 1.000000000000000020e+30 9.050064164884279450e+00 9.053639138879971071e+00 9.057991010548695598e+00 9.062283416660006807e+00 9.066256398206720135e+00 9.069839420936602892e+00 9.073031928469465157e+00 9.075863130887924513e+00 9.078377410446352158e+00 9.080628846073702576e+00 9.082679556870507653e+00 9.084598719366798747e+00 9.086458135535682601e+00 9.088314259730029931e+00 9.090148078207118232e+00 9.091669376950031634e+00 1.000000000000000020e+30 1.000000000000000020e+30 1.000000000000000020e+30 1.000000000000000020e+30 1.000000000000000020e+30 1.000000000000000020e+30 1.000000000000000020e+30 1.000000000000000020e+30 1.000000000000000020e+30 1.000000000000000020e+30 1.000000000000000020e+30 1.000000000000000020e+30 1.000000000000000020e+30 1.000000000000000020e+30
1.000000000000000020e+30 1.000000000000000020e+30 1.000000000000000020e+30 1.000000000000000020e+30 1.000000000000000020e+30 1.000000000000000020e+30 1.000000000000000020e+30 1.000000000000000020e+30 1.000000000000000020e+30 1.000000000000000020e+30 1.000000000000000020e+30 1.000000000000000020e+30 1.000000000000000020e+30 1.000000000000000020e+30 1.000000000000000020e+30 1.000000000000000020e+30 1.000000000000000020e+30 1.000000000000000020e+30 1.000000000000000020e+30 1.000000000000000020e+30 1.000000000000000020e+30 1.000000000000000020e+30 1.000000000000000020e+30 1.000000000000000020e+30 9.018259405034589449e+00 9.024087315095618678e+00 9.032235568640645695e+00 9.042363403652592169e+00 9.048731822923318902e+00 9.053910568240866041e+00 9.058448376350270337e+00 9.062472370852209025e+00 9.066031181646282633e+00 9.069164685023292094e+00 9.071917007673812705e+00 9.074338048266811896e+00 9.076483841333534031e+00 9.078418007156198399e+00 9.080214931268910661e+00 9.081965550043642921e+00 9.083788318351349034e+00 9.085863558266771278e+00 9.088557649659252391e+00 9.092965043899653210e+00 9.102024054773215411e+00 9.116762635737012843e+00 9.138587584981300083e+00 9.118911163314514567e+00 1.000000000000000020e+30 1.000000000000000020e+30 1.000000000000000020e+30 1.000000000000000020e+30 1.000000000000000020e+30 1.000000000000000020e+30 1.000000000000000020e+30 1.000000000000000020e+30 1.000000000000000020e+30
1.000000000000000020e+30 1.000000000000000020e+30 1.000000000000000020e+30 1.000000000000000020e+30 1.000000000000000020e+30 1.000000000000000020e+30 1.000000000000000020e+30 1.000000000000000020e+30 1.000000000000000020e+30 1.000000000000000020e+30 1.000000000000000020e+30 1.000000000000000020e+30 1.000000000000000020e+30 1.000000000000000020e+30 1.000000000000000020e+30 1.000000000000000020e+30 1.000000000000000020e+30 1.000000000000000020e+30 1.000000000000000020e+30 1.000000000000000020e+30 1.000000000000000020e+30 8.976594998408188530e+00 8.983982950293569303e+00 8.994644368572494386e+00 9.008293557256376261e+00 9.017632331274612056e+00 9.026123881972056395e+00 9.034290159503376216e+00 9.040877507136045210e+00 9.046325149535279664e+00 9.050965647203595310e+00 9.054972113996999639e+00 9.058441742273029007e+00 9.061442141681022022e+00 9.064030850698388875e+00 9.066263106525054738e+00 9.068195872147013503e+00 9.069891792745242043e+00 9.071425536566216863e+00 9.072895666394463987e+00 9.074449683782198406e+00 9.076340338755526815e+00 9.079050957563401525e+00 9.083545967332835147e+00 9.091501857108459816e+00 9.104765230765684336e+00 9.126451130719388516e+00 9.094250523480718940e+00 9.065222230657566271e+00 1.000000000000000020e+30 1.000000000000000020e+30 1.000000000000000020e+30 1.000000000000000020e+30 1.000000000000000020e+30 1.000000000000000020e+30 1.000000000000000020e+30 1.000000000000000020e+30
1.000000000000000020e+30 1.000000000000000020e+30 1.000000000000000020e+30 1.000000000000000020e+30 1.000000000000000020e+30 1.000000000000000020e+30 1.000000000000000020e+30 1.000000000000000020e+30 1.000000000000000020e+30 1.000000000000000020e+30 1.000000000000000020e+30 1.000000000000000020e+30 1.000000000000000020e+30 1.000000000000000020e+30 1.000000000000000020e+30 1.000000000000000020e+30 1.000000000000000020e+30 1.000000000000000020e+30 8.928347213331097265e+00 8.936586402750988256e+00 8.948881553473459149e+00 8.965017977001263461e+00 8.976530596060481315e+00 8.987490913068938880e+00 8.998486946525330765e+00 9.007880412510722579e+00 9.016196069119846612e+00 9.023653441829310395e+00 9.030015299817387486e+00 9.035389153544738150e+00 9.039944074786985695e+00 9.043815667768079436e+00 9.047103073898542291e+00 9.049882276038207607e+00 9.052216538879928720e+00 9.054162612824175227e+00 9.055774775223547124e+00 9.057108814753091153e+00 9.058228016853833608e+00 9.059214045433321871e+00 9.060187606629977353e+00 9.061348583649760258e+00 9.063045757971243788e+00 9.065880341351629568e+00 9.070816321522922721e+00 9.079423156143118234e+00 9.095807777536894179e+00 9.061411369049961806e+00 9.031165618117418248e+00 8.999406335544582802e+00 1.000000000000000020e+30 1.000000000000000020e+30 1.000000000000000020e+30 1.000000000000000020e+30 1.000000000000000020e+30 1.000000000000000020e+30 1.000000000000000020e+30
1.000000000000000020e+30 1.000000000000000020e+30 1.000000000000000020e+30 1.000000000000000020e+30 1.000000000000000020e+30 1.000000000000000020e+30 1.000000000000000020e+30 1.000000000000000020e+30 1.000000000000000020e+30 1.000000000000000020e+30 1.000000000000000020e+30 1.000000000000000020e+30 1.000000000000000020e+30 1.000000000000000020e+30 1.000000000000000020e+30 1.000000000000000020e+30 8.890007340306404160e+00 8.899685830027834754e+00 8.915836788225494303e+00 8.928274145910309656e+00 8.940805366312309488e+00 8.953857464647787978e+00 8.965439092255163445e+00 8.976124192149462999e+00 8.986116804110466205e+00 8.995047611357405160e+00 9.002970870492527311e+00 9.009955300125891853e+00 9.015978315479424410e+00 9.021098597019760135e+00 9.025416573919496699e+00 9.029033216591734856e+00 9.032036227569628650e+00 9.034499504405753001e+00 9.036485900085672540e+00 9.038049805704401862e+00 9.039239117034902904e+00 9.040097139843785712e+00 9.040665267431791108e+00 9.040987609520250601e+00 9.041118912081048009e+00 9.041136541695072637e+00 9.041151248659671680e+00 9.041290720848429885e+00 9.041567432431552476e+00 9.041344291579530790e+00 9.039087564261397034e+00 9.019386785823048314e+00 8.993561760557739149e+00 8.962553948514857538e+00 8.922811826775518540e+00 8.900955955535266639e+00 1.000000000000000020e+30 1.000000000000000020e+30 1.000000000000000020e+30 1.000000000000000020e+30 1.000000000000000020e+30
1.000000000000000020e+30 1.000000000000000020e+30 1.000000000000000020e+30 1.000000000000000020e+30 1.000000000000000020e+30 1.000000000000000020e+30 1.000000000000000020e+30 1.000000000000000020e+30 1.000000000000000020e+30 1.000000000000000020e+30 1.000000000000000020e+30 1.000000000000000020e+30 1.000000000000000020e+30 1.000000000000000020e+30 1.000000000000000020e+30 8.861929170978111614e+00 8.875983932498670015e+00 8.888887460157469889e+00 8.902744782015810543e+00 8.915599294155317267e+00 8.927960311642335611e+00 8.939939697722234513e+00 8.951033965567949835e+00 8.961254145987009423e+00 8.970623636401665379e+00 8.979044503232374907e+00 8.986509333332650229e+00 8.993041636674092842e+00 8.998660665886992760e+00 9.003415544199096843e+00 9.007379066423737868e+00 9.010631228683971372e+00 9.013248733150678760e+00 9.015300598500797236e+00 9.016846731201363596e+00 9.017937338992080498e+00 9.018612275386708177e+00 9.018899973565092765e+00 9.018815672701732566e+00 9.018358385895979268e+00 9.017505332695463949e+00 9.016201123870677847e+00 9.014335327609408921e+00 9.011695473567568726e+00 9.007876549940352362e+00 9.002130638066835999e+00 8.994769665939806202e+00 8.978421877503343751e+00 8.956043179152588962e+00 8.929302103186765649e+00 8.899744066381284568e+00 8.873890870907272799e+00 8.847579136762997010e+00 1.000000000000000020e+30 1.000000000000000020e+30 1.000000000000000020e+30 1.000000000000000020e+30
1.000000000000000020e+30 1.000000000000000020e+30 1.000000000000000020e+30 1.000000000000000020e+30 1.000000000000000020e+30 1.000000000000000020e+30 1.000000000000000020e+30 1.000000000000000020e+30 1.000000000000000020e+30 1.000000000000000020e+30 1.000000000000000020e+30 1.000000000000000020e+30 1.000000000000000020e+30 1.000000000000000020e+30 8.826357246429195058e+00 8.843474473519359336e+00 8.858739595373734232e+00 8.872788523562512353e+00 8.886339416472090136e+00 8.899124605808017563e+00 8.911225082810842579e+00 8.922655628672089279e+00 8.933269076012608778e+00 8.943015166238708957e+00 8.951870071474777646e+00 8.959795005365817744e+00 8.966780181225157520e+00 8.972838827982773324e+00 8.977997653147630430e+00 8.982302179087700011e+00 8.985813826891472900e+00 8.988601948944848985e+00 8.990736526673513751e+00 8.992283086153204152e+00 8.993299211902332502e+00 8.993831711179302246e+00 8.993913678859801308e+00 8.993560740029957756e+00 8.992765372184063466e+00 8.991487423754488617e+00 8.989637832748446300e+00 8.987051451995709428e+00 8.983444335592690067e+00 8.978355268390684429e+00 8.971114923992628221e+00 8.964836209977415038e+00 8.954357618576439748e+00 8.938384816972073210e+00 8.917755016209781616e+00 8.893701167171979449e+00 8.867761584331088187e+00 8.842040004134151587e+00 8.815987361349202800e+00 8.788506191515562449e+00 1.000000000000000020e+30 1.000000000000000020e+30 1.000000000000000020e+30
1.000000000000000020e+30 1.000000000000000020e+30 1.000000000000000020e+30 1.000000000000000020e+30 1.000000000000000020e+30 1.000000000000000020e+30 1.000000000000000020e+30 1.000000000000000020e+30 1.000000000000000020e+30 1.000000000000000020e+30 1.000000000000000020e+30 1.000000000000000020e+30 1.000000000000000020e+30 8.784995438466655315e+00 8.804770609555067296e+00 8.822436230286189840e+00 8.838306350207320250e+00 8.852814402955081263e+00 8.866351910662698899e+00 8.879010803120214845e+00 8.890858640583463313e+00 8.901907958767267814e+00 8.912108336750797832e+00 8.921418267344314756e+00 8.929807744562257454e+00 8.937252825753786212e+00 8.943747018168192398e+00 8.949302516839388488e+00 8.953947873676053604e+00 8.957727673575256233e+00 8.960699712265869366e+00 8.962929827322305698e+00 8.964486248135955293e+00 8.965434448689906688e+00 8.965832562546083295e+00 8.965727054284572617e+00 8.965148226266906661e+00 8.964104854445347215e+00 8.962576468580385480e+00 8.960500383769598898e+00 8.957748793578073077e+00 8.954089833838956736e+00 8.949124911319167097e+00 8.942175601145049058e+00 8.935496528128059168e+00 8.926647493446184356e+00 8.914321597975069622e+00 8.897859392905765219e+00 8.877715248754316946e+00 8.854776885961815225e+00 8.830316573124214585e+00 8.805233909240177681e+00 8.780500101505477772e+00 8.755660803651890589e+00 8.734164863853324690e+00 1.000000000000000020e+30 1.000000000000000020e+30
1.000000000000000020e+30 1.000000000000000020e+30 1.000000000000000020e+30 1.000000000000000020e+30 1.000000000000000020e+30 1.000000000000000020e+30 1.000000000000000020e+30 1.000000000000000020e+30 1.000000000000000020e+30 1.000000000000000020e+30 1.000000000000000020e+30 1.000000000000000020e+30 8.738220989349132495e+00 8.760671477352435232e+00 8.780783107741729765e+00 8.798718192910529368e+00 8.814795687707556837e+00 8.829399266471384067e+00 8.842858089326613324e+00 8.855348481458838350e+00 8.866954365229027246e+00 8.877693475045781213e+00 8.887539821065038481e+00 8.896457664659871867e+00 8.904415895955606786e+00 8.911393677085239773e+00 8.917386237328031484e+00 8.922406755829197067e+00 8.926485661568431595e+00 8.929669160497402558e+00 8.932016365839995586e+00 8.933595073303898459e+00 8.934476791558321196e+00 8.934731484429480730e+00 8.934422202065457341e+00 8.933599684441242417e+00 8.932297011229463735e+00 8.930524097744147127e+00 8.928260794705488834e+00 8.925445075219888835e+00 8.921949538206561670e+00 8.917538253659923697e+00 8.911810156777312031e+00 8.904230197399686020e+00 8.896944488300094989e+00 8.886802959996657592e+00 8.873260671487116724e+00 8.855824250805705233e+00 8.835245587468625317e+00 8.812116595560938848e+00 8.788200483866573265e+00 8.762749557181459537e+00 8.739743832366711374e+00 8.714058364534496448e+00 8.690311757077299859e+00 1.000000000000000020e+30 1.000000000000000020e+30
1.000000000000000020e+30 1.000000000000000020e+30 1.000000000000000020e+30 1.000000000000000020e+30 1.000000000000000020e+30 1.000000000000000020e+30 1.000000000000000020e+30 1.000000000000000020e+30 1.000000000000000020e+30 1.000000000000000020e+30 1.000000000000000020e+30 8.685504301496287383e+00 8.711134685481765061e+00 8.734092743746048271e+00 8.754417447568124899e+00 8.772342605908672653e+00 8.788274790519038149e+00 8.802674024834857391e+00 8.815905846134349133e+00 8.828169817648531037e+00 8.839539603894685627e+00 8.850015314698941538e+00 8.859561028618852419e+00 8.868132006907947229e+00 8.875690010109027028e+00 8.882211139486592799e+00 8.887690110729725035e+00 8.892141456276567268e+00 8.895598650427579912e+00 8.898112118188503672e+00 8.899746285693035830e+00 8.900575700443907223e+00 8.900680297564385057e+00 8.900139864757193209e+00 8.899027813395639086e+00 8.897404640631757289e+00 8.895311913021027195e+00 8.892767840789526090e+00 8.889764671271107588e+00 8.886264737154149884e+00 8.882184182012304419e+00 8.877339161147869362e+00 8.871296361606344050e+00 8.864438275997269301e+00 8.856095559042291399e+00 8.845179026207986794e+00 8.830883011907793900e+00 8.811687889144193875e+00 8.790048263246534432e+00 8.764930101747863134e+00 8.742269348571040766e+00 8.712434718855146087e+00 8.677320090218529458e+00 8.647157319135253317e+00 8.617242498803184603e+00 8.576440530859168021e+00 1.000000000000000020e+30
1.000000000000000020e+30 1.000000000000000020e+30 1.000000000000000020e+30 1.000000000000000020e+30 1.000000000000000020e+30 1.000000000000000020e+30 1.000000000000000020e+30 1.000000000000000020e+30 1.000000000000000020e+30 1.000000000000000020e+30 8.624846599155233662e+00 8.655143562480468233e+00 8.682036704455715181e+00 8.705506060237206967e+00 8.725853134787040943e+00 8.743395562726433923e+00 8.758754156004437519e+00 8.772613858869965142e+00 8.785447591116298582e+00 8.797437813634712001e+00 8.808595283116146035e+00 8.818864592083006215e+00 8.828172267105939497e+00 8.836448836802363260e+00 8.843640681735875475e+00 8.849716175211209901e+00 8.854667945411799579e+00 8.858512407951799617e+00 8.861287760132745106e+00 8.863051320472912664e+00 8.863876480204600838e+00 8.863849103210606373e+00 8.863062986410554345e+00 8.861613949201238682e+00 8.859592364106225304e+00 8.857074643742272713e+00 8.854115474750432924e+00 8.850744212707034819e+00 8.846969680391167046e+00 8.842794874061871369e+00 8.838232853053849425e+00 8.833299371683596135e+00 8.827977615866588579e+00 8.820956257633866926e+00 8.812616502696474896e+00 8.801700647340712891e+00 8.788137899669020925e+00 8.764694640266100123e+00 8.742991204785274917e+00 8.709912303843527326e+00 8.674212172010038913e+00 8.639548357510109966e+00 8.604487640642213719e+00 8.574529199349827380e+00 8.549568429204427389e+00 8.530131636169713261e+00 1.000000000000000020e+30
1.000000000000000020e+30 1.000000000000000020e+30 1.000000000000000020e+30 1.000000000000000020e+30 1.000000000000000020e+30 1.000000000000000020e+30 1.000000000000000020e+30 1.000000000000000020e+30 1.000000000000000020e+30 8.545937205755111066e+00 8.589712910157942360e+00 8.623403682359152000e+00 8.651627902947286231e+00 8.675354532582376876e+00 8.695442973364903239e+00 8.712015732212798014e+00 8.726147800236336849e+00 8.739025244088646005e+00 8.751306882833478795e+00 8.763039113688982695e+00 8.774063846710030035e+00 8.784221598977932643e+00 8.793378808385835299e+00 8.801428960581063166e+00 8.808296472957383827e+00 8.813939311280110545e+00 8.818348096443566320e+00 8.821542779455151972e+00 8.823568625138991095e+00 8.824492621821649507e+00 8.824400506282067624e+00 8.823393841943678595e+00 8.821586115121681004e+00 8.819096644172446986e+00 8.816041355858700967e+00 8.812520498661983837e+00 8.808605694273110132e+00 8.804332879289095359e+00 8.799712954136543530e+00 8.794773674026419741e+00 8.789631684876816564e+00 8.784536841927513606e+00 8.779712500036932710e+00 8.773557610790344796e+00 8.766449938942159292e+00 8.755575039580794083e+00 8.749945399054745110e+00 8.710596798029460075e+00 8.673798441585029551e+00 8.637569088208131518e+00 8.599668321068312693e+00 8.561587314092378165e+00 8.521062939708667017e+00 8.491398181195364714e+00 8.470846509914242262e+00 8.458853930082513628e+00 1.000000000000000020e+30
1.000000000000000020e+30 1.000000000000000020e+30 1.000000000000000020e+30 1.000000000000000020e+30 1.000000000000000020e+30 1.000000000000000020e+30 1.000000000000000020e+30 1.000000000000000020e+30 8.603584036010419211e+00 8.577876045832823593e+00 8.559766424168227417e+00 8.592293453979849005e+00 8.620934448118411808e+00 8.644100082557132581e+00 8.663843882482133552e+00 8.678405215243419235e+00 8.690155369916755745e+00 8.701420955394228329e+00 8.713132295934602922e+00 8.724791332870999838e+00 8.735867355558891489e+00 8.746068873428578527e+00 8.755200557999877731e+00 8.763114456376115413e+00 8.769709929878267474e+00 8.774934992680565315e+00 8.778781188615115028e+00 8.781275668049500993e+00 8.782474044594046347e+00 8.782455690398110804e+00 8.781321405096251809e+00 8.779192218057222163e+00 8.776207335534964571e+00 8.772518820759163560e+00 8.768280543459299636e+00 8.763629703706270035e+00 8.758662122074998280e+00 8.753409875258924444e+00 8.747844151877041341e+00 8.741945370479468735e+00 8.735888924091289809e+00 8.730319033212131430e+00 8.726310698385997711e+00 8.721809666795307336e+00 8.718720069221987501e+00 8.698843970840137274e+00 8.668971005033119681e+00 8.634788372769417464e+00 8.598591353272400539e+00 8.561429955516057788e+00 8.519816460960749183e+00 8.480558788085536648e+00 8.421240921034213400e+00 8.393599665869713178e+00 8.377995049445837950e+00 8.370007757076340482e+00 1.000000000000000020e+30
1.000000000000000020e+30 1.000000000000000020e+30 1.000000000000000020e+30 1.000000000000000020e+30 1.000000000000000020e+30 1.000000000000000020e+30 1.000000000000000020e+30 8.646851962574464423e+00 8.624447587220091194e+00 8.597312768857163334e+00 8.558519011843481294e+00 8.560185331960617816e+00 8.590880790570194492e+00 8.611471468844793975e+00 8.632667253453853107e+00 8.642876342858945904e+00 8.649945679950681310e+00 8.658696571920057039e+00 8.670363736475353633e+00 8.682507557079027549e+00 8.693951556151658266e+00 8.704414507412264967e+00 8.713687501326912610e+00 8.721580656192918113e+00 8.727966435524512789e+00 8.732787579794223376e+00 8.736044092740389289e+00 8.737777132516541201e+00 8.738057077517961346e+00 8.736977775258134571e+00 8.734656104409806332e+00 8.731234501153485539e+00 8.726883179664895351e+00 8.721798050993344376e+00 8.716189533497910702e+00 8.710256671069554812e+00 8.704142037315572011e+00 8.697871122924084375e+00 8.691305190372716538e+00 8.684191207628195741e+00 8.676488668467991161e+00 8.669275940589736607e+00 8.663702975397225003e+00 8.663277514557933046e+00 8.638115881609341073e+00 8.614765510143254090e+00 8.586863584998507548e+00 8.555530084665786461e+00 8.518864177528708836e+00 8.484236613665641968e+00 8.432076084242670078e+00 8.414033772612141249e+00 8.429983030899483865e+00 8.425880651750468076e+00 8.419723475331977625e+00 8.415902644998151771e+00 1.000000000000000020e+30
1.000000000000000020e+30 1.000000000000000020e+30 1.000000000000000020e+30 1.000000000000000020e+30 1.000000000000000020e+30 1.000000000000000020e+30 8.681461496106011921e+00 8.664516426884590672e+00 8.645249101628394328e+00 8.623555210440679630e+00 8.600611602714293369e+00 8.586621625318548112e+00 8.566046299172297651e+00 8.573385126738319428e+00 8.607660426998947401e+00 8.605695478501161233e+00 8.603284766178189713e+00 8.608310979057725021e+00 8.622402745985036532e+00 8.636236724826083844e+00 8.648356292722960248e+00 8.659312802330941139e+00 8.668936532487029112e+00 8.676951772425944398e+00 8.683195630659179542e+00 8.687618158659851986e+00 8.690243580443839377e+00 8.691138704477209487e+00 8.690394174997544852e+00 8.688118547012377846e+00 8.684442100727265412e+00 8.679526376886922634e+00 8.673574679713283331e+00 8.666838046655561456e+00 8.659609492877986980e+00 8.652195210593182750e+00 8.644845318870840956e+00 8.637625899412432418e+00 8.630237967594990067e+00 8.621867144191968535e+00 8.611347820811509735e+00 8.598684448005032621e+00 8.581138825484677213e+00 8.567954720169407068e+00 8.550244666615594014e+00 8.529765331465608114e+00 8.502697966844245059e+00 8.476095789326407726e+00 8.431567620413032316e+00 8.419026326906033475e+00 8.440863948139092798e+00 8.445895929425031312e+00 8.453227412637309257e+00 8.454678381942111187e+00 8.453576233775649484e+00 8.452438530210592660e+00 1.000000000000000020e+30
1.000000000000000020e+30 1.000000000000000020e+30 1.000000000000000020e+30 1.000000000000000020e+30 1.000000000000000020e+30 8.705097217153591416e+00 8.693755105546598472e+00 8.679809440217219674e+00 8.663737423295797768e+00 8.646261669515517667e+00 8.628910786909266051e+00 8.614767712262374033e+00 8.603074926498571529e+00 8.602698264064180478e+00 8.614024050423477519e+00 8.564101703453969705e+00 8.544338620178622890e+00 8.544032296607788624e+00 8.569906880822864892e+00 8.586920284007524273e+00 8.599192129158264919e+00 8.610836333057264369e+00 8.621107042723130220e+00 8.629423188512605591e+00 8.635585812926576565e+00 8.639590708005252750e+00 8.641517641241222236e+00 8.641477608502649232e+00 8.639587257285919364e+00 8.635965876290441656e+00 8.630747496140132924e+00 8.624102208487462562e+00 8.616260472690804306e+00 8.607534339008097390e+00 8.598328437861503915e+00 8.589125623487252170e+00 8.580411741066601650e+00 8.572474496860792215e+00 8.565004431185338163e+00 8.556459966999373279e+00 8.543026642355210143e+00 8.518622734966868393e+00 8.488743776059731516e+00 8.471663010339565147e+00 8.459631970332502249e+00 8.445827560830979408e+00 8.412523534374042100e+00 8.409029877744130133e+00 8.436095032865290833e+00 8.447086467462533221e+00 8.460924898140749661e+00 8.469954085064127725e+00 8.476875894160883718e+00 8.480570112851074427e+00 8.482009530728149116e+00 8.482385708565640670e+00 1.000000000000000020e+30
1.000000000000000020e+30 1.000000000000000020e+30 1.000000000000000020e+30 1.000000000000000020e+30 1.000000000000000020e+30 8.711854758743918126e+00 8.704036794376730057e+00 8.692577667160902521e+00 8.678943770625195953e+00 8.664114125318949533e+00 8.649230218962776107e+00 8.635654506816969445e+00 8.623944140375417788e+00 8.615444206933950966e+00 8.606309868890498649e+00 8.581519424334450363e+00 8.561177497039546225e+00 8.544872933250518443e+00 8.521396434011073495e+00 8.537508271454445463e+00 8.545847003461190639e+00 8.558951149914330259e+00 8.570472034040852449e+00 8.579304949713524309e+00 8.585401645594442854e+00 8.588914229023341562e+00 8.590030693531133466e+00 8.588931721091970672e+00 8.585762877443253061e+00 8.580641983066637835e+00 8.573685417901648620e+00 8.565047490169728661e+00 8.554964652378593826e+00 8.543799150640593254e+00 8.532081871889277025e+00 8.520547929571661072e+00 8.510120367996593771e+00 8.501707577702296348e+00 8.495623859247579901e+00 8.490639021781449358e+00 8.480281321779644443e+00 8.435874433296895347e+00 8.378007748216743877e+00 8.364755699423399804e+00 8.365216552386678828e+00 8.375805830507315974e+00 8.411526815276237912e+00 8.430507439580944506e+00 8.451154625536025478e+00 8.466794592431950761e+00 8.480330052674979413e+00 8.490687599402560792e+00 8.498347235534412292e+00 8.503331634141762407e+00 8.506128033596247917e+00 8.507336720347359105e+00 1.000000000000000020e+30
1.000000000000000020e+30 1.000000000000000020e+30 1.000000000000000020e+30 1.000000000000000020e+30 8.729806955194154838e+00 8.721869737345341989e+00 8.713377761703304358e+00 8.702908963355321603e+00 8.690703871328471664e+00 8.677340984101201471e+00 8.663524195279951101e+00 8.649924254216019293e+00 8.636819165751893124e+00 8.624012559564610214e+00 8.609410664379621991e+00 8.589616342124099191e+00 8.569084153212157773e+00 8.547971388915852842e+00 8.522738444819344394e+00 8.490956037947830382e+00 8.482845149579409494e+00 8.503787370040043925e+00 8.517688406021067138e+00 8.527104814532110666e+00 8.532994960358246672e+00 8.535832154638413272e+00 8.535956000702043411e+00 8.533644779851911721e+00 8.529065662111877444e+00 8.522308652467714296e+00 8.513433045781528818e+00 8.502533122796105403e+00 8.489807744357344532e+00 8.475626703484758551e+00 8.460611914808172429e+00 8.445767565247141562e+00 8.432657087738768098e+00 8.423389277661412322e+00 8.419851868038675136e+00 8.424820714297725388e+00 8.446126168523271360e+00 8.377171901579085755e+00 8.329711519640119022e+00 8.354424485084797070e+00 8.373464059076619392e+00 8.394705362715104258e+00 8.421698400911992621e+00 8.444788541844047813e+00 8.465738553315214077e+00 8.483166611077658459e+00 8.497512368560142804e+00 8.508753097067819127e+00 8.517156193967249322e+00 8.522964883293921545e+00 8.526526682768928111e+00 8.528195496721982849e+00 1.000000000000000020e+30
1.000000000000000020e+30 1.000000000000000020e+30 1.000000000000000020e+30 1.000000000000000020e+30 8.733248456074598209e+00 8.727917031212214738e+00 8.720148498872916321e+00 8.710405999223926443e+00 8.699018684302169291e+00 8.686384692303750654e+00 8.672930007663460117e+00 8.658994884531145075e+00 8.644659665384716973e+00 8.629609623816044461e+00 8.612906772012157930e+00 8.593623320718698722e+00 8.572714207535435449e+00 8.550301935554777799e+00 8.525701487414634627e+00 8.499642691726378985e+00 8.477752776996254624e+00 8.450718984916143484e+00 8.464473831629575784e+00 8.473535389489432745e+00 8.478757816288652549e+00 8.480584576442524281e+00 8.479435376797948010e+00 8.475736332946457452e+00 8.469642433877339727e+00 8.461169445123001509e+00 8.450253791833873152e+00 8.436860055641187017e+00 8.421083175992409409e+00 8.403219484690811925e+00 8.383852166677593587e+00 8.364078204727130483e+00 8.346116406510871499e+00 8.334043488975362735e+00 8.330210786971393944e+00 8.337231898983979761e+00 8.356893894725278216e+00 8.291377547721365815e+00 8.312790437646134123e+00 8.344134729082114177e+00 8.373904479588336613e+00 8.402281840942649183e+00 8.430248742822165298e+00 8.455732816472238511e+00 8.478415459600551429e+00 8.497237201930813555e+00 8.512457967975706197e+00 8.524350650225711590e+00 8.533283646319116400e+00 8.539591727903944829e+00 8.543574852756325555e+00 8.545486762319836060e+00 1.000000000000000020e+30
1.000000000000000020e+30 1.000000000000000020e+30 1.000000000000000020e+30 8.741897251943075986e+00 8.737544174108899497e+00 8.731907322336898147e+00 8.724376669696759734e+00 8.715009101436804073e+00 8.704011044841886147e+00 8.691648135761534277e+00 8.678183222103118766e+00 8.663800475420641689e+00 8.648517902238113564e+00 8.632130623981870698e+00 8.614222575837230167e+00 8.594462608177698471e+00 8.573021117446041117e+00 8.549959114386599168e+00 8.525221501858981199e+00 8.499216011227538559e+00 8.472825111595618353e+00 8.443582878975721684e+00 8.410958359744130419e+00 8.418831359602400255e+00 8.422954183572141318e+00 8.423354881050180154e+00 8.420503402990343389e+00 8.415252376685765867e+00 8.407613022395734603e+00 8.397466970310391687e+00 8.384520113777739425e+00 8.368504923690457176e+00 8.349341293499756844e+00 8.327166724516533947e+00 8.302299035569554064e+00 8.275320705133623278e+00 8.248371693851504816e+00 8.231083447213864090e+00 8.224281176502509894e+00 8.231501941091480035e+00 8.226828318975163867e+00 8.217851967546170755e+00 8.280297872631447120e+00 8.329811185678339669e+00 8.370164539707250384e+00 8.404736897960177089e+00 8.435797785529366877e+00 8.464045293358369193e+00 8.489571755678397835e+00 8.509575796161596983e+00 8.525442923750494728e+00 8.537658133722853648e+00 8.546816089009730888e+00 8.553347144837001537e+00 8.557508311941548484e+00 8.559511184070991874e+00 1.000000000000000020e+30
1.000000000000000020e+30 1.000000000000000020e+30 1.000000000000000020e+30 8.741819149454155280e+00 8.738673400944501068e+00 8.733322657711793724e+00 8.725955917524897743e+00 8.716730673580377342e+00 8.705827799860372807e+00 8.693442780813315451e+00 8.679752470226629768e+00 8.664872374968812352e+00 8.648815041702558659e+00 8.631473782448688681e+00 8.612658222029535793e+00 8.592217012750884564e+00 8.570146588076935856e+00 8.546452387413854268e+00 8.521129583716694711e+00 8.494252103615073324e+00 8.465782705665549912e+00 8.434813540597557946e+00 8.400700912713009672e+00 8.362824501672907473e+00 8.365830613560865103e+00 8.364337775423225096e+00 8.358927031927176898e+00 8.352102846754181797e+00 8.343021332155418079e+00 8.331476073795739623e+00 8.316739648090116788e+00 8.298151118349855082e+00 8.275424871636467117e+00 8.248576817368773462e+00 8.217575077442406339e+00 8.181194837750375370e+00 8.135565111341165334e+00 8.112182450574811909e+00 8.098820742516281257e+00 8.092692943666795813e+00 8.095450466470710538e+00 8.160305724114083503e+00 8.255099290981888771e+00 8.319052232110763612e+00 8.366653417994992736e+00 8.405197671826579509e+00 8.438706098698284919e+00 8.469680843916306046e+00 8.500911317195070538e+00 8.520764035207175624e+00 8.536839117214757522e+00 8.548822676772870111e+00 8.557805891850655655e+00 8.564326836618809224e+00 8.568464802681013737e+00 8.570409678239567342e+00 1.000000000000000020e+30
1.000000000000000020e+30 1.000000000000000020e+30 1.000000000000000020e+30 8.740465436563294332e+00 8.737574981402383756e+00 8.732304850240844019e+00 8.724928187073611952e+00 8.715639492446232595e+00 8.704608989695421073e+00 8.691995660221476072e+00 8.677934032118251650e+00 8.662512417446082580e+00 8.645754305728194922e+00 8.627615726268457408e+00 8.608009230218788943e+00 8.586854359580481599e+00 8.564112084810714620e+00 8.539751089531351980e+00 8.513727405680423743e+00 8.485970908330243034e+00 8.456283537406397599e+00 8.424178958408869988e+00 8.389139880173289043e+00 8.350620920700924543e+00 8.308082531802016391e+00 8.304115726025179001e+00 8.293633701033426675e+00 8.286070025583770260e+00 8.275738030468987816e+00 8.263502009945263183e+00 8.247612650182650995e+00 8.226705782162065717e+00 8.200363630567538920e+00 8.168829790920737466e+00 8.132867642243152062e+00 8.090895811815212113e+00 8.083813220493672347e+00 8.067027452253416442e+00 8.047636020563645687e+00 8.024133567807636425e+00 7.985928437714556516e+00 1.000000000000000020e+30 1.000000000000000020e+30 1.000000000000000020e+30 1.000000000000000020e+30 1.000000000000000020e+30 1.000000000000000020e+30 1.000000000000000020e+30 8.518323313606538605e+00 8.530477852128973026e+00 8.547124382145502963e+00 8.557829600215180577e+00 8.566131514363025445e+00 8.572587253235681715e+00 8.576522587983365753e+00 8.578165689321023635e+00 1.000000000000000020e+30
1.000000000000000020e+30 1.000000000000000020e+30 8.738179011635503812e+00 8.737592591447942425e+00 8.734437041186133399e+00 8.728958951311394543e+00 8.721361785462098837e+00 8.711815196999799227e+00 8.700471362032295986e+00 8.687466814994271758e+00 8.672915447174503356e+00 8.656897103667439808e+00 8.639449009017509340e+00 8.620566023674653522e+00 8.600213152303926023e+00 8.578346284432750934e+00 8.554924441982420191e+00 8.529899629914858394e+00 8.503201899492598415e+00 8.474718509145112932e+00 8.444250317126204664e+00 8.411473770917529791e+00 8.375994198024502069e+00 8.337305906134133693e+00 8.294527342345045184e+00 8.245201075259020129e+00 8.220199425058524412e+00 8.217573663302152553e+00 8.205113351982735281e+00 8.193919837339358025e+00 8.178220478383909864e+00 8.155384777239518712e+00 8.125147178986543040e+00 8.088121214067431453e+00 8.048731487407208007e+00 8.045703387222401304e+00 8.036278578412760609e+00 8.018985374109691477e+00 7.995060225239397411e+00 7.964766982682438545e+00 7.933245519612537322e+00 1.000000000000000020e+30 1.000000000000000020e+30 1.000000000000000020e+30 1.000000000000000020e+30 1.000000000000000020e+30 1.000000000000000020e+30 1.000000000000000020e+30 1.000000000000000020e+30 1.000000000000000020e+30 8.558182611327078249e+00 8.564109483665546918e+00 8.571207022521422303e+00 8.578301017576889009e+00 8.581815143815754610e+00 8.582508952455928153e+00 1.000000000000000020e+30
1.000000000000000020e+30 1.000000000000000020e+30 8.734377989019566968e+00 8.732890948993558666e+00 8.729211851858298843e+00 8.723310827427829039e+00 8.715302799439763604e+00 8.705322573525407392e+00 8.693502642685032811e+00 8.679964927041432077e+00 8.664813884253854681e+00 8.648129615034816808e+00 8.629962993901989066e+00 8.610335315452214644e+00 8.589243324991771900e+00 8.566666952664721890e+00 8.542573278329840036e+00 8.516912347359438584e+00 8.489608791551225053e+00 8.460550478531130736e+00 8.429574675930687988e+00 8.396466526514188899e+00 8.360992705571076655e+00 8.322951193372237100e+00 8.282316377280761088e+00 8.239915950648446952e+00 8.200969905145736760e+00 8.153584935156596103e+00 8.127880499702303752e+00 8.123491991210023855e+00 8.110598037238649027e+00 8.086074332840661683e+00 8.051293014339480081e+00 8.004306749557152045e+00 8.004600736899528002e+00 8.001424746328675397e+00 7.991152320955056787e+00 7.972129775135048391e+00 7.943418192863274108e+00 7.901200774607995747e+00 1.000000000000000020e+30 1.000000000000000020e+30 1.000000000000000020e+30 1.000000000000000020e+30 1.000000000000000020e+30 1.000000000000000020e+30 1.000000000000000020e+30 1.000000000000000020e+30 1.000000000000000020e+30 1.000000000000000020e+30 1.000000000000000020e+30 1.000000000000000020e+30 1.000000000000000020e+30 8.582824325248315844e+00 8.584891651836411341e+00 1.000000000000000020e+30 1.000000000000000020e+30
1.000000000000000020e+30 8.726159228828858971e+00 8.727676866481361984e+00 8.725986734043006621e+00 8.721802045383304502e+00 8.715350999778847196e+00 8.706776532306763627e+00 8.696206616763278774e+00 8.683762935988129428e+00 8.669559525022576096e+00 8.653698396467554232e+00 8.636264962509628162e+00 8.617324284933060241e+00 8.596919190503820474e+00 8.575070487518566154e+00 8.551778161146799562e+00 8.527021436522247200e+00 8.500756609813329590e+00 8.472914008618161574e+00 8.443395638132905390e+00 8.412076272317243308e+00 8.378815589149422038e+00 8.343491279585702358e+00 8.306059152659827305e+00 8.266672435670598063e+00 8.225906771851892785e+00 8.184845366902237629e+00 8.141838333025297914e+00 8.101703746417781460e+00 8.056125671992905524e+00 8.049156802463306448e+00 8.021552360954990135e+00 7.984140121356092301e+00 7.946640781651685081e+00 7.958427837566892649e+00 7.958774251176466308e+00 7.949346554011624377e+00 7.929564967738953918e+00 7.899911213247945874e+00 7.872045665544505688e+00 1.000000000000000020e+30 1.000000000000000020e+30 1.000000000000000020e+30 1.000000000000000020e+30 1.000000000000000020e+30 1.000000000000000020e+30 1.000000000000000020e+30 1.000000000000000020e+30 1.000000000000000020e+30 1.000000000000000020e+30 1.000000000000000020e+30 1.000000000000000020e+30 1.000000000000000020e+30 1.000000000000000020e+30 1.000000000000000020e+30 1.000000000000000020e+30 1.000000000000000020e+30
1.000000000000000020e+30 8.720255211790586714e+00 8.719793961689502382e+00 8.717179778830319137e+00 8.712253433074968356e+00 8.705091939646434795e+00 8.695802438983193383e+00 8.684497525601198475e+00 8.671290176154284879e+00 8.656290666917540122e+00 8.639603287767565476e+00 8.621322727353531334e+00 8.601530318573356482e+00 8.580290355386077650e+00 8.557646601744762549e+00 8.533619051579927728e+00 8.508201187580072045e+00 8.481358468542133267e+00 8.453029077999843821e+00 8.423127814095986210e+00 8.391554518143651720e+00 8.358209943394271590e+00 8.323022352143253144e+00 8.285985888550960965e+00 8.247207903272645524e+00 8.206927729696479545e+00 8.165334581464614772e+00 8.121818295607033278e+00 8.075507048441389557e+00 8.018588824268164217e+00 8.002827947036371015e+00 7.961296849702195644e+00 7.911503209158931682e+00 7.909033530232907339e+00 7.918179119658853793e+00 7.920445816899727376e+00 7.912497141528989530e+00 7.891522978214093875e+00 7.849306903269000379e+00 1.000000000000000020e+30 1.000000000000000020e+30 1.000000000000000020e+30 1.000000000000000020e+30 1.000000000000000020e+30 1.000000000000000020e+30 1.000000000000000020e+30 1.000000000000000020e+30 1.000000000000000020e+30 1.000000000000000020e+30 1.000000000000000020e+30 1.000000000000000020e+30 1.000000000000000020e+30 1.000000000000000020e+30 1.000000000000000020e+30 1.000000000000000020e+30 1.000000000000000020e+30 1.000000000000000020e+30
8.707434432575205108e+00 8.710418788554367353e+00 8.709666490804755412e+00 8.706279066246658260e+00 8.700525230794136533e+00 8.692528075151997768e+00 8.682389771501998865e+00 8.670213211032445244e+00 8.656105547109978815e+00 8.640176661085007481e+00 8.622536933603020870e+00 8.603294324992747377e+00 8.582550348063287871e+00 8.560394439891018337e+00 8.536896687259607930e+00 8.512099891819447706e+00 8.486013288306356372e+00 8.458610655818961988e+00 8.429833982384119295e+00 8.399602215078246559e+00 8.367824144401247111e+00 8.334414743997813346e+00 8.299314275097829707e+00 8.262507810074014358e+00 8.224038205927387324e+00 8.183991025709717704e+00 8.142411182220246957e+00 8.099189136538546663e+00 8.054440133620142106e+00 8.009461882858280646e+00 7.976691307792054708e+00 7.903693364217313722e+00 7.860420755037337948e+00 7.854213741788710124e+00 7.879298216956874157e+00 7.886901952793038184e+00 7.883311906058958485e+00 7.869134375130562020e+00 7.830778521066146247e+00 1.000000000000000020e+30 1.000000000000000020e+30 1.000000000000000020e+30 1.000000000000000020e+30 1.000000000000000020e+30 1.000000000000000020e+30 1.000000000000000020e+30 1.000000000000000020e+30 1.000000000000000020e+30 1.000000000000000020e+30 1.000000000000000020e+30 1.000000000000000020e+30 1.000000000000000020e+30 1.000000000000000020e+30 1.000000000000000020e+30 1.000000000000000020e+30 1.000000000000000020e+30 1.000000000000000020e+30
8.700039918592457511e+00 8.699911529291506795e+00 8.697762692475226487e+00 8.693328931600268206e+00 8.686609620221826589e+00 8.677656244333189051e+00 8.666544360258694013e+00 8.653364607735163361e+00 8.638219560937493213e+00 8.621221067664228244e+00 8.602488747143478776e+00 8.582148129619932675e+00 8.560326800488169852e+00 8.537146846798147948e+00 8.512712791907800280e+00 8.487096633617836616e+00 8.460325268430851864e+00 8.432377063690326580e+00 8.403188915252668423e+00 8.372670828861798142e+00 8.340723966722189076e+00 8.307258182459639428e+00 8.272206025287292874e+00 8.235530428085128918e+00 8.197224889625456257e+00 8.157304718241739749e+00 8.115784452048648845e+00 8.072675253892651170e+00 8.028121668267026223e+00 7.982573697006194458e+00 7.936639647532841124e+00 7.881028366451194422e+00 7.835302376040686134e+00 7.829110008628205719e+00 7.852392030554912417e+00 7.859146418471538276e+00 7.858124425859789319e+00 7.858523760239889633e+00 8.100358782994041107e+00 1.000000000000000020e+30 1.000000000000000020e+30 1.000000000000000020e+30 1.000000000000000020e+30 1.000000000000000020e+30 1.000000000000000020e+30 1.000000000000000020e+30 1.000000000000000020e+30 1.000000000000000020e+30 1.000000000000000020e+30 1.000000000000000020e+30 1.000000000000000020e+30 1.000000000000000020e+30 1.000000000000000020e+30 1.000000000000000020e+30 1.000000000000000020e+30 1.000000000000000020e+30 1.000000000000000020e+30
8.688350475584378785e+00 8.686999821345105843e+00 8.683713035430393745e+00 8.678227755438836510e+00 8.670475712227888820e+00 8.660471215096846365e+00 8.648272185038644366e+00 8.633961198863636000e+00 8.617638632767896212e+00 8.599419949640418892e+00 8.579436120546809263e+00 8.557834410976315809e+00 8.534776350378839638e+00 8.510429039728483858e+00 8.484946651102143633e+00 8.458443124461252793e+00 8.430966509710071222e+00 8.402492653514865850e+00 8.372938624087380433e+00 8.342187209564782435e+00 8.310114138679891127e+00 8.276609866587259390e+00 8.241591302706277489e+00 8.204998888992347972e+00 8.166785458264072872e+00 8.126918638902200342e+00 8.085385310190432051e+00 8.042180771219669566e+00 7.997307238687997533e+00 7.950515993132889037e+00 7.900649760451803338e+00 7.842813317298110931e+00 7.834350326852340451e+00 7.832152385667590977e+00 7.836536240014794430e+00 7.835331126013498348e+00 7.820323686860112922e+00 7.750892187672675071e+00 1.000000000000000020e+30 1.000000000000000020e+30 1.000000000000000020e+30 1.000000000000000020e+30 1.000000000000000020e+30 1.000000000000000020e+30 1.000000000000000020e+30 1.000000000000000020e+30 1.000000000000000020e+30 1.000000000000000020e+30 1.000000000000000020e+30 1.000000000000000020e+30 1.000000000000000020e+30 1.000000000000000020e+30 1.000000000000000020e+30 1.000000000000000020e+30 1.000000000000000020e+30 1.000000000000000020e+30 1.000000000000000020e+30
8.673566467071008645e+00 8.671575777259524997e+00 8.667405991872952242e+00 8.660930179309747956e+00 8.652114219152469587e+00 8.640980083924983290e+00 8.627587108262979143e+00 8.612017719331181098e+00 8.594372536659616202e+00 8.574770376331866117e+00 8.553353054969855762e+00 8.530291960017923003e+00 8.505791645484016783e+00 8.480083117464605635e+00 8.453397853407027540e+00 8.425917654404818435e+00 8.397718152010428483e+00 8.368759198762210971e+00 8.338913344350427082e+00 8.308008643921585445e+00 8.275873258811884625e+00 8.242366156002763233e+00 8.207391187455058912e+00 8.170877160110473270e+00 8.132733607825837652e+00 8.092875884243978746e+00 8.051274050429153561e+00 8.007909342146772858e+00 7.962900459274999676e+00 7.915959643071690088e+00 7.866996349468498906e+00 7.816419535469356639e+00 7.821505439368218404e+00 7.823074302860296036e+00 7.823748356559138806e+00 7.818309792744599918e+00 7.799746054325932931e+00 7.755962111361705880e+00 1.000000000000000020e+30 1.000000000000000020e+30 1.000000000000000020e+30 1.000000000000000020e+30 1.000000000000000020e+30 1.000000000000000020e+30 1.000000000000000020e+30 1.000000000000000020e+30 1.000000000000000020e+30 1.000000000000000020e+30 1.000000000000000020e+30 1.000000000000000020e+30 1.000000000000000020e+30 1.000000000000000020e+30 1.000000000000000020e+30 1.000000000000000020e+30 1.000000000000000020e+30 1.000000000000000020e+30 1.000000000000000020e+30
8.656299015352660220e+00 8.653852566733343465e+00 8.648918095472691192e+00 8.641477289888680247e+00 8.631557211901364823e+00 8.619212066895961755e+00 8.604517000428481666e+00 8.587560269948747660e+00 8.568442464216863286e+00 8.547281117866198485e+00 8.524222626907842937e+00 8.499459310963892733e+00 8.473245937380731618e+00 8.445903916851120741e+00 8.417792690984056136e+00 8.389218820646513919e+00 8.360295311565256071e+00 8.330937476805591047e+00 8.300930261148613098e+00 8.270001969568239630e+00 8.237902021132475383e+00 8.204443319316274241e+00 8.169536107111753154e+00 8.133141368696410467e+00 8.095099809509939348e+00 8.055225218627066752e+00 8.013514135585049658e+00 7.969807420930306030e+00 7.924885090140985078e+00 7.877818479160678677e+00 7.829288627339863638e+00 7.795247051239928560e+00 7.806568918584845918e+00 7.812371063607743693e+00 7.814393228333280206e+00 7.809742925443782013e+00 7.795389043861920442e+00 7.769418138986875277e+00 1.000000000000000020e+30 1.000000000000000020e+30 1.000000000000000020e+30 1.000000000000000020e+30 1.000000000000000020e+30 1.000000000000000020e+30 1.000000000000000020e+30 1.000000000000000020e+30 1.000000000000000020e+30 1.000000000000000020e+30 1.000000000000000020e+30 1.000000000000000020e+30 1.000000000000000020e+30 1.000000000000000020e+30 1.000000000000000020e+30 1.000000000000000020e+30 1.000000000000000020e+30 1.000000000000000020e+30 1.000000000000000020e+30
8.636968984959018769e+00 8.634103580633452069e+00 8.628413047655371315e+00 8.619970352604399366e+00 8.608872242053752899e+00 8.595217324853164698e+00 8.579104546921907826e+00 8.560629885052167154e+00 8.539889004863562505e+00 8.516986408831881405e+00 8.492056321366989735e+00 8.465295914509015418e+00 8.437006542503739936e+00 8.407629326641165690e+00 8.377743350977532089e+00 8.347921277977770060e+00 8.318317904061514056e+00 8.288736539650244595e+00 8.258800352789023691e+00 8.228059515363124632e+00 8.196141680254816819e+00 8.162779155313266699e+00 8.127934488698006277e+00 8.091771394339707157e+00 8.053967676986635738e+00 8.014025079263037199e+00 7.972304494951768739e+00 7.927410275588265165e+00 7.883431968550838498e+00 7.835480028918651030e+00 7.770777604788560389e+00 7.783798427758020999e+00 7.794013146414674686e+00 7.802386991637108693e+00 7.808796954342898999e+00 7.807992296515156916e+00 7.799024272316128048e+00 1.000000000000000020e+30 1.000000000000000020e+30 1.000000000000000020e+30 1.000000000000000020e+30 1.000000000000000020e+30 1.000000000000000020e+30 1.000000000000000020e+30 1.000000000000000020e+30 1.000000000000000020e+30 1.000000000000000020e+30 1.000000000000000020e+30 1.000000000000000020e+30 1.000000000000000020e+30 1.000000000000000020e+30 1.000000000000000020e+30 1.000000000000000020e+30 1.000000000000000020e+30 1.000000000000000020e+30 1.000000000000000020e+30 1.000000000000000020e+30
8.615955341537720358e+00 8.612625325975374224e+00 8.606094995719844931e+00 8.596542524952257125e+00 8.584146468447228173e+00 8.569057522916171621e+00 8.551401941525487160e+00 8.531281897070220666e+00 8.508778679848543192e+00 8.483963004434038169e+00 8.456923975212591316e+00 8.427822823728270407e+00 8.396972552797633327e+00 8.364936713399513835e+00 8.332659614282599492e+00 8.301392687279404825e+00 8.271266542108486775e+00 8.241800811666555759e+00 8.212348998502795538e+00 8.182131644426734240e+00 8.150626612717875474e+00 8.117359143008330946e+00 8.082372046443250468e+00 8.046718780234430213e+00 8.009603282553744208e+00 7.969178440864596702e+00 7.928785205319455187e+00 7.878390843352976347e+00 7.839722435989814109e+00 7.802715203941477107e+00 7.767368589745521135e+00 7.772191059473385621e+00 7.780193375681071721e+00 7.791354300590128901e+00 7.807747834778179907e+00 7.812375828775120823e+00 7.808462341069617452e+00 1.000000000000000020e+30 1.000000000000000020e+30 1.000000000000000020e+30 1.000000000000000020e+30 1.000000000000000020e+30 1.000000000000000020e+30 1.000000000000000020e+30 1.000000000000000020e+30 1.000000000000000020e+30 1.000000000000000020e+30 1.000000000000000020e+30 1.000000000000000020e+30 1.000000000000000020e+30 1.000000000000000020e+30 1.000000000000000020e+30 1.000000000000000020e+30 1.000000000000000020e+30 1.000000000000000020e+30 1.000000000000000020e+30 1.000000000000000020e+30
8.593678561706893149e+00 8.589748155321284884e+00 8.582187859781120309e+00 8.571334470965094710e+00 8.557466729739937605e+00 8.540790397337399753e+00 8.521458908693139378e+00 8.499578582336837940e+00 8.475205666905795354e+00 8.448348165774493879e+00 8.418996492371787710e+00 8.387196636752676682e+00 8.353175112814675174e+00 8.317488811009441818e+00 8.281522799730785422e+00 8.248637864974508460e+00 8.218431024400697282e+00 8.189692525045083826e+00 8.161471834057275387e+00 8.132267697446431853e+00 8.101617277326424116e+00 8.067867719259243842e+00 8.030800985765806033e+00 7.996218501846909632e+00 7.961451504705959969e+00 7.916766986625417779e+00 7.887815497688835720e+00 7.873503425134883216e+00 7.848493346089108869e+00 7.820848652421501512e+00 7.791200870595572425e+00 7.785547013082260825e+00 7.795321839640438455e+00 7.798490110549039400e+00 7.815303441014070707e+00 7.822725838471039417e+00 7.823368586320336604e+00 7.821206435458162076e+00 1.000000000000000020e+30 1.000000000000000020e+30 1.000000000000000020e+30 1.000000000000000020e+30 1.000000000000000020e+30 1.000000000000000020e+30 1.000000000000000020e+30 1.000000000000000020e+30 1.000000000000000020e+30 1.000000000000000020e+30 1.000000000000000020e+30 1.000000000000000020e+30 1.000000000000000020e+30 1.000000000000000020e+30 1.000000000000000020e+30 1.000000000000000020e+30 1.000000000000000020e+30 1.000000000000000020e+30 1.000000000000000020e+30
8.570691903887871277e+00 8.565853567420775860e+00 8.556912978037161110e+00 8.544465637665615176e+00 8.528895478889864989e+00 8.510449327971347344e+00 8.489302847244328376e+00 8.465570592291239649e+00 8.439281499504557971e+00 8.410350090490933184e+00 8.378594856179212513e+00 8.343821660008714503e+00 8.306021099413733566e+00 8.265246632962053752e+00 8.222179228821170582e+00 8.188035533803249777e+00 8.158921560175567578e+00 8.131829799483069721e+00 8.103697307092488700e+00 8.074896315371097089e+00 8.045376268693445354e+00 8.012575671678499489e+00 7.965901312856939143e+00 7.936338213122170693e+00 7.915043069206733506e+00 7.909806864860540188e+00 7.893073394543672627e+00 7.876705615804231897e+00 7.857820131181246559e+00 7.838854627849829448e+00 7.822497266469542687e+00 7.815096379371232693e+00 7.813413068519356131e+00 7.812876644808914861e+00 7.829342306099126070e+00 7.837768921745294826e+00 7.839157730103242017e+00 7.834099428824490730e+00 1.000000000000000020e+30 1.000000000000000020e+30 1.000000000000000020e+30 1.000000000000000020e+30 1.000000000000000020e+30 1.000000000000000020e+30 1.000000000000000020e+30 1.000000000000000020e+30 1.000000000000000020e+30 1.000000000000000020e+30 1.000000000000000020e+30 1.000000000000000020e+30 1.000000000000000020e+30 1.000000000000000020e+30 1.000000000000000020e+30 1.000000000000000020e+30 1.000000000000000020e+30 1.000000000000000020e+30 1.000000000000000020e+30
8.547854662776497747e+00 8.541363780134622274e+00 8.530431726336196618e+00 8.515990090464782725e+00 8.498443535611261979e+00 8.478020927810410612e+00 8.454910319477626501e+00 8.429260113633919360e+00 8.401100201121307620e+00 8.370232887991759796e+00 8.336220890158154262e+00 8.298432058148812018e+00 8.256742894258811916e+00 8.210138703441648644e+00 8.148689039209109808e+00 8.117135894261576112e+00 8.089957537377705066e+00 8.062367967596868468e+00 8.032404884706837223e+00 8.003367675738699560e+00 7.976325144380472132e+00 7.955282694716500735e+00 7.955850088709849999e+00 7.940414421799558475e+00 7.924073973605776366e+00 7.911466099840792410e+00 7.896198082642444049e+00 7.880720572568209015e+00 7.865718192135999765e+00 7.852630813202583049e+00 7.842602301890209127e+00 7.835870218664061859e+00 7.827536923728691143e+00 7.832400592582929200e+00 7.849204171345621539e+00 7.857841932270771323e+00 7.859541609583513555e+00 7.853227016454311205e+00 1.000000000000000020e+30 1.000000000000000020e+30 1.000000000000000020e+30 1.000000000000000020e+30 1.000000000000000020e+30 1.000000000000000020e+30 1.000000000000000020e+30 1.000000000000000020e+30 1.000000000000000020e+30 1.000000000000000020e+30 1.000000000000000020e+30 1.000000000000000020e+30 1.000000000000000020e+30 1.000000000000000020e+30 1.000000000000000020e+30 1.000000000000000020e+30 1.000000000000000020e+30 1.000000000000000020e+30 1.000000000000000020e+30
8.526771395746726157e+00 8.516566798577031250e+00 8.502692805391527386e+00 8.485833083553366407e+00 8.466051655472982773e+00 8.443431532556392227e+00 8.418172048844429156e+00 8.390535326476811662e+00 8.360660843144444243e+00 8.328250028699878627e+00 8.292564157801582070e+00 8.251827822753954322e+00 8.207203249320444982e+00 8.164611095976615829e+00 8.115403259453065843e+00 8.109826481975114021e+00 8.092420211994170387e+00 8.069232767909912951e+00 8.042552142278569960e+00 8.015169635405014148e+00 7.989181410186341203e+00 7.969465140087737431e+00 7.959014496154752649e+00 7.945178904879020898e+00 7.930103029640417134e+00 7.915124781042339741e+00 7.899027224012936443e+00 7.883728240055297931e+00 7.871368560970624983e+00 7.863045497554351115e+00 7.858577749438848237e+00 7.856255569779627912e+00 7.851705348556961006e+00 7.863659301362434739e+00 7.875129459869167903e+00 7.882941107264286984e+00 7.886169140367807806e+00 7.883942710713077062e+00 1.000000000000000020e+30 1.000000000000000020e+30 1.000000000000000020e+30 1.000000000000000020e+30 1.000000000000000020e+30 1.000000000000000020e+30 1.000000000000000020e+30 1.000000000000000020e+30 1.000000000000000020e+30 1.000000000000000020e+30 1.000000000000000020e+30 1.000000000000000020e+30 1.000000000000000020e+30 1.000000000000000020e+30 1.000000000000000020e+30 1.000000000000000020e+30 1.000000000000000020e+30 1.000000000000000020e+30 1.000000000000000020e+30
8.511112090155318555e+00 8.490640221132688126e+00 8.473116796245102833e+00 8.453752451484060515e+00 8.431620911607703661e+00 8.406569004892109120e+00 8.378860478059888095e+00 8.349057303043299072e+00 8.317724498788718890e+00 8.284463432754925805e+00 8.246644713854161424e+00 8.199162422330278588e+00 8.141343670248383901e+00 8.110604639390514237e+00 8.113720502418534153e+00 8.109260533917288072e+00 8.096390324568885077e+00 8.076015798248457500e+00 8.053166803837861210e+00 8.030696995776729352e+00 8.003187289650554703e+00 7.981289110891926164e+00 7.968633159066648375e+00 7.956030583037331461e+00 7.942084967151136432e+00 7.922380588520415046e+00 7.905707604123188403e+00 7.891184207949745399e+00 7.881312930374118508e+00 7.873389503851785598e+00 7.874739837894819239e+00 7.879240554756646198e+00 7.884480070191805190e+00 7.893276363920256777e+00 7.902765856714371040e+00 7.910827372586998862e+00 7.916575200859442774e+00 7.919731375038193910e+00 1.000000000000000020e+30 1.000000000000000020e+30 1.000000000000000020e+30 1.000000000000000020e+30 1.000000000000000020e+30 1.000000000000000020e+30 1.000000000000000020e+30 1.000000000000000020e+30 1.000000000000000020e+30 1.000000000000000020e+30 1.000000000000000020e+30 1.000000000000000020e+30 1.000000000000000020e+30 1.000000000000000020e+30 1.000000000000000020e+30 1.000000000000000020e+30 1.000000000000000020e+30 1.000000000000000020e+30 1.000000000000000020e+30
1.000000000000000020e+30 8.456914637497071396e+00 8.440500902662323668e+00 8.419527118645511621e+00 8.395169159430155403e+00 8.367384565488169557e+00 8.336624813814569990e+00 8.304048168211856762e+00 8.270087118698413065e+00 8.229908689311988823e+00 8.186776589920285119e+00 8.125138174565160298e+00 8.130051432337703332e+00 8.120220171117605190e+00 8.117381670849153963e+00 8.114238618094884004e+00 8.108519111065154661e+00 8.093016900548850145e+00 8.056303179115962720e+00 8.045408551124383578e+00 1.000000000000000020e+30 7.982939353579418196e+00 7.975646522370324121e+00 7.966435677222381884e+00 7.958712701271855927e+00 1.000000000000000020e+30 1.000000000000000020e+30 1.000000000000000020e+30 7.895077361516334769e+00 7.891160495010244524e+00 7.892268033613897060e+00 7.902416253773309585e+00 7.911108620525424406e+00 7.920278767101675221e+00 7.930034551379489649e+00 7.939349798392530744e+00 7.947997277257170090e+00 7.957585805816943747e+00 7.974959189316212615e+00 1.000000000000000020e+30 1.000000000000000020e+30 1.000000000000000020e+30 1.000000000000000020e+30 1.000000000000000020e+30 1.000000000000000020e+30 1.000000000000000020e+30 1.000000000000000020e+30 1.000000000000000020e+30 1.000000000000000020e+30 1.000000000000000020e+30 1.000000000000000020e+30 1.000000000000000020e+30 1.000000000000000020e+30 1.000000000000000020e+30 1.000000000000000020e+30 1.000000000000000020e+30 1.000000000000000020e+30
1.000000000000000020e+30 8.434687294757143405e+00 8.407502128575993439e+00 8.383710132463317422e+00 8.357137374855504675e+00 8.326128418386224084e+00 8.291116051220095429e+00 8.251315860045286499e+00 8.207239337146612357e+00 8.125827718405092881e+00 8.047009599454606033e+00 8.100241647528088507e+00 8.120974877178744222e+00 8.124676295700279383e+00 8.133382009151175041e+00 8.120162658056626626e+00 8.117754326992043801e+00 1.000000000000000020e+30 1.000000000000000020e+30 1.000000000000000020e+30 1.000000000000000020e+30 1.000000000000000020e+30 1.000000000000000020e+30 1.000000000000000020e+30 1.000000000000000020e+30 1.000000000000000020e+30 1.000000000000000020e+30 1.000000000000000020e+30 7.904909788839436402e+00 7.906239336083152658e+00 7.916112439804291689e+00 7.924868023668130590e+00 7.934231643896023201e+00 7.944934849617688144e+00 7.956081347071065402e+00 7.966973383591672508e+00 7.977000325458734942e+00 7.986263977895330157e+00 7.994721323172203853e+00 1.000000000000000020e+30 1.000000000000000020e+30 1.000000000000000020e+30 1.000000000000000020e+30 1.000000000000000020e+30 1.000000000000000020e+30 1.000000000000000020e+30 1.000000000000000020e+30 1.000000000000000020e+30 1.000000000000000020e+30 1.000000000000000020e+30 1.000000000000000020e+30 1.000000000000000020e+30 1.000000000000000020e+30 1.000000000000000020e+30 1.000000000000000020e+30 1.000000000000000020e+30 1.000000000000000020e+30
1.000000000000000020e+30 1.000000000000000020e+30 8.366105655892432935e+00 8.345632105401607603e+00 8.318462337270215556e+00 8.283299974094745721e+00 8.239592499371344303e+00 8.173839404934417630e+00 8.114650987314059094e+00 8.118793500069333646e+00 8.087094452624235430e+00 8.098506867059294123e+00 1.000000000000000020e+30 1.000000000000000020e+30 1.000000000000000020e+30 1.000000000000000020e+30 1.000000000000000020e+30 1.000000000000000020e+30 1.000000000000000020e+30 1.000000000000000020e+30 1.000000000000000020e+30 1.000000000000000020e+30 1.000000000000000020e+30 1.000000000000000020e+30 1.000000000000000020e+30 1.000000000000000020e+30 1.000000000000000020e+30 1.000000000000000020e+30 1.000000000000000020e+30 1.000000000000000020e+30 7.937564196803619687e+00 7.943341792762325326e+00 7.954401417229652438e+00 7.967212419152428282e+00 7.980831887768649935e+00 7.993992516025699935e+00 8.005373608773272309e+00 8.014425833597664806e+00 8.020550575129458792e+00 1.000000000000000020e+30 1.000000000000000020e+30 1.000000000000000020e+30 1.000000000000000020e+30 1.000000000000000020e+30 1.000000000000000020e+30 1.000000000000000020e+30 1.000000000000000020e+30 1.000000000000000020e+30 1.000000000000000020e+30 1.000000000000000020e+30 1.000000000000000020e+30 1.000000000000000020e+30 1.000000000000000020e+30 1.000000000000000020e+30 1.000000000000000020e+30 1.000000000000000020e+30 1.000000000000000020e+30
1.000000000000000020e+30 1.000000000000000020e+30 8.340102770041768920e+00 8.307999860137828207e+00 8.278064852917522032e+00 8.234497988107429833e+00 8.175061271030116927e+00 8.173010467575224425e+00 8.148287180931532703e+00 8.136017435149717869e+00 1.000000000000000020e+30 1.000000000000000020e+30 1.000000000000000020e+30 1.000000000000000020e+30 1.000000000000000020e+30 1.000000000000000020e+30 1.000000000000000020e+30 1.000000000000000020e+30 1.000000000000000020e+30 1.000000000000000020e+30 1.000000000000000020e+30 1.000000000000000020e+30 1.000000000000000020e+30 1.000000000000000020e+30 1.000000000000000020e+30 1.000000000000000020e+30 1.000000000000000020e+30 1.000000000000000020e+30 1.000000000000000020e+30 1.000000000000000020e+30 1.000000000000000020e+30 7.961174241355908343e+00 7.973284346054313687e+00 7.988134683787414758e+00 8.004581489531616967e+00 8.021402993636158385e+00 8.034753261632081589e+00 8.044251390414199676e+00 8.048547981517623739e+00 1.000000000000000020e+30 1.000000000000000020e+30 1.000000000000000020e+30 1.000000000000000020e+30 1.000000000000000020e+30 1.000000000000000020e+30 1.000000000000000020e+30 1.000000000000000020e+30 1.000000000000000020e+30 1.000000000000000020e+30 1.000000000000000020e+30 1.000000000000000020e+30 1.000000000000000020e+30 1.000000000000000020e+30 1.000000000000000020e+30 1.000000000000000020e+30 1.000000000000000020e+30 1.000000000000000020e+30
1.000000000000000020e+30 1.000000000000000020e+30 1.000000000000000020e+30 8.254518397742655722e+00 8.229464357852879886e+00 8.158494359239437443e+00 8.171268435424652310e+00 8.174916188074337953e+00 8.166669867035002639e+00 1.000000000000000020e+30 1.000000000000000020e+30 1.000000000000000020e+30 1.000000000000000020e+30 1.000000000000000020e+30 1.000000000000000020e+30 1.000000000000000020e+30 1.000000000000000020e+30 1.000000000000000020e+30 1.000000000000000020e+30 1.000000000000000020e+30 1.000000000000000020e+30 1.000000000000000020e+30 1.000000000000000020e+30 1.000000000000000020e+30 1.000000000000000020e+30 1.000000000000000020e+30 1.000000000000000020e+30 1.000000000000000020e+30 1.000000000000000020e+30 1.000000000000000020e+30 1.000000000000000020e+30 1.000000000000000020e+30 7.994021820623026464e+00 8.010354693618536359e+00 8.029054152469457861e+00 8.050965748221038609e+00 8.066723156717760190e+00 8.078066584327483923e+00 8.079995664991457716e+00 1.000000000000000020e+30 1.000000000000000020e+30 1.000000000000000020e+30 1.000000000000000020e+30 1.000000000000000020e+30 1.000000000000000020e+30 1.000000000000000020e+30 1.000000000000000020e+30 1.000000000000000020e+30 1.000000000000000020e+30 1.000000000000000020e+30 1.000000000000000020e+30 1.000000000000000020e+30 1.000000000000000020e+30 1.000000000000000020e+30 1.000000000000000020e+30 1.000000000000000020e+30 1.000000000000000020e+30
1.000000000000000020e+30 1.000000000000000020e+30 1.000000000000000020e+30 8.204648087254156508e+00 8.185686925956867199e+00 8.178327664166539890e+00 8.181611388621554681e+00 8.182788772887429118e+00 1.000000000000000020e+30 1.000000000000000020e+30 1.000000000000000020e+30 1.000000000000000020e+30 1.000000000000000020e+30 1.000000000000000020e+30 1.000000000000000020e+30 1.000000000000000020e+30 1.000000000000000020e+30 1.000000000000000020e+30 1.000000000000000020e+30 1.000000000000000020e+30 1.000000000000000020e+30 1.000000000000000020e+30 1.000000000000000020e+30 1.000000000000000020e+30 1.000000000000000020e+30 1.000000000000000020e+30 1.000000000000000020e+30 1.000000000000000020e+30 1.000000000000000020e+30 1.000000000000000020e+30 1.000000000000000020e+30 1.000000000000000020e+30 1.000000000000000020e+30 8.036070031971233263e+00 8.059479749949080229e+00 8.083905968651775353e+00 8.101897503127883482e+00 8.120128766014580890e+00 8.114528038967341317e+00 1.000000000000000020e+30 1.000000000000000020e+30 1.000000000000000020e+30 1.000000000000000020e+30 1.000000000000000020e+30 1.000000000000000020e+30 1.000000000000000020e+30 1.000000000000000020e+30 1.000000000000000020e+30 1.000000000000000020e+30 1.000000000000000020e+30 1.000000000000000020e+30 1.000000000000000020e+30 1.000000000000000020e+30 1.000000000000000020e+30 1.000000000000000020e+30 1.000000000000000020e+30 1.000000000000000020e+30
1.000000000000000020e+30 1.000000000000000020e+30 1.000000000000000020e+30 1.000000000000000020e+30 8.201629482054300979e+00 8.191045914965563668e+00 8.190867608794585308e+00 1.000000000000000020e+30 1.000000000000000020e+30 1.000000000000000020e+30 1.000000000000000020e+30 1.000000000000000020e+30 1.000000000000000020e+30 1.000000000000000020e+30 1.000000000000000020e+30 1.000000000000000020e+30 1.000000000000000020e+30 1.000000000000000020e+30 1.000000000000000020e+30 1.000000000000000020e+30 1.000000000000000020e+30 1.000000000000000020e+30 1.000000000000000020e+30 1.000000000000000020e+30 1.000000000000000020e+30 1.000000000000000020e+30 1.000000000000000020e+30 1.000000000000000020e+30 1.000000000000000020e+30 1.000000000000000020e+30 1.000000000000000020e+30 1.000000000000000020e+30 1.000000000000000020e+30 1.000000000000000020e+30 8.090995993554495058e+00 8.112427087180238416e+00 8.134111681987928222e+00 8.184892718364954689e+00 8.147748606506874935e+00 1.000000000000000020e+30 1.000000000000000020e+30 1.000000000000000020e+30 1.000000000000000020e+30 1.000000000000000020e+30 1.000000000000000020e+30 1.000000000000000020e+30 1.000000000000000020e+30 1.000000000000000020e+30 1.000000000000000020e+30 1.000000000000000020e+30 1.000000000000000020e+30 1.000000000000000020e+30 1.000000000000000020e+30 1.000000000000000020e+30 1.000000000000000020e+30 1.000000000000000020e+30 1.000000000000000020e+30
1.000000000000000020e+30 1.000000000000000020e+30 1.000000000000000020e+30 1.000000000000000020e+30 8.218307019883260622e+00 1.000000000000000020e+30 1.000000000000000020e+30 1.000000000000000020e+30 1.000000000000000020e+30 1.000000000000000020e+30 1.000000000000000020e+30 1.000000000000000020e+30 1.000000000000000020e+30 1.000000000000000020e+30 1.000000000000000020e+30 1.000000000000000020e+30 1.000000000000000020e+30 1.000000000000000020e+30 1.000000000000000020e+30 1.000000000000000020e+30 1.000000000000000020e+30 1.000000000000000020e+30 1.000000000000000020e+30 1.000000000000000020e+30 1.000000000000000020e+30 1.000000000000000020e+30 1.000000000000000020e+30 1.000000000000000020e+30 1.000000000000000020e+30 1.000000000000000020e+30 1.000000000000000020e+30 1.000000000000000020e+30 1.000000000000000020e+30 1.000000000000000020e+30 1.000000000000000020e+30 8.123051099629501337e+00 8.130609328677124381e+00 1.000000000000000020e+30 1.000000000000000020e+30 1.000000000000000020e+30 1.000000000000000020e+30 1.000000000000000020e+30 1.000000000000000020e+30 1.000000000000000020e+30 1.000000000000000020e+30 1.000000000000000020e+30 1.000000000000000020e+30 1.000000000000000020e+30 1.000000000000000020e+30 1.000000000000000020e+30 1.000000000000000020e+30 1.000000000000000020e+30 1.000000000000000020e+30 1.000000000000000020e+30 1.000000000000000020e+30 1.000000000000000020e+30 1.000000000000000020e+30
